REGION	POS	REF	ALT	REF_DP	REF_RV	REF_QUAL	ALT_DP	ALT_RV	ALT_QUAL	ALT_FREQ	TOTAL_DP	PVAL	PASS	GFF_FEATURE	REF_CODON	REF_AA	ALT_CODON	ALT_AA	POS_AA
NC_045512.2	86	G	C	1051	94	40	1	0	24	0.00095057	1052	0.999527	FALSE	NA	NA	NA	NA	NA	NA
NC_045512.2	88	G	T	1041	87	40	1	0	24	0.000956938	1045	0.999519	FALSE	NA	NA	NA	NA	NA	NA
NC_045512.2	88	G	C	1041	87	40	3	0	29	0.00287081	1045	0.98897	FALSE	NA	NA	NA	NA	NA	NA
NC_045512.2	90	G	A	1080	102	41	1	0	24	0.000925069	1081	0.999526	FALSE	NA	NA	NA	NA	NA	NA
NC_045512.2	95	T	C	1240	119	41	1	0	40	0.000805802	1241	0.500202	FALSE	NA	NA	NA	NA	NA	NA
NC_045512.2	98	C	A	1249	120	41	1	0	24	0.0008	1250	0.999882	FALSE	NA	NA	NA	NA	NA	NA
NC_045512.2	108	T	C	1567	137	42	1	0	24	0.000637755	1568	0.999985	FALSE	NA	NA	NA	NA	NA	NA
NC_045512.2	115	T	C	1793	146	42	1	0	40	0.000557414	1794	0.500139	FALSE	NA	NA	NA	NA	NA	NA
NC_045512.2	120	T	G	1905	175	43	1	0	24	0.000524659	1906	0.999999	FALSE	NA	NA	NA	NA	NA	NA
NC_045512.2	121	C	G	1928	180	43	1	0	40	0.000518403	1929	0.50013	FALSE	NA	NA	NA	NA	NA	NA
NC_045512.2	124	G	A	1933	186	43	2	0	40	0.00103359	1935	0.250065	FALSE	NA	NA	NA	NA	NA	NA
NC_045512.2	132	A	G	2459	272	44	1	0	40	0.000406504	2460	0.500102	FALSE	NA	NA	NA	NA	NA	NA
NC_045512.2	135	A	C	2468	277	45	1	0	24	0.000405022	2469	1	FALSE	NA	NA	NA	NA	NA	NA
NC_045512.2	136	A	C	2474	280	45	1	0	40	0.00040404	2475	0.500101	FALSE	NA	NA	NA	NA	NA	NA
NC_045512.2	138	A	G	2476	279	45	1	1	32	0.000403714	2477	0.875151	FALSE	NA	NA	NA	NA	NA	NA
NC_045512.2	148	T	C	2587	290	45	1	0	24	0.000386399	2588	1	FALSE	NA	NA	NA	NA	NA	NA
NC_045512.2	149	G	T	2662	289	45	1	1	24	0.000375516	2663	1	FALSE	NA	NA	NA	NA	NA	NA
NC_045512.2	156	A	G	2665	308	45	1	0	40	0.000374672	2669	0.499813	FALSE	NA	NA	NA	NA	NA	NA
NC_045512.2	156	A	C	2665	308	45	3	0	24	0.00112402	2669	0.999999	FALSE	NA	NA	NA	NA	NA	NA
NC_045512.2	158	A	+G	2686	310	45	1	0	20	0.000372301	2686	1	FALSE	NA	NA	NA	NA	NA	NA
NC_045512.2	161	A	C	2783	335	46	1	0	24	0.000359195	2784	1	FALSE	NA	NA	NA	NA	NA	NA
NC_045512.2	164	C	A	2877	383	46	1	0	24	0.000347464	2878	1	FALSE	NA	NA	NA	NA	NA	NA
NC_045512.2	166	A	G	2891	385	47	1	0	40	0.000345781	2892	0.500086	FALSE	NA	NA	NA	NA	NA	NA
NC_045512.2	167	G	A	2898	385	47	1	0	40	0.000344947	2899	0.500086	FALSE	NA	NA	NA	NA	NA	NA
NC_045512.2	170	A	G	2899	394	47	1	1	24	0.000344828	2900	1	FALSE	NA	NA	NA	NA	NA	NA
NC_045512.2	173	C	A	2986	411	46	1	0	24	0.000334784	2987	1	FALSE	NA	NA	NA	NA	NA	NA
NC_045512.2	176	C	A	3035	411	47	1	0	24	0.000329381	3036	1	FALSE	NA	NA	NA	NA	NA	NA
NC_045512.2	179	T	C	3093	417	47	1	0	24	0.000323206	3094	1	FALSE	NA	NA	NA	NA	NA	NA
NC_045512.2	181	T	C	3119	431	47	1	0	40	0.000320513	3120	0.50008	FALSE	NA	NA	NA	NA	NA	NA
NC_045512.2	182	T	C	3119	462	48	2	0	36	0.00064082	3121	0.8127	FALSE	NA	NA	NA	NA	NA	NA
NC_045512.2	183	C	T	3071	465	46	1	0	40	0.000325415	3073	0.5	FALSE	NA	NA	NA	NA	NA	NA
NC_045512.2	183	C	A	3071	465	46	1	0	24	0.000325415	3073	1	FALSE	NA	NA	NA	NA	NA	NA
NC_045512.2	184	T	C	3121	460	49	1	0	40	0.000320307	3122	0.50008	FALSE	NA	NA	NA	NA	NA	NA
NC_045512.2	186	C	T	3111	464	48	2	0	40	0.000642467	3113	0.25004	FALSE	NA	NA	NA	NA	NA	NA
NC_045512.2	187	A	C	3087	454	48	1	0	24	0.000323834	3088	1	FALSE	NA	NA	NA	NA	NA	NA
NC_045512.2	190	C	T	3097	470	49	1	0	40	0.000322789	3098	0.500081	FALSE	NA	NA	NA	NA	NA	NA
NC_045512.2	191	T	C	3087	468	49	1	1	80	0.000323834	3088	0.500081	FALSE	NA	NA	NA	NA	NA	NA
NC_045512.2	192	G	A	3186	472	49	1	1	52	0.000313775	3187	0.500078	FALSE	NA	NA	NA	NA	NA	NA
NC_045512.2	195	T	G	3190	476	49	1	1	80	0.000313283	3192	0.5	FALSE	NA	NA	NA	NA	NA	NA
NC_045512.2	195	T	C	3190	476	49	1	0	40	0.000313283	3192	0.5	FALSE	NA	NA	NA	NA	NA	NA
NC_045512.2	196	A	C	3177	478	49	2	0	24	0.000629129	3179	1	FALSE	NA	NA	NA	NA	NA	NA
NC_045512.2	197	C	A	3182	483	49	1	0	24	0.000314169	3183	1	FALSE	NA	NA	NA	NA	NA	NA
NC_045512.2	199	G	T	3218	481	49	1	1	80	0.000310655	3219	0.500078	FALSE	NA	NA	NA	NA	NA	NA
NC_045512.2	217	C	T	2990	789	53	5	0	64	0.00166945	2995	0.0312239	FALSE	NA	NA	NA	NA	NA	NA
NC_045512.2	219	G	A	2981	791	53	1	1	80	0.000335345	2982	0.500084	FALSE	NA	NA	NA	NA	NA	NA
NC_045512.2	221	T	C	2990	796	53	1	0	40	0.000334336	2991	0.500084	FALSE	NA	NA	NA	NA	NA	NA
NC_045512.2	231	A	C	3014	1050	55	1	0	24	0.000331675	3015	1	FALSE	NA	NA	NA	NA	NA	NA
NC_045512.2	237	G	T	3042	1287	55	2	2	24	0.00065703	3044	1	FALSE	NA	NA	NA	NA	NA	NA
NC_045512.2	239	T	C	3031	1339	58	1	0	24	0.000329815	3032	1	FALSE	NA	NA	NA	NA	NA	NA
NC_045512.2	240	T	G	3037	1344	58	1	0	40	0.000329164	3038	0.500082	FALSE	NA	NA	NA	NA	NA	NA
NC_045512.2	241	C	T	0	0	0	3022	1353	58	1	3022	0	TRUE	NA	NA	NA	NA	NA	NA
NC_045512.2	243	T	C	3042	1384	57	1	1	80	0.000328623	3043	0.500082	FALSE	NA	NA	NA	NA	NA	NA
NC_045512.2	245	C	T	3007	1411	57	1	0	40	0.000332336	3009	0.5	FALSE	NA	NA	NA	NA	NA	NA
NC_045512.2	245	C	A	3007	1411	57	1	0	40	0.000332336	3009	0.5	FALSE	NA	NA	NA	NA	NA	NA
NC_045512.2	249	T	G	3018	1438	57	1	1	24	0.000331236	3019	1	FALSE	NA	NA	NA	NA	NA	NA
NC_045512.2	252	G	A	3038	1522	59	1	1	40	0.000329056	3039	0.500082	FALSE	NA	NA	NA	NA	NA	NA
NC_045512.2	253	A	G	3008	1601	57	1	0	40	0.000332336	3009	0.500083	FALSE	NA	NA	NA	NA	NA	NA
NC_045512.2	254	C	A	2971	1609	55	1	0	32	0.000336474	2972	0.875126	FALSE	NA	NA	NA	NA	NA	NA
NC_045512.2	256	G	T	2918	1528	54	5	5	24	0.00171057	2923	0.999997	FALSE	NA	NA	NA	NA	NA	NA
NC_045512.2	257	A	C	3007	1667	58	1	0	24	0.000332447	3008	1	FALSE	NA	NA	NA	NA	NA	NA
NC_045512.2	259	A	T	3020	1754	58	1	1	80	0.000330907	3022	0.5	FALSE	NA	NA	NA	NA	NA	NA
NC_045512.2	259	A	G	3020	1754	58	1	1	40	0.000330907	3022	0.5	FALSE	NA	NA	NA	NA	NA	NA
NC_045512.2	271	G	C	3026	1950	56	1	0	40	0.00033036	3027	0.500083	FALSE	NA	NA	NA	NA	NA	NA
NC_045512.2	276	T	G	3067	2071	56	3	3	29	0.000977199	3070	1	FALSE	NA	NA	NA	NA	NA	NA
NC_045512.2	282	C	A	3059	2459	47	5	0	27	0.00163185	3064	0.999998	FALSE	NA	NA	NA	NA	NA	NA
NC_045512.2	285	G	-T	3070	2393	52	1	0	20	0.000325733	3070	1	FALSE	NA	NA	NA	NA	NA	NA
NC_045512.2	286	T	G	3084	2411	54	3	2	26	0.000971817	3087	1	FALSE	NA	NA	NA	NA	NA	NA
NC_045512.2	287	T	G	3084	2412	54	1	1	40	0.000324149	3085	0.500081	FALSE	NA	NA	NA	NA	NA	NA
NC_045512.2	288	T	C	3094	2429	54	1	0	32	0.000323102	3095	0.937601	FALSE	NA	NA	NA	NA	NA	NA
NC_045512.2	291	A	G	3145	2536	52	1	0	80	0.000317864	3146	0.500079	FALSE	NA	NA	NA	NA	NA	NA
NC_045512.2	292	C	A	3138	2543	53	1	1	24	0.000318573	3139	1	FALSE	NA	NA	NA	NA	NA	NA
NC_045512.2	293	G	T	3015	2405	47	4	4	24	0.00132494	3019	1	FALSE	NA	NA	NA	NA	NA	NA
NC_045512.2	294	A	G	3139	2539	53	1	1	24	0.000318471	3140	1	FALSE	NA	NA	NA	NA	NA	NA
NC_045512.2	295	G	A	3139	2551	53	1	0	80	0.000318471	3140	0.50008	FALSE	NA	NA	NA	NA	NA	NA
NC_045512.2	300	C	G	3137	2597	52	1	1	40	0.000318674	3138	0.50008	FALSE	NA	NA	NA	NA	NA	NA
NC_045512.2	302	C	G	3140	2609	52	1	1	24	0.00031837	3141	1	FALSE	NA	NA	NA	NA	NA	NA
NC_045512.2	303	A	C	3117	2590	52	1	1	24	0.000320718	3118	1	FALSE	NA	NA	NA	NA	NA	NA
NC_045512.2	304	C	T	3119	2590	52	1	1	40	0.00032041	3121	0.5	FALSE	NA	NA	NA	NA	NA	NA
NC_045512.2	304	C	A	3119	2590	52	1	1	40	0.00032041	3121	0.5	FALSE	NA	NA	NA	NA	NA	NA
NC_045512.2	309	A	G	3088	2562	52	1	1	24	0.000323729	3089	1	FALSE	NA	NA	NA	NA	NA	NA
NC_045512.2	313	C	A	3075	2600	50	1	0	32	0.000325098	3076	0.937602	FALSE	NA	NA	NA	NA	NA	NA
NC_045512.2	315	G	T	2945	2497	48	1	1	24	0.000339443	2946	1	FALSE	NA	NA	NA	NA	NA	NA
NC_045512.2	316	T	C	2993	2552	50	2	1	40	0.00066778	2995	0.250042	FALSE	NA	NA	NA	NA	NA	NA
NC_045512.2	317	T	G	2981	2547	50	1	1	24	0.000335345	2982	1	FALSE	NA	NA	NA	NA	NA	NA
NC_045512.2	322	T	C	2950	2568	49	1	1	40	0.000338868	2951	0.500085	FALSE	NA	NA	NA	NA	NA	NA
NC_045512.2	326	T	C	2934	2564	48	2	2	24	0.000681199	2936	1	FALSE	NA	NA	NA	NA	NA	NA
NC_045512.2	327	T	G	2920	2551	48	1	1	24	0.000342349	2921	1	FALSE	NA	NA	NA	NA	NA	NA
NC_045512.2	328	A	G	2953	2585	48	2	2	32	0.000676819	2955	0.68769	FALSE	NA	NA	NA	NA	NA	NA
NC_045512.2	330	A	T	2944	2609	48	1	1	40	0.000339559	2945	0.500085	FALSE	NA	NA	NA	NA	NA	NA
NC_045512.2	335	C	T	2821	2517	48	2	2	24	0.000708466	2823	1	FALSE	NA	NA	NA	NA	NA	NA
NC_045512.2	346	C	-GTACGT	2747	2507	46	1	0	20	0.000364033	2747	1	FALSE	NA	NA	NA	NA	NA	NA
NC_045512.2	351	G	T	2651	2420	45	1	1	40	0.000377074	2652	0.5	FALSE	NA	NA	NA	NA	NA	NA
NC_045512.2	353	G	T	2588	2359	45	1	1	24	0.00038625	2589	1	FALSE	NA	NA	NA	NA	NA	NA
NC_045512.2	354	G	T	2627	2405	46	1	1	24	0.000380518	2628	1	FALSE	NA	NA	NA	NA	NA	NA
NC_045512.2	355	C	T	2612	2393	45	2	1	80	0.000764818	2615	0.249952	FALSE	NA	NA	NA	NA	NA	NA
NC_045512.2	355	C	G	2612	2393	45	1	1	24	0.000382409	2615	1	FALSE	NA	NA	NA	NA	NA	NA
NC_045512.2	359	G	C	2527	2314	44	2	2	40	0.000790826	2529	0.250049	FALSE	NA	NA	NA	NA	NA	NA
NC_045512.2	360	G	T	2471	2261	42	1	1	24	0.000404531	2472	1	FALSE	NA	NA	NA	NA	NA	NA
NC_045512.2	361	A	G	2540	2332	45	1	1	40	0.000393391	2542	0.5	FALSE	NA	NA	NA	NA	NA	NA
NC_045512.2	361	A	C	2540	2332	45	1	1	40	0.000393391	2542	0.5	FALSE	NA	NA	NA	NA	NA	NA
NC_045512.2	363	A	G	2245	2048	46	1	1	40	0.000445038	2247	0.5	FALSE	NA	NA	NA	NA	NA	NA
NC_045512.2	363	A	C	2245	2048	46	1	1	24	0.000445038	2247	1	FALSE	NA	NA	NA	NA	NA	NA
NC_045512.2	364	C	A	2243	2049	46	1	1	32	0.000445633	2244	0.875167	FALSE	NA	NA	NA	NA	NA	NA
NC_045512.2	366	C	G	2217	2033	45	1	0	32	0.000450857	2218	0.875169	FALSE	NA	NA	NA	NA	NA	NA
NC_045512.2	371	G	T	1759	1549	35	9	9	25	0.0050905	1768	0.962891	FALSE	NA	NA	NA	NA	NA	NA
NC_045512.2	372	A	C	2229	2024	45	1	0	40	0.00044843	2230	0.500112	FALSE	NA	NA	NA	NA	NA	NA
NC_045512.2	374	G	A	2119	1920	42	1	0	80	0.000471698	2120	0.500118	FALSE	NA	NA	NA	NA	NA	NA
NC_045512.2	375	A	G	1993	1801	45	1	1	24	0.000501505	1994	0.999999	FALSE	NA	NA	NA	NA	NA	NA
NC_045512.2	383	T	G	1876	1721	44	1	1	24	0.000532765	1877	0.999998	FALSE	NA	NA	NA	NA	NA	NA
NC_045512.2	385	A	G	1557	1414	44	1	1	24	0.000641849	1558	0.999985	FALSE	NA	NA	NA	NA	NA	NA
NC_045512.2	386	G	T	1407	1264	38	1	1	24	0.000710227	1408	0.999971	FALSE	NA	NA	NA	NA	NA	NA
NC_045512.2	388	G	T	1484	1354	43	2	2	24	0.00134499	1487	0.999749	FALSE	NA	NA	NA	NA	NA	NA
NC_045512.2	388	G	C	1484	1354	43	1	1	40	0.000672495	1487	0.499832	FALSE	NA	NA	NA	NA	NA	NA
NC_045512.2	389	G	C	1505	1375	44	1	0	40	0.000664011	1506	0.500166	FALSE	NA	NA	NA	NA	NA	NA
NC_045512.2	393	G	A	1382	1256	44	1	1	40	0.000723066	1383	0.500181	FALSE	NA	NA	NA	NA	NA	NA
NC_045512.2	394	T	G	1360	1234	43	1	1	24	0.000734754	1361	0.999941	FALSE	NA	NA	NA	NA	NA	NA
NC_045512.2	396	A	G	1367	1242	44	2	2	24	0.00146092	1369	0.999528	FALSE	NA	NA	NA	NA	NA	NA
NC_045512.2	397	A	G	1361	1236	43	1	1	24	0.000733676	1363	0.999941	FALSE	NA	NA	NA	NA	NA	NA
NC_045512.2	397	A	C	1361	1236	43	1	1	24	0.000733676	1363	0.999941	FALSE	NA	NA	NA	NA	NA	NA
NC_045512.2	399	A	G	1308	1188	43	1	1	24	0.000763942	1309	0.999941	FALSE	NA	NA	NA	NA	NA	NA
NC_045512.2	402	T	G	1145	1029	43	1	1	40	0.0008726	1146	0.500218	FALSE	NA	NA	NA	NA	NA	NA
NC_045512.2	403	T	G	1133	1017	43	1	1	24	0.000881834	1134	0.999764	FALSE	NA	NA	NA	NA	NA	NA
NC_045512.2	404	A	G	1150	1037	43	1	1	40	0.00086881	1151	0.500217	FALSE	NA	NA	NA	NA	NA	NA
NC_045512.2	405	A	G	1144	1033	43	1	0	48	0.000873362	1145	0.500218	FALSE	NA	NA	NA	NA	NA	NA
NC_045512.2	406	A	G	1143	1031	43	1	1	40	0.000874126	1144	0.500219	FALSE	NA	NA	NA	NA	NA	NA
NC_045512.2	408	A	G	990	886	43	1	1	24	0.00100806	992	0.999045	FALSE	NA	NA	NA	NA	NA	NA
NC_045512.2	408	A	C	990	886	43	1	1	40	0.00100806	992	0.5	FALSE	NA	NA	NA	NA	NA	NA
NC_045512.2	411	G	C	858	766	43	2	2	32	0.00232558	860	0.250145	FALSE	NA	NA	NA	NA	NA	NA
NC_045512.2	506	C	A	57	22	48	2	0	24	0.0338983	59	0.252137	FALSE	NA	NA	NA	NA	NA	NA
NC_045512.2	565	T	C	53	37	50	1	1	40	0.0185185	54	0.504673	FALSE	NA	NA	NA	NA	NA	NA
NC_045512.2	569	G	T	43	27	41	1	1	24	0.0227273	44	0.505747	FALSE	NA	NA	NA	NA	NA	NA
NC_045512.2	665	C	G	9522	1205	38	1	0	40	0.000104943	9529	0.499869	FALSE	NA	NA	NA	NA	NA	NA
NC_045512.2	665	C	A	9522	1205	38	6	0	32	0.000629657	9529	0.849217	FALSE	NA	NA	NA	NA	NA	NA
NC_045512.2	666	A	T	9587	1208	39	1	0	40	0.000104264	9591	0.499948	FALSE	NA	NA	NA	NA	NA	NA
NC_045512.2	666	A	G	9587	1208	39	1	0	40	0.000104264	9591	0.499948	FALSE	NA	NA	NA	NA	NA	NA
NC_045512.2	666	A	C	9587	1208	39	2	0	24	0.000208529	9591	1	FALSE	NA	NA	NA	NA	NA	NA
NC_045512.2	667	T	G	9997	1223	39	1	0	24	0.00010002	9998	1	FALSE	NA	NA	NA	NA	NA	NA
NC_045512.2	668	A	G	10132	1240	39	3	0	34	0.000295887	10139	0.988775	FALSE	NA	NA	NA	NA	NA	NA
NC_045512.2	668	A	C	10132	1240	39	4	0	24	0.000394516	10139	1	FALSE	NA	NA	NA	NA	NA	NA
NC_045512.2	669	G	T	10248	1242	40	1	0	24	9.7561e-05	10250	1	FALSE	NA	NA	NA	NA	NA	NA
NC_045512.2	669	G	C	10248	1242	40	1	0	24	9.7561e-05	10250	1	FALSE	NA	NA	NA	NA	NA	NA
NC_045512.2	670	T	G	0	0	0	11794	1333	40	0.99983	11796	0	TRUE	NA	NA	NA	NA	NA	NA
NC_045512.2	670	T	C	0	0	0	1	0	24	8.47745e-05	11796	0.0100034	FALSE	NA	NA	NA	NA	NA	NA
NC_045512.2	670	T	A	0	0	0	1	0	40	8.47745e-05	11796	0.000169549	TRUE	NA	NA	NA	NA	NA	NA
NC_045512.2	671	T	C	11835	1342	40	1	0	40	8.4488e-05	11836	0.750032	FALSE	NA	NA	NA	NA	NA	NA
NC_045512.2	672	A	C	11762	1347	40	4	0	24	0.000339963	11766	1	FALSE	NA	NA	NA	NA	NA	NA
NC_045512.2	673	C	T	11756	1372	40	1	0	24	8.50412e-05	11759	1	FALSE	NA	NA	NA	NA	NA	NA
NC_045512.2	673	C	G	11756	1372	40	2	0	32	0.000170082	11759	0.998295	FALSE	NA	NA	NA	NA	NA	NA
NC_045512.2	674	G	T	11754	1345	40	1	1	24	8.5034e-05	11760	1	FALSE	NA	NA	NA	NA	NA	NA
NC_045512.2	674	G	C	11754	1345	40	5	0	36	0.00042517	11760	0.961643	FALSE	NA	NA	NA	NA	NA	NA
NC_045512.2	675	G	C	12112	1391	41	2	0	32	0.000165098	12114	0.999087	FALSE	NA	NA	NA	NA	NA	NA
NC_045512.2	676	C	G	12165	1390	41	2	0	32	0.000164379	12167	0.999087	FALSE	NA	NA	NA	NA	NA	NA
NC_045512.2	677	G	C	12142	1391	41	1	0	40	8.23452e-05	12144	0.75001	FALSE	NA	NA	NA	NA	NA	NA
NC_045512.2	677	G	A	12142	1391	41	1	0	24	8.23452e-05	12144	1	FALSE	NA	NA	NA	NA	NA	NA
NC_045512.2	678	C	T	12156	1395	41	3	1	40	0.000246731	12159	0.312515	FALSE	NA	NA	NA	NA	NA	NA
NC_045512.2	679	C	T	12093	1465	41	1	0	24	8.2672e-05	12096	1	FALSE	NA	NA	NA	NA	NA	NA
NC_045512.2	679	C	A	12093	1465	41	2	0	32	0.000165344	12096	0.999087	FALSE	NA	NA	NA	NA	NA	NA
NC_045512.2	680	G	T	13327	1487	41	1	0	40	7.50188e-05	13330	0.749991	FALSE	NA	NA	NA	NA	NA	NA
NC_045512.2	680	G	C	13327	1487	41	1	0	40	7.50188e-05	13330	0.749991	FALSE	NA	NA	NA	NA	NA	NA
NC_045512.2	680	G	A	13327	1487	41	1	0	24	7.50188e-05	13330	1	FALSE	NA	NA	NA	NA	NA	NA
NC_045512.2	681	A	G	13789	1523	41	4	0	40	0.000289939	13796	0.187432	FALSE	NA	NA	NA	NA	NA	NA
NC_045512.2	681	A	C	13789	1523	41	3	0	29	0.000217454	13796	1	FALSE	NA	NA	NA	NA	NA	NA
NC_045512.2	682	T	C	13901	1517	41	1	0	40	7.19321e-05	13902	0.750027	FALSE	NA	NA	NA	NA	NA	NA
NC_045512.2	683	C	G	13929	1539	41	1	0	24	7.17824e-05	13931	1	FALSE	NA	NA	NA	NA	NA	NA
NC_045512.2	683	C	A	13929	1539	41	1	0	24	7.17824e-05	13931	1	FALSE	NA	NA	NA	NA	NA	NA
NC_045512.2	684	T	C	13941	1530	41	1	1	80	7.17257e-05	13942	0.500018	FALSE	NA	NA	NA	NA	NA	NA
NC_045512.2	685	A	G	13847	1549	40	1	0	40	7.22126e-05	13848	0.750027	FALSE	NA	NA	NA	NA	NA	NA
NC_045512.2	685	A	-AAGTCATTT	13847	1549	40	5	0	20	0.000361063	13848	1	FALSE	NA	NA	NA	NA	NA	NA
NC_045512.2	686	A	T	13942	1546	41	1	0	24	7.17103e-05	13945	1	FALSE	NA	NA	NA	NA	NA	NA
NC_045512.2	686	A	C	13942	1546	41	2	0	32	0.000143421	13945	0.999512	FALSE	NA	NA	NA	NA	NA	NA
NC_045512.2	687	A	G	13939	1544	41	1	0	40	7.1736e-05	13940	0.749937	FALSE	NA	NA	NA	NA	NA	NA
NC_045512.2	688	G	C	14082	1549	41	1	0	24	7.10076e-05	14083	1	FALSE	NA	NA	NA	NA	NA	NA
NC_045512.2	689	T	C	14168	1580	42	1	1	36	7.05766e-05	14169	0.99997	FALSE	NA	NA	NA	NA	NA	NA
NC_045512.2	690	C	T	14521	1623	42	1	0	40	6.8861e-05	14522	0.74994	FALSE	NA	NA	NA	NA	NA	NA
NC_045512.2	691	A	G	14397	1625	41	8	0	30	0.000555247	14408	0.933026	FALSE	NA	NA	NA	NA	NA	NA
NC_045512.2	691	A	C	14397	1625	41	3	0	34	0.000208218	14408	0.998822	FALSE	NA	NA	NA	NA	NA	NA
NC_045512.2	692	T	G	14491	1630	42	2	1	24	0.00013796	14497	1	FALSE	NA	NA	NA	NA	NA	NA
NC_045512.2	692	T	C	14491	1630	42	4	0	40	0.000275919	14497	0.187349	FALSE	NA	NA	NA	NA	NA	NA
NC_045512.2	693	T	G	14476	1659	42	2	0	24	0.000138074	14485	1	FALSE	NA	NA	NA	NA	NA	NA
NC_045512.2	693	T	C	14476	1659	42	7	0	37	0.000483259	14485	0.960796	FALSE	NA	NA	NA	NA	NA	NA
NC_045512.2	694	T	C	14528	1661	42	1	0	24	6.88279e-05	14529	1	FALSE	NA	NA	NA	NA	NA	NA
NC_045512.2	696	A	C	14982	1695	42	4	0	26	0.000266916	14986	1	FALSE	NA	NA	NA	NA	NA	NA
NC_045512.2	697	C	A	14922	1696	41	1	0	24	6.70107e-05	14923	1	FALSE	NA	NA	NA	NA	NA	NA
NC_045512.2	698	T	C	15103	1718	42	1	0	40	6.62076e-05	15104	0.750025	FALSE	NA	NA	NA	NA	NA	NA
NC_045512.2	699	T	G	15100	1712	42	1	0	24	6.62032e-05	15105	1	FALSE	NA	NA	NA	NA	NA	NA
NC_045512.2	699	T	C	15100	1712	42	4	0	36	0.000264813	15105	0.997793	FALSE	NA	NA	NA	NA	NA	NA
NC_045512.2	700	A	C	15031	1728	42	4	0	24	0.000266046	15035	1	FALSE	NA	NA	NA	NA	NA	NA
NC_045512.2	704	G	A	15377	1780	42	2	1	40	0.000130047	15379	0.500024	FALSE	NA	NA	NA	NA	NA	NA
NC_045512.2	705	A	C	15270	1890	43	2	0	24	0.000130959	15272	1	FALSE	NA	NA	NA	NA	NA	NA
NC_045512.2	708	A	C	15564	1904	43	1	0	40	6.42467e-05	15565	0.750024	FALSE	NA	NA	NA	NA	NA	NA
NC_045512.2	709	G	C	17723	1994	43	5	0	36	0.000282008	17730	0.997833	FALSE	NA	NA	NA	NA	NA	NA
NC_045512.2	709	G	A	17723	1994	43	2	0	24	0.000112803	17730	1	FALSE	NA	NA	NA	NA	NA	NA
NC_045512.2	710	C	A	17615	2132	43	1	0	40	5.67666e-05	17616	0.750021	FALSE	NA	NA	NA	NA	NA	NA
NC_045512.2	711	T	G	17713	2123	44	1	1	24	5.64493e-05	17715	1	FALSE	NA	NA	NA	NA	NA	NA
NC_045512.2	711	T	C	17713	2123	44	1	0	24	5.64493e-05	17715	1	FALSE	NA	NA	NA	NA	NA	NA
NC_045512.2	712	T	C	17772	2278	44	2	0	40	0.000112524	17774	0.500021	FALSE	NA	NA	NA	NA	NA	NA
NC_045512.2	714	G	A	18618	2398	45	1	0	40	5.37086e-05	18619	0.75002	FALSE	NA	NA	NA	NA	NA	NA
NC_045512.2	716	A	C	18693	2464	45	1	0	24	5.34931e-05	18694	1	FALSE	NA	NA	NA	NA	NA	NA
NC_045512.2	718	T	C	18738	2457	45	5	0	40	0.000266766	18743	0.109369	FALSE	NA	NA	NA	NA	NA	NA
NC_045512.2	719	G	A	18804	2468	45	1	1	80	5.31773e-05	18805	0.500013	FALSE	NA	NA	NA	NA	NA	NA
NC_045512.2	720	A	G	18767	2502	45	3	0	34	0.000159812	18772	0.99989	FALSE	NA	NA	NA	NA	NA	NA
NC_045512.2	720	A	C	18767	2502	45	2	0	32	0.000106542	18772	0.99998	FALSE	NA	NA	NA	NA	NA	NA
NC_045512.2	721	T	C	18914	2501	45	1	1	52	5.28681e-05	18915	0.500013	FALSE	NA	NA	NA	NA	NA	NA
NC_045512.2	722	C	T	18922	2606	45	1	0	24	5.28318e-05	18928	1	FALSE	NA	NA	NA	NA	NA	NA
NC_045512.2	722	C	G	18922	2606	45	3	0	34	0.000158495	18928	0.99989	FALSE	NA	NA	NA	NA	NA	NA
NC_045512.2	722	C	A	18922	2606	45	2	0	32	0.000105664	18928	0.99998	FALSE	NA	NA	NA	NA	NA	NA
NC_045512.2	723	C	A	18899	2620	45	5	0	27	0.000264494	18904	1	FALSE	NA	NA	NA	NA	NA	NA
NC_045512.2	723	C	-T	18899	2620	45	1	0	20	5.28989e-05	18904	1	FALSE	NA	NA	NA	NA	NA	NA
NC_045512.2	724	T	G	19057	2722	46	1	1	32	5.24659e-05	19060	0.999999	FALSE	NA	NA	NA	NA	NA	NA
NC_045512.2	724	T	C	19057	2722	46	2	0	32	0.000104932	19060	0.99999	FALSE	NA	NA	NA	NA	NA	NA
NC_045512.2	725	T	G	19093	2766	46	1	0	40	5.23642e-05	19097	0.74998	FALSE	NA	NA	NA	NA	NA	NA
NC_045512.2	725	T	C	19093	2766	46	3	0	24	0.000157093	19097	1	FALSE	NA	NA	NA	NA	NA	NA
NC_045512.2	726	A	T	18902	2772	45	1	0	24	5.28961e-05	18905	1	FALSE	NA	NA	NA	NA	NA	NA
NC_045512.2	726	A	C	18902	2772	45	2	0	32	0.000105792	18905	0.99998	FALSE	NA	NA	NA	NA	NA	NA
NC_045512.2	727	T	C	19095	2763	46	1	0	24	5.2367e-05	19096	1	FALSE	NA	NA	NA	NA	NA	NA
NC_045512.2	728	G	C	19093	2769	46	1	0	24	5.23725e-05	19094	1	FALSE	NA	NA	NA	NA	NA	NA
NC_045512.2	729	A	G	19023	2789	46	2	1	52	0.000105119	19026	0.249993	FALSE	NA	NA	NA	NA	NA	NA
NC_045512.2	729	A	C	19023	2789	46	1	0	24	5.25597e-05	19026	1	FALSE	NA	NA	NA	NA	NA	NA
NC_045512.2	730	A	G	19013	2786	46	3	0	53	0.000157704	19023	0.124931	FALSE	NA	NA	NA	NA	NA	NA
NC_045512.2	730	A	C	19013	2786	46	7	0	28	0.000367976	19023	1	FALSE	NA	NA	NA	NA	NA	NA
NC_045512.2	732	A	G	19067	2906	47	2	0	40	0.000104855	19074	0.499921	FALSE	NA	NA	NA	NA	NA	NA
NC_045512.2	732	A	C	19067	2906	47	5	0	27	0.000262137	19074	1	FALSE	NA	NA	NA	NA	NA	NA
NC_045512.2	733	T	C	19143	2965	47	2	1	52	0.000104466	19145	0.250007	FALSE	NA	NA	NA	NA	NA	NA
NC_045512.2	734	T	C	19146	2997	47	2	2	58	0.00010445	19148	0.250007	FALSE	NA	NA	NA	NA	NA	NA
NC_045512.2	735	T	G	19151	3026	47	1	1	40	5.22084e-05	19154	0.749993	FALSE	NA	NA	NA	NA	NA	NA
NC_045512.2	735	T	C	19151	3026	47	2	0	40	0.000104417	19154	0.5	FALSE	NA	NA	NA	NA	NA	NA
NC_045512.2	736	T	C	19140	3024	47	5	0	24	0.000261165	19145	1	FALSE	NA	NA	NA	NA	NA	NA
NC_045512.2	738	A	G	19035	3078	47	3	0	34	0.000157546	19042	0.99994	FALSE	NA	NA	NA	NA	NA	NA
NC_045512.2	738	A	C	19035	3078	47	4	0	28	0.000210062	19042	1	FALSE	NA	NA	NA	NA	NA	NA
NC_045512.2	739	A	G	19067	3071	47	3	2	40	0.00015729	19073	0.312451	FALSE	NA	NA	NA	NA	NA	NA
NC_045512.2	739	A	C	19067	3071	47	3	0	24	0.00015729	19073	1	FALSE	NA	NA	NA	NA	NA	NA
NC_045512.2	741	A	G	19104	3074	47	1	0	40	5.23396e-05	19106	0.750007	FALSE	NA	NA	NA	NA	NA	NA
NC_045512.2	741	A	C	19104	3074	47	1	0	40	5.23396e-05	19106	0.750007	FALSE	NA	NA	NA	NA	NA	NA
NC_045512.2	742	A	G	19110	3077	47	3	1	38	0.000156945	19115	0.99994	FALSE	NA	NA	NA	NA	NA	NA
NC_045512.2	742	A	C	19110	3077	47	2	0	24	0.00010463	19115	1	FALSE	NA	NA	NA	NA	NA	NA
NC_045512.2	743	A	G	19194	3084	47	4	1	36	0.000208333	19200	0.999757	FALSE	NA	NA	NA	NA	NA	NA
NC_045512.2	743	A	C	19194	3084	47	2	0	24	0.000104167	19200	1	FALSE	NA	NA	NA	NA	NA	NA
NC_045512.2	745	C	A	19383	3105	47	2	0	24	0.000103173	19385	1	FALSE	NA	NA	NA	NA	NA	NA
NC_045512.2	746	T	C	19447	3113	48	4	1	50	0.000205645	19451	0.0624968	FALSE	NA	NA	NA	NA	NA	NA
NC_045512.2	746	T	-G	19447	3113	48	1	0	20	5.14112e-05	19451	1	FALSE	NA	NA	NA	NA	NA	NA
NC_045512.2	747	G	T	19419	3121	47	1	0	40	5.1488e-05	19422	0.749981	FALSE	NA	NA	NA	NA	NA	NA
NC_045512.2	747	G	C	19419	3121	47	2	1	40	0.000102976	19422	0.499981	FALSE	NA	NA	NA	NA	NA	NA
NC_045512.2	748	G	C	19434	3140	48	1	0	24	5.14536e-05	19435	1	FALSE	NA	NA	NA	NA	NA	NA
NC_045512.2	749	A	G	19398	3373	48	2	1	60	0.000103087	19401	0.249994	FALSE	NA	NA	NA	NA	NA	NA
NC_045512.2	749	A	C	19398	3373	48	1	0	40	5.15437e-05	19401	0.749994	FALSE	NA	NA	NA	NA	NA	NA
NC_045512.2	750	A	G	19974	3416	48	3	0	48	0.000150158	19979	0.312472	FALSE	NA	NA	NA	NA	NA	NA
NC_045512.2	750	A	C	19974	3416	48	2	0	40	0.000100105	19979	0.499962	FALSE	NA	NA	NA	NA	NA	NA
NC_045512.2	751	C	T	20139	3418	48	1	0	40	4.965e-05	20141	0.875009	FALSE	NA	NA	NA	NA	NA	NA
NC_045512.2	751	C	A	20139	3418	48	1	0	24	4.965e-05	20141	1	FALSE	NA	NA	NA	NA	NA	NA
NC_045512.2	752	A	G	20212	3419	48	1	0	40	4.94658e-05	20216	0.874991	FALSE	NA	NA	NA	NA	NA	NA
NC_045512.2	752	A	C	20212	3419	48	3	0	34	0.000148397	20216	0.999967	FALSE	NA	NA	NA	NA	NA	NA
NC_045512.2	753	C	T	20352	3422	48	2	1	36	9.82511e-05	20356	0.999995	FALSE	NA	NA	NA	NA	NA	NA
NC_045512.2	753	C	A	20352	3422	48	2	0	24	9.82511e-05	20356	1	FALSE	NA	NA	NA	NA	NA	NA
NC_045512.2	754	T	C	20323	3437	48	2	0	24	9.8401e-05	20325	1	FALSE	NA	NA	NA	NA	NA	NA
NC_045512.2	755	A	G	21024	3523	48	1	0	48	4.75579e-05	21027	0.875	FALSE	NA	NA	NA	NA	NA	NA
NC_045512.2	755	A	C	21024	3523	48	2	0	32	9.51158e-05	21027	0.999997	FALSE	NA	NA	NA	NA	NA	NA
NC_045512.2	756	A	G	20984	3687	49	1	0	40	4.76395e-05	20991	0.874964	FALSE	NA	NA	NA	NA	NA	NA
NC_045512.2	756	A	C	20984	3687	49	6	0	26	0.000285837	20991	1	FALSE	NA	NA	NA	NA	NA	NA
NC_045512.2	757	A	G	21604	3725	49	2	0	32	9.25497e-05	21610	0.999997	FALSE	NA	NA	NA	NA	NA	NA
NC_045512.2	757	A	C	21604	3725	49	4	0	24	0.000185099	21610	1	FALSE	NA	NA	NA	NA	NA	NA
NC_045512.2	758	C	G	21727	3744	49	1	0	32	4.60236e-05	21728	1	FALSE	NA	NA	NA	NA	NA	NA
NC_045512.2	759	A	T	21624	3747	49	1	0	36	4.62406e-05	21626	1	FALSE	NA	NA	NA	NA	NA	NA
NC_045512.2	759	A	C	21624	3747	49	1	0	24	4.62406e-05	21626	1	FALSE	NA	NA	NA	NA	NA	NA
NC_045512.2	759	A	+T	21624	3747	49	1	0	20	4.62406e-05	21626	1	FALSE	NA	NA	NA	NA	NA	NA
NC_045512.2	760	T	C	21939	3752	49	2	1	40	9.11535e-05	21941	0.687526	FALSE	NA	NA	NA	NA	NA	NA
NC_045512.2	761	A	G	21876	3755	49	2	0	40	9.14077e-05	21880	0.687491	FALSE	NA	NA	NA	NA	NA	NA
NC_045512.2	761	A	C	21876	3755	49	2	0	24	9.14077e-05	21880	1	FALSE	NA	NA	NA	NA	NA	NA
NC_045512.2	764	A	C	22430	3859	49	2	0	32	8.91583e-05	22432	0.999999	FALSE	NA	NA	NA	NA	NA	NA
NC_045512.2	765	G	T	22552	3761	47	2	2	36	8.86761e-05	22554	0.999999	FALSE	NA	NA	NA	NA	NA	NA
NC_045512.2	766	T	C	22414	3761	49	1	0	24	4.4609e-05	22417	1	FALSE	NA	NA	NA	NA	NA	NA
NC_045512.2	766	T	A	22414	3761	49	2	1	40	8.9218e-05	22417	0.687508	FALSE	NA	NA	NA	NA	NA	NA
NC_045512.2	768	G	T	23337	3826	49	2	1	40	8.56825e-05	23342	0.687476	FALSE	NA	NA	NA	NA	NA	NA
NC_045512.2	768	G	C	23337	3826	49	3	0	29	0.000128524	23342	1	FALSE	NA	NA	NA	NA	NA	NA
NC_045512.2	769	T	G	23256	3820	49	2	2	24	8.59882e-05	23259	1	FALSE	NA	NA	NA	NA	NA	NA
NC_045512.2	769	T	C	23256	3820	49	1	0	40	4.29941e-05	23259	0.875	FALSE	NA	NA	NA	NA	NA	NA
NC_045512.2	770	G	T	23277	3833	49	1	0	24	4.29479e-05	23284	1	FALSE	NA	NA	NA	NA	NA	NA
NC_045512.2	770	G	C	23277	3833	49	2	0	32	8.58959e-05	23284	0.999999	FALSE	NA	NA	NA	NA	NA	NA
NC_045512.2	770	G	A	23277	3833	49	4	1	40	0.000171792	23284	0.3437	FALSE	NA	NA	NA	NA	NA	NA
NC_045512.2	771	T	C	23127	3743	49	1	0	40	4.32376e-05	23128	0.875016	FALSE	NA	NA	NA	NA	NA	NA
NC_045512.2	772	T	G	23107	3737	49	1	1	32	4.32751e-05	23108	1	FALSE	NA	NA	NA	NA	NA	NA
NC_045512.2	773	A	G	23033	3766	49	3	0	40	0.000130191	23043	0.499878	FALSE	NA	NA	NA	NA	NA	NA
NC_045512.2	773	A	C	23033	3766	49	7	0	33	0.00030378	23043	0.999286	FALSE	NA	NA	NA	NA	NA	NA
NC_045512.2	774	C	A	22914	3768	46	21	0	25	0.000915631	22935	1	FALSE	NA	NA	NA	NA	NA	NA
NC_045512.2	775	C	G	23450	3899	50	2	0	32	8.52769e-05	23453	0.999999	FALSE	NA	NA	NA	NA	NA	NA
NC_045512.2	775	C	A	23450	3899	50	1	0	24	4.26385e-05	23453	1	FALSE	NA	NA	NA	NA	NA	NA
NC_045512.2	776	C	T	23205	3781	49	1	1	80	4.30904e-05	23207	0.5	FALSE	NA	NA	NA	NA	NA	NA
NC_045512.2	776	C	A	23205	3781	49	1	0	24	4.30904e-05	23207	1	FALSE	NA	NA	NA	NA	NA	NA
NC_045512.2	777	G	A	23182	3749	50	1	0	40	4.31351e-05	23183	0.875016	FALSE	NA	NA	NA	NA	NA	NA
NC_045512.2	778	T	C	23206	3752	50	2	0	32	8.61772e-05	23208	0.999999	FALSE	NA	NA	NA	NA	NA	NA
NC_045512.2	779	G	C	23269	3775	50	1	0	40	4.29738e-05	23270	0.875016	FALSE	NA	NA	NA	NA	NA	NA
NC_045512.2	780	A	T	23156	3816	50	1	0	40	4.31667e-05	23166	0.874943	FALSE	NA	NA	NA	NA	NA	NA
NC_045512.2	780	A	G	23156	3816	50	5	1	33	0.000215834	23166	0.99991	FALSE	NA	NA	NA	NA	NA	NA
NC_045512.2	780	A	C	23156	3816	50	4	0	28	0.000172667	23166	1	FALSE	NA	NA	NA	NA	NA	NA
NC_045512.2	781	A	C	23261	3822	49	8	1	24	0.000343805	23269	1	FALSE	NA	NA	NA	NA	NA	NA
NC_045512.2	783	T	G	23303	3765	50	1	1	40	4.29092e-05	23305	0.875008	FALSE	NA	NA	NA	NA	NA	NA
NC_045512.2	783	T	C	23303	3765	50	1	0	40	4.29092e-05	23305	0.875008	FALSE	NA	NA	NA	NA	NA	NA
NC_045512.2	784	C	A	23181	3759	50	2	0	32	8.62701e-05	23183	0.999999	FALSE	NA	NA	NA	NA	NA	NA
NC_045512.2	785	A	G	23146	3772	50	2	0	52	8.63931e-05	23150	0.249984	FALSE	NA	NA	NA	NA	NA	NA
NC_045512.2	785	A	C	23146	3772	50	2	0	24	8.63931e-05	23150	1	FALSE	NA	NA	NA	NA	NA	NA
NC_045512.2	786	T	C	23398	3786	50	1	0	24	4.27369e-05	23399	1	FALSE	NA	NA	NA	NA	NA	NA
NC_045512.2	787	G	A	23358	3800	50	2	0	32	8.56164e-05	23360	0.999999	FALSE	NA	NA	NA	NA	NA	NA
NC_045512.2	788	C	A	23287	3773	50	1	0	80	4.29406e-05	23288	0.500011	FALSE	NA	NA	NA	NA	NA	NA
NC_045512.2	789	G	T	23323	3774	50	3	2	48	0.000128584	23331	0.49992	FALSE	NA	NA	NA	NA	NA	NA
NC_045512.2	789	G	A	23323	3774	50	5	3	62	0.000214307	23331	0.0312366	FALSE	NA	NA	NA	NA	NA	NA
NC_045512.2	790	T	G	23306	3748	50	1	1	40	4.29037e-05	23308	0.875008	FALSE	NA	NA	NA	NA	NA	NA
NC_045512.2	790	T	C	23306	3748	50	1	0	40	4.29037e-05	23308	0.875008	FALSE	NA	NA	NA	NA	NA	NA
NC_045512.2	791	G	A	23270	3764	50	1	0	40	4.29719e-05	23271	0.875016	FALSE	NA	NA	NA	NA	NA	NA
NC_045512.2	792	A	G	23247	3792	50	1	0	80	4.30108e-05	23250	0.499989	FALSE	NA	NA	NA	NA	NA	NA
NC_045512.2	792	A	C	23247	3792	50	2	0	24	8.60215e-05	23250	1	FALSE	NA	NA	NA	NA	NA	NA
NC_045512.2	793	G	A	23875	3824	50	2	0	32	8.37626e-05	23877	0.999999	FALSE	NA	NA	NA	NA	NA	NA
NC_045512.2	795	T	C	22572	4785	51	2	1	46	8.85975e-05	22574	0.687525	FALSE	NA	NA	NA	NA	NA	NA
NC_045512.2	796	T	C	22709	4833	52	1	0	24	4.40315e-05	22711	1	FALSE	NA	NA	NA	NA	NA	NA
NC_045512.2	796	T	A	22709	4833	52	1	0	40	4.40315e-05	22711	0.875008	FALSE	NA	NA	NA	NA	NA	NA
NC_045512.2	797	A	G	22287	4926	51	3	1	53	0.000134565	22294	0.124966	FALSE	NA	NA	NA	NA	NA	NA
NC_045512.2	797	A	C	22287	4926	51	4	0	32	0.00017942	22294	0.999956	FALSE	NA	NA	NA	NA	NA	NA
NC_045512.2	798	A	G	22327	5054	51	5	2	43	0.000223874	22334	0.226526	FALSE	NA	NA	NA	NA	NA	NA
NC_045512.2	798	A	C	22327	5054	51	2	0	24	8.95496e-05	22334	1	FALSE	NA	NA	NA	NA	NA	NA
NC_045512.2	799	C	G	21225	5257	49	3	0	34	0.000141044	21270	0.999982	FALSE	NA	NA	NA	NA	NA	NA
NC_045512.2	799	C	A	21225	5257	49	42	0	25	0.00197461	21270	1	FALSE	NA	NA	NA	NA	NA	NA
NC_045512.2	800	G	T	21835	5140	51	2	1	32	9.15877e-05	21837	0.999997	FALSE	NA	NA	NA	NA	NA	NA
NC_045512.2	801	G	T	21589	4896	46	7	7	26	0.000324104	21598	1	FALSE	NA	NA	NA	NA	NA	NA
NC_045512.2	801	G	A	21589	4896	46	2	1	58	9.26012e-05	21598	0.249925	FALSE	NA	NA	NA	NA	NA	NA
NC_045512.2	802	A	G	21633	5289	52	6	0	40	0.000277264	21640	0.144509	FALSE	NA	NA	NA	NA	NA	NA
NC_045512.2	802	A	C	21633	5289	52	1	0	24	4.62107e-05	21640	1	FALSE	NA	NA	NA	NA	NA	NA
NC_045512.2	803	G	T	21694	5216	51	7	7	26	0.000322536	21703	1	FALSE	NA	NA	NA	NA	NA	NA
NC_045512.2	803	G	C	21694	5216	51	1	0	24	4.60766e-05	21703	1	FALSE	NA	NA	NA	NA	NA	NA
NC_045512.2	803	G	A	21694	5216	51	1	1	80	4.60766e-05	21703	0.499919	FALSE	NA	NA	NA	NA	NA	NA
NC_045512.2	804	G	T	22409	7601	57	1	0	24	4.46229e-05	22410	1	FALSE	NA	NA	NA	NA	NA	NA
NC_045512.2	805	G	T	23129	7781	55	2	2	32	8.64641e-05	23131	0.999999	FALSE	NA	NA	NA	NA	NA	NA
NC_045512.2	806	G	T	23450	8686	58	2	0	32	8.52697e-05	23455	0.999999	FALSE	NA	NA	NA	NA	NA	NA
NC_045512.2	806	G	A	23450	8686	58	3	1	40	0.000127904	23455	0.49998	FALSE	NA	NA	NA	NA	NA	NA
NC_045512.2	807	C	T	23275	8798	58	1	1	80	4.29627e-05	23276	0.500011	FALSE	NA	NA	NA	NA	NA	NA
NC_045512.2	808	A	C	23221	8829	58	2	0	24	8.61215e-05	23223	1	FALSE	NA	NA	NA	NA	NA	NA
NC_045512.2	809	T	G	23247	8786	58	1	1	24	4.30108e-05	23250	1	FALSE	NA	NA	NA	NA	NA	NA
NC_045512.2	809	T	C	23247	8786	58	2	0	40	8.60215e-05	23250	0.687508	FALSE	NA	NA	NA	NA	NA	NA
NC_045512.2	810	A	T	23185	9082	58	1	1	24	4.31258e-05	23188	1	FALSE	NA	NA	NA	NA	NA	NA
NC_045512.2	810	A	C	23185	9082	58	2	0	24	8.62515e-05	23188	1	FALSE	NA	NA	NA	NA	NA	NA
NC_045512.2	811	C	T	23324	9100	58	1	0	40	4.28725e-05	23325	0.875016	FALSE	NA	NA	NA	NA	NA	NA
NC_045512.2	812	A	T	23160	9081	58	1	0	40	4.31686e-05	23165	0.874984	FALSE	NA	NA	NA	NA	NA	NA
NC_045512.2	812	A	G	23160	9081	58	1	1	80	4.31686e-05	23165	0.499968	FALSE	NA	NA	NA	NA	NA	NA
NC_045512.2	812	A	C	23160	9081	58	3	0	24	0.000129506	23165	1	FALSE	NA	NA	NA	NA	NA	NA
NC_045512.2	814	T	G	21868	9541	56	2	2	28	9.14495e-05	21870	1	FALSE	NA	NA	NA	NA	NA	NA
NC_045512.2	815	C	T	21943	9747	56	1	1	80	4.55705e-05	21944	0.500011	FALSE	NA	NA	NA	NA	NA	NA
NC_045512.2	816	G	C	21935	9752	56	2	0	32	9.11619e-05	21939	0.999997	FALSE	NA	NA	NA	NA	NA	NA
NC_045512.2	816	G	A	21935	9752	56	2	1	40	9.11619e-05	21939	0.687491	FALSE	NA	NA	NA	NA	NA	NA
NC_045512.2	817	C	G	21791	9931	55	1	0	40	4.58863e-05	21793	0.875009	FALSE	NA	NA	NA	NA	NA	NA
NC_045512.2	817	C	A	21791	9931	55	1	0	24	4.58863e-05	21793	1	FALSE	NA	NA	NA	NA	NA	NA
NC_045512.2	818	T	G	21832	10003	55	2	1	24	9.15751e-05	21840	1	FALSE	NA	NA	NA	NA	NA	NA
NC_045512.2	818	T	C	21832	10003	55	6	0	34	0.000274725	21840	0.999245	FALSE	NA	NA	NA	NA	NA	NA
NC_045512.2	819	A	G	21793	10020	55	1	0	40	4.58821e-05	21795	0.875009	FALSE	NA	NA	NA	NA	NA	NA
NC_045512.2	819	A	C	21793	10020	55	1	0	24	4.58821e-05	21795	1	FALSE	NA	NA	NA	NA	NA	NA
NC_045512.2	820	T	C	21836	10165	56	1	0	80	4.57938e-05	21837	0.500011	FALSE	NA	NA	NA	NA	NA	NA
NC_045512.2	822	T	G	21527	10615	54	4	4	24	0.000185761	21533	1	FALSE	NA	NA	NA	NA	NA	NA
NC_045512.2	822	T	C	21527	10615	54	2	0	40	9.28807e-05	21533	0.687456	FALSE	NA	NA	NA	NA	NA	NA
NC_045512.2	824	G	T	21611	10721	54	1	1	24	4.62684e-05	21613	1	FALSE	NA	NA	NA	NA	NA	NA
NC_045512.2	824	G	C	21611	10721	54	1	0	24	4.62684e-05	21613	1	FALSE	NA	NA	NA	NA	NA	NA
NC_045512.2	826	T	G	21537	10821	54	1	0	40	4.64274e-05	21539	0.875009	FALSE	NA	NA	NA	NA	NA	NA
NC_045512.2	826	T	C	21537	10821	54	1	0	80	4.64274e-05	21539	0.5	FALSE	NA	NA	NA	NA	NA	NA
NC_045512.2	827	A	C	21595	10879	54	1	0	32	4.63049e-05	21596	1	FALSE	NA	NA	NA	NA	NA	NA
NC_045512.2	828	A	G	21731	11158	54	3	1	53	0.000138014	21737	0.124974	FALSE	NA	NA	NA	NA	NA	NA
NC_045512.2	828	A	C	21731	11158	54	3	0	26	0.000138014	21737	1	FALSE	NA	NA	NA	NA	NA	NA
NC_045512.2	829	C	T	21854	11202	54	3	1	53	0.000137243	21859	0.124983	FALSE	NA	NA	NA	NA	NA	NA
NC_045512.2	829	C	A	21854	11202	54	2	0	24	9.14955e-05	21859	1	FALSE	NA	NA	NA	NA	NA	NA
NC_045512.2	830	A	G	21668	11049	54	1	1	40	4.61446e-05	21671	0.875	FALSE	NA	NA	NA	NA	NA	NA
NC_045512.2	830	A	C	21668	11049	54	2	0	32	9.22892e-05	21671	0.999997	FALSE	NA	NA	NA	NA	NA	NA
NC_045512.2	831	A	G	21298	11415	53	2	1	60	9.38967e-05	21300	0.250006	FALSE	NA	NA	NA	NA	NA	NA
NC_045512.2	832	C	T	21178	11690	52	1	0	24	4.72054e-05	21184	1	FALSE	NA	NA	NA	NA	NA	NA
NC_045512.2	832	C	G	21178	11690	52	1	0	40	4.72054e-05	21184	0.874973	FALSE	NA	NA	NA	NA	NA	NA
NC_045512.2	832	C	A	21178	11690	52	4	0	28	0.000188822	21184	1	FALSE	NA	NA	NA	NA	NA	NA
NC_045512.2	833	T	G	21243	11650	53	1	1	40	4.7061e-05	21249	0.874974	FALSE	NA	NA	NA	NA	NA	NA
NC_045512.2	833	T	C	21243	11650	53	5	3	57	0.000235305	21249	0.0312426	FALSE	NA	NA	NA	NA	NA	NA
NC_045512.2	834	T	C	21307	11684	53	5	3	32	0.00023461	21312	0.999734	FALSE	NA	NA	NA	NA	NA	NA
NC_045512.2	835	C	T	21278	11821	52	1	1	40	4.69814e-05	21285	0.874965	FALSE	NA	NA	NA	NA	NA	NA
NC_045512.2	835	C	G	21278	11821	52	1	1	80	4.69814e-05	21285	0.499941	FALSE	NA	NA	NA	NA	NA	NA
NC_045512.2	835	C	A	21278	11821	52	5	0	25	0.000234907	21285	1	FALSE	NA	NA	NA	NA	NA	NA
NC_045512.2	836	T	G	21342	11755	53	1	1	40	4.68494e-05	21345	0.875	FALSE	NA	NA	NA	NA	NA	NA
NC_045512.2	836	T	C	21342	11755	53	2	0	60	9.36988e-05	21345	0.249994	FALSE	NA	NA	NA	NA	NA	NA
NC_045512.2	837	G	T	21060	11470	52	16	15	27	0.000759085	21078	1	FALSE	NA	NA	NA	NA	NA	NA
NC_045512.2	837	G	A	21060	11470	52	2	1	32	9.48857e-05	21078	0.999997	FALSE	NA	NA	NA	NA	NA	NA
NC_045512.2	838	T	C	21411	11940	53	1	1	80	4.67028e-05	21412	0.500012	FALSE	NA	NA	NA	NA	NA	NA
NC_045512.2	839	G	T	21225	11768	52	9	9	28	0.000423849	21234	1	FALSE	NA	NA	NA	NA	NA	NA
NC_045512.2	841	C	T	21366	12106	53	4	2	60	0.00018717	21371	0.0624912	FALSE	NA	NA	NA	NA	NA	NA
NC_045512.2	841	C	G	21366	12106	53	1	1	40	4.67924e-05	21371	0.874982	FALSE	NA	NA	NA	NA	NA	NA
NC_045512.2	842	C	T	21330	12183	51	2	2	36	9.37471e-05	21334	0.999997	FALSE	NA	NA	NA	NA	NA	NA
NC_045512.2	842	C	G	21330	12183	51	2	2	32	9.37471e-05	21334	0.999997	FALSE	NA	NA	NA	NA	NA	NA
NC_045512.2	843	C	T	21635	12935	53	2	2	40	9.24214e-05	21640	0.687474	FALSE	NA	NA	NA	NA	NA	NA
NC_045512.2	843	C	G	21635	12935	53	1	1	40	4.62107e-05	21640	0.874983	FALSE	NA	NA	NA	NA	NA	NA
NC_045512.2	843	C	A	21635	12935	53	2	2	40	9.24214e-05	21640	0.687474	FALSE	NA	NA	NA	NA	NA	NA
NC_045512.2	844	T	G	21628	12943	53	2	1	32	9.24513e-05	21633	0.999997	FALSE	NA	NA	NA	NA	NA	NA
NC_045512.2	844	T	C	21628	12943	53	3	1	42	0.000138677	21633	0.499978	FALSE	NA	NA	NA	NA	NA	NA
NC_045512.2	845	G	A	21717	12989	53	1	0	80	4.60448e-05	21718	0.500012	FALSE	NA	NA	NA	NA	NA	NA
NC_045512.2	846	A	G	21797	13211	54	2	2	52	9.17473e-05	21799	0.250006	FALSE	NA	NA	NA	NA	NA	NA
NC_045512.2	847	T	G	21972	13240	54	3	3	29	0.000136513	21976	1	FALSE	NA	NA	NA	NA	NA	NA
NC_045512.2	847	T	A	21972	13240	54	1	1	40	4.55042e-05	21976	0.874991	FALSE	NA	NA	NA	NA	NA	NA
NC_045512.2	848	G	T	21646	12915	52	15	15	28	0.000692393	21664	1	FALSE	NA	NA	NA	NA	NA	NA
NC_045512.2	848	G	A	21646	12915	52	3	1	61	0.000138479	21664	0.12487	FALSE	NA	NA	NA	NA	NA	NA
NC_045512.2	849	G	A	21921	13205	54	1	1	80	4.56163e-05	21922	0.500011	FALSE	NA	NA	NA	NA	NA	NA
NC_045512.2	850	C	T	21960	13357	54	1	0	40	4.55332e-05	21962	0.875009	FALSE	NA	NA	NA	NA	NA	NA
NC_045512.2	850	C	G	21960	13357	54	1	1	40	4.55332e-05	21962	0.875009	FALSE	NA	NA	NA	NA	NA	NA
NC_045512.2	851	T	G	21830	13229	53	2	2	42	9.15877e-05	21837	0.68744	FALSE	NA	NA	NA	NA	NA	NA
NC_045512.2	851	T	C	21830	13229	53	5	0	57	0.000228969	21837	0.0312393	FALSE	NA	NA	NA	NA	NA	NA
NC_045512.2	852	A	G	22004	13358	53	2	2	36	9.0876e-05	22008	0.999999	FALSE	NA	NA	NA	NA	NA	NA
NC_045512.2	852	A	C	22004	13358	53	2	1	36	9.0876e-05	22008	0.999999	FALSE	NA	NA	NA	NA	NA	NA
NC_045512.2	853	C	T	21946	13356	51	4	2	60	0.000182224	21951	0.0624915	FALSE	NA	NA	NA	NA	NA	NA
NC_045512.2	853	C	A	21946	13356	51	1	0	24	4.5556e-05	21951	1	FALSE	NA	NA	NA	NA	NA	NA
NC_045512.2	854	C	G	22693	14225	55	1	1	40	4.40645e-05	22694	0.875017	FALSE	NA	NA	NA	NA	NA	NA
NC_045512.2	855	C	G	22720	14235	55	1	0	40	4.40121e-05	22721	0.875017	FALSE	NA	NA	NA	NA	NA	NA
NC_045512.2	856	T	G	22440	14017	55	1	1	24	4.45593e-05	22442	1	FALSE	NA	NA	NA	NA	NA	NA
NC_045512.2	856	T	C	22440	14017	55	1	0	32	4.45593e-05	22442	1	FALSE	NA	NA	NA	NA	NA	NA
NC_045512.2	857	C	T	22458	14208	54	3	2	56	0.000133535	22466	0.124958	FALSE	NA	NA	NA	NA	NA	NA
NC_045512.2	857	C	G	22458	14208	54	1	1	32	4.45117e-05	22466	1	FALSE	NA	NA	NA	NA	NA	NA
NC_045512.2	857	C	A	22458	14208	54	4	1	28	0.000178047	22466	1	FALSE	NA	NA	NA	NA	NA	NA
NC_045512.2	858	T	G	22471	14146	55	3	3	24	0.000133476	22476	1	FALSE	NA	NA	NA	NA	NA	NA
NC_045512.2	858	T	C	22471	14146	55	2	0	36	8.89838e-05	22476	0.999999	FALSE	NA	NA	NA	NA	NA	NA
NC_045512.2	859	T	G	22681	14504	55	4	4	30	0.000176305	22688	0.999956	FALSE	NA	NA	NA	NA	NA	NA
NC_045512.2	859	T	C	22681	14504	55	3	2	29	0.000132228	22688	1	FALSE	NA	NA	NA	NA	NA	NA
NC_045512.2	860	G	T	22263	15271	52	3	3	29	0.000134729	22267	1	FALSE	NA	NA	NA	NA	NA	NA
NC_045512.2	860	G	A	22263	15271	52	1	0	24	4.49095e-05	22267	1	FALSE	NA	NA	NA	NA	NA	NA
NC_045512.2	861	A	C	22027	15118	53	3	1	26	0.000136178	22030	1	FALSE	NA	NA	NA	NA	NA	NA
NC_045512.2	863	T	G	21546	14621	52	4	4	32	0.000185606	21551	0.999922	FALSE	NA	NA	NA	NA	NA	NA
NC_045512.2	863	T	C	21546	14621	52	1	0	64	4.64016e-05	21551	0.499965	FALSE	NA	NA	NA	NA	NA	NA
NC_045512.2	865	C	T	21810	15494	52	2	2	40	9.16884e-05	21813	0.687509	FALSE	NA	NA	NA	NA	NA	NA
NC_045512.2	865	C	G	21810	15494	52	1	1	40	4.58442e-05	21813	0.875	FALSE	NA	NA	NA	NA	NA	NA
NC_045512.2	866	A	C	22090	15996	53	3	0	24	0.00013579	22093	1	FALSE	NA	NA	NA	NA	NA	NA
NC_045512.2	867	T	G	22089	15910	53	4	4	28	0.00018102	22097	1	FALSE	NA	NA	NA	NA	NA	NA
NC_045512.2	867	T	C	22089	15910	53	3	0	46	0.000135765	22097	0.499915	FALSE	NA	NA	NA	NA	NA	NA
NC_045512.2	867	T	A	22089	15910	53	1	1	40	4.5255e-05	22097	0.874958	FALSE	NA	NA	NA	NA	NA	NA
NC_045512.2	868	T	G	22020	15852	52	4	4	28	0.000181604	22026	1	FALSE	NA	NA	NA	NA	NA	NA
NC_045512.2	868	T	C	22020	15852	52	2	1	40	9.08018e-05	22026	0.687457	FALSE	NA	NA	NA	NA	NA	NA
NC_045512.2	869	A	G	22233	16163	53	2	0	40	8.99483e-05	22235	0.687525	FALSE	NA	NA	NA	NA	NA	NA
NC_045512.2	870	A	G	22206	16178	53	5	5	33	0.000225093	22213	0.999845	FALSE	NA	NA	NA	NA	NA	NA
NC_045512.2	870	A	C	22206	16178	53	2	0	24	9.00374e-05	22213	1	FALSE	NA	NA	NA	NA	NA	NA
NC_045512.2	871	A	G	22170	16139	53	2	2	40	9.01998e-05	22173	0.687508	FALSE	NA	NA	NA	NA	NA	NA
NC_045512.2	871	A	C	22170	16139	53	1	1	40	4.50999e-05	22173	0.875	FALSE	NA	NA	NA	NA	NA	NA
NC_045512.2	873	A	G	22531	16893	54	3	3	34	0.00013312	22536	0.99999	FALSE	NA	NA	NA	NA	NA	NA
NC_045512.2	873	A	C	22531	16893	54	2	1	60	8.87469e-05	22536	0.249972	FALSE	NA	NA	NA	NA	NA	NA
NC_045512.2	874	C	T	22537	16938	54	2	1	40	8.87311e-05	22540	0.687508	FALSE	NA	NA	NA	NA	NA	NA
NC_045512.2	874	C	A	22537	16938	54	1	1	24	4.43656e-05	22540	1	FALSE	NA	NA	NA	NA	NA	NA
NC_045512.2	875	C	G	22344	16762	54	1	1	40	4.47527e-05	22345	0.875017	FALSE	NA	NA	NA	NA	NA	NA
NC_045512.2	875	C	-T	22344	16762	54	1	0	20	4.47527e-05	22345	1	FALSE	NA	NA	NA	NA	NA	NA
NC_045512.2	876	T	G	22500	17090	54	2	2	24	8.88731e-05	22504	1	FALSE	NA	NA	NA	NA	NA	NA
NC_045512.2	876	T	C	22500	17090	54	2	1	44	8.88731e-05	22504	0.687475	FALSE	NA	NA	NA	NA	NA	NA
NC_045512.2	877	T	G	22432	17022	54	2	1	32	8.91385e-05	22437	0.999999	FALSE	NA	NA	NA	NA	NA	NA
NC_045512.2	877	T	C	22432	17022	54	3	2	34	0.000133708	22437	0.99999	FALSE	NA	NA	NA	NA	NA	NA
NC_045512.2	878	C	A	22544	17129	54	1	1	24	4.43557e-05	22545	1	FALSE	NA	NA	NA	NA	NA	NA
NC_045512.2	879	T	G	22487	17076	54	4	4	28	0.000177849	22491	1	FALSE	NA	NA	NA	NA	NA	NA
NC_045512.2	880	A	G	22512	17147	54	2	1	40	8.88257e-05	22516	0.687492	FALSE	NA	NA	NA	NA	NA	NA
NC_045512.2	880	A	C	22512	17147	54	2	0	24	8.88257e-05	22516	1	FALSE	NA	NA	NA	NA	NA	NA
NC_045512.2	882	C	T	22650	17361	55	1	1	40	4.41482e-05	22651	0.875017	FALSE	NA	NA	NA	NA	NA	NA
NC_045512.2	883	A	G	22741	17685	55	4	4	40	0.000175855	22746	0.34374	FALSE	NA	NA	NA	NA	NA	NA
NC_045512.2	883	A	C	22741	17685	55	1	1	40	4.39638e-05	22746	0.874984	FALSE	NA	NA	NA	NA	NA	NA
NC_045512.2	884	C	T	22631	17625	56	1	1	80	4.41852e-05	22632	0.500011	FALSE	NA	NA	NA	NA	NA	NA
NC_045512.2	885	G	C	22563	17578	56	2	2	32	8.86132e-05	22570	0.999999	FALSE	NA	NA	NA	NA	NA	NA
NC_045512.2	885	G	A	22563	17578	56	5	1	76	0.000221533	22570	0.0312396	FALSE	NA	NA	NA	NA	NA	NA
NC_045512.2	886	T	G	22381	17428	55	1	1	24	4.46788e-05	22382	1	FALSE	NA	NA	NA	NA	NA	NA
NC_045512.2	887	G	A	22554	17601	56	2	2	40	8.86682e-05	22556	0.687525	FALSE	NA	NA	NA	NA	NA	NA
NC_045512.2	888	C	T	22501	17536	56	2	2	24	8.88731e-05	22504	1	FALSE	NA	NA	NA	NA	NA	NA
NC_045512.2	888	C	A	22501	17536	56	1	0	32	4.44365e-05	22504	1	FALSE	NA	NA	NA	NA	NA	NA
NC_045512.2	888	C	-T	22501	17536	56	1	0	20	4.44365e-05	22504	1	FALSE	NA	NA	NA	NA	NA	NA
NC_045512.2	889	T	G	22340	17390	56	1	1	24	4.47567e-05	22343	1	FALSE	NA	NA	NA	NA	NA	NA
NC_045512.2	889	T	C	22340	17390	56	2	2	60	8.95135e-05	22343	0.249983	FALSE	NA	NA	NA	NA	NA	NA
NC_045512.2	890	G	T	22476	17465	55	2	2	40	8.89759e-05	22478	0.687525	FALSE	NA	NA	NA	NA	NA	NA
NC_045512.2	891	G	T	22438	17479	55	15	15	25	0.000668062	22453	1	FALSE	NA	NA	NA	NA	NA	NA
NC_045512.2	892	T	G	22453	17502	55	5	5	27	0.000222628	22459	1	FALSE	NA	NA	NA	NA	NA	NA
NC_045512.2	892	T	C	22453	17502	55	1	0	24	4.45256e-05	22459	1	FALSE	NA	NA	NA	NA	NA	NA
NC_045512.2	893	A	G	22682	17759	56	2	2	80	8.81601e-05	22686	0.249983	FALSE	NA	NA	NA	NA	NA	NA
NC_045512.2	893	A	C	22682	17759	56	2	1	28	8.81601e-05	22686	1	FALSE	NA	NA	NA	NA	NA	NA
NC_045512.2	894	A	G	22670	17799	56	1	0	64	4.41092e-05	22671	0.500011	FALSE	NA	NA	NA	NA	NA	NA
NC_045512.2	897	C	G	0	0	0	7	6	49	0.000309474	22619	5.98434e-26	TRUE	NA	NA	NA	NA	NA	NA
NC_045512.2	897	C	A	0	0	0	22612	17811	56	0.999691	22619	0	TRUE	NA	NA	NA	NA	NA	NA
NC_045512.2	898	T	G	22574	17730	56	1	1	24	4.42909e-05	22578	1	FALSE	NA	NA	NA	NA	NA	NA
NC_045512.2	898	T	C	22574	17730	56	3	2	61	0.000132873	22578	0.124992	FALSE	NA	NA	NA	NA	NA	NA
NC_045512.2	899	T	G	22038	17239	56	1	1	24	4.53721e-05	22040	1	FALSE	NA	NA	NA	NA	NA	NA
NC_045512.2	899	T	C	22038	17239	56	1	1	40	4.53721e-05	22040	0.875009	FALSE	NA	NA	NA	NA	NA	NA
NC_045512.2	901	A	T	22086	17553	55	2	1	60	9.05469e-05	22088	0.250006	FALSE	NA	NA	NA	NA	NA	NA
NC_045512.2	902	T	G	22034	17544	55	1	1	24	4.53782e-05	22037	1	FALSE	NA	NA	NA	NA	NA	NA
NC_045512.2	902	T	C	22034	17544	55	2	2	40	9.07565e-05	22037	0.687509	FALSE	NA	NA	NA	NA	NA	NA
NC_045512.2	903	G	C	22070	17664	55	1	1	40	4.52981e-05	22076	0.874975	FALSE	NA	NA	NA	NA	NA	NA
NC_045512.2	903	G	A	22070	17664	55	5	5	60	0.00022649	22076	0.0312429	FALSE	NA	NA	NA	NA	NA	NA
NC_045512.2	904	C	T	22133	17723	55	4	2	60	0.000180677	22139	0.0624859	FALSE	NA	NA	NA	NA	NA	NA
NC_045512.2	904	C	A	22133	17723	55	2	2	32	9.03383e-05	22139	0.999999	FALSE	NA	NA	NA	NA	NA	NA
NC_045512.2	906	C	G	21999	18197	53	1	1	40	4.54545e-05	22000	0.875017	FALSE	NA	NA	NA	NA	NA	NA
NC_045512.2	907	T	G	21491	17728	53	2	2	24	9.30492e-05	21494	1	FALSE	NA	NA	NA	NA	NA	NA
NC_045512.2	907	T	C	21491	17728	53	1	0	64	4.65246e-05	21494	0.499988	FALSE	NA	NA	NA	NA	NA	NA
NC_045512.2	908	T	G	21399	17637	52	5	5	27	0.00023359	21405	1	FALSE	NA	NA	NA	NA	NA	NA
NC_045512.2	908	T	C	21399	17637	52	1	1	80	4.67181e-05	21405	0.499953	FALSE	NA	NA	NA	NA	NA	NA
NC_045512.2	909	T	C	21438	17688	53	1	0	36	4.6644e-05	21439	1	FALSE	NA	NA	NA	NA	NA	NA
NC_045512.2	910	G	T	21594	17837	53	2	2	40	9.26097e-05	21596	0.687526	FALSE	NA	NA	NA	NA	NA	NA
NC_045512.2	911	T	G	21437	17791	52	3	3	24	0.000139906	21443	1	FALSE	NA	NA	NA	NA	NA	NA
NC_045512.2	911	T	C	21437	17791	52	2	1	60	9.32705e-05	21443	0.249959	FALSE	NA	NA	NA	NA	NA	NA
NC_045512.2	911	T	A	21437	17791	52	1	0	80	4.66353e-05	21443	0.499953	FALSE	NA	NA	NA	NA	NA	NA
NC_045512.2	912	C	G	21505	18133	51	1	1	40	4.64965e-05	21507	0.875009	FALSE	NA	NA	NA	NA	NA	NA
NC_045512.2	912	C	A	21505	18133	51	1	1	24	4.64965e-05	21507	1	FALSE	NA	NA	NA	NA	NA	NA
NC_045512.2	913	C	T	21374	17996	52	1	1	80	4.67814e-05	21376	0.5	FALSE	NA	NA	NA	NA	NA	NA
NC_045512.2	913	C	G	21374	17996	52	1	1	32	4.67814e-05	21376	1	FALSE	NA	NA	NA	NA	NA	NA
NC_045512.2	914	G	C	21404	18027	52	1	1	40	4.67115e-05	21408	0.874991	FALSE	NA	NA	NA	NA	NA	NA
NC_045512.2	914	G	A	21404	18027	52	3	2	34	0.000140135	21408	0.999982	FALSE	NA	NA	NA	NA	NA	NA
NC_045512.2	915	A	T	21376	18005	52	1	1	48	4.67705e-05	21381	0.874982	FALSE	NA	NA	NA	NA	NA	NA
NC_045512.2	915	A	G	21376	18005	52	4	4	48	0.000187082	21381	0.343739	FALSE	NA	NA	NA	NA	NA	NA
NC_045512.2	916	A	G	21372	18069	51	2	2	24	9.35716e-05	21374	1	FALSE	NA	NA	NA	NA	NA	NA
NC_045512.2	917	C	T	21358	18345	50	1	0	80	4.68187e-05	21359	0.500012	FALSE	NA	NA	NA	NA	NA	NA
NC_045512.2	919	A	G	21215	18334	50	2	2	24	9.42596e-05	21218	1	FALSE	NA	NA	NA	NA	NA	NA
NC_045512.2	919	A	C	21215	18334	50	1	0	24	4.71298e-05	21218	1	FALSE	NA	NA	NA	NA	NA	NA
NC_045512.2	920	C	T	21215	18331	50	2	2	40	9.4264e-05	21217	0.687527	FALSE	NA	NA	NA	NA	NA	NA
NC_045512.2	921	T	G	21080	18190	50	4	4	24	0.000189708	21085	1	FALSE	NA	NA	NA	NA	NA	NA
NC_045512.2	921	T	A	21080	18190	50	1	1	80	4.74271e-05	21085	0.499964	FALSE	NA	NA	NA	NA	NA	NA
NC_045512.2	922	G	T	21152	18267	50	1	1	24	4.72679e-05	21156	1	FALSE	NA	NA	NA	NA	NA	NA
NC_045512.2	922	G	C	21152	18267	50	1	1	24	4.72679e-05	21156	1	FALSE	NA	NA	NA	NA	NA	NA
NC_045512.2	922	G	A	21152	18267	50	2	1	60	9.45358e-05	21156	0.249982	FALSE	NA	NA	NA	NA	NA	NA
NC_045512.2	923	G	T	20949	18059	50	2	2	24	9.54472e-05	20954	1	FALSE	NA	NA	NA	NA	NA	NA
NC_045512.2	923	G	C	20949	18059	50	3	3	40	0.000143171	20954	0.499978	FALSE	NA	NA	NA	NA	NA	NA
NC_045512.2	924	A	G	21178	18313	50	3	2	48	0.000141636	21181	0.500022	FALSE	NA	NA	NA	NA	NA	NA
NC_045512.2	925	C	T	21150	18473	49	1	1	40	4.72791e-05	21151	0.875018	FALSE	NA	NA	NA	NA	NA	NA
NC_045512.2	926	T	G	20703	18037	49	5	5	27	0.000241441	20709	1	FALSE	NA	NA	NA	NA	NA	NA
NC_045512.2	926	T	C	20703	18037	49	1	1	40	4.82882e-05	20709	0.874973	FALSE	NA	NA	NA	NA	NA	NA
NC_045512.2	927	T	G	20698	18037	49	2	2	24	9.6609e-05	20702	1	FALSE	NA	NA	NA	NA	NA	NA
NC_045512.2	927	T	C	20698	18037	49	2	2	40	9.6609e-05	20702	0.687491	FALSE	NA	NA	NA	NA	NA	NA
NC_045512.2	928	T	G	20663	18012	49	5	5	27	0.000241861	20673	1	FALSE	NA	NA	NA	NA	NA	NA
NC_045512.2	928	T	C	20663	18012	49	5	5	36	0.000241861	20673	0.999546	FALSE	NA	NA	NA	NA	NA	NA
NC_045512.2	929	A	G	20777	18132	49	2	2	40	9.62418e-05	20781	0.687491	FALSE	NA	NA	NA	NA	NA	NA
NC_045512.2	929	A	C	20777	18132	49	2	2	40	9.62418e-05	20781	0.687491	FALSE	NA	NA	NA	NA	NA	NA
NC_045512.2	930	T	G	20491	17877	48	5	5	27	0.00024395	20496	1	FALSE	NA	NA	NA	NA	NA	NA
NC_045512.2	931	T	C	20571	17960	49	3	3	40	0.000145815	20574	0.500023	FALSE	NA	NA	NA	NA	NA	NA
NC_045512.2	932	G	T	20582	18046	49	4	4	28	0.000194297	20587	1	FALSE	NA	NA	NA	NA	NA	NA
NC_045512.2	932	G	A	20582	18046	49	1	0	80	4.85743e-05	20587	0.499964	FALSE	NA	NA	NA	NA	NA	NA
NC_045512.2	933	A	T	20562	18057	49	1	1	40	4.86263e-05	20565	0.875	FALSE	NA	NA	NA	NA	NA	NA
NC_045512.2	933	A	G	20562	18057	49	2	2	40	9.72526e-05	20565	0.687509	FALSE	NA	NA	NA	NA	NA	NA
NC_045512.2	935	A	G	20563	18066	49	1	1	64	4.86263e-05	20565	0.5	FALSE	NA	NA	NA	NA	NA	NA
NC_045512.2	935	A	C	20563	18066	49	1	0	32	4.86263e-05	20565	1	FALSE	NA	NA	NA	NA	NA	NA
NC_045512.2	936	C	T	20496	18067	48	1	1	24	4.87876e-05	20497	1	FALSE	NA	NA	NA	NA	NA	NA
NC_045512.2	937	T	G	20270	17838	48	10	10	27	0.000492999	20284	1	FALSE	NA	NA	NA	NA	NA	NA
NC_045512.2	937	T	C	20270	17838	48	4	4	32	0.0001972	20284	0.999861	FALSE	NA	NA	NA	NA	NA	NA
NC_045512.2	939	A	G	20360	17935	48	12	11	33	0.00058887	20378	0.9449	FALSE	NA	NA	NA	NA	NA	NA
NC_045512.2	939	A	C	20360	17935	48	6	6	38	0.000294435	20378	0.998751	FALSE	NA	NA	NA	NA	NA	NA
NC_045512.2	940	G	T	19185	16737	45	49	49	24	0.00254757	19234	1	FALSE	NA	NA	NA	NA	NA	NA
NC_045512.2	941	A	G	20407	17992	48	11	10	37	0.000538714	20419	0.964675	FALSE	NA	NA	NA	NA	NA	NA
NC_045512.2	941	A	C	20407	17992	48	1	1	40	4.8974e-05	20419	0.874917	FALSE	NA	NA	NA	NA	NA	NA
NC_045512.2	942	G	T	19446	17020	44	15	15	26	0.000770733	19462	1	FALSE	NA	NA	NA	NA	NA	NA
NC_045512.2	942	G	A	19446	17020	44	1	1	40	5.13822e-05	19462	0.749826	FALSE	NA	NA	NA	NA	NA	NA
NC_045512.2	943	G	A	19330	16999	48	2	1	80	0.000103455	19332	0.250006	FALSE	NA	NA	NA	NA	NA	NA
NC_045512.2	946	T	G	18714	16636	47	5	5	27	0.000267065	18722	1	FALSE	NA	NA	NA	NA	NA	NA
NC_045512.2	946	T	C	18714	16636	47	2	2	60	0.000106826	18722	0.249927	FALSE	NA	NA	NA	NA	NA	NA
NC_045512.2	946	T	A	18714	16636	47	1	1	24	5.34131e-05	18722	1	FALSE	NA	NA	NA	NA	NA	NA
NC_045512.2	947	G	C	18898	16872	48	1	1	40	5.29129e-05	18899	0.75002	FALSE	NA	NA	NA	NA	NA	NA
NC_045512.2	948	T	G	18753	16727	47	4	4	28	0.000213242	18758	1	FALSE	NA	NA	NA	NA	NA	NA
NC_045512.2	948	T	C	18753	16727	47	1	1	40	5.33106e-05	18758	0.749967	FALSE	NA	NA	NA	NA	NA	NA
NC_045512.2	949	A	G	18675	16708	47	2	2	60	0.000107084	18677	0.250007	FALSE	NA	NA	NA	NA	NA	NA
NC_045512.2	950	T	G	18557	16591	47	3	3	29	0.000161629	18561	1	FALSE	NA	NA	NA	NA	NA	NA
NC_045512.2	950	T	C	18557	16591	47	1	1	40	5.38764e-05	18561	0.74998	FALSE	NA	NA	NA	NA	NA	NA
NC_045512.2	950	T	-A	18557	16591	47	1	0	20	5.38764e-05	18561	1	FALSE	NA	NA	NA	NA	NA	NA
NC_045512.2	951	A	T	18322	16377	47	2	1	56	0.000109141	18325	0.24998	FALSE	NA	NA	NA	NA	NA	NA
NC_045512.2	951	A	C	18322	16377	47	1	1	40	5.45703e-05	18325	0.74998	FALSE	NA	NA	NA	NA	NA	NA
NC_045512.2	952	C	T	18295	16432	47	1	0	80	5.46568e-05	18296	0.500014	FALSE	NA	NA	NA	NA	NA	NA
NC_045512.2	953	T	G	13919	12294	48	4	4	24	0.000287294	13923	1	FALSE	NA	NA	NA	NA	NA	NA
NC_045512.2	955	C	T	13866	12603	46	1	1	40	7.20981e-05	13870	0.749973	FALSE	NA	NA	NA	NA	NA	NA
NC_045512.2	955	C	G	13866	12603	46	2	2	36	0.000144196	13870	0.999513	FALSE	NA	NA	NA	NA	NA	NA
NC_045512.2	955	C	A	13866	12603	46	1	0	24	7.20981e-05	13870	1	FALSE	NA	NA	NA	NA	NA	NA
NC_045512.2	956	T	G	12393	11190	47	2	2	32	0.000161355	12395	0.999087	FALSE	NA	NA	NA	NA	NA	NA
NC_045512.2	957	G	T	12464	11264	47	1	1	24	8.02246e-05	12465	1	FALSE	NA	NA	NA	NA	NA	NA
NC_045512.2	958	C	T	12359	11165	47	1	1	40	8.08996e-05	12361	0.75001	FALSE	NA	NA	NA	NA	NA	NA
NC_045512.2	958	C	A	12359	11165	47	1	1	40	8.08996e-05	12361	0.75001	FALSE	NA	NA	NA	NA	NA	NA
NC_045512.2	959	C	T	12314	11128	47	2	1	52	0.000162338	12320	0.249929	FALSE	NA	NA	NA	NA	NA	NA
NC_045512.2	959	C	G	12314	11128	47	2	2	32	0.000162338	12320	0.999086	FALSE	NA	NA	NA	NA	NA	NA
NC_045512.2	959	C	A	12314	11128	47	2	2	40	0.000162338	12320	0.499909	FALSE	NA	NA	NA	NA	NA	NA
NC_045512.2	960	G	T	12269	11078	46	3	3	29	0.000244399	12275	1	FALSE	NA	NA	NA	NA	NA	NA
NC_045512.2	960	G	A	12269	11078	46	3	3	40	0.000244399	12275	0.312424	FALSE	NA	NA	NA	NA	NA	NA
NC_045512.2	961	T	G	11903	10745	46	2	2	24	0.000167968	11907	1	FALSE	NA	NA	NA	NA	NA	NA
NC_045512.2	961	T	C	11903	10745	46	2	2	40	0.000167968	11907	0.499969	FALSE	NA	NA	NA	NA	NA	NA
NC_045512.2	962	G	T	12024	10903	46	2	2	40	0.000166293	12027	0.5	FALSE	NA	NA	NA	NA	NA	NA
NC_045512.2	962	G	A	12024	10903	46	1	0	32	8.31463e-05	12027	0.999878	FALSE	NA	NA	NA	NA	NA	NA
NC_045512.2	963	A	G	11957	10837	47	6	6	38	0.000501546	11963	0.928363	FALSE	NA	NA	NA	NA	NA	NA
NC_045512.2	964	A	G	11952	10850	46	3	3	29	0.000250941	11955	1	FALSE	NA	NA	NA	NA	NA	NA
NC_045512.2	966	A	G	11691	10630	46	3	2	48	0.000256542	11694	0.312516	FALSE	NA	NA	NA	NA	NA	NA
NC_045512.2	967	T	G	11584	10520	46	3	3	34	0.000258889	11588	0.993543	FALSE	NA	NA	NA	NA	NA	NA
NC_045512.2	967	T	C	11584	10520	46	1	1	40	8.62962e-05	11588	0.749968	FALSE	NA	NA	NA	NA	NA	NA
NC_045512.2	969	A	G	11502	10450	46	2	1	60	0.000173837	11505	0.249989	FALSE	NA	NA	NA	NA	NA	NA
NC_045512.2	969	A	C	11502	10450	46	1	1	40	8.69187e-05	11505	0.749989	FALSE	NA	NA	NA	NA	NA	NA
NC_045512.2	970	G	A	11469	10421	46	8	6	50	0.000697046	11477	0.00390285	TRUE	NA	NA	NA	NA	NA	NA
NC_045512.2	975	A	G	11023	10087	46	2	2	32	0.000181406	11025	0.998296	FALSE	NA	NA	NA	NA	NA	NA
NC_045512.2	976	A	G	11023	10107	46	1	1	40	9.07112e-05	11024	0.750034	FALSE	NA	NA	NA	NA	NA	NA
NC_045512.2	977	A	G	10990	10069	45	3	3	34	0.000272901	10993	0.988793	FALSE	NA	NA	NA	NA	NA	NA
NC_045512.2	980	G	C	10432	9589	45	1	1	40	9.58497e-05	10433	0.750036	FALSE	NA	NA	NA	NA	NA	NA
NC_045512.2	981	C	T	10430	9615	45	2	2	24	0.000191718	10432	1	FALSE	NA	NA	NA	NA	NA	NA
NC_045512.2	982	T	G	10293	9480	45	2	2	32	0.000194231	10297	0.996832	FALSE	NA	NA	NA	NA	NA	NA
NC_045512.2	982	T	C	10293	9480	45	2	2	40	0.000194231	10297	0.499964	FALSE	NA	NA	NA	NA	NA	NA
NC_045512.2	983	T	G	10292	9482	45	1	1	24	9.71534e-05	10293	1	FALSE	NA	NA	NA	NA	NA	NA
NC_045512.2	986	T	G	10089	9324	44	1	1	24	9.90982e-05	10091	1	FALSE	NA	NA	NA	NA	NA	NA
NC_045512.2	986	T	C	10089	9324	44	1	1	40	9.90982e-05	10091	0.750012	FALSE	NA	NA	NA	NA	NA	NA
NC_045512.2	987	A	G	10205	9441	45	1	1	24	9.79816e-05	10206	1	FALSE	NA	NA	NA	NA	NA	NA
NC_045512.2	988	C	G	10186	9423	45	1	1	40	9.81643e-05	10187	0.750037	FALSE	NA	NA	NA	NA	NA	NA
NC_045512.2	990	C	T	9803	9080	45	2	2	40	0.000203978	9805	0.250013	FALSE	NA	NA	NA	NA	NA	NA
NC_045512.2	991	G	T	9718	8991	44	3	3	29	0.000308515	9724	1	FALSE	NA	NA	NA	NA	NA	NA
NC_045512.2	991	G	C	9718	8991	44	2	2	40	0.000205677	9724	0.24991	FALSE	NA	NA	NA	NA	NA	NA
NC_045512.2	991	G	A	9718	8991	44	1	1	24	0.000102838	9724	1	FALSE	NA	NA	NA	NA	NA	NA
NC_045512.2	992	G	A	9738	9021	45	2	2	40	0.000205339	9740	0.250013	FALSE	NA	NA	NA	NA	NA	NA
NC_045512.2	993	A	G	9657	8970	45	3	3	40	0.000310463	9663	0.124942	FALSE	NA	NA	NA	NA	NA	NA
NC_045512.2	993	A	C	9657	8970	45	3	3	34	0.000310463	9663	0.980725	FALSE	NA	NA	NA	NA	NA	NA
NC_045512.2	994	A	G	8669	8027	45	1	1	40	0.00011534	8670	0.500029	FALSE	NA	NA	NA	NA	NA	NA
NC_045512.2	995	C	T	8509	7895	45	5	5	40	0.000587268	8514	0.0312408	FALSE	NA	NA	NA	NA	NA	NA
NC_045512.2	996	G	C	8263	7665	45	5	5	27	0.000604668	8269	1	FALSE	NA	NA	NA	NA	NA	NA
NC_045512.2	996	G	A	8263	7665	45	1	1	40	0.000120934	8269	0.499879	FALSE	NA	NA	NA	NA	NA	NA
NC_045512.2	997	T	G	8142	7544	45	1	1	24	0.000122805	8143	1	FALSE	NA	NA	NA	NA	NA	NA
NC_045512.2	998	T	G	8084	7533	44	1	1	24	0.000123686	8085	1	FALSE	NA	NA	NA	NA	NA	NA
NC_045512.2	1000	T	G	8241	7476	44	4	4	24	0.000485084	8246	1	FALSE	NA	NA	NA	NA	NA	NA
NC_045512.2	1000	T	C	8241	7476	44	1	0	24	0.000121271	8246	1	FALSE	NA	NA	NA	NA	NA	NA
NC_045512.2	1001	G	T	8120	7335	41	1	1	24	0.000123062	8126	1	FALSE	NA	NA	NA	NA	NA	NA
NC_045512.2	1001	G	C	8120	7335	41	4	4	40	0.000492247	8126	0.0624615	FALSE	NA	NA	NA	NA	NA	NA
NC_045512.2	1001	G	A	8120	7335	41	1	1	40	0.000123062	8126	0.499877	FALSE	NA	NA	NA	NA	NA	NA
NC_045512.2	1003	A	G	8275	7538	44	2	2	24	0.000241575	8279	1	FALSE	NA	NA	NA	NA	NA	NA
NC_045512.2	1003	A	C	8275	7538	44	2	2	32	0.000241575	8279	0.989271	FALSE	NA	NA	NA	NA	NA	NA
NC_045512.2	1004	A	G	8271	7560	43	3	3	34	0.000362582	8274	0.967344	FALSE	NA	NA	NA	NA	NA	NA
NC_045512.2	1005	A	G	6855	6248	43	1	1	40	0.000145836	6857	0.5	FALSE	NA	NA	NA	NA	NA	NA
NC_045512.2	1005	A	C	6855	6248	43	1	1	40	0.000145836	6857	0.5	FALSE	NA	NA	NA	NA	NA	NA
NC_045512.2	1006	G	C	6882	6270	43	2	2	32	0.000290529	6884	0.964899	FALSE	NA	NA	NA	NA	NA	NA
NC_045512.2	1007	A	G	6696	6104	43	3	2	40	0.000447828	6699	0.125	FALSE	NA	NA	NA	NA	NA	NA
NC_045512.2	1008	G	C	6699	6114	43	2	2	40	0.000298463	6701	0.250019	FALSE	NA	NA	NA	NA	NA	NA
NC_045512.2	1010	T	G	6020	5457	42	2	2	24	0.000332116	6022	1	FALSE	NA	NA	NA	NA	NA	NA
NC_045512.2	1012	T	G	5993	5424	42	1	1	24	0.000166834	5994	1	FALSE	NA	NA	NA	NA	NA	NA
NC_045512.2	1013	G	T	6049	5467	43	2	2	32	0.000330469	6052	0.964889	FALSE	NA	NA	NA	NA	NA	NA
NC_045512.2	1013	G	C	6049	5467	43	1	1	40	0.000165235	6052	0.499959	FALSE	NA	NA	NA	NA	NA	NA
NC_045512.2	1014	A	C	6060	5487	43	1	0	24	0.000164989	6061	1	FALSE	NA	NA	NA	NA	NA	NA
NC_045512.2	1015	A	G	5361	4831	42	1	1	40	0.000186498	5362	0.500047	FALSE	NA	NA	NA	NA	NA	NA
NC_045512.2	1019	C	G	397	40	41	1	0	24	0.00251256	398	0.938285	FALSE	NA	NA	NA	NA	NA	NA
NC_045512.2	1020	A	C	394	40	41	1	0	24	0.00253165	395	0.938291	FALSE	NA	NA	NA	NA	NA	NA
NC_045512.2	1023	C	A	395	42	41	2	0	40	0.00503778	397	0.250315	FALSE	NA	NA	NA	NA	NA	NA
NC_045512.2	1026	C	T	406	42	41	2	0	40	0.00490196	408	0.250307	FALSE	NA	NA	NA	NA	NA	NA
NC_045512.2	1032	A	G	412	60	43	1	0	24	0.00242131	413	0.969316	FALSE	NA	NA	NA	NA	NA	NA
NC_045512.2	1065	A	C	487	92	44	1	0	24	0.00204918	488	0.969229	FALSE	NA	NA	NA	NA	NA	NA
NC_045512.2	1076	C	A	501	100	44	1	0	24	0.00199203	502	0.984701	FALSE	NA	NA	NA	NA	NA	NA
NC_045512.2	1078	A	C	500	100	45	1	0	24	0.00199601	501	0.984701	FALSE	NA	NA	NA	NA	NA	NA
NC_045512.2	1119	A	C	622	221	50	1	0	24	0.00160514	623	0.992362	FALSE	NA	NA	NA	NA	NA	NA
NC_045512.2	1120	A	C	625	223	49	1	0	24	0.00159744	626	0.992361	FALSE	NA	NA	NA	NA	NA	NA
NC_045512.2	1121	C	A	547	228	43	1	0	24	0.00182482	548	0.984673	FALSE	NA	NA	NA	NA	NA	NA
NC_045512.2	1130	G	-A	617	216	50	3	0	20	0.00486224	617	0.912532	FALSE	NA	NA	NA	NA	NA	NA
NC_045512.2	1133	A	-AG	594	235	51	1	0	20	0.0016835	594	0.984728	FALSE	NA	NA	NA	NA	NA	NA
NC_045512.2	1134	A	-G	591	236	51	149	0	20	0.251689	592	1.36456e-34	TRUE	NA	NA	NA	NA	NA	NA
NC_045512.2	1135	G	C	404	156	51	1	0	24	0.00221239	452	0.972585	FALSE	NA	NA	NA	NA	NA	NA
NC_045512.2	1135	G	A	404	156	51	47	10	40	0.103982	452	9.70259e-19	TRUE	NA	NA	NA	NA	NA	NA
NC_045512.2	1137	A	C	553	253	49	1	0	24	0.00180505	554	0.98467	FALSE	NA	NA	NA	NA	NA	NA
NC_045512.2	1143	T	C	532	255	49	1	1	80	0.00187617	533	0.500469	FALSE	NA	NA	NA	NA	NA	NA
NC_045512.2	1157	G	C	496	291	47	1	0	80	0.00201207	497	0.500504	FALSE	NA	NA	NA	NA	NA	NA
NC_045512.2	1161	G	T	494	298	46	1	1	24	0.0020202	495	0.969223	FALSE	NA	NA	NA	NA	NA	NA
NC_045512.2	1185	C	T	511	370	47	1	1	40	0.00195312	512	0.500489	FALSE	NA	NA	NA	NA	NA	NA
NC_045512.2	1189	A	G	532	404	48	1	1	40	0.00187617	533	0.500469	FALSE	NA	NA	NA	NA	NA	NA
NC_045512.2	1212	G	A	589	510	49	1	1	40	0.00169492	590	0.500424	FALSE	NA	NA	NA	NA	NA	NA
NC_045512.2	1222	T	C	581	510	48	1	1	40	0.00171821	582	0.50043	FALSE	NA	NA	NA	NA	NA	NA
NC_045512.2	1224	T	C	582	511	49	1	1	40	0.00171527	583	0.500429	FALSE	NA	NA	NA	NA	NA	NA
NC_045512.2	1228	G	T	505	429	43	7	7	24	0.0136719	512	0.38787	FALSE	NA	NA	NA	NA	NA	NA
NC_045512.2	1233	G	T	556	485	47	3	3	29	0.00536673	559	0.856939	FALSE	NA	NA	NA	NA	NA	NA
NC_045512.2	1238	C	G	557	487	49	1	1	40	0.00179211	558	0.500448	FALSE	NA	NA	NA	NA	NA	NA
NC_045512.2	1245	G	T	447	382	40	1	1	24	0.00223214	448	0.969272	FALSE	NA	NA	NA	NA	NA	NA
NC_045512.2	1252	T	A	469	405	50	1	1	40	0.00212766	470	0.500532	FALSE	NA	NA	NA	NA	NA	NA
NC_045512.2	1255	A	G	426	363	51	1	1	40	0.00234192	427	0.500586	FALSE	NA	NA	NA	NA	NA	NA
NC_045512.2	1286	T	G	368	330	46	1	1	40	0.00271003	369	0.500678	FALSE	NA	NA	NA	NA	NA	NA
NC_045512.2	1293	T	G	365	327	47	1	1	40	0.00273224	366	0.500684	FALSE	NA	NA	NA	NA	NA	NA
NC_045512.2	1295	T	C	361	323	46	1	1	40	0.00276243	362	0.500692	FALSE	NA	NA	NA	NA	NA	NA
NC_045512.2	1301	A	C	353	319	47	1	0	32	0.00282486	354	0.500707	FALSE	NA	NA	NA	NA	NA	NA
NC_045512.2	1304	G	A	346	311	46	1	1	40	0.00288184	347	0.500722	FALSE	NA	NA	NA	NA	NA	NA
NC_045512.2	1323	G	A	288	267	43	1	1	40	0.00346021	289	0.500867	FALSE	NA	NA	NA	NA	NA	NA
NC_045512.2	1325	G	A	525	281	41	1	0	40	0.00190114	526	0.500476	FALSE	NA	NA	NA	NA	NA	NA
NC_045512.2	1327	C	G	536	285	41	1	1	24	0.0018622	537	0.984679	FALSE	NA	NA	NA	NA	NA	NA
NC_045512.2	1333	T	C	539	233	42	1	1	40	0.00185185	540	0.500463	FALSE	NA	NA	NA	NA	NA	NA
NC_045512.2	1340	T	C	351	27	42	1	0	24	0.00284091	352	0.938387	FALSE	NA	NA	NA	NA	NA	NA
NC_045512.2	1348	C	T	404	32	42	1	0	40	0.00246914	405	0.500618	FALSE	NA	NA	NA	NA	NA	NA
NC_045512.2	1352	A	C	405	35	42	1	0	24	0.00246305	406	0.969326	FALSE	NA	NA	NA	NA	NA	NA
NC_045512.2	1371	A	C	441	52	44	1	0	40	0.00226244	442	0.500566	FALSE	NA	NA	NA	NA	NA	NA
NC_045512.2	1407	A	G	601	90	48	1	0	40	0.00165837	603	0.5	FALSE	NA	NA	NA	NA	NA	NA
NC_045512.2	1407	A	C	601	90	48	1	0	24	0.00165837	603	0.992323	FALSE	NA	NA	NA	NA	NA	NA
NC_045512.2	1412	A	C	623	101	49	1	0	24	0.00160256	624	0.992362	FALSE	NA	NA	NA	NA	NA	NA
NC_045512.2	1420	C	A	653	123	49	1	0	24	0.00152905	654	0.992354	FALSE	NA	NA	NA	NA	NA	NA
NC_045512.2	1445	A	G	690	164	55	1	0	24	0.00144718	691	0.992345	FALSE	NA	NA	NA	NA	NA	NA
NC_045512.2	1446	A	C	697	167	55	1	0	24	0.00143266	698	0.992343	FALSE	NA	NA	NA	NA	NA	NA
NC_045512.2	1457	C	G	578	237	47	1	1	40	0.00169205	591	0.495295	FALSE	NA	NA	NA	NA	NA	NA
NC_045512.2	1457	C	A	578	237	47	12	0	26	0.0203046	591	0.070287	FALSE	NA	NA	NA	NA	NA	NA
NC_045512.2	1462	G	T	693	228	55	1	1	24	0.00144092	694	0.992344	FALSE	NA	NA	NA	NA	NA	NA
NC_045512.2	1480	C	-T	643	301	51	1	0	20	0.00155521	643	0.992398	FALSE	NA	NA	NA	NA	NA	NA
NC_045512.2	1485	G	T	559	203	44	8	8	24	0.0141093	567	0.290524	FALSE	NA	NA	NA	NA	NA	NA
NC_045512.2	1486	A	T	635	304	52	1	0	64	0.00157233	636	0.500393	FALSE	NA	NA	NA	NA	NA	NA
NC_045512.2	1488	G	A	633	304	52	1	1	40	0.00157729	634	0.500395	FALSE	NA	NA	NA	NA	NA	NA
NC_045512.2	1501	T	C	626	326	50	1	0	24	0.0015949	627	0.992361	FALSE	NA	NA	NA	NA	NA	NA
NC_045512.2	1509	G	T	616	349	51	2	2	24	0.00323625	618	0.965462	FALSE	NA	NA	NA	NA	NA	NA
NC_045512.2	1512	G	A	636	378	53	1	1	40	0.00156986	637	0.500393	FALSE	NA	NA	NA	NA	NA	NA
NC_045512.2	1559	G	A	357	303	51	303	247	53	0.459091	660	1.18656e-111	TRUE	NA	NA	NA	NA	NA	NA
NC_045512.2	1562	T	G	642	537	52	1	1	24	0.00155521	643	0.992357	FALSE	NA	NA	NA	NA	NA	NA
NC_045512.2	1583	G	T	517	449	48	1	1	24	0.0019305	518	0.98469	FALSE	NA	NA	NA	NA	NA	NA
NC_045512.2	1584	G	T	313	237	39	15	15	24	0.0457317	328	0.00345335	TRUE	NA	NA	NA	NA	NA	NA
NC_045512.2	1599	G	T	497	436	49	1	0	40	0.00200803	498	0.500503	FALSE	NA	NA	NA	NA	NA	NA
NC_045512.2	1602	T	C	1421	488	43	1	1	40	0.000703235	1422	0.500176	FALSE	NA	NA	NA	NA	NA	NA
NC_045512.2	1603	T	G	1415	488	43	2	0	32	0.00140944	1419	0.499735	FALSE	NA	NA	NA	NA	NA	NA
NC_045512.2	1603	T	C	1415	488	43	2	0	40	0.00140944	1419	0.249735	FALSE	NA	NA	NA	NA	NA	NA
NC_045512.2	1606	T	G	1533	501	43	2	0	40	0.00130208	1536	0.249919	FALSE	NA	NA	NA	NA	NA	NA
NC_045512.2	1606	T	C	1533	501	43	1	0	40	0.000651042	1536	0.499837	FALSE	NA	NA	NA	NA	NA	NA
NC_045512.2	1609	C	T	1495	483	41	1	1	40	0.000668449	1496	0.500167	FALSE	NA	NA	NA	NA	NA	NA
NC_045512.2	1610	A	G	1496	478	43	1	0	40	0.000668003	1497	0.500167	FALSE	NA	NA	NA	NA	NA	NA
NC_045512.2	1614	T	C	1545	463	43	2	0	24	0.00129199	1548	0.999867	FALSE	NA	NA	NA	NA	NA	NA
NC_045512.2	1614	T	A	1545	463	43	1	0	24	0.000645995	1548	0.999985	FALSE	NA	NA	NA	NA	NA	NA
NC_045512.2	1616	C	T	1655	473	42	1	0	40	0.000603865	1656	0.500151	FALSE	NA	NA	NA	NA	NA	NA
NC_045512.2	1621	A	C	1683	469	43	1	0	24	0.000593824	1684	0.999993	FALSE	NA	NA	NA	NA	NA	NA
NC_045512.2	1622	A	C	1684	474	43	1	0	40	0.000593472	1685	0.500148	FALSE	NA	NA	NA	NA	NA	NA
NC_045512.2	1629	A	G	1713	460	42	2	0	40	0.00116618	1715	0.250073	FALSE	NA	NA	NA	NA	NA	NA
NC_045512.2	1638	A	C	1739	470	43	1	0	40	0.000574713	1740	0.500144	FALSE	NA	NA	NA	NA	NA	NA
NC_045512.2	1639	A	G	1747	471	43	2	0	32	0.00114351	1749	0.500215	FALSE	NA	NA	NA	NA	NA	NA
NC_045512.2	1640	G	C	1830	472	43	1	1	40	0.00054615	1831	0.500137	FALSE	NA	NA	NA	NA	NA	NA
NC_045512.2	1641	T	C	1822	469	43	1	1	40	0.000548546	1823	0.500137	FALSE	NA	NA	NA	NA	NA	NA
NC_045512.2	1644	A	C	1814	467	43	1	0	24	0.000550964	1815	0.999998	FALSE	NA	NA	NA	NA	NA	NA
NC_045512.2	1651	T	G	2058	474	43	1	1	24	0.000485673	2059	1	FALSE	NA	NA	NA	NA	NA	NA
NC_045512.2	1656	T	G	2167	404	43	1	1	24	0.000461255	2168	1	FALSE	NA	NA	NA	NA	NA	NA
NC_045512.2	1657	T	C	2156	391	43	1	0	24	0.000463607	2157	1	FALSE	NA	NA	NA	NA	NA	NA
NC_045512.2	1658	G	C	566	54	43	1	0	40	0.000533903	1873	0.232472	FALSE	NA	NA	NA	NA	NA	NA
NC_045512.2	1658	G	A	566	54	43	1306	84	43	0.697277	1873	0	TRUE	NA	NA	NA	NA	NA	NA
NC_045512.2	1666	T	G	2017	143	43	1	0	24	0.00049505	2020	1	FALSE	NA	NA	NA	NA	NA	NA
NC_045512.2	1666	T	C	2017	143	43	2	0	60	0.000990099	2020	0.249938	FALSE	NA	NA	NA	NA	NA	NA
NC_045512.2	1668	A	C	1995	148	43	3	0	24	0.0015015	1998	0.999942	FALSE	NA	NA	NA	NA	NA	NA
NC_045512.2	1673	A	C	2029	165	41	1	0	40	0.000492611	2030	0.500123	FALSE	NA	NA	NA	NA	NA	NA
NC_045512.2	1682	A	T	2074	178	44	1	1	80	0.000481928	2075	0.500121	FALSE	NA	NA	NA	NA	NA	NA
NC_045512.2	1690	T	C	2129	225	46	1	0	24	0.000469484	2130	1	FALSE	NA	NA	NA	NA	NA	NA
NC_045512.2	1691	A	C	2118	227	46	1	0	40	0.000471921	2119	0.500118	FALSE	NA	NA	NA	NA	NA	NA
NC_045512.2	1695	T	-G	2136	231	46	1	0	20	0.000468165	2136	1	FALSE	NA	NA	NA	NA	NA	NA
NC_045512.2	1697	G	A	2133	233	46	3	0	40	0.00140449	2136	0.125	FALSE	NA	NA	NA	NA	NA	NA
NC_045512.2	1699	A	C	2142	238	46	1	0	40	0.000466636	2143	0.500117	FALSE	NA	NA	NA	NA	NA	NA
NC_045512.2	1702	T	C	2186	249	47	1	0	40	0.000457247	2187	0.500114	FALSE	NA	NA	NA	NA	NA	NA
NC_045512.2	1708	T	C	2178	330	50	1	0	40	0.000458926	2179	0.500115	FALSE	NA	NA	NA	NA	NA	NA
NC_045512.2	1710	C	T	2203	334	50	2	2	40	0.000907029	2205	0.250057	FALSE	NA	NA	NA	NA	NA	NA
NC_045512.2	1712	T	C	2219	334	50	1	0	24	0.00045045	2220	1	FALSE	NA	NA	NA	NA	NA	NA
NC_045512.2	1720	T	G	2242	418	53	1	1	24	0.000445831	2243	1	FALSE	NA	NA	NA	NA	NA	NA
NC_045512.2	1737	T	A	2239	500	54	1	0	40	0.000446429	2240	0.500112	FALSE	NA	NA	NA	NA	NA	NA
NC_045512.2	1739	A	G	2214	520	54	2	1	58	0.000902527	2216	0.250056	FALSE	NA	NA	NA	NA	NA	NA
NC_045512.2	1741	A	G	2069	606	51	1	0	40	0.000483092	2070	0.500121	FALSE	NA	NA	NA	NA	NA	NA
NC_045512.2	1744	T	G	2096	643	53	1	1	24	0.000476872	2097	1	FALSE	NA	NA	NA	NA	NA	NA
NC_045512.2	1745	T	C	2090	654	54	1	0	32	0.00047824	2091	0.875179	FALSE	NA	NA	NA	NA	NA	NA
NC_045512.2	1746	T	C	2071	667	53	1	0	80	0.000482625	2072	0.500121	FALSE	NA	NA	NA	NA	NA	NA
NC_045512.2	1750	T	G	2051	795	52	1	1	24	0.000487329	2052	1	FALSE	NA	NA	NA	NA	NA	NA
NC_045512.2	1759	A	G	1940	828	51	1	0	40	0.000515198	1941	0.500129	FALSE	NA	NA	NA	NA	NA	NA
NC_045512.2	1760	T	G	1938	828	52	1	0	24	0.000515464	1940	0.999999	FALSE	NA	NA	NA	NA	NA	NA
NC_045512.2	1760	T	C	1938	828	52	1	0	32	0.000515464	1940	0.750064	FALSE	NA	NA	NA	NA	NA	NA
NC_045512.2	1763	A	G	1932	885	51	1	0	80	0.000517331	1933	0.500129	FALSE	NA	NA	NA	NA	NA	NA
NC_045512.2	1770	T	G	1885	932	50	1	1	24	0.000530223	1886	0.999998	FALSE	NA	NA	NA	NA	NA	NA
NC_045512.2	1785	G	A	2048	1239	53	1	0	80	0.000488043	2049	0.500122	FALSE	NA	NA	NA	NA	NA	NA
NC_045512.2	1789	T	G	2106	1328	55	1	1	24	0.000474608	2107	1	FALSE	NA	NA	NA	NA	NA	NA
NC_045512.2	1792	T	G	2071	1347	54	1	1	24	0.000482625	2072	1	FALSE	NA	NA	NA	NA	NA	NA
NC_045512.2	1796	G	A	2062	1419	53	3	1	80	0.00145278	2065	0.125	FALSE	NA	NA	NA	NA	NA	NA
NC_045512.2	1800	C	A	2035	1461	51	1	0	24	0.000491159	2036	1	FALSE	NA	NA	NA	NA	NA	NA
NC_045512.2	1801	A	G	2032	1458	51	1	1	40	0.000491884	2033	0.500123	FALSE	NA	NA	NA	NA	NA	NA
NC_045512.2	1806	G	T	2071	1685	44	2	2	24	0.000964785	2073	0.999995	FALSE	NA	NA	NA	NA	NA	NA
NC_045512.2	1809	A	G	2258	1901	51	1	1	40	0.000442674	2259	0.500111	FALSE	NA	NA	NA	NA	NA	NA
NC_045512.2	1810	A	G	2261	1902	51	1	1	80	0.000442087	2262	0.500111	FALSE	NA	NA	NA	NA	NA	NA
NC_045512.2	1813	T	-A	2255	1953	48	4	0	20	0.00177384	2255	0.999959	FALSE	NA	NA	NA	NA	NA	NA
NC_045512.2	1813	T	+A	2255	1953	48	1	0	20	0.000443459	2255	1	FALSE	NA	NA	NA	NA	NA	NA
NC_045512.2	1819	A	G	2278	1991	49	1	1	40	0.000438789	2279	0.50011	FALSE	NA	NA	NA	NA	NA	NA
NC_045512.2	1820	G	T	2259	1975	49	1	1	24	0.000442282	2261	1	FALSE	NA	NA	NA	NA	NA	NA
NC_045512.2	1820	G	A	2259	1975	49	1	1	40	0.000442282	2261	0.5	FALSE	NA	NA	NA	NA	NA	NA
NC_045512.2	1825	C	T	2261	1998	47	1	1	40	0.000442087	2262	0.500111	FALSE	NA	NA	NA	NA	NA	NA
NC_045512.2	1826	T	G	2244	1978	48	1	1	24	0.000445434	2245	1	FALSE	NA	NA	NA	NA	NA	NA
NC_045512.2	1827	G	T	2245	1979	47	1	1	24	0.000445236	2246	1	FALSE	NA	NA	NA	NA	NA	NA
NC_045512.2	1834	T	C	2229	1968	48	2	1	36	0.000896459	2231	0.687752	FALSE	NA	NA	NA	NA	NA	NA
NC_045512.2	1835	G	A	2243	1982	48	1	1	40	0.000445633	2244	0.500111	FALSE	NA	NA	NA	NA	NA	NA
NC_045512.2	1836	G	T	2228	1967	47	1	1	24	0.000448632	2229	1	FALSE	NA	NA	NA	NA	NA	NA
NC_045512.2	1838	G	A	2150	1912	48	1	1	40	0.0004649	2151	0.500116	FALSE	NA	NA	NA	NA	NA	NA
NC_045512.2	1839	A	G	2146	1910	48	1	1	24	0.000465766	2147	1	FALSE	NA	NA	NA	NA	NA	NA
NC_045512.2	1845	A	G	2128	1897	48	1	1	40	0.000469704	2129	0.500117	FALSE	NA	NA	NA	NA	NA	NA
NC_045512.2	1852	A	G	2081	1874	47	1	1	24	0.000480307	2082	1	FALSE	NA	NA	NA	NA	NA	NA
NC_045512.2	1854	T	G	1940	1741	47	2	2	36	0.00102987	1942	0.500193	FALSE	NA	NA	NA	NA	NA	NA
NC_045512.2	1856	A	C	1928	1729	47	1	1	40	0.000518403	1929	0.50013	FALSE	NA	NA	NA	NA	NA	NA
NC_045512.2	1864	T	G	1869	1701	46	1	1	24	0.000534759	1870	0.999998	FALSE	NA	NA	NA	NA	NA	NA
NC_045512.2	1867	T	G	1839	1678	46	1	1	24	0.000543478	1840	0.999998	FALSE	NA	NA	NA	NA	NA	NA
NC_045512.2	1871	T	G	1699	1552	46	1	1	40	0.000588235	1700	0.500147	FALSE	NA	NA	NA	NA	NA	NA
NC_045512.2	1872	T	G	1702	1557	46	1	1	24	0.000587199	1703	0.999996	FALSE	NA	NA	NA	NA	NA	NA
NC_045512.2	1875	C	T	1698	1558	46	1	1	24	0.000588582	1699	0.999993	FALSE	NA	NA	NA	NA	NA	NA
NC_045512.2	1878	C	T	1682	1551	46	1	1	24	0.000594177	1683	0.999993	FALSE	NA	NA	NA	NA	NA	NA
NC_045512.2	1880	G	T	1618	1488	43	4	4	28	0.00246609	1622	0.998754	FALSE	NA	NA	NA	NA	NA	NA
NC_045512.2	1882	G	T	1654	1524	45	1	1	24	0.00060423	1655	0.999993	FALSE	NA	NA	NA	NA	NA	NA
NC_045512.2	1884	C	G	1609	1502	45	1	1	40	0.000621118	1610	0.500155	FALSE	NA	NA	NA	NA	NA	NA
NC_045512.2	1887	C	T	1572	1465	45	1	1	40	0.000635728	1573	0.500159	FALSE	NA	NA	NA	NA	NA	NA
NC_045512.2	1888	T	G	1565	1458	45	1	1	24	0.00063857	1566	0.999985	FALSE	NA	NA	NA	NA	NA	NA
NC_045512.2	1890	G	T	1550	1444	45	1	1	40	0.000644745	1551	0.500161	FALSE	NA	NA	NA	NA	NA	NA
NC_045512.2	1897	A	G	1452	1366	44	2	2	32	0.00137552	1454	0.500258	FALSE	NA	NA	NA	NA	NA	NA
NC_045512.2	1908	T	C	1322	1260	42	1	1	24	0.000755858	1323	0.999941	FALSE	NA	NA	NA	NA	NA	NA
NC_045512.2	1910	T	C	4649	1495	40	2	0	32	0.000430015	4651	0.890751	FALSE	NA	NA	NA	NA	NA	NA
NC_045512.2	1911	C	A	3866	1508	34	10	0	25	0.00257998	3876	0.999993	FALSE	NA	NA	NA	NA	NA	NA
NC_045512.2	1913	C	T	4540	1442	39	1	0	40	0.000220119	4543	0.499945	FALSE	NA	NA	NA	NA	NA	NA
NC_045512.2	1913	C	G	4540	1442	39	1	1	40	0.000220119	4543	0.499945	FALSE	NA	NA	NA	NA	NA	NA
NC_045512.2	1913	C	A	4540	1442	39	1	0	24	0.000220119	4543	1	FALSE	NA	NA	NA	NA	NA	NA
NC_045512.2	1914	G	A	4645	1464	40	3	0	40	0.000645439	4648	0.125	FALSE	NA	NA	NA	NA	NA	NA
NC_045512.2	1915	C	G	4668	1465	41	2	0	40	0.000428266	4670	0.250027	FALSE	NA	NA	NA	NA	NA	NA
NC_045512.2	1916	A	C	4534	1464	39	2	0	32	0.000440917	4536	0.890754	FALSE	NA	NA	NA	NA	NA	NA
NC_045512.2	1917	C	G	7409	1601	42	1	0	24	0.000134935	7411	1	FALSE	NA	NA	NA	NA	NA	NA
NC_045512.2	1917	C	A	7409	1601	42	1	0	40	0.000134935	7411	0.5	FALSE	NA	NA	NA	NA	NA	NA
NC_045512.2	1918	T	G	7439	1579	42	2	1	40	0.000268781	7441	0.250017	FALSE	NA	NA	NA	NA	NA	NA
NC_045512.2	1919	C	T	7868	1602	42	2	2	40	0.000254097	7871	0.249984	FALSE	NA	NA	NA	NA	NA	NA
NC_045512.2	1919	C	A	7868	1602	42	1	1	40	0.000127049	7871	0.499968	FALSE	NA	NA	NA	NA	NA	NA
NC_045512.2	1920	T	G	7886	1618	42	2	2	32	0.00025355	7888	0.980504	FALSE	NA	NA	NA	NA	NA	NA
NC_045512.2	1921	T	G	7887	1622	42	1	1	24	0.000126695	7893	1	FALSE	NA	NA	NA	NA	NA	NA
NC_045512.2	1921	T	C	7887	1622	42	5	1	40	0.000633473	7893	0.0312302	FALSE	NA	NA	NA	NA	NA	NA
NC_045512.2	1922	G	C	7852	1618	41	1	0	40	0.000127324	7854	0.5	FALSE	NA	NA	NA	NA	NA	NA
NC_045512.2	1922	G	A	7852	1618	41	1	0	24	0.000127324	7854	1	FALSE	NA	NA	NA	NA	NA	NA
NC_045512.2	1923	A	C	7724	1780	42	11	0	25	0.00142211	7735	1	FALSE	NA	NA	NA	NA	NA	NA
NC_045512.2	1924	A	G	7764	1782	42	1	0	40	0.000128634	7774	0.499743	FALSE	NA	NA	NA	NA	NA	NA
NC_045512.2	1924	A	C	7764	1782	42	9	0	25	0.00115771	7774	1	FALSE	NA	NA	NA	NA	NA	NA
NC_045512.2	1925	A	C	7851	1777	43	1	0	24	0.000127356	7852	1	FALSE	NA	NA	NA	NA	NA	NA
NC_045512.2	1926	C	A	7851	1723	43	1	0	80	0.000127356	7852	0.500032	FALSE	NA	NA	NA	NA	NA	NA
NC_045512.2	1928	G	C	7868	1333	43	4	0	36	0.000508001	7874	0.88676	FALSE	NA	NA	NA	NA	NA	NA
NC_045512.2	1928	G	A	7868	1333	43	2	0	40	0.000254001	7874	0.249889	FALSE	NA	NA	NA	NA	NA	NA
NC_045512.2	1930	T	G	7931	1325	43	2	0	40	0.000251667	7947	0.249575	FALSE	NA	NA	NA	NA	NA	NA
NC_045512.2	1930	T	C	7931	1325	43	12	3	47	0.00151	7947	0.000242577	TRUE	NA	NA	NA	NA	NA	NA
NC_045512.2	1930	T	A	7931	1325	43	2	0	32	0.000251667	7947	0.98038	FALSE	NA	NA	NA	NA	NA	NA
NC_045512.2	1932	A	C	7929	1345	43	2	0	24	0.000252175	7931	1	FALSE	NA	NA	NA	NA	NA	NA
NC_045512.2	1933	A	C	7899	1344	42	6	0	26	0.000759013	7905	1	FALSE	NA	NA	NA	NA	NA	NA
NC_045512.2	1934	A	C	7966	1405	43	3	0	24	0.000376459	7969	1	FALSE	NA	NA	NA	NA	NA	NA
NC_045512.2	1935	A	C	8077	1408	43	1	0	24	0.000123793	8078	1	FALSE	NA	NA	NA	NA	NA	NA
NC_045512.2	1938	C	T	8046	1322	44	1	0	40	0.000124254	8048	0.5	FALSE	NA	NA	NA	NA	NA	NA
NC_045512.2	1938	C	G	8046	1322	44	1	0	40	0.000124254	8048	0.5	FALSE	NA	NA	NA	NA	NA	NA
NC_045512.2	1939	T	C	8004	1309	44	5	2	44	0.000624298	8009	0.0312402	FALSE	NA	NA	NA	NA	NA	NA
NC_045512.2	1941	T	G	8037	1316	44	2	2	40	0.000248787	8039	0.250016	FALSE	NA	NA	NA	NA	NA	NA
NC_045512.2	1945	T	C	7708	774	45	1	1	36	0.000129719	7709	0.996103	FALSE	NA	NA	NA	NA	NA	NA
NC_045512.2	1946	G	C	8201	816	45	8	0	38	0.000974421	8210	0.598238	FALSE	NA	NA	NA	NA	NA	NA
NC_045512.2	1946	G	A	8201	816	45	1	0	24	0.000121803	8210	1	FALSE	NA	NA	NA	NA	NA	NA
NC_045512.2	1948	T	C	8333	867	45	2	0	24	0.000239952	8335	1	FALSE	NA	NA	NA	NA	NA	NA
NC_045512.2	1950	T	C	8476	876	45	1	0	40	0.000117966	8477	0.500029	FALSE	NA	NA	NA	NA	NA	NA
NC_045512.2	1951	A	C	8526	888	43	6	0	24	0.000703235	8532	1	FALSE	NA	NA	NA	NA	NA	NA
NC_045512.2	1952	C	G	8629	887	44	1	0	40	0.000115861	8631	0.5	FALSE	NA	NA	NA	NA	NA	NA
NC_045512.2	1952	C	A	8629	887	44	1	0	24	0.000115861	8631	1	FALSE	NA	NA	NA	NA	NA	NA
NC_045512.2	1953	A	G	8587	887	44	2	0	40	0.000232802	8591	0.249956	FALSE	NA	NA	NA	NA	NA	NA
NC_045512.2	1953	A	C	8587	887	44	2	0	24	0.000232802	8591	1	FALSE	NA	NA	NA	NA	NA	NA
NC_045512.2	1954	G	A	8696	885	45	1	0	40	0.000114982	8697	0.500029	FALSE	NA	NA	NA	NA	NA	NA
NC_045512.2	1955	A	G	8682	907	45	1	0	40	0.000115168	8683	0.500029	FALSE	NA	NA	NA	NA	NA	NA
NC_045512.2	1956	A	G	8714	907	45	1	0	24	0.000114732	8716	1	FALSE	NA	NA	NA	NA	NA	NA
NC_045512.2	1956	A	C	8714	907	45	1	0	24	0.000114732	8716	1	FALSE	NA	NA	NA	NA	NA	NA
NC_045512.2	1957	G	C	8755	908	45	1	0	40	0.000114207	8756	0.500029	FALSE	NA	NA	NA	NA	NA	NA
NC_045512.2	1958	G	T	8773	931	45	1	0	40	0.00011396	8775	0.5	FALSE	NA	NA	NA	NA	NA	NA
NC_045512.2	1958	G	C	8773	931	45	1	0	40	0.00011396	8775	0.5	FALSE	NA	NA	NA	NA	NA	NA
NC_045512.2	1959	C	T	8817	987	45	3	0	40	0.000340097	8821	0.124979	FALSE	NA	NA	NA	NA	NA	NA
NC_045512.2	1959	C	G	8817	987	45	1	0	40	0.000113366	8821	0.499943	FALSE	NA	NA	NA	NA	NA	NA
NC_045512.2	1960	C	A	8922	1004	45	1	0	24	0.00011207	8923	1	FALSE	NA	NA	NA	NA	NA	NA
NC_045512.2	1963	T	C	9350	1069	46	1	0	40	0.00010694	9351	0.500027	FALSE	NA	NA	NA	NA	NA	NA
NC_045512.2	1964	A	C	9370	1090	46	4	0	28	0.000426712	9374	1	FALSE	NA	NA	NA	NA	NA	NA
NC_045512.2	1966	A	G	9681	1115	46	2	0	32	0.000206398	9690	0.994135	FALSE	NA	NA	NA	NA	NA	NA
NC_045512.2	1966	A	C	9681	1115	46	7	0	24	0.000722394	9690	1	FALSE	NA	NA	NA	NA	NA	NA
NC_045512.2	1967	A	C	9729	1116	46	3	0	24	0.000308261	9732	1	FALSE	NA	NA	NA	NA	NA	NA
NC_045512.2	1970	A	G	10249	1159	46	1	0	40	9.7561e-05	10250	0.750037	FALSE	NA	NA	NA	NA	NA	NA
NC_045512.2	1972	A	G	10245	1263	46	1	0	40	9.75895e-05	10247	0.750012	FALSE	NA	NA	NA	NA	NA	NA
NC_045512.2	1972	A	C	10245	1263	46	1	0	24	9.75895e-05	10247	1	FALSE	NA	NA	NA	NA	NA	NA
NC_045512.2	1973	C	-T	10366	1263	47	1	0	20	9.64692e-05	10366	1	FALSE	NA	NA	NA	NA	NA	NA
NC_045512.2	1974	T	C	10372	1258	47	1	0	24	9.64041e-05	10373	1	FALSE	NA	NA	NA	NA	NA	NA
NC_045512.2	1975	A	G	10382	1269	47	2	0	40	0.00019253	10388	0.499892	FALSE	NA	NA	NA	NA	NA	NA
NC_045512.2	1975	A	C	10382	1269	47	4	0	24	0.00038506	10388	1	FALSE	NA	NA	NA	NA	NA	NA
NC_045512.2	1976	G	A	10447	1266	47	2	0	40	0.000191406	10449	0.500036	FALSE	NA	NA	NA	NA	NA	NA
NC_045512.2	1977	A	C	10436	1275	47	1	0	24	9.5813e-05	10437	1	FALSE	NA	NA	NA	NA	NA	NA
NC_045512.2	1978	T	G	10466	1275	47	1	0	40	9.55384e-05	10467	0.750036	FALSE	NA	NA	NA	NA	NA	NA
NC_045512.2	1981	A	G	10711	1391	47	2	0	40	0.000186672	10714	0.5	FALSE	NA	NA	NA	NA	NA	NA
NC_045512.2	1981	A	C	10711	1391	47	1	0	32	9.33358e-05	10714	0.999513	FALSE	NA	NA	NA	NA	NA	NA
NC_045512.2	1982	A	C	10870	1402	47	1	0	24	9.19879e-05	10871	1	FALSE	NA	NA	NA	NA	NA	NA
NC_045512.2	1983	T	C	10891	1395	47	1	1	80	9.18105e-05	10892	0.500023	FALSE	NA	NA	NA	NA	NA	NA
NC_045512.2	1985	T	C	11011	1412	48	1	0	40	9.081e-05	11012	0.750034	FALSE	NA	NA	NA	NA	NA	NA
NC_045512.2	1987	A	G	10819	1418	46	4	0	40	0.000369379	10829	0.187327	FALSE	NA	NA	NA	NA	NA	NA
NC_045512.2	1987	A	C	10819	1418	46	6	0	29	0.000554068	10829	1	FALSE	NA	NA	NA	NA	NA	NA
NC_045512.2	1988	C	T	10952	1416	46	1	0	40	9.12659e-05	10957	0.749943	FALSE	NA	NA	NA	NA	NA	NA
NC_045512.2	1988	C	A	10952	1416	46	4	0	24	0.000365063	10957	1	FALSE	NA	NA	NA	NA	NA	NA
NC_045512.2	1989	A	G	11011	1416	47	1	0	40	9.08018e-05	11013	0.750011	FALSE	NA	NA	NA	NA	NA	NA
NC_045512.2	1989	A	C	11011	1416	47	1	0	24	9.08018e-05	11013	1	FALSE	NA	NA	NA	NA	NA	NA
NC_045512.2	1990	G	A	11834	1453	47	5	0	48	0.000422333	11839	0.109365	FALSE	NA	NA	NA	NA	NA	NA
NC_045512.2	1991	T	C	11871	1455	47	2	0	32	0.000168449	11873	0.998296	FALSE	NA	NA	NA	NA	NA	NA
NC_045512.2	1992	A	C	11901	1589	48	1	0	24	8.40195e-05	11902	1	FALSE	NA	NA	NA	NA	NA	NA
NC_045512.2	1993	T	G	11963	1591	48	1	0	64	8.35561e-05	11968	0.499937	FALSE	NA	NA	NA	NA	NA	NA
NC_045512.2	1993	T	C	11963	1591	48	4	1	42	0.000334225	11968	0.187474	FALSE	NA	NA	NA	NA	NA	NA
NC_045512.2	1996	A	C	12288	1612	47	4	0	32	0.000325415	12292	0.989389	FALSE	NA	NA	NA	NA	NA	NA
NC_045512.2	1997	C	A	12245	1628	47	2	0	24	0.000163305	12247	1	FALSE	NA	NA	NA	NA	NA	NA
NC_045512.2	1999	G	T	12389	1600	47	1	1	32	8.07103e-05	12390	0.999878	FALSE	NA	NA	NA	NA	NA	NA
NC_045512.2	2000	A	G	12345	1633	48	1	0	24	8.09651e-05	12351	1	FALSE	NA	NA	NA	NA	NA	NA
NC_045512.2	2000	A	C	12345	1633	48	5	0	27	0.000404826	12351	1	FALSE	NA	NA	NA	NA	NA	NA
NC_045512.2	2001	G	C	12600	1639	48	2	0	24	0.000158705	12602	1	FALSE	NA	NA	NA	NA	NA	NA
NC_045512.2	2002	A	G	12527	1694	47	2	0	40	0.000159617	12530	0.5	FALSE	NA	NA	NA	NA	NA	NA
NC_045512.2	2002	A	C	12527	1694	47	1	0	24	7.98085e-05	12530	1	FALSE	NA	NA	NA	NA	NA	NA
NC_045512.2	2003	C	G	12284	1747	46	1	0	40	8.13471e-05	12293	0.749868	FALSE	NA	NA	NA	NA	NA	NA
NC_045512.2	2003	C	A	12284	1747	46	8	0	24	0.000650777	12293	1	FALSE	NA	NA	NA	NA	NA	NA
NC_045512.2	2004	T	C	12607	1727	48	2	0	24	0.000158617	12609	1	FALSE	NA	NA	NA	NA	NA	NA
NC_045512.2	2005	C	A	13057	1765	48	2	0	24	0.000153151	13059	1	FALSE	NA	NA	NA	NA	NA	NA
NC_045512.2	2006	A	G	12895	1769	48	1	0	24	7.75074e-05	12902	1	FALSE	NA	NA	NA	NA	NA	NA
NC_045512.2	2006	A	C	12895	1769	48	6	0	32	0.000465044	12902	0.951931	FALSE	NA	NA	NA	NA	NA	NA
NC_045512.2	2007	T	C	13025	1795	48	1	0	40	7.67695e-05	13026	0.750029	FALSE	NA	NA	NA	NA	NA	NA
NC_045512.2	2008	T	C	13060	1795	48	1	0	24	7.65638e-05	13061	1	FALSE	NA	NA	NA	NA	NA	NA
NC_045512.2	2009	G	A	13050	1800	48	1	0	40	7.66225e-05	13051	0.750029	FALSE	NA	NA	NA	NA	NA	NA
NC_045512.2	2010	A	C	13294	1799	48	1	0	24	7.52162e-05	13295	1	FALSE	NA	NA	NA	NA	NA	NA
NC_045512.2	2011	T	C	13400	1797	48	2	0	32	0.000149231	13402	0.999513	FALSE	NA	NA	NA	NA	NA	NA
NC_045512.2	2012	G	A	13567	1805	48	1	0	40	7.37028e-05	13568	0.750028	FALSE	NA	NA	NA	NA	NA	NA
NC_045512.2	2013	C	T	13543	1910	48	3	0	40	0.000221451	13547	0.312486	FALSE	NA	NA	NA	NA	NA	NA
NC_045512.2	2013	C	A	13543	1910	48	1	1	80	7.38171e-05	13547	0.499963	FALSE	NA	NA	NA	NA	NA	NA
NC_045512.2	2014	T	C	13545	1884	49	4	1	56	0.000295225	13549	0.0624954	FALSE	NA	NA	NA	NA	NA	NA
NC_045512.2	2015	A	G	13572	1900	48	2	0	40	0.00014733	13575	0.5	FALSE	NA	NA	NA	NA	NA	NA
NC_045512.2	2015	A	C	13572	1900	48	1	0	24	7.36648e-05	13575	1	FALSE	NA	NA	NA	NA	NA	NA
NC_045512.2	2016	T	C	13746	1888	49	4	1	42	0.000290909	13750	0.1875	FALSE	NA	NA	NA	NA	NA	NA
NC_045512.2	2018	A	G	13558	1941	48	1	0	40	7.37409e-05	13561	0.749991	FALSE	NA	NA	NA	NA	NA	NA
NC_045512.2	2018	A	C	13558	1941	48	2	0	24	0.000147482	13561	1	FALSE	NA	NA	NA	NA	NA	NA
NC_045512.2	2019	T	C	13675	1903	49	2	0	32	0.000146231	13677	0.999513	FALSE	NA	NA	NA	NA	NA	NA
NC_045512.2	2021	T	C	13903	1892	49	1	0	32	7.19217e-05	13904	0.999939	FALSE	NA	NA	NA	NA	NA	NA
NC_045512.2	2022	T	G	13914	1884	49	1	1	24	7.18546e-05	13917	1	FALSE	NA	NA	NA	NA	NA	NA
NC_045512.2	2022	T	C	13914	1884	49	2	0	40	0.000143709	13917	0.5	FALSE	NA	NA	NA	NA	NA	NA
NC_045512.2	2023	C	T	13909	1890	49	1	0	80	7.18856e-05	13911	0.5	FALSE	NA	NA	NA	NA	NA	NA
NC_045512.2	2023	C	G	13909	1890	49	1	0	40	7.18856e-05	13911	0.750009	FALSE	NA	NA	NA	NA	NA	NA
NC_045512.2	2024	A	C	13644	1959	49	8	0	28	0.000585995	13652	1	FALSE	NA	NA	NA	NA	NA	NA
NC_045512.2	2025	C	A	13983	2251	50	4	0	28	0.00028598	13987	1	FALSE	NA	NA	NA	NA	NA	NA
NC_045512.2	2026	A	G	13906	2242	50	2	0	40	0.000143688	13919	0.49973	FALSE	NA	NA	NA	NA	NA	NA
NC_045512.2	2026	A	C	13906	2242	50	11	0	25	0.000790287	13919	1	FALSE	NA	NA	NA	NA	NA	NA
NC_045512.2	2028	C	G	14146	2244	51	1	0	40	7.06864e-05	14147	0.750027	FALSE	NA	NA	NA	NA	NA	NA
NC_045512.2	2029	T	C	14030	2203	51	1	0	24	7.12708e-05	14031	1	FALSE	NA	NA	NA	NA	NA	NA
NC_045512.2	2031	A	G	13945	2240	50	1	0	24	7.16846e-05	13950	1	FALSE	NA	NA	NA	NA	NA	NA
NC_045512.2	2031	A	C	13945	2240	50	4	0	24	0.000286738	13950	1	FALSE	NA	NA	NA	NA	NA	NA
NC_045512.2	2032	T	C	14107	2225	51	1	0	40	7.08818e-05	14108	0.750027	FALSE	NA	NA	NA	NA	NA	NA
NC_045512.2	2034	T	C	14068	2229	51	2	0	40	0.000142146	14070	0.500027	FALSE	NA	NA	NA	NA	NA	NA
NC_045512.2	2035	G	C	14064	2232	50	1	0	24	7.10833e-05	14068	1	FALSE	NA	NA	NA	NA	NA	NA
NC_045512.2	2035	G	A	14064	2232	50	3	0	52	0.00021325	14068	0.124987	FALSE	NA	NA	NA	NA	NA	NA
NC_045512.2	2038	T	G	14158	2838	54	1	1	32	7.06065e-05	14163	0.99997	FALSE	NA	NA	NA	NA	NA	NA
NC_045512.2	2038	T	C	14158	2838	54	3	1	32	0.00021182	14163	0.998828	FALSE	NA	NA	NA	NA	NA	NA
NC_045512.2	2038	T	A	14158	2838	54	1	0	24	7.06065e-05	14163	1	FALSE	NA	NA	NA	NA	NA	NA
NC_045512.2	2039	A	G	14058	2867	54	4	1	28	0.000284434	14063	1	FALSE	NA	NA	NA	NA	NA	NA
NC_045512.2	2039	A	C	14058	2867	54	1	0	24	7.11086e-05	14063	1	FALSE	NA	NA	NA	NA	NA	NA
NC_045512.2	2040	C	T	13502	3256	53	1	0	36	7.40521e-05	13504	0.999939	FALSE	NA	NA	NA	NA	NA	NA
NC_045512.2	2040	C	A	13502	3256	53	1	0	24	7.40521e-05	13504	1	FALSE	NA	NA	NA	NA	NA	NA
NC_045512.2	2041	T	C	13533	3274	53	2	0	32	0.000147765	13535	0.999513	FALSE	NA	NA	NA	NA	NA	NA
NC_045512.2	2042	A	G	13456	3310	53	1	1	32	7.42887e-05	13461	0.999939	FALSE	NA	NA	NA	NA	NA	NA
NC_045512.2	2042	A	C	13456	3310	53	4	0	24	0.000297155	13461	1	FALSE	NA	NA	NA	NA	NA	NA
NC_045512.2	2043	A	C	13490	3474	53	2	0	32	0.000148236	13492	0.999513	FALSE	NA	NA	NA	NA	NA	NA
NC_045512.2	2045	A	T	13513	3518	54	1	1	24	7.39809e-05	13517	1	FALSE	NA	NA	NA	NA	NA	NA
NC_045512.2	2045	A	C	13513	3518	54	3	0	29	0.000221943	13517	1	FALSE	NA	NA	NA	NA	NA	NA
NC_045512.2	2046	A	G	13653	3566	53	2	0	40	0.000146434	13658	0.499945	FALSE	NA	NA	NA	NA	NA	NA
NC_045512.2	2046	A	C	13653	3566	53	3	0	24	0.000219651	13658	1	FALSE	NA	NA	NA	NA	NA	NA
NC_045512.2	2047	T	C	13646	3584	53	2	0	28	0.000146542	13648	1	FALSE	NA	NA	NA	NA	NA	NA
NC_045512.2	2049	T	C	13545	3612	53	1	0	40	7.38225e-05	13546	0.750028	FALSE	NA	NA	NA	NA	NA	NA
NC_045512.2	2050	A	C	13513	3646	52	2	0	24	0.000147984	13515	1	FALSE	NA	NA	NA	NA	NA	NA
NC_045512.2	2051	G	T	13600	3559	51	5	5	25	0.000367485	13606	1	FALSE	NA	NA	NA	NA	NA	NA
NC_045512.2	2051	G	A	13600	3559	51	1	0	24	7.3497e-05	13606	1	FALSE	NA	NA	NA	NA	NA	NA
NC_045512.2	2052	T	C	13697	3651	53	1	0	40	7.30034e-05	13698	0.750027	FALSE	NA	NA	NA	NA	NA	NA
NC_045512.2	2053	T	G	13621	3629	53	1	1	24	7.34107e-05	13622	1	FALSE	NA	NA	NA	NA	NA	NA
NC_045512.2	2054	G	T	13610	3556	52	8	6	26	0.000587328	13621	1	FALSE	NA	NA	NA	NA	NA	NA
NC_045512.2	2054	G	C	13610	3556	52	2	1	32	0.000146832	13621	0.999511	FALSE	NA	NA	NA	NA	NA	NA
NC_045512.2	2054	G	A	13610	3556	52	1	0	40	7.3416e-05	13621	0.749844	FALSE	NA	NA	NA	NA	NA	NA
NC_045512.2	2055	T	C	13402	3841	53	1	1	40	7.46102e-05	13403	0.750028	FALSE	NA	NA	NA	NA	NA	NA
NC_045512.2	2056	A	G	13324	3885	53	8	2	51	0.000600015	13333	0.00390215	TRUE	NA	NA	NA	NA	NA	NA
NC_045512.2	2056	A	C	13324	3885	53	1	0	24	7.50019e-05	13333	1	FALSE	NA	NA	NA	NA	NA	NA
NC_045512.2	2058	T	C	13443	4046	54	1	1	80	7.43826e-05	13444	0.500019	FALSE	NA	NA	NA	NA	NA	NA
NC_045512.2	2059	G	C	13574	4017	53	1	1	40	7.36594e-05	13576	0.750009	FALSE	NA	NA	NA	NA	NA	NA
NC_045512.2	2059	G	A	13574	4017	53	1	0	24	7.36594e-05	13576	1	FALSE	NA	NA	NA	NA	NA	NA
NC_045512.2	2060	G	T	13529	4156	53	1	1	32	7.39044e-05	13531	0.999939	FALSE	NA	NA	NA	NA	NA	NA
NC_045512.2	2060	G	C	13529	4156	53	1	1	32	7.39044e-05	13531	0.999939	FALSE	NA	NA	NA	NA	NA	NA
NC_045512.2	2061	C	G	13485	4175	53	1	0	80	7.414e-05	13488	0.499981	FALSE	NA	NA	NA	NA	NA	NA
NC_045512.2	2061	C	A	13485	4175	53	2	0	28	0.00014828	13488	1	FALSE	NA	NA	NA	NA	NA	NA
NC_045512.2	2062	C	A	13470	4211	52	2	0	24	0.000148456	13472	1	FALSE	NA	NA	NA	NA	NA	NA
NC_045512.2	2063	T	G	13562	4147	53	1	0	40	7.37028e-05	13568	0.749935	FALSE	NA	NA	NA	NA	NA	NA
NC_045512.2	2063	T	C	13562	4147	53	3	1	53	0.000221108	13568	0.124959	FALSE	NA	NA	NA	NA	NA	NA
NC_045512.2	2063	T	A	13562	4147	53	2	2	80	0.000147406	13568	0.249936	FALSE	NA	NA	NA	NA	NA	NA
NC_045512.2	2064	A	G	13898	4223	52	1	0	40	7.19217e-05	13904	0.749937	FALSE	NA	NA	NA	NA	NA	NA
NC_045512.2	2064	A	C	13898	4223	52	5	0	28	0.000359609	13904	1	FALSE	NA	NA	NA	NA	NA	NA
NC_045512.2	2065	C	A	14324	4248	52	2	0	24	0.000139606	14326	1	FALSE	NA	NA	NA	NA	NA	NA
NC_045512.2	2066	A	G	14329	4324	53	1	0	40	6.97593e-05	14335	0.749939	FALSE	NA	NA	NA	NA	NA	NA
NC_045512.2	2066	A	C	14329	4324	53	5	0	30	0.000348797	14335	0.990414	FALSE	NA	NA	NA	NA	NA	NA
NC_045512.2	2067	T	C	14421	4324	53	1	0	40	6.93385e-05	14422	0.750026	FALSE	NA	NA	NA	NA	NA	NA
NC_045512.2	2068	T	C	13088	4890	50	2	0	40	0.000152788	13090	0.500029	FALSE	NA	NA	NA	NA	NA	NA
NC_045512.2	2069	A	C	13046	4929	50	3	0	40	0.000229903	13049	0.312514	FALSE	NA	NA	NA	NA	NA	NA
NC_045512.2	2070	C	T	11783	5109	45	1	1	40	8.42176e-05	11874	0.748126	FALSE	NA	NA	NA	NA	NA	NA
NC_045512.2	2070	C	G	11783	5109	45	1	0	24	8.42176e-05	11874	1	FALSE	NA	NA	NA	NA	NA	NA
NC_045512.2	2070	C	A	11783	5109	45	89	0	25	0.00749537	11874	0.981981	FALSE	NA	NA	NA	NA	NA	NA
NC_045512.2	2071	A	G	12812	4985	50	1	0	32	7.80275e-05	12816	0.999878	FALSE	NA	NA	NA	NA	NA	NA
NC_045512.2	2071	A	C	12812	4985	50	3	0	24	0.000234082	12816	1	FALSE	NA	NA	NA	NA	NA	NA
NC_045512.2	2072	G	T	12870	4990	50	1	0	24	7.7682e-05	12873	1	FALSE	NA	NA	NA	NA	NA	NA
NC_045512.2	2072	G	C	12870	4990	50	1	0	40	7.7682e-05	12873	0.74999	FALSE	NA	NA	NA	NA	NA	NA
NC_045512.2	2072	G	A	12870	4990	50	1	0	40	7.7682e-05	12873	0.74999	FALSE	NA	NA	NA	NA	NA	NA
NC_045512.2	2072	G	-GT	12870	4990	50	1	0	20	7.7682e-05	12873	1	FALSE	NA	NA	NA	NA	NA	NA
NC_045512.2	2073	G	T	12582	4685	48	9	9	25	0.000714796	12591	1	FALSE	NA	NA	NA	NA	NA	NA
NC_045512.2	2074	T	G	12588	4783	50	2	2	32	0.000158844	12591	0.999086	FALSE	NA	NA	NA	NA	NA	NA
NC_045512.2	2074	T	C	12588	4783	50	1	0	24	7.94218e-05	12591	1	FALSE	NA	NA	NA	NA	NA	NA
NC_045512.2	2077	T	G	13003	5232	51	2	1	32	0.000153787	13005	0.999513	FALSE	NA	NA	NA	NA	NA	NA
NC_045512.2	2078	G	C	13026	5255	51	3	2	34	0.000230256	13029	0.997916	FALSE	NA	NA	NA	NA	NA	NA
NC_045512.2	2079	T	G	12838	5355	51	1	1	24	7.78816e-05	12840	1	FALSE	NA	NA	NA	NA	NA	NA
NC_045512.2	2079	T	C	12838	5355	51	1	0	64	7.78816e-05	12840	0.5	FALSE	NA	NA	NA	NA	NA	NA
NC_045512.2	2080	T	G	12800	5370	51	1	1	40	7.81067e-05	12803	0.74999	FALSE	NA	NA	NA	NA	NA	NA
NC_045512.2	2080	T	C	12800	5370	51	2	0	40	0.000156213	12803	0.5	FALSE	NA	NA	NA	NA	NA	NA
NC_045512.2	2081	G	A	12908	5418	51	4	0	60	0.000309789	12912	0.0624952	FALSE	NA	NA	NA	NA	NA	NA
NC_045512.2	2082	T	G	12970	5615	51	2	2	32	0.000154166	12973	0.999087	FALSE	NA	NA	NA	NA	NA	NA
NC_045512.2	2082	T	C	12970	5615	51	1	0	40	7.70832e-05	12973	0.74999	FALSE	NA	NA	NA	NA	NA	NA
NC_045512.2	2083	T	G	13146	5912	52	2	2	24	0.000152114	13148	1	FALSE	NA	NA	NA	NA	NA	NA
NC_045512.2	2084	C	T	13169	5946	52	1	1	40	7.59301e-05	13170	0.750028	FALSE	NA	NA	NA	NA	NA	NA
NC_045512.2	2086	G	T	13005	5835	52	2	2	24	0.000153752	13008	1	FALSE	NA	NA	NA	NA	NA	NA
NC_045512.2	2086	G	A	13005	5835	52	1	0	64	7.68758e-05	13008	0.499981	FALSE	NA	NA	NA	NA	NA	NA
NC_045512.2	2087	T	G	13029	5956	51	2	2	24	0.000153457	13033	1	FALSE	NA	NA	NA	NA	NA	NA
NC_045512.2	2087	T	C	13029	5956	51	2	0	28	0.000153457	13033	1	FALSE	NA	NA	NA	NA	NA	NA
NC_045512.2	2088	T	G	13118	6022	52	2	2	32	0.000152393	13124	0.999512	FALSE	NA	NA	NA	NA	NA	NA
NC_045512.2	2088	T	C	13118	6022	52	4	1	54	0.000304785	13124	0.0624762	FALSE	NA	NA	NA	NA	NA	NA
NC_045512.2	2089	G	C	13158	6070	52	1	0	40	7.59878e-05	13160	0.750009	FALSE	NA	NA	NA	NA	NA	NA
NC_045512.2	2089	G	A	13158	6070	52	1	0	40	7.59878e-05	13160	0.750009	FALSE	NA	NA	NA	NA	NA	NA
NC_045512.2	2090	A	G	13100	6033	52	1	0	40	7.63301e-05	13101	0.750029	FALSE	NA	NA	NA	NA	NA	NA
NC_045512.2	2091	C	A	13078	6042	52	3	0	24	0.00022934	13081	1	FALSE	NA	NA	NA	NA	NA	NA
NC_045512.2	2092	T	G	10351	4752	52	1	1	40	7.65521e-05	13063	0.68879	FALSE	NA	NA	NA	NA	NA	NA
NC_045512.2	2092	T	C	10351	4752	52	2711	1218	53	0.207533	13063	0	TRUE	NA	NA	NA	NA	NA	NA
NC_045512.2	2093	T	G	13128	6098	52	2	2	24	0.000152323	13130	1	FALSE	NA	NA	NA	NA	NA	NA
NC_045512.2	2094	C	A	13073	6199	52	1	0	40	7.64877e-05	13074	0.750029	FALSE	NA	NA	NA	NA	NA	NA
NC_045512.2	2096	C	A	12859	6333	51	1	0	24	7.77605e-05	12860	1	FALSE	NA	NA	NA	NA	NA	NA
NC_045512.2	2097	A	G	12754	6287	51	1	1	40	7.83945e-05	12756	0.75001	FALSE	NA	NA	NA	NA	NA	NA
NC_045512.2	2097	A	C	12754	6287	51	1	1	40	7.83945e-05	12756	0.75001	FALSE	NA	NA	NA	NA	NA	NA
NC_045512.2	2098	G	T	12676	6171	51	3	3	24	0.000236593	12680	1	FALSE	NA	NA	NA	NA	NA	NA
NC_045512.2	2098	G	A	12676	6171	51	1	0	40	7.88644e-05	12680	0.74997	FALSE	NA	NA	NA	NA	NA	NA
NC_045512.2	2099	T	G	12739	6261	51	1	1	24	7.84806e-05	12742	1	FALSE	NA	NA	NA	NA	NA	NA
NC_045512.2	2099	T	C	12739	6261	51	2	2	32	0.000156961	12742	0.999087	FALSE	NA	NA	NA	NA	NA	NA
NC_045512.2	2100	G	T	12718	6199	50	9	9	24	0.000707158	12727	1	FALSE	NA	NA	NA	NA	NA	NA
NC_045512.2	2103	T	G	12744	6358	51	1	1	24	7.84621e-05	12745	1	FALSE	NA	NA	NA	NA	NA	NA
NC_045512.2	2104	A	G	12748	6393	51	1	1	80	7.84252e-05	12751	0.49998	FALSE	NA	NA	NA	NA	NA	NA
NC_045512.2	2104	A	C	12748	6393	51	2	0	32	0.00015685	12751	0.999087	FALSE	NA	NA	NA	NA	NA	NA
NC_045512.2	2105	A	C	12826	6496	51	2	0	28	0.000155909	12828	1	FALSE	NA	NA	NA	NA	NA	NA
NC_045512.2	2106	C	T	12877	6505	51	1	0	48	7.76458e-05	12879	0.75001	FALSE	NA	NA	NA	NA	NA	NA
NC_045512.2	2106	C	A	12877	6505	51	1	1	24	7.76458e-05	12879	1	FALSE	NA	NA	NA	NA	NA	NA
NC_045512.2	2107	T	G	12832	6483	51	2	2	32	0.000155812	12836	0.999086	FALSE	NA	NA	NA	NA	NA	NA
NC_045512.2	2107	T	C	12832	6483	51	2	1	60	0.000155812	12836	0.249971	FALSE	NA	NA	NA	NA	NA	NA
NC_045512.2	2108	A	T	13007	6831	52	1	1	24	7.68462e-05	13013	1	FALSE	NA	NA	NA	NA	NA	NA
NC_045512.2	2108	A	G	13007	6831	52	4	4	42	0.000307385	13013	0.187452	FALSE	NA	NA	NA	NA	NA	NA
NC_045512.2	2108	A	C	13007	6831	52	1	0	24	7.68462e-05	13013	1	FALSE	NA	NA	NA	NA	NA	NA
NC_045512.2	2109	A	C	12852	6717	52	1	0	24	7.78028e-05	12853	1	FALSE	NA	NA	NA	NA	NA	NA
NC_045512.2	2111	A	G	12837	6786	52	1	0	24	7.78938e-05	12838	1	FALSE	NA	NA	NA	NA	NA	NA
NC_045512.2	2112	T	C	12788	6776	51	2	2	58	0.000156372	12790	0.25001	FALSE	NA	NA	NA	NA	NA	NA
NC_045512.2	2113	C	G	14166	9365	56	2	2	24	0.000141163	14168	1	FALSE	NA	NA	NA	NA	NA	NA
NC_045512.2	2113	C	-T	14166	9365	56	1	0	20	7.05816e-05	14168	1	FALSE	NA	NA	NA	NA	NA	NA
NC_045512.2	2114	T	C	14080	9315	56	1	1	40	7.10177e-05	14081	0.750009	FALSE	NA	NA	NA	NA	NA	NA
NC_045512.2	2115	T	G	13988	9227	55	8	7	26	0.000571551	13997	1	FALSE	NA	NA	NA	NA	NA	NA
NC_045512.2	2115	T	C	13988	9227	55	1	1	36	7.14439e-05	13997	0.999939	FALSE	NA	NA	NA	NA	NA	NA
NC_045512.2	2116	T	G	14003	9391	55	3	3	29	0.000214163	14008	1	FALSE	NA	NA	NA	NA	NA	NA
NC_045512.2	2116	T	C	14003	9391	55	2	2	40	0.000142776	14008	0.499946	FALSE	NA	NA	NA	NA	NA	NA
NC_045512.2	2117	G	T	13712	9127	53	16	16	26	0.00116533	13730	1	FALSE	NA	NA	NA	NA	NA	NA
NC_045512.2	2117	G	A	13712	9127	53	2	1	36	0.000145666	13730	0.99951	FALSE	NA	NA	NA	NA	NA	NA
NC_045512.2	2118	G	T	14048	9490	55	1	0	80	7.11693e-05	14051	0.499982	FALSE	NA	NA	NA	NA	NA	NA
NC_045512.2	2118	G	C	14048	9490	55	1	0	32	7.11693e-05	14051	0.99997	FALSE	NA	NA	NA	NA	NA	NA
NC_045512.2	2118	G	A	14048	9490	55	1	1	40	7.11693e-05	14051	0.749991	FALSE	NA	NA	NA	NA	NA	NA
NC_045512.2	2119	C	A	14113	9749	55	1	1	40	7.08516e-05	14114	0.750027	FALSE	NA	NA	NA	NA	NA	NA
NC_045512.2	2120	A	G	14260	10026	56	1	1	24	7.01213e-05	14261	1	FALSE	NA	NA	NA	NA	NA	NA
NC_045512.2	2122	T	G	13875	9816	55	7	6	28	0.000504214	13883	1	FALSE	NA	NA	NA	NA	NA	NA
NC_045512.2	2122	T	C	13875	9816	55	1	1	40	7.20305e-05	13883	0.749901	FALSE	NA	NA	NA	NA	NA	NA
NC_045512.2	2124	T	G	14695	11129	57	7	7	24	0.000476093	14703	1	FALSE	NA	NA	NA	NA	NA	NA
NC_045512.2	2124	T	C	14695	11129	57	1	1	40	6.80133e-05	14703	0.749906	FALSE	NA	NA	NA	NA	NA	NA
NC_045512.2	2125	T	G	14694	11130	57	2	2	24	0.000136082	14697	1	FALSE	NA	NA	NA	NA	NA	NA
NC_045512.2	2125	T	A	14694	11130	57	1	1	40	6.80411e-05	14697	0.749991	FALSE	NA	NA	NA	NA	NA	NA
NC_045512.2	2126	T	G	14696	11178	57	5	5	24	0.000340044	14704	1	FALSE	NA	NA	NA	NA	NA	NA
NC_045512.2	2126	T	C	14696	11178	57	3	3	48	0.000204026	14704	0.312385	FALSE	NA	NA	NA	NA	NA	NA
NC_045512.2	2127	A	G	14844	11374	56	1	1	32	6.73627e-05	14845	0.99997	FALSE	NA	NA	NA	NA	NA	NA
NC_045512.2	2128	T	G	14685	11195	57	3	3	24	0.000204234	14689	1	FALSE	NA	NA	NA	NA	NA	NA
NC_045512.2	2128	T	C	14685	11195	57	1	1	40	6.80782e-05	14689	0.749974	FALSE	NA	NA	NA	NA	NA	NA
NC_045512.2	2129	G	T	14255	10748	53	21	21	26	0.001471	14276	1	FALSE	NA	NA	NA	NA	NA	NA
NC_045512.2	2129	G	-A	14255	10748	53	1	0	20	7.00476e-05	14276	1	FALSE	NA	NA	NA	NA	NA	NA
NC_045512.2	2130	A	T	14824	11365	57	1	1	40	6.74445e-05	14827	0.749975	FALSE	NA	NA	NA	NA	NA	NA
NC_045512.2	2130	A	G	14824	11365	57	2	2	32	0.000134889	14827	0.999741	FALSE	NA	NA	NA	NA	NA	NA
NC_045512.2	2131	A	C	14814	11479	56	2	0	28	0.000134989	14816	1	FALSE	NA	NA	NA	NA	NA	NA
NC_045512.2	2132	A	G	14576	11266	57	1	1	40	6.86012e-05	14577	0.750026	FALSE	NA	NA	NA	NA	NA	NA
NC_045512.2	2133	A	G	14549	11300	56	1	1	40	6.87285e-05	14550	0.750026	FALSE	NA	NA	NA	NA	NA	NA
NC_045512.2	2134	A	G	14635	11365	56	2	2	52	0.00013664	14637	0.250009	FALSE	NA	NA	NA	NA	NA	NA
NC_045512.2	2135	C	A	14632	11386	56	1	0	32	6.83387e-05	14633	0.99997	FALSE	NA	NA	NA	NA	NA	NA
NC_045512.2	2136	T	G	14539	11291	56	2	2	24	0.000137533	14542	1	FALSE	NA	NA	NA	NA	NA	NA
NC_045512.2	2136	T	C	14539	11291	56	1	1	80	6.87663e-05	14542	0.499983	FALSE	NA	NA	NA	NA	NA	NA
NC_045512.2	2138	A	G	14628	11403	56	1	1	24	6.83574e-05	14629	1	FALSE	NA	NA	NA	NA	NA	NA
NC_045512.2	2139	A	C	14582	11381	55	2	2	24	0.000137137	14584	1	FALSE	NA	NA	NA	NA	NA	NA
NC_045512.2	2140	A	G	14596	11388	56	1	0	48	6.85072e-05	14597	0.750026	FALSE	NA	NA	NA	NA	NA	NA
NC_045512.2	2142	C	T	14602	11801	54	1	1	24	6.84791e-05	14603	1	FALSE	NA	NA	NA	NA	NA	NA
NC_045512.2	2143	C	T	14336	11567	53	1	0	80	6.97496e-05	14337	0.500017	FALSE	NA	NA	NA	NA	NA	NA
NC_045512.2	2144	G	T	13859	11037	50	8	8	28	0.000576868	13868	1	FALSE	NA	NA	NA	NA	NA	NA
NC_045512.2	2144	G	A	13859	11037	50	1	1	40	7.21085e-05	13868	0.749883	FALSE	NA	NA	NA	NA	NA	NA
NC_045512.2	2145	T	C	14336	11526	54	1	1	80	6.97496e-05	14337	0.500017	FALSE	NA	NA	NA	NA	NA	NA
NC_045512.2	2146	C	A	14374	11773	53	1	0	32	6.95652e-05	14375	0.99997	FALSE	NA	NA	NA	NA	NA	NA
NC_045512.2	2147	C	T	14395	11802	53	1	1	40	6.94589e-05	14397	0.750009	FALSE	NA	NA	NA	NA	NA	NA
NC_045512.2	2147	C	A	14395	11802	53	1	1	24	6.94589e-05	14397	1	FALSE	NA	NA	NA	NA	NA	NA
NC_045512.2	2148	T	G	14232	11642	53	5	4	25	0.000351148	14239	1	FALSE	NA	NA	NA	NA	NA	NA
NC_045512.2	2148	T	C	14232	11642	53	2	0	48	0.000140459	14239	0.499895	FALSE	NA	NA	NA	NA	NA	NA
NC_045512.2	2149	T	G	14287	11686	53	1	1	24	6.99888e-05	14288	1	FALSE	NA	NA	NA	NA	NA	NA
NC_045512.2	2151	A	G	14374	11792	53	3	3	42	0.000208652	14378	0.312487	FALSE	NA	NA	NA	NA	NA	NA
NC_045512.2	2151	A	C	14374	11792	53	1	1	40	6.95507e-05	14378	0.749974	FALSE	NA	NA	NA	NA	NA	NA
NC_045512.2	2152	T	G	14125	11626	52	9	8	25	0.000636762	14134	1	FALSE	NA	NA	NA	NA	NA	NA
NC_045512.2	2153	T	C	14092	11592	53	21	20	44	0.00148799	14113	5.45053e-06	TRUE	NA	NA	NA	NA	NA	NA
NC_045512.2	2154	G	T	14114	11614	53	4	4	28	0.000283326	14118	1	FALSE	NA	NA	NA	NA	NA	NA
NC_045512.2	2156	C	A	14156	11867	52	1	0	32	7.06364e-05	14157	0.99997	FALSE	NA	NA	NA	NA	NA	NA
NC_045512.2	2157	T	G	13863	11571	51	10	10	24	0.000720825	13873	1	FALSE	NA	NA	NA	NA	NA	NA
NC_045512.2	2158	T	G	13913	11624	51	6	6	29	0.000431065	13919	1	FALSE	NA	NA	NA	NA	NA	NA
NC_045512.2	2159	G	T	12695	10379	46	36	36	26	0.00282774	12731	1	FALSE	NA	NA	NA	NA	NA	NA
NC_045512.2	2160	A	G	14119	11840	52	1	1	64	7.08215e-05	14120	0.500018	FALSE	NA	NA	NA	NA	NA	NA
NC_045512.2	2161	A	G	14120	11991	51	2	1	44	0.000141623	14122	0.500027	FALSE	NA	NA	NA	NA	NA	NA
NC_045512.2	2162	G	T	12128	9943	43	62	62	25	0.0050853	12192	0.999996	FALSE	NA	NA	NA	NA	NA	NA
NC_045512.2	2162	G	C	12128	9943	43	1	1	40	8.2021e-05	12192	0.748734	FALSE	NA	NA	NA	NA	NA	NA
NC_045512.2	2162	G	A	12128	9943	43	1	1	40	8.2021e-05	12192	0.748734	FALSE	NA	NA	NA	NA	NA	NA
NC_045512.2	2163	A	G	13887	11861	50	3	3	34	0.000215983	13890	0.997916	FALSE	NA	NA	NA	NA	NA	NA
NC_045512.2	2164	G	A	13762	11736	50	1	0	80	7.26586e-05	13763	0.500018	FALSE	NA	NA	NA	NA	NA	NA
NC_045512.2	2166	A	G	13859	11931	50	3	3	53	0.000216419	13862	0.125	FALSE	NA	NA	NA	NA	NA	NA
NC_045512.2	2168	T	G	13667	11781	50	1	1	24	7.31636e-05	13668	1	FALSE	NA	NA	NA	NA	NA	NA
NC_045512.2	2169	T	G	13628	11750	50	4	3	26	0.000293427	13632	1	FALSE	NA	NA	NA	NA	NA	NA
NC_045512.2	2170	T	G	13605	11725	50	3	3	24	0.000220442	13609	1	FALSE	NA	NA	NA	NA	NA	NA
NC_045512.2	2170	T	A	13605	11725	50	1	1	24	7.34808e-05	13609	1	FALSE	NA	NA	NA	NA	NA	NA
NC_045512.2	2171	A	G	13720	11954	49	2	2	52	0.000145741	13723	0.249991	FALSE	NA	NA	NA	NA	NA	NA
NC_045512.2	2171	A	C	13720	11954	49	1	0	24	7.28704e-05	13723	1	FALSE	NA	NA	NA	NA	NA	NA
NC_045512.2	2172	A	G	13695	11921	49	1	1	24	7.30087e-05	13697	1	FALSE	NA	NA	NA	NA	NA	NA
NC_045512.2	2172	A	C	13695	11921	49	1	1	40	7.30087e-05	13697	0.750009	FALSE	NA	NA	NA	NA	NA	NA
NC_045512.2	2173	G	T	13384	11598	48	5	5	28	0.000373329	13393	1	FALSE	NA	NA	NA	NA	NA	NA
NC_045512.2	2173	G	C	13384	11598	48	3	3	40	0.000223998	13393	0.312346	FALSE	NA	NA	NA	NA	NA	NA
NC_045512.2	2173	G	A	13384	11598	48	1	1	40	7.46659e-05	13393	0.749879	FALSE	NA	NA	NA	NA	NA	NA
NC_045512.2	2174	G	T	12928	11114	46	32	32	29	0.00246914	12960	1	FALSE	NA	NA	NA	NA	NA	NA
NC_045512.2	2175	A	G	13572	11805	49	2	2	24	0.000147341	13574	1	FALSE	NA	NA	NA	NA	NA	NA
NC_045512.2	2176	A	G	12934	11321	49	1	1	40	7.73096e-05	12935	0.750029	FALSE	NA	NA	NA	NA	NA	NA
NC_045512.2	2177	G	A	12670	11050	46	1	1	40	7.89204e-05	12671	0.75003	FALSE	NA	NA	NA	NA	NA	NA
NC_045512.2	2179	T	G	12835	11219	49	5	5	24	0.000389408	12840	1	FALSE	NA	NA	NA	NA	NA	NA
NC_045512.2	2180	G	T	12296	10665	46	25	25	26	0.00202889	12322	1	FALSE	NA	NA	NA	NA	NA	NA
NC_045512.2	2180	G	A	12296	10665	46	1	1	40	8.11557e-05	12322	0.749522	FALSE	NA	NA	NA	NA	NA	NA
NC_045512.2	2181	T	G	12792	11211	48	4	3	26	0.000312598	12796	1	FALSE	NA	NA	NA	NA	NA	NA
NC_045512.2	2182	A	G	12895	11325	49	1	1	40	7.75434e-05	12896	0.750029	FALSE	NA	NA	NA	NA	NA	NA
NC_045512.2	2183	G	T	12892	11318	49	1	1	40	7.75615e-05	12893	0.750029	FALSE	NA	NA	NA	NA	NA	NA
NC_045512.2	2184	A	G	12855	11285	49	3	3	40	0.000233318	12858	0.312515	FALSE	NA	NA	NA	NA	NA	NA
NC_045512.2	2186	T	G	12146	10631	49	4	4	36	0.000329218	12150	0.98939	FALSE	NA	NA	NA	NA	NA	NA
NC_045512.2	2187	T	G	11359	9897	49	4	4	32	0.000351989	11364	0.982451	FALSE	NA	NA	NA	NA	NA	NA
NC_045512.2	2187	T	C	11359	9897	49	1	1	40	8.79972e-05	11364	0.749945	FALSE	NA	NA	NA	NA	NA	NA
NC_045512.2	2188	T	G	11356	9897	49	5	5	30	0.000440025	11363	0.96163	FALSE	NA	NA	NA	NA	NA	NA
NC_045512.2	2188	T	C	11356	9897	49	2	1	44	0.00017601	11363	0.499868	FALSE	NA	NA	NA	NA	NA	NA
NC_045512.2	2189	C	A	11371	9957	49	1	1	40	8.79353e-05	11372	0.750033	FALSE	NA	NA	NA	NA	NA	NA
NC_045512.2	2190	T	G	11218	9798	48	6	6	29	0.000534569	11224	1	FALSE	NA	NA	NA	NA	NA	NA
NC_045512.2	2191	T	G	11211	9790	48	7	7	24	0.000623997	11218	1	FALSE	NA	NA	NA	NA	NA	NA
NC_045512.2	2192	A	G	11281	9889	49	1	0	80	8.86368e-05	11282	0.500022	FALSE	NA	NA	NA	NA	NA	NA
NC_045512.2	2193	G	T	7722	6212	38	103	103	25	0.0131613	7826	0.0362385	FALSE	NA	NA	NA	NA	NA	NA
NC_045512.2	2193	G	C	7722	6212	38	1	1	40	0.000127779	7826	0.49672	FALSE	NA	NA	NA	NA	NA	NA
NC_045512.2	2194	A	G	10952	9573	49	1	1	40	9.12992e-05	10953	0.750034	FALSE	NA	NA	NA	NA	NA	NA
NC_045512.2	2196	A	G	10866	9517	49	2	2	32	0.000184026	10868	0.996834	FALSE	NA	NA	NA	NA	NA	NA
NC_045512.2	2198	G	A	10659	9388	48	1	1	40	9.38086e-05	10660	0.750035	FALSE	NA	NA	NA	NA	NA	NA
NC_045512.2	2199	G	T	10485	9210	47	5	5	33	0.000476599	10491	0.940831	FALSE	NA	NA	NA	NA	NA	NA
NC_045512.2	2199	G	A	10485	9210	47	1	0	80	9.53198e-05	10491	0.499905	FALSE	NA	NA	NA	NA	NA	NA
NC_045512.2	2200	T	G	10631	9358	48	5	5	27	0.000470013	10638	1	FALSE	NA	NA	NA	NA	NA	NA
NC_045512.2	2200	T	C	10631	9358	48	2	1	80	0.000188005	10638	0.249894	FALSE	NA	NA	NA	NA	NA	NA
NC_045512.2	2201	T	G	10641	9394	48	6	6	26	0.000563539	10647	1	FALSE	NA	NA	NA	NA	NA	NA
NC_045512.2	2201	T	+G	10641	9394	48	1	0	20	9.39232e-05	10647	1	FALSE	NA	NA	NA	NA	NA	NA
NC_045512.2	2202	G	T	9101	7844	41	92	92	26	0.0100065	9194	0.5	FALSE	NA	NA	NA	NA	NA	NA
NC_045512.2	2202	G	A	9101	7844	41	1	1	40	0.000108767	9194	0.497513	FALSE	NA	NA	NA	NA	NA	NA
NC_045512.2	2203	G	T	10682	9450	48	3	3	24	0.000280741	10686	1	FALSE	NA	NA	NA	NA	NA	NA
NC_045512.2	2203	G	C	10682	9450	48	1	1	40	9.35804e-05	10686	0.749965	FALSE	NA	NA	NA	NA	NA	NA
NC_045512.2	2205	A	G	10720	9526	48	2	2	40	0.000186532	10722	0.500035	FALSE	NA	NA	NA	NA	NA	NA
NC_045512.2	2206	A	G	10587	9408	48	1	1	40	9.44465e-05	10588	0.750035	FALSE	NA	NA	NA	NA	NA	NA
NC_045512.2	2208	T	G	10198	9038	48	2	2	40	0.000196059	10201	0.5	FALSE	NA	NA	NA	NA	NA	NA
NC_045512.2	2208	T	C	10198	9038	48	1	1	32	9.80296e-05	10201	0.999513	FALSE	NA	NA	NA	NA	NA	NA
NC_045512.2	2209	T	G	10207	9046	48	1	1	40	9.79432e-05	10210	0.749988	FALSE	NA	NA	NA	NA	NA	NA
NC_045512.2	2209	T	C	10207	9046	48	2	2	36	0.000195886	10210	0.996833	FALSE	NA	NA	NA	NA	NA	NA
NC_045512.2	2210	G	T	10124	9050	46	1	1	24	9.87557e-05	10126	1	FALSE	NA	NA	NA	NA	NA	NA
NC_045512.2	2210	G	A	10124	9050	46	1	0	64	9.87557e-05	10126	0.5	FALSE	NA	NA	NA	NA	NA	NA
NC_045512.2	2211	T	G	10149	9087	47	7	7	26	0.000689248	10156	1	FALSE	NA	NA	NA	NA	NA	NA
NC_045512.2	2212	T	G	10134	9071	47	1	1	24	9.86582e-05	10136	1	FALSE	NA	NA	NA	NA	NA	NA
NC_045512.2	2212	T	C	10134	9071	47	1	1	40	9.86582e-05	10136	0.750012	FALSE	NA	NA	NA	NA	NA	NA
NC_045512.2	2213	A	G	10197	9165	47	2	2	24	0.000196078	10200	1	FALSE	NA	NA	NA	NA	NA	NA
NC_045512.2	2213	A	C	10197	9165	47	1	1	40	9.80392e-05	10200	0.749988	FALSE	NA	NA	NA	NA	NA	NA
NC_045512.2	2214	A	G	10165	9137	47	2	2	24	0.000196696	10168	1	FALSE	NA	NA	NA	NA	NA	NA
NC_045512.2	2214	A	C	10165	9137	47	1	1	24	9.83478e-05	10168	1	FALSE	NA	NA	NA	NA	NA	NA
NC_045512.2	2215	A	-T	10182	9337	45	1	0	20	9.82125e-05	10182	1	FALSE	NA	NA	NA	NA	NA	NA
NC_045512.2	2217	T	G	9996	9301	44	1	1	24	0.00010002	9998	1	FALSE	NA	NA	NA	NA	NA	NA
NC_045512.2	2217	T	C	9996	9301	44	1	1	40	0.00010002	9998	0.5	FALSE	NA	NA	NA	NA	NA	NA
NC_045512.2	2218	T	C	10014	9329	44	2	2	32	0.000199681	10016	0.996835	FALSE	NA	NA	NA	NA	NA	NA
NC_045512.2	2219	A	G	9961	9285	44	1	1	40	0.000100381	9962	0.500025	FALSE	NA	NA	NA	NA	NA	NA
NC_045512.2	2220	T	C	9910	9231	44	2	2	32	0.000201776	9912	0.994154	FALSE	NA	NA	NA	NA	NA	NA
NC_045512.2	2222	T	C	9878	9229	44	2	2	40	0.000202429	9880	0.250013	FALSE	NA	NA	NA	NA	NA	NA
NC_045512.2	2223	C	A	9886	9329	42	1	0	40	0.000101143	9887	0.500025	FALSE	NA	NA	NA	NA	NA	NA
NC_045512.2	2224	A	G	9752	9132	44	2	2	24	0.000205044	9754	1	FALSE	NA	NA	NA	NA	NA	NA
NC_045512.2	2225	A	G	9756	9135	44	1	1	40	0.000102491	9757	0.500026	FALSE	NA	NA	NA	NA	NA	NA
NC_045512.2	2226	C	T	9733	9204	43	1	1	40	0.000102733	9734	0.500026	FALSE	NA	NA	NA	NA	NA	NA
NC_045512.2	2227	C	T	9707	9182	43	1	1	24	0.000103008	9708	1	FALSE	NA	NA	NA	NA	NA	NA
NC_045512.2	2228	T	G	8950	8457	43	2	2	32	0.000223364	8954	0.98927	FALSE	NA	NA	NA	NA	NA	NA
NC_045512.2	2228	T	C	8950	8457	43	2	1	60	0.000223364	8954	0.249958	FALSE	NA	NA	NA	NA	NA	NA
NC_045512.2	2230	T	G	8896	8402	43	2	2	24	0.00022477	8898	1	FALSE	NA	NA	NA	NA	NA	NA
NC_045512.2	2232	C	T	8797	8359	43	1	1	24	0.000113662	8798	1	FALSE	NA	NA	NA	NA	NA	NA
NC_045512.2	2233	T	G	8515	8080	43	2	2	24	0.000234824	8517	1	FALSE	NA	NA	NA	NA	NA	NA
NC_045512.2	2234	T	G	7954	7530	43	3	3	34	0.000376979	7958	0.945368	FALSE	NA	NA	NA	NA	NA	NA
NC_045512.2	2234	T	C	7954	7530	43	1	1	40	0.00012566	7958	0.499937	FALSE	NA	NA	NA	NA	NA	NA
NC_045512.2	2235	G	T	7789	7366	39	6	6	24	0.000769724	7795	1	FALSE	NA	NA	NA	NA	NA	NA
NC_045512.2	2236	T	G	8000	7581	43	3	3	26	0.000374859	8003	1	FALSE	NA	NA	NA	NA	NA	NA
NC_045512.2	2237	G	A	8051	7641	42	2	2	40	0.000248355	8053	0.250016	FALSE	NA	NA	NA	NA	NA	NA
NC_045512.2	2239	A	G	7755	7369	43	1	1	24	0.000128932	7756	1	FALSE	NA	NA	NA	NA	NA	NA
NC_045512.2	2240	A	G	7752	7372	43	2	2	24	0.000257898	7755	1	FALSE	NA	NA	NA	NA	NA	NA
NC_045512.2	2240	A	C	7752	7372	43	1	1	40	0.000128949	7755	0.499968	FALSE	NA	NA	NA	NA	NA	NA
NC_045512.2	2241	T	G	7659	7293	43	1	1	24	0.000130548	7660	1	FALSE	NA	NA	NA	NA	NA	NA
NC_045512.2	2242	T	G	7638	7275	43	4	4	36	0.000523355	7643	0.886803	FALSE	NA	NA	NA	NA	NA	NA
NC_045512.2	2242	T	C	7638	7275	43	1	1	40	0.000130839	7643	0.499902	FALSE	NA	NA	NA	NA	NA	NA
NC_045512.2	2244	T	G	7426	7075	43	4	4	30	0.000538213	7432	0.886762	FALSE	NA	NA	NA	NA	NA	NA
NC_045512.2	2244	T	C	7426	7075	43	2	2	24	0.000269107	7432	1	FALSE	NA	NA	NA	NA	NA	NA
NC_045512.2	2245	C	T	7482	7133	43	1	1	80	0.000133601	7485	0.499967	FALSE	NA	NA	NA	NA	NA	NA
NC_045512.2	2245	C	G	7482	7133	43	1	1	24	0.000133601	7485	1	FALSE	NA	NA	NA	NA	NA	NA
NC_045512.2	2245	C	A	7482	7133	43	1	1	40	0.000133601	7485	0.499967	FALSE	NA	NA	NA	NA	NA	NA
NC_045512.2	2246	G	A	7462	7115	42	2	2	40	0.000267953	7464	0.250017	FALSE	NA	NA	NA	NA	NA	NA
NC_045512.2	2247	G	T	7438	7090	42	1	1	24	0.000134427	7439	1	FALSE	NA	NA	NA	NA	NA	NA
NC_045512.2	2248	T	C	7390	7048	42	1	1	40	0.0001353	7391	0.500034	FALSE	NA	NA	NA	NA	NA	NA
NC_045512.2	2250	G	T	7218	6890	40	18	18	30	0.00248653	7239	0.0215181	FALSE	NA	NA	NA	NA	NA	NA
NC_045512.2	2250	G	C	7218	6890	40	3	3	40	0.000414422	7239	0.124534	FALSE	NA	NA	NA	NA	NA	NA
NC_045512.2	2251	A	G	7404	7137	42	1	0	80	0.000135044	7405	0.500034	FALSE	NA	NA	NA	NA	NA	NA
NC_045512.2	2252	C	G	7361	7097	42	8	8	36	0.00108563	7369	0.500107	FALSE	NA	NA	NA	NA	NA	NA
NC_045512.2	2253	A	G	7363	7099	42	2	2	24	0.000271555	7365	1	FALSE	NA	NA	NA	NA	NA	NA
NC_045512.2	2254	A	G	7350	7086	42	1	1	40	0.000136036	7351	0.500034	FALSE	NA	NA	NA	NA	NA	NA
NC_045512.2	2255	A	G	7348	7097	42	1	1	40	0.000136036	7351	0.499966	FALSE	NA	NA	NA	NA	NA	NA
NC_045512.2	2255	A	C	7348	7097	42	2	1	28	0.000272072	7351	1	FALSE	NA	NA	NA	NA	NA	NA
NC_045512.2	2256	T	G	9334	7032	41	3	3	29	0.000321302	9337	1	FALSE	NA	NA	NA	NA	NA	NA
NC_045512.2	2258	G	C	2180	97	39	1	0	40	0.000458505	2181	0.500115	FALSE	NA	NA	NA	NA	NA	NA
NC_045512.2	2259	T	A	2188	133	41	1	0	40	0.00045683	2189	0.500114	FALSE	NA	NA	NA	NA	NA	NA
NC_045512.2	2260	C	A	2283	142	41	1	0	24	0.000437828	2284	1	FALSE	NA	NA	NA	NA	NA	NA
NC_045512.2	2262	C	A	1738	160	33	38	0	25	0.0213964	1776	0.00304791	TRUE	NA	NA	NA	NA	NA	NA
NC_045512.2	2263	C	G	2332	153	40	1	0	40	0.000428449	2334	0.5	FALSE	NA	NA	NA	NA	NA	NA
NC_045512.2	2263	C	A	2332	153	40	1	1	40	0.000428449	2334	0.5	FALSE	NA	NA	NA	NA	NA	NA
NC_045512.2	2266	T	G	2784	180	42	4	0	36	0.00143421	2789	0.343666	FALSE	NA	NA	NA	NA	NA	NA
NC_045512.2	2266	T	C	2784	180	42	1	0	24	0.000358551	2789	1	FALSE	NA	NA	NA	NA	NA	NA
NC_045512.2	2268	C	A	2756	187	42	2	0	24	0.000725163	2758	1	FALSE	NA	NA	NA	NA	NA	NA
NC_045512.2	2269	A	C	2766	187	42	4	0	28	0.00144404	2770	0.999998	FALSE	NA	NA	NA	NA	NA	NA
NC_045512.2	2270	A	G	2779	186	42	1	0	40	0.000359712	2780	0.50009	FALSE	NA	NA	NA	NA	NA	NA
NC_045512.2	2273	G	T	2843	208	42	1	1	24	0.000351617	2844	1	FALSE	NA	NA	NA	NA	NA	NA
NC_045512.2	2275	A	C	3200	223	42	1	0	24	0.000312402	3201	1	FALSE	NA	NA	NA	NA	NA	NA
NC_045512.2	2276	A	G	3407	231	42	2	0	40	0.000586682	3409	0.250037	FALSE	NA	NA	NA	NA	NA	NA
NC_045512.2	2278	T	G	3459	231	42	1	0	24	0.000288934	3461	1	FALSE	NA	NA	NA	NA	NA	NA
NC_045512.2	2278	T	C	3459	231	42	1	0	24	0.000288934	3461	1	FALSE	NA	NA	NA	NA	NA	NA
NC_045512.2	2280	A	G	3465	234	42	1	0	40	0.000288434	3467	0.5	FALSE	NA	NA	NA	NA	NA	NA
NC_045512.2	2280	A	C	3465	234	42	1	0	24	0.000288434	3467	1	FALSE	NA	NA	NA	NA	NA	NA
NC_045512.2	2283	A	G	3561	246	43	1	0	40	0.000280662	3563	0.5	FALSE	NA	NA	NA	NA	NA	NA
NC_045512.2	2283	A	C	3561	246	43	1	0	24	0.000280662	3563	1	FALSE	NA	NA	NA	NA	NA	NA
NC_045512.2	2284	G	C	3564	246	42	1	0	40	0.000280505	3565	0.50007	FALSE	NA	NA	NA	NA	NA	NA
NC_045512.2	2285	A	G	3578	260	43	1	0	40	0.000279408	3579	0.50007	FALSE	NA	NA	NA	NA	NA	NA
NC_045512.2	2286	G	A	3899	269	42	1	0	24	0.00025641	3900	1	FALSE	NA	NA	NA	NA	NA	NA
NC_045512.2	2289	T	C	4207	285	43	2	0	40	0.000475172	4209	0.25003	FALSE	NA	NA	NA	NA	NA	NA
NC_045512.2	2290	T	G	4209	283	43	1	0	40	0.00023753	4210	0.500059	FALSE	NA	NA	NA	NA	NA	NA
NC_045512.2	2292	A	G	4201	287	42	1	0	40	0.000237925	4203	0.5	FALSE	NA	NA	NA	NA	NA	NA
NC_045512.2	2292	A	C	4201	287	42	1	0	24	0.000237925	4203	1	FALSE	NA	NA	NA	NA	NA	NA
NC_045512.2	2293	G	T	4272	289	43	1	0	40	0.000234028	4273	0.500059	FALSE	NA	NA	NA	NA	NA	NA
NC_045512.2	2294	A	G	4244	296	43	10	0	40	0.00235018	4255	0.000971405	TRUE	NA	NA	NA	NA	NA	NA
NC_045512.2	2294	A	C	4244	296	43	1	0	24	0.000235018	4255	1	FALSE	NA	NA	NA	NA	NA	NA
NC_045512.2	2299	C	A	4844	328	43	1	0	24	0.000206398	4845	1	FALSE	NA	NA	NA	NA	NA	NA
NC_045512.2	2301	T	G	4838	350	43	1	0	40	0.000206654	4839	0.500052	FALSE	NA	NA	NA	NA	NA	NA
NC_045512.2	2303	A	C	4782	354	42	3	0	24	0.000626959	4785	1	FALSE	NA	NA	NA	NA	NA	NA
NC_045512.2	2306	C	T	4872	409	44	2	1	40	0.000410341	4874	0.250026	FALSE	NA	NA	NA	NA	NA	NA
NC_045512.2	2310	T	C	4873	466	45	3	0	29	0.000615258	4876	1	FALSE	NA	NA	NA	NA	NA	NA
NC_045512.2	2311	A	G	4807	476	43	1	0	40	0.0002079	4810	0.499948	FALSE	NA	NA	NA	NA	NA	NA
NC_045512.2	2311	A	C	4807	476	43	2	0	24	0.0004158	4810	1	FALSE	NA	NA	NA	NA	NA	NA
NC_045512.2	2313	A	C	4851	476	45	2	0	24	0.000412116	4853	1	FALSE	NA	NA	NA	NA	NA	NA
NC_045512.2	2315	A	G	4857	475	45	2	1	80	0.000411523	4860	0.249974	FALSE	NA	NA	NA	NA	NA	NA
NC_045512.2	2315	A	C	4857	475	45	1	0	24	0.000205761	4860	1	FALSE	NA	NA	NA	NA	NA	NA
NC_045512.2	2317	A	G	4910	490	45	1	0	24	0.000203625	4911	1	FALSE	NA	NA	NA	NA	NA	NA
NC_045512.2	2317	A	-T	4910	490	45	2	0	20	0.000407249	4911	1	FALSE	NA	NA	NA	NA	NA	NA
NC_045512.2	2319	T	A	4936	499	46	1	0	40	0.000202552	4937	0.500051	FALSE	NA	NA	NA	NA	NA	NA
NC_045512.2	2322	T	C	4933	507	46	1	0	40	0.000202675	4934	0.500051	FALSE	NA	NA	NA	NA	NA	NA
NC_045512.2	2327	T	G	4980	520	46	1	1	24	0.000200723	4982	1	FALSE	NA	NA	NA	NA	NA	NA
NC_045512.2	2327	T	C	4980	520	46	1	0	24	0.000200723	4982	1	FALSE	NA	NA	NA	NA	NA	NA
NC_045512.2	2334	C	T	5214	531	45	1	0	40	0.000191755	5215	0.500048	FALSE	NA	NA	NA	NA	NA	NA
NC_045512.2	2336	G	T	5329	547	46	1	0	40	0.000187617	5330	0.500047	FALSE	NA	NA	NA	NA	NA	NA
NC_045512.2	2337	A	G	5309	555	46	1	0	40	0.000188324	5310	0.500047	FALSE	NA	NA	NA	NA	NA	NA
NC_045512.2	2339	T	G	5518	572	46	1	0	24	0.000181159	5520	1	FALSE	NA	NA	NA	NA	NA	NA
NC_045512.2	2339	T	C	5518	572	46	1	0	80	0.000181159	5520	0.5	FALSE	NA	NA	NA	NA	NA	NA
NC_045512.2	2342	A	T	5679	588	46	1	0	40	0.000175963	5683	0.499912	FALSE	NA	NA	NA	NA	NA	NA
NC_045512.2	2342	A	G	5679	588	46	1	0	40	0.000175963	5683	0.499912	FALSE	NA	NA	NA	NA	NA	NA
NC_045512.2	2342	A	C	5679	588	46	2	0	24	0.000351927	5683	1	FALSE	NA	NA	NA	NA	NA	NA
NC_045512.2	2345	A	C	5736	611	46	2	0	24	0.000348554	5738	1	FALSE	NA	NA	NA	NA	NA	NA
NC_045512.2	2348	A	C	5752	618	46	1	0	40	0.000173822	5753	0.500043	FALSE	NA	NA	NA	NA	NA	NA
NC_045512.2	2349	T	G	5791	621	46	1	0	40	0.000172652	5792	0.500043	FALSE	NA	NA	NA	NA	NA	NA
NC_045512.2	2350	T	C	5805	618	46	1	1	24	0.000172236	5806	1	FALSE	NA	NA	NA	NA	NA	NA
NC_045512.2	2352	G	T	5803	619	46	1	0	40	0.000172295	5804	0.500043	FALSE	NA	NA	NA	NA	NA	NA
NC_045512.2	2353	T	C	5819	644	47	1	0	24	0.000171821	5820	1	FALSE	NA	NA	NA	NA	NA	NA
NC_045512.2	2355	G	C	5906	713	47	2	0	32	0.000338524	5908	0.937583	FALSE	NA	NA	NA	NA	NA	NA
NC_045512.2	2356	A	G	5874	713	47	1	0	40	0.000170184	5876	0.5	FALSE	NA	NA	NA	NA	NA	NA
NC_045512.2	2356	A	C	5874	713	47	1	0	24	0.000170184	5876	1	FALSE	NA	NA	NA	NA	NA	NA
NC_045512.2	2357	G	C	5957	714	47	2	1	40	0.000335627	5959	0.250021	FALSE	NA	NA	NA	NA	NA	NA
NC_045512.2	2360	A	C	5951	737	47	1	0	24	0.000168011	5952	1	FALSE	NA	NA	NA	NA	NA	NA
NC_045512.2	2361	A	C	5925	744	47	1	0	40	0.000168748	5926	0.500042	FALSE	NA	NA	NA	NA	NA	NA
NC_045512.2	2365	T	-A	6090	761	48	1	0	20	0.000164204	6090	1	FALSE	NA	NA	NA	NA	NA	NA
NC_045512.2	2366	A	C	6013	831	47	2	0	24	0.000332502	6015	1	FALSE	NA	NA	NA	NA	NA	NA
NC_045512.2	2367	A	C	6041	831	49	1	0	24	0.000165508	6042	1	FALSE	NA	NA	NA	NA	NA	NA
NC_045512.2	2368	A	G	6001	831	47	1	0	40	0.000166583	6003	0.5	FALSE	NA	NA	NA	NA	NA	NA
NC_045512.2	2368	A	C	6001	831	47	1	0	24	0.000166583	6003	1	FALSE	NA	NA	NA	NA	NA	NA
NC_045512.2	2369	G	T	6190	834	49	2	0	40	0.000322997	6192	0.25002	FALSE	NA	NA	NA	NA	NA	NA
NC_045512.2	2371	C	A	6107	851	48	1	0	24	0.00016372	6108	1	FALSE	NA	NA	NA	NA	NA	NA
NC_045512.2	2373	T	C	6162	966	51	3	1	37	0.000486618	6165	0.910276	FALSE	NA	NA	NA	NA	NA	NA
NC_045512.2	2374	G	A	6222	978	51	1	0	24	0.000160694	6223	1	FALSE	NA	NA	NA	NA	NA	NA
NC_045512.2	2376	A	G	6203	1063	52	1	0	48	0.00016116	6205	0.5	FALSE	NA	NA	NA	NA	NA	NA
NC_045512.2	2376	A	C	6203	1063	52	1	0	24	0.00016116	6205	1	FALSE	NA	NA	NA	NA	NA	NA
NC_045512.2	2378	T	C	6214	1055	52	1	0	48	0.000160901	6215	0.50004	FALSE	NA	NA	NA	NA	NA	NA
NC_045512.2	2380	A	G	6121	1056	50	2	0	60	0.000326424	6127	0.249857	FALSE	NA	NA	NA	NA	NA	NA
NC_045512.2	2380	A	C	6121	1056	50	4	0	32	0.000652848	6127	0.828159	FALSE	NA	NA	NA	NA	NA	NA
NC_045512.2	2382	G	T	6227	1074	51	1	0	80	0.000160565	6228	0.50004	FALSE	NA	NA	NA	NA	NA	NA
NC_045512.2	2385	A	G	6188	1093	52	1	1	80	0.000161551	6190	0.5	FALSE	NA	NA	NA	NA	NA	NA
NC_045512.2	2385	A	C	6188	1093	52	1	0	24	0.000161551	6190	1	FALSE	NA	NA	NA	NA	NA	NA
NC_045512.2	2386	A	G	6160	1110	52	1	0	80	0.000162311	6161	0.500041	FALSE	NA	NA	NA	NA	NA	NA
NC_045512.2	2387	A	C	6190	1119	53	1	0	24	0.000161525	6191	1	FALSE	NA	NA	NA	NA	NA	NA
NC_045512.2	2389	A	C	6206	1135	53	2	0	24	0.000322165	6208	1	FALSE	NA	NA	NA	NA	NA	NA
NC_045512.2	2390	T	C	6214	1128	53	1	0	40	0.000160901	6215	0.50004	FALSE	NA	NA	NA	NA	NA	NA
NC_045512.2	2391	T	C	6192	1140	52	2	0	40	0.000322893	6194	0.25002	FALSE	NA	NA	NA	NA	NA	NA
NC_045512.2	2395	C	A	6146	1186	52	2	0	24	0.000325309	6148	1	FALSE	NA	NA	NA	NA	NA	NA
NC_045512.2	2396	A	G	6180	1186	53	1	0	40	0.000161786	6181	0.50004	FALSE	NA	NA	NA	NA	NA	NA
NC_045512.2	2397	C	T	5817	1232	49	1	0	80	0.000171321	5837	0.499228	FALSE	NA	NA	NA	NA	NA	NA
NC_045512.2	2397	C	A	5817	1232	49	19	0	26	0.0032551	5837	0.999999	FALSE	NA	NA	NA	NA	NA	NA
NC_045512.2	2398	G	C	6148	1199	52	2	0	40	0.00032515	6151	0.24998	FALSE	NA	NA	NA	NA	NA	NA
NC_045512.2	2398	G	A	6148	1199	52	1	0	80	0.000162575	6151	0.499959	FALSE	NA	NA	NA	NA	NA	NA
NC_045512.2	2400	A	G	6100	1249	52	2	1	40	0.000327761	6102	0.25002	FALSE	NA	NA	NA	NA	NA	NA
NC_045512.2	2401	C	G	6255	1318	52	1	0	40	0.000159847	6256	0.50004	FALSE	NA	NA	NA	NA	NA	NA
NC_045512.2	2402	T	C	6243	1316	52	1	0	40	0.000160154	6244	0.50004	FALSE	NA	NA	NA	NA	NA	NA
NC_045512.2	2403	C	A	6316	1322	52	1	0	24	0.000158303	6317	1	FALSE	NA	NA	NA	NA	NA	NA
NC_045512.2	2403	C	-A	6316	1322	52	1	0	20	0.000158303	6317	1	FALSE	NA	NA	NA	NA	NA	NA
NC_045512.2	2405	A	G	6232	1355	52	1	1	24	0.000160359	6236	1	FALSE	NA	NA	NA	NA	NA	NA
NC_045512.2	2405	A	C	6232	1355	52	3	0	34	0.000481078	6236	0.910235	FALSE	NA	NA	NA	NA	NA	NA
NC_045512.2	2406	A	C	5421	1630	50	2	0	32	0.0003688	5423	0.937591	FALSE	NA	NA	NA	NA	NA	NA
NC_045512.2	2407	G	T	5352	1523	47	3	3	29	0.000560224	5355	1	FALSE	NA	NA	NA	NA	NA	NA
NC_045512.2	2408	G	T	5537	1641	50	1	1	24	0.000180571	5538	1	FALSE	NA	NA	NA	NA	NA	NA
NC_045512.2	2409	G	C	5564	1689	50	1	1	40	0.000179695	5565	0.500045	FALSE	NA	NA	NA	NA	NA	NA
NC_045512.2	2411	T	C	5412	1656	50	1	1	24	0.00018474	5413	1	FALSE	NA	NA	NA	NA	NA	NA
NC_045512.2	2412	T	G	5382	1631	50	2	0	32	0.000371471	5384	0.937591	FALSE	NA	NA	NA	NA	NA	NA
NC_045512.2	2413	G	A	5478	1663	50	1	1	80	0.000182515	5479	0.500046	FALSE	NA	NA	NA	NA	NA	NA
NC_045512.2	2415	A	G	5459	1662	49	1	1	80	0.000183117	5461	0.5	FALSE	NA	NA	NA	NA	NA	NA
NC_045512.2	2415	A	C	5459	1662	49	1	0	24	0.000183117	5461	1	FALSE	NA	NA	NA	NA	NA	NA
NC_045512.2	2418	G	T	5237	1730	49	1	0	40	0.000190913	5238	0.500048	FALSE	NA	NA	NA	NA	NA	NA
NC_045512.2	2419	A	C	5452	2139	51	2	0	36	0.000366703	5454	0.93759	FALSE	NA	NA	NA	NA	NA	NA
NC_045512.2	2421	A	G	5451	2148	51	1	0	40	0.000183419	5452	0.500046	FALSE	NA	NA	NA	NA	NA	NA
NC_045512.2	2422	G	T	5452	2137	50	1	0	32	0.000183352	5454	0.984396	FALSE	NA	NA	NA	NA	NA	NA
NC_045512.2	2422	G	A	5452	2137	50	1	1	24	0.000183352	5454	1	FALSE	NA	NA	NA	NA	NA	NA
NC_045512.2	2423	T	C	5397	2129	51	1	1	40	0.000185254	5398	0.500046	FALSE	NA	NA	NA	NA	NA	NA
NC_045512.2	2426	G	A	5282	2247	50	1	0	80	0.000189286	5283	0.500047	FALSE	NA	NA	NA	NA	NA	NA
NC_045512.2	2428	T	G	5386	2617	50	1	1	40	0.000185598	5388	0.5	FALSE	NA	NA	NA	NA	NA	NA
NC_045512.2	2428	T	C	5386	2617	50	1	0	80	0.000185598	5388	0.5	FALSE	NA	NA	NA	NA	NA	NA
NC_045512.2	2429	A	C	5442	2718	52	1	0	24	0.000183722	5443	1	FALSE	NA	NA	NA	NA	NA	NA
NC_045512.2	2433	C	G	5433	2782	52	1	0	32	0.000184026	5434	0.984405	FALSE	NA	NA	NA	NA	NA	NA
NC_045512.2	2436	G	T	5310	2656	49	2	2	32	0.000376506	5312	0.937593	FALSE	NA	NA	NA	NA	NA	NA
NC_045512.2	2442	A	G	5219	3015	50	2	1	32	0.000383068	5221	0.937594	FALSE	NA	NA	NA	NA	NA	NA
NC_045512.2	2447	G	T	5237	3212	49	2	2	32	0.000381679	5240	0.937563	FALSE	NA	NA	NA	NA	NA	NA
NC_045512.2	2447	G	C	5237	3212	49	1	1	40	0.00019084	5240	0.499952	FALSE	NA	NA	NA	NA	NA	NA
NC_045512.2	2451	T	G	5166	3351	49	3	3	24	0.000580383	5169	1	FALSE	NA	NA	NA	NA	NA	NA
NC_045512.2	2454	T	G	5511	3718	50	2	2	32	0.000362779	5513	0.937589	FALSE	NA	NA	NA	NA	NA	NA
NC_045512.2	2460	C	A	5591	3945	50	2	0	32	0.00035759	5593	0.937588	FALSE	NA	NA	NA	NA	NA	NA
NC_045512.2	2461	T	G	5479	3797	51	1	1	24	0.000182482	5480	1	FALSE	NA	NA	NA	NA	NA	NA
NC_045512.2	2462	C	A	5864	4716	45	7	0	24	0.0011923	5871	1	FALSE	NA	NA	NA	NA	NA	NA
NC_045512.2	2463	T	G	6021	4573	52	2	2	24	0.00033206	6023	1	FALSE	NA	NA	NA	NA	NA	NA
NC_045512.2	2472	C	+A	6343	5095	53	2	0	20	0.000315308	6343	1	FALSE	NA	NA	NA	NA	NA	NA
NC_045512.2	2475	A	G	6397	5182	54	1	1	24	0.000156299	6398	1	FALSE	NA	NA	NA	NA	NA	NA
NC_045512.2	2481	T	C	6310	5135	53	1	1	52	0.000158453	6311	0.50004	FALSE	NA	NA	NA	NA	NA	NA
NC_045512.2	2484	T	G	6341	5245	52	1	1	24	0.00015758	6346	1	FALSE	NA	NA	NA	NA	NA	NA
NC_045512.2	2484	T	C	6341	5245	52	4	2	62	0.000630318	6346	0.0624704	FALSE	NA	NA	NA	NA	NA	NA
NC_045512.2	2486	T	C	6307	5250	52	2	2	40	0.000316957	6310	0.24998	FALSE	NA	NA	NA	NA	NA	NA
NC_045512.2	2486	T	A	6307	5250	52	1	0	80	0.000158479	6310	0.49996	FALSE	NA	NA	NA	NA	NA	NA
NC_045512.2	2489	T	G	6292	5317	51	2	2	24	0.000317662	6296	1	FALSE	NA	NA	NA	NA	NA	NA
NC_045512.2	2489	T	C	6292	5317	51	2	2	40	0.000317662	6296	0.24994	FALSE	NA	NA	NA	NA	NA	NA
NC_045512.2	2492	G	T	6215	5292	49	1	1	24	0.000160875	6216	1	FALSE	NA	NA	NA	NA	NA	NA
NC_045512.2	2494	G	T	5943	5054	46	5	5	30	0.000840477	5949	0.623099	FALSE	NA	NA	NA	NA	NA	NA
NC_045512.2	2494	G	A	5943	5054	46	1	1	40	0.000168095	5949	0.499832	FALSE	NA	NA	NA	NA	NA	NA
NC_045512.2	2496	G	T	4432	3509	40	35	35	25	0.00783524	4467	0.871058	FALSE	NA	NA	NA	NA	NA	NA
NC_045512.2	2497	A	G	6326	5472	50	1	1	40	0.000158053	6327	0.50004	FALSE	NA	NA	NA	NA	NA	NA
NC_045512.2	2498	G	T	6262	5402	49	1	1	40	0.000159668	6263	0.50004	FALSE	NA	NA	NA	NA	NA	NA
NC_045512.2	2501	A	G	6323	5467	50	1	1	40	0.000158128	6324	0.50004	FALSE	NA	NA	NA	NA	NA	NA
NC_045512.2	2504	C	G	6250	5451	49	2	2	40	0.000319898	6252	0.25002	FALSE	NA	NA	NA	NA	NA	NA
NC_045512.2	2505	T	G	6089	5298	49	2	2	32	0.000328246	6093	0.964871	FALSE	NA	NA	NA	NA	NA	NA
NC_045512.2	2505	T	C	6089	5298	49	2	2	40	0.000328246	6093	0.249938	FALSE	NA	NA	NA	NA	NA	NA
NC_045512.2	2507	C	T	6112	5374	46	1	1	80	0.000163586	6113	0.500041	FALSE	NA	NA	NA	NA	NA	NA
NC_045512.2	2508	C	T	6099	5329	49	1	1	40	0.000163934	6100	0.500041	FALSE	NA	NA	NA	NA	NA	NA
NC_045512.2	2510	A	G	6083	5316	49	3	3	34	0.000492935	6086	0.910278	FALSE	NA	NA	NA	NA	NA	NA
NC_045512.2	2512	A	G	6066	5306	49	1	1	24	0.000164799	6068	1	FALSE	NA	NA	NA	NA	NA	NA
NC_045512.2	2512	A	C	6066	5306	49	1	1	40	0.000164799	6068	0.5	FALSE	NA	NA	NA	NA	NA	NA
NC_045512.2	2513	G	T	5546	4831	43	28	28	25	0.00502332	5574	0.999073	FALSE	NA	NA	NA	NA	NA	NA
NC_045512.2	2514	A	G	6059	5372	48	1	1	24	0.000164989	6061	1	FALSE	NA	NA	NA	NA	NA	NA
NC_045512.2	2514	A	C	6059	5372	48	1	1	40	0.000164989	6061	0.5	FALSE	NA	NA	NA	NA	NA	NA
NC_045512.2	2516	G	T	5997	5313	48	1	1	24	0.000166722	5998	1	FALSE	NA	NA	NA	NA	NA	NA
NC_045512.2	2517	T	G	5808	5131	48	1	1	24	0.000172117	5810	1	FALSE	NA	NA	NA	NA	NA	NA
NC_045512.2	2517	T	C	5808	5131	48	1	1	40	0.000172117	5810	0.5	FALSE	NA	NA	NA	NA	NA	NA
NC_045512.2	2519	T	G	5763	5088	48	2	2	24	0.000346921	5765	1	FALSE	NA	NA	NA	NA	NA	NA
NC_045512.2	2520	T	G	5769	5146	48	1	1	40	0.00017331	5770	0.500043	FALSE	NA	NA	NA	NA	NA	NA
NC_045512.2	2523	C	T	5745	5134	48	1	0	64	0.000174034	5746	0.500044	FALSE	NA	NA	NA	NA	NA	NA
NC_045512.2	2525	G	T	5296	4720	45	8	8	24	0.0015083	5304	1	FALSE	NA	NA	NA	NA	NA	NA
NC_045512.2	2528	G	T	5167	4601	46	6	6	24	0.00115987	5173	1	FALSE	NA	NA	NA	NA	NA	NA
NC_045512.2	2529	A	G	5293	4728	48	1	1	40	0.000188893	5294	0.500047	FALSE	NA	NA	NA	NA	NA	NA
NC_045512.2	2535	T	C	5164	4619	48	1	1	40	0.000193611	5165	0.500048	FALSE	NA	NA	NA	NA	NA	NA
NC_045512.2	2536	C	G	5169	4637	48	1	1	40	0.000193386	5171	0.5	FALSE	NA	NA	NA	NA	NA	NA
NC_045512.2	2536	C	A	5169	4637	48	1	1	40	0.000193386	5171	0.5	FALSE	NA	NA	NA	NA	NA	NA
NC_045512.2	2537	T	G	5117	4586	47	2	2	32	0.000390701	5119	0.937596	FALSE	NA	NA	NA	NA	NA	NA
NC_045512.2	2538	T	G	5098	4569	47	1	1	40	0.000196078	5100	0.5	FALSE	NA	NA	NA	NA	NA	NA
NC_045512.2	2538	T	C	5098	4569	47	1	1	24	0.000196078	5100	1	FALSE	NA	NA	NA	NA	NA	NA
NC_045512.2	2540	A	G	5119	4600	47	6	5	53	0.00117073	5125	0.0156113	FALSE	NA	NA	NA	NA	NA	NA
NC_045512.2	2541	A	G	5122	4604	47	2	2	24	0.00039032	5124	1	FALSE	NA	NA	NA	NA	NA	NA
NC_045512.2	2543	A	G	5083	4571	47	2	2	32	0.000393314	5085	0.937597	FALSE	NA	NA	NA	NA	NA	NA
NC_045512.2	2547	G	T	4775	4275	44	6	6	26	0.00125497	4781	1	FALSE	NA	NA	NA	NA	NA	NA
NC_045512.2	2550	A	G	4992	4507	47	1	1	24	0.00020028	4993	1	FALSE	NA	NA	NA	NA	NA	NA
NC_045512.2	2552	T	C	4945	4545	45	1	1	40	0.000202184	4946	0.500051	FALSE	NA	NA	NA	NA	NA	NA
NC_045512.2	2552	T	+GTGCAACTG	4945	4545	45	1	0	20	0.000202184	4946	1	FALSE	NA	NA	NA	NA	NA	NA
NC_045512.2	2554	A	G	4936	4584	45	1	1	24	0.000202429	4940	1	FALSE	NA	NA	NA	NA	NA	NA
NC_045512.2	2554	A	C	4936	4584	45	3	3	40	0.000607287	4940	0.124962	FALSE	NA	NA	NA	NA	NA	NA
NC_045512.2	2555	C	T	4933	4584	45	2	2	60	0.000405268	4935	0.250025	FALSE	NA	NA	NA	NA	NA	NA
NC_045512.2	2555	C	-A	4933	4584	45	1	0	20	0.000202634	4935	1	FALSE	NA	NA	NA	NA	NA	NA
NC_045512.2	2556	A	G	4931	4584	45	2	2	24	0.000405351	4934	1	FALSE	NA	NA	NA	NA	NA	NA
NC_045512.2	2556	A	C	4931	4584	45	1	1	40	0.000202675	4934	0.499899	FALSE	NA	NA	NA	NA	NA	NA
NC_045512.2	2560	A	-T	4764	4474	44	1	0	20	0.000209908	4764	1	FALSE	NA	NA	NA	NA	NA	NA
NC_045512.2	2561	T	G	4709	4424	44	2	2	32	0.000424448	4712	0.89065	FALSE	NA	NA	NA	NA	NA	NA
NC_045512.2	2561	T	C	4709	4424	44	1	1	40	0.000212224	4712	0.499894	FALSE	NA	NA	NA	NA	NA	NA
NC_045512.2	2562	T	G	4718	4434	44	4	4	24	0.000846919	4723	1	FALSE	NA	NA	NA	NA	NA	NA
NC_045512.2	2562	T	C	4718	4434	44	1	1	80	0.00021173	4723	0.499841	FALSE	NA	NA	NA	NA	NA	NA
NC_045512.2	2563	A	G	4749	4467	44	1	1	40	0.000210526	4750	0.500053	FALSE	NA	NA	NA	NA	NA	NA
NC_045512.2	2564	G	C	4743	4523	43	1	1	40	0.000210793	4744	0.500053	FALSE	NA	NA	NA	NA	NA	NA
NC_045512.2	2567	C	G	4699	4486	43	1	1	40	0.000212766	4700	0.500053	FALSE	NA	NA	NA	NA	NA	NA
NC_045512.2	2569	A	G	4142	3931	43	1	1	40	0.000241371	4143	0.50006	FALSE	NA	NA	NA	NA	NA	NA
NC_045512.2	2570	C	T	4138	3927	43	1	1	40	0.000241604	4139	0.50006	FALSE	NA	NA	NA	NA	NA	NA
NC_045512.2	2571	C	G	4120	3914	43	1	1	24	0.00024266	4121	1	FALSE	NA	NA	NA	NA	NA	NA
NC_045512.2	2572	T	G	4094	3889	43	2	2	32	0.000488281	4096	0.890768	FALSE	NA	NA	NA	NA	NA	NA
NC_045512.2	2573	A	G	4050	3855	43	1	1	40	0.000246792	4052	0.5	FALSE	NA	NA	NA	NA	NA	NA
NC_045512.2	2573	A	C	4050	3855	43	1	0	24	0.000246792	4052	1	FALSE	NA	NA	NA	NA	NA	NA
NC_045512.2	2575	T	G	4008	3820	43	1	1	24	0.000249439	4009	1	FALSE	NA	NA	NA	NA	NA	NA
NC_045512.2	2577	G	T	3521	3334	36	8	8	26	0.00226693	3529	0.999996	FALSE	NA	NA	NA	NA	NA	NA
NC_045512.2	2578	T	G	3440	3277	43	1	1	24	0.000290444	3443	1	FALSE	NA	NA	NA	NA	NA	NA
NC_045512.2	2578	T	C	3440	3277	43	2	2	24	0.000580889	3443	1	FALSE	NA	NA	NA	NA	NA	NA
NC_045512.2	2579	G	T	3335	3172	40	3	3	24	0.000898742	3338	1	FALSE	NA	NA	NA	NA	NA	NA
NC_045512.2	2580	A	G	3405	3245	43	1	1	40	0.0002936	3406	0.500073	FALSE	NA	NA	NA	NA	NA	NA
NC_045512.2	2583	C	G	3309	3157	43	1	1	40	0.000302115	3310	0.500076	FALSE	NA	NA	NA	NA	NA	NA
NC_045512.2	2584	T	C	3290	3144	43	2	2	40	0.000607533	3292	0.250038	FALSE	NA	NA	NA	NA	NA	NA
NC_045512.2	2586	T	A	3230	3082	42	1	1	40	0.000309502	3231	0.500077	FALSE	NA	NA	NA	NA	NA	NA
NC_045512.2	2587	T	G	3240	3092	43	1	1	24	0.000308547	3241	1	FALSE	NA	NA	NA	NA	NA	NA
NC_045512.2	2588	G	T	3169	3022	40	5	5	27	0.0015753	3174	0.999999	FALSE	NA	NA	NA	NA	NA	NA
NC_045512.2	2589	A	G	3242	3101	43	2	2	32	0.000616333	3245	0.812596	FALSE	NA	NA	NA	NA	NA	NA
NC_045512.2	2589	A	C	3242	3101	43	1	1	24	0.000308166	3245	1	FALSE	NA	NA	NA	NA	NA	NA
NC_045512.2	2593	T	G	3166	3037	43	2	2	40	0.000631114	3169	0.249961	FALSE	NA	NA	NA	NA	NA	NA
NC_045512.2	2593	T	C	3166	3037	43	1	1	40	0.000315557	3169	0.499921	FALSE	NA	NA	NA	NA	NA	NA
NC_045512.2	2596	A	G	2895	2777	43	1	1	24	0.000345304	2896	1	FALSE	NA	NA	NA	NA	NA	NA
NC_045512.2	2597	T	G	2885	2768	43	1	1	24	0.00034638	2887	1	FALSE	NA	NA	NA	NA	NA	NA
NC_045512.2	2597	T	C	2885	2768	43	1	1	40	0.00034638	2887	0.5	FALSE	NA	NA	NA	NA	NA	NA
NC_045512.2	2598	T	G	2878	2796	41	2	2	24	0.000694444	2880	1	FALSE	NA	NA	NA	NA	NA	NA
NC_045512.2	2599	G	C	2865	2782	41	1	1	24	0.000348918	2866	1	FALSE	NA	NA	NA	NA	NA	NA
NC_045512.2	2600	G	T	2824	2743	40	2	2	24	0.000707714	2826	1	FALSE	NA	NA	NA	NA	NA	NA
NC_045512.2	2628	T	G	42	9	43	1	1	24	0.0232558	43	0.505882	FALSE	NA	NA	NA	NA	NA	NA
NC_045512.2	2630	A	T	42	9	42	1	1	40	0.0232558	43	0.505882	FALSE	NA	NA	NA	NA	NA	NA
NC_045512.2	2790	C	T	0	0	0	44	39	49	1	44	7.61948e-26	TRUE	NA	NA	NA	NA	NA	NA
NC_045512.2	2889	T	C	2473	226	40	1	0	40	0.000404204	2474	0.500101	FALSE	NA	NA	NA	NA	NA	NA
NC_045512.2	2891	G	C	2580	231	40	1	0	40	0.000387447	2581	0.500097	FALSE	NA	NA	NA	NA	NA	NA
NC_045512.2	2894	G	C	2586	223	40	1	0	24	0.000386548	2587	1	FALSE	NA	NA	NA	NA	NA	NA
NC_045512.2	2895	A	C	2589	228	40	1	0	24	0.0003861	2590	1	FALSE	NA	NA	NA	NA	NA	NA
NC_045512.2	2896	T	C	2600	224	40	1	0	40	0.000384468	2601	0.500096	FALSE	NA	NA	NA	NA	NA	NA
NC_045512.2	2901	T	C	2631	238	41	3	0	34	0.00113895	2634	0.500178	FALSE	NA	NA	NA	NA	NA	NA
NC_045512.2	2903	A	C	2760	257	41	1	0	24	0.000362188	2761	1	FALSE	NA	NA	NA	NA	NA	NA
NC_045512.2	2904	T	G	2767	245	41	1	1	24	0.000361272	2768	1	FALSE	NA	NA	NA	NA	NA	NA
NC_045512.2	2905	A	G	2763	263	42	2	1	40	0.000723327	2765	0.250045	FALSE	NA	NA	NA	NA	NA	NA
NC_045512.2	2907	A	C	2759	264	41	2	0	24	0.000724375	2761	1	FALSE	NA	NA	NA	NA	NA	NA
NC_045512.2	2908	A	G	2763	265	41	1	0	40	0.000361795	2764	0.50009	FALSE	NA	NA	NA	NA	NA	NA
NC_045512.2	2913	T	C	2801	282	42	2	0	60	0.000713521	2803	0.250045	FALSE	NA	NA	NA	NA	NA	NA
NC_045512.2	2917	A	C	2814	309	43	1	0	24	0.00035524	2815	1	FALSE	NA	NA	NA	NA	NA	NA
NC_045512.2	2918	C	A	2793	310	42	1	0	40	0.00035791	2794	0.500089	FALSE	NA	NA	NA	NA	NA	NA
NC_045512.2	2919	C	G	2872	307	42	1	0	24	0.000348068	2873	1	FALSE	NA	NA	NA	NA	NA	NA
NC_045512.2	2921	G	A	3022	310	43	1	0	40	0.000330797	3023	0.500083	FALSE	NA	NA	NA	NA	NA	NA
NC_045512.2	2926	T	C	3063	328	43	1	0	40	0.000326371	3064	0.500082	FALSE	NA	NA	NA	NA	NA	NA
NC_045512.2	2927	G	A	3214	337	43	1	0	40	0.000311042	3215	0.500078	FALSE	NA	NA	NA	NA	NA	NA
NC_045512.2	2929	A	C	3200	336	43	1	0	24	0.000312402	3201	1	FALSE	NA	NA	NA	NA	NA	NA
NC_045512.2	2931	T	C	3219	336	43	1	0	40	0.000310559	3220	0.500078	FALSE	NA	NA	NA	NA	NA	NA
NC_045512.2	2934	T	G	3513	355	43	1	0	40	0.000284414	3516	0.499929	FALSE	NA	NA	NA	NA	NA	NA
NC_045512.2	2934	T	C	3513	355	43	2	0	24	0.000568828	3516	1	FALSE	NA	NA	NA	NA	NA	NA
NC_045512.2	2937	C	T	3565	381	44	1	0	40	0.000280426	3566	0.50007	FALSE	NA	NA	NA	NA	NA	NA
NC_045512.2	2938	A	C	3534	384	44	1	0	24	0.000282885	3535	1	FALSE	NA	NA	NA	NA	NA	NA
NC_045512.2	2939	C	A	3673	389	44	1	0	24	0.000272183	3674	1	FALSE	NA	NA	NA	NA	NA	NA
NC_045512.2	2940	C	G	3660	390	43	1	0	40	0.000273149	3661	0.500068	FALSE	NA	NA	NA	NA	NA	NA
NC_045512.2	2942	C	A	3187	415	38	38	0	25	0.0117829	3225	0.274548	FALSE	NA	NA	NA	NA	NA	NA
NC_045512.2	2943	T	G	3724	416	44	1	1	24	0.000268456	3725	1	FALSE	NA	NA	NA	NA	NA	NA
NC_045512.2	2944	G	T	3757	422	44	1	0	40	0.000266099	3758	0.500067	FALSE	NA	NA	NA	NA	NA	NA
NC_045512.2	2945	G	C	3748	406	44	1	0	40	0.000266738	3749	0.500067	FALSE	NA	NA	NA	NA	NA	NA
NC_045512.2	2946	G	C	3773	423	45	1	0	40	0.00026476	3777	0.499868	FALSE	NA	NA	NA	NA	NA	NA
NC_045512.2	2946	G	A	3773	423	45	3	0	34	0.000794281	3777	0.656312	FALSE	NA	NA	NA	NA	NA	NA
NC_045512.2	2947	C	T	3734	417	43	1	1	80	0.000267738	3735	0.500067	FALSE	NA	NA	NA	NA	NA	NA
NC_045512.2	2950	T	C	3779	427	44	1	0	24	0.00026455	3780	1	FALSE	NA	NA	NA	NA	NA	NA
NC_045512.2	2956	A	C	3990	453	43	2	0	24	0.000501002	3992	1	FALSE	NA	NA	NA	NA	NA	NA
NC_045512.2	2957	G	C	4080	454	45	1	0	24	0.000244978	4082	1	FALSE	NA	NA	NA	NA	NA	NA
NC_045512.2	2957	G	A	4080	454	45	1	0	40	0.000244978	4082	0.5	FALSE	NA	NA	NA	NA	NA	NA
NC_045512.2	2961	A	C	4154	538	46	2	0	24	0.000481232	4156	1	FALSE	NA	NA	NA	NA	NA	NA
NC_045512.2	2962	G	T	4244	523	45	3	3	29	0.000706381	4247	1	FALSE	NA	NA	NA	NA	NA	NA
NC_045512.2	2963	T	G	4256	556	47	1	0	24	0.000234852	4258	1	FALSE	NA	NA	NA	NA	NA	NA
NC_045512.2	2963	T	C	4256	556	47	1	0	24	0.000234852	4258	1	FALSE	NA	NA	NA	NA	NA	NA
NC_045512.2	2964	G	A	4256	548	46	1	0	40	0.000234907	4257	0.500059	FALSE	NA	NA	NA	NA	NA	NA
NC_045512.2	2965	G	T	4505	565	46	1	0	40	0.000221926	4506	0.500055	FALSE	NA	NA	NA	NA	NA	NA
NC_045512.2	2966	A	C	4475	616	46	1	0	24	0.000223414	4476	1	FALSE	NA	NA	NA	NA	NA	NA
NC_045512.2	2967	G	A	4558	620	47	1	0	40	0.000219346	4559	0.500055	FALSE	NA	NA	NA	NA	NA	NA
NC_045512.2	2969	A	G	4543	698	49	3	1	29	0.000659921	4546	1	FALSE	NA	NA	NA	NA	NA	NA
NC_045512.2	2970	T	C	4606	703	49	1	0	24	0.000217061	4607	1	FALSE	NA	NA	NA	NA	NA	NA
NC_045512.2	2971	G	T	4619	700	48	1	1	24	0.000216403	4621	1	FALSE	NA	NA	NA	NA	NA	NA
NC_045512.2	2971	G	A	4619	700	48	1	0	40	0.000216403	4621	0.5	FALSE	NA	NA	NA	NA	NA	NA
NC_045512.2	2974	T	C	4760	818	50	1	0	24	0.00021004	4761	1	FALSE	NA	NA	NA	NA	NA	NA
NC_045512.2	2975	A	G	4817	837	50	1	0	40	0.000207555	4818	0.500052	FALSE	NA	NA	NA	NA	NA	NA
NC_045512.2	2976	C	G	4784	838	49	1	0	40	0.000208899	4787	0.499948	FALSE	NA	NA	NA	NA	NA	NA
NC_045512.2	2976	C	A	4784	838	49	2	0	24	0.000417798	4787	1	FALSE	NA	NA	NA	NA	NA	NA
NC_045512.2	2978	T	G	4880	845	50	1	0	40	0.000204876	4881	0.500051	FALSE	NA	NA	NA	NA	NA	NA
NC_045512.2	2980	C	G	4950	860	49	1	1	40	0.000201979	4951	0.50005	FALSE	NA	NA	NA	NA	NA	NA
NC_045512.2	2982	A	T	4971	885	50	1	0	40	0.000201045	4974	0.49995	FALSE	NA	NA	NA	NA	NA	NA
NC_045512.2	2982	A	C	4971	885	50	2	0	24	0.000402091	4974	1	FALSE	NA	NA	NA	NA	NA	NA
NC_045512.2	2983	C	A	4707	893	47	19	0	25	0.00402031	4726	0.999864	FALSE	NA	NA	NA	NA	NA	NA
NC_045512.2	2986	A	G	4956	883	50	1	0	40	0.000201654	4959	0.49995	FALSE	NA	NA	NA	NA	NA	NA
NC_045512.2	2986	A	C	4956	883	50	2	0	24	0.000403307	4959	1	FALSE	NA	NA	NA	NA	NA	NA
NC_045512.2	2988	T	G	5025	878	51	1	0	40	0.000198965	5026	0.50005	FALSE	NA	NA	NA	NA	NA	NA
NC_045512.2	2989	T	C	4987	857	51	1	0	40	0.000200481	4988	0.50005	FALSE	NA	NA	NA	NA	NA	NA
NC_045512.2	2994	A	G	5054	932	52	2	1	30	0.00039557	5056	0.937597	FALSE	NA	NA	NA	NA	NA	NA
NC_045512.2	2997	C	A	5069	931	52	3	0	29	0.000591483	5072	1	FALSE	NA	NA	NA	NA	NA	NA
NC_045512.2	3006	T	C	5102	949	53	1	0	40	0.000195963	5103	0.500049	FALSE	NA	NA	NA	NA	NA	NA
NC_045512.2	3008	A	C	5027	951	52	3	0	24	0.000596421	5030	1	FALSE	NA	NA	NA	NA	NA	NA
NC_045512.2	3009	A	G	5057	947	53	1	0	40	0.000197707	5058	0.500049	FALSE	NA	NA	NA	NA	NA	NA
NC_045512.2	3012	T	C	5091	959	53	1	1	80	0.000196386	5092	0.500049	FALSE	NA	NA	NA	NA	NA	NA
NC_045512.2	3014	G	T	5072	949	53	1	1	40	0.000197044	5075	0.499951	FALSE	NA	NA	NA	NA	NA	NA
NC_045512.2	3014	G	A	5072	949	53	2	1	72	0.000394089	5075	0.249975	FALSE	NA	NA	NA	NA	NA	NA
NC_045512.2	3015	C	G	4694	1229	52	1	1	40	0.000212993	4695	0.500053	FALSE	NA	NA	NA	NA	NA	NA
NC_045512.2	3018	C	A	4580	1366	51	3	0	24	0.000654593	4583	1	FALSE	NA	NA	NA	NA	NA	NA
NC_045512.2	3019	A	C	4561	1374	51	1	0	40	0.000219202	4562	0.500055	FALSE	NA	NA	NA	NA	NA	NA
NC_045512.2	3020	C	A	4522	1437	49	18	0	26	0.00396476	4540	0.99984	FALSE	NA	NA	NA	NA	NA	NA
NC_045512.2	3024	T	A	4674	1466	51	1	0	40	0.000213904	4675	0.500053	FALSE	NA	NA	NA	NA	NA	NA
NC_045512.2	3027	A	C	4674	1560	51	2	0	24	0.000427716	4676	1	FALSE	NA	NA	NA	NA	NA	NA
NC_045512.2	3029	T	C	4524	1620	51	1	1	40	0.000220994	4525	0.500055	FALSE	NA	NA	NA	NA	NA	NA
NC_045512.2	3037	C	T	0	0	0	4408	1874	50	1	4408	0	TRUE	NA	NA	NA	NA	NA	NA
NC_045512.2	3038	T	C	4419	1892	51	1	1	40	0.000226244	4420	0.500057	FALSE	NA	NA	NA	NA	NA	NA
NC_045512.2	3039	A	C	4316	1910	48	1	0	32	0.000231642	4317	0.968804	FALSE	NA	NA	NA	NA	NA	NA
NC_045512.2	3043	T	C	4411	1959	50	1	0	80	0.000226655	4412	0.500057	FALSE	NA	NA	NA	NA	NA	NA
NC_045512.2	3045	C	A	4348	1983	49	3	1	29	0.000689497	4351	1	FALSE	NA	NA	NA	NA	NA	NA
NC_045512.2	3046	A	C	4423	1984	50	1	0	24	0.00022604	4424	1	FALSE	NA	NA	NA	NA	NA	NA
NC_045512.2	3048	A	G	4430	2009	49	1	0	40	0.000225683	4431	0.500056	FALSE	NA	NA	NA	NA	NA	NA
NC_045512.2	3049	T	G	4498	2080	51	1	1	40	0.000222272	4499	0.500056	FALSE	NA	NA	NA	NA	NA	NA
NC_045512.2	3053	G	C	4445	2114	51	2	2	32	0.000449741	4447	0.890757	FALSE	NA	NA	NA	NA	NA	NA
NC_045512.2	3055	T	G	4457	2159	51	1	1	24	0.000224316	4458	1	FALSE	NA	NA	NA	NA	NA	NA
NC_045512.2	3056	G	T	4402	2095	49	2	2	32	0.000453926	4406	0.890652	FALSE	NA	NA	NA	NA	NA	NA
NC_045512.2	3056	G	A	4402	2095	49	2	0	40	0.000453926	4406	0.249915	FALSE	NA	NA	NA	NA	NA	NA
NC_045512.2	3057	A	G	4456	2168	51	1	1	24	0.000224366	4457	1	FALSE	NA	NA	NA	NA	NA	NA
NC_045512.2	3058	A	G	4462	2168	51	1	0	40	0.000224014	4464	0.5	FALSE	NA	NA	NA	NA	NA	NA
NC_045512.2	3058	A	C	4462	2168	51	1	0	24	0.000224014	4464	1	FALSE	NA	NA	NA	NA	NA	NA
NC_045512.2	3059	G	T	4457	2135	50	1	1	24	0.000224266	4459	1	FALSE	NA	NA	NA	NA	NA	NA
NC_045512.2	3059	G	A	4457	2135	50	1	0	40	0.000224266	4459	0.5	FALSE	NA	NA	NA	NA	NA	NA
NC_045512.2	3061	A	G	4531	2333	52	1	1	40	0.000220653	4532	0.500055	FALSE	NA	NA	NA	NA	NA	NA
NC_045512.2	3063	A	C	4531	2336	52	1	0	24	0.000220653	4532	1	FALSE	NA	NA	NA	NA	NA	NA
NC_045512.2	3066	G	T	4651	2545	53	1	1	24	0.000214961	4652	1	FALSE	NA	NA	NA	NA	NA	NA
NC_045512.2	3067	T	C	4680	2606	54	1	1	40	0.00021363	4681	0.500053	FALSE	NA	NA	NA	NA	NA	NA
NC_045512.2	3069	A	G	4662	2670	54	1	0	24	0.000214454	4663	1	FALSE	NA	NA	NA	NA	NA	NA
NC_045512.2	3070	T	G	4640	2659	54	1	1	24	0.000215424	4642	1	FALSE	NA	NA	NA	NA	NA	NA
NC_045512.2	3070	T	C	4640	2659	54	1	0	80	0.000215424	4642	0.5	FALSE	NA	NA	NA	NA	NA	NA
NC_045512.2	3071	T	G	4633	2665	54	1	1	24	0.000215796	4634	1	FALSE	NA	NA	NA	NA	NA	NA
NC_045512.2	3072	G	T	4555	2669	53	1	1	24	0.000219491	4556	1	FALSE	NA	NA	NA	NA	NA	NA
NC_045512.2	3073	T	G	4596	2730	54	2	2	32	0.000434972	4598	0.890752	FALSE	NA	NA	NA	NA	NA	NA
NC_045512.2	3074	G	T	4506	2636	51	7	7	24	0.00155073	4514	1	FALSE	NA	NA	NA	NA	NA	NA
NC_045512.2	3074	G	C	4506	2636	51	1	1	24	0.000221533	4514	1	FALSE	NA	NA	NA	NA	NA	NA
NC_045512.2	3075	A	C	4679	2865	54	1	1	32	0.000213675	4680	0.9688	FALSE	NA	NA	NA	NA	NA	NA
NC_045512.2	3080	G	T	4702	3012	53	1	1	24	0.000212585	4704	1	FALSE	NA	NA	NA	NA	NA	NA
NC_045512.2	3080	G	C	4702	3012	53	1	1	40	0.000212585	4704	0.5	FALSE	NA	NA	NA	NA	NA	NA
NC_045512.2	3084	A	C	4787	3318	54	1	0	24	0.000208855	4788	1	FALSE	NA	NA	NA	NA	NA	NA
NC_045512.2	3086	T	G	4743	3286	54	1	1	24	0.000210704	4746	1	FALSE	NA	NA	NA	NA	NA	NA
NC_045512.2	3086	T	C	4743	3286	54	2	1	64	0.000421408	4746	0.249974	FALSE	NA	NA	NA	NA	NA	NA
NC_045512.2	3087	T	C	4739	3283	54	1	1	24	0.00021097	4740	1	FALSE	NA	NA	NA	NA	NA	NA
NC_045512.2	3088	T	C	4746	3325	54	1	1	40	0.000210659	4747	0.500053	FALSE	NA	NA	NA	NA	NA	NA
NC_045512.2	3090	A	G	4784	3490	53	1	1	24	0.000208986	4785	1	FALSE	NA	NA	NA	NA	NA	NA
NC_045512.2	3095	T	G	4894	3777	55	1	1	24	0.00020429	4895	1	FALSE	NA	NA	NA	NA	NA	NA
NC_045512.2	3097	A	C	5016	3983	54	1	0	24	0.000199322	5017	1	FALSE	NA	NA	NA	NA	NA	NA
NC_045512.2	3101	C	T	5051	4062	53	1	1	64	0.000197941	5052	0.500049	FALSE	NA	NA	NA	NA	NA	NA
NC_045512.2	3104	T	G	5016	4094	54	1	1	24	0.000199322	5017	1	FALSE	NA	NA	NA	NA	NA	NA
NC_045512.2	3106	T	G	4992	4066	54	3	3	29	0.00060048	4996	1	FALSE	NA	NA	NA	NA	NA	NA
NC_045512.2	3106	T	C	4992	4066	54	1	1	40	0.00020016	4996	0.4999	FALSE	NA	NA	NA	NA	NA	NA
NC_045512.2	3108	A	G	4958	4046	54	2	2	32	0.000403226	4960	0.890743	FALSE	NA	NA	NA	NA	NA	NA
NC_045512.2	3112	T	G	4820	3938	54	2	2	24	0.000414766	4822	1	FALSE	NA	NA	NA	NA	NA	NA
NC_045512.2	3116	A	G	4792	4061	51	1	1	24	0.000208594	4794	1	FALSE	NA	NA	NA	NA	NA	NA
NC_045512.2	3116	A	C	4792	4061	51	1	1	24	0.000208594	4794	1	FALSE	NA	NA	NA	NA	NA	NA
NC_045512.2	3117	C	T	4787	4075	51	1	1	40	0.000208855	4788	0.500052	FALSE	NA	NA	NA	NA	NA	NA
NC_045512.2	3118	T	G	4589	3887	51	2	2	32	0.000435635	4591	0.890753	FALSE	NA	NA	NA	NA	NA	NA
NC_045512.2	3120	A	G	4612	3914	52	1	1	24	0.000216779	4613	1	FALSE	NA	NA	NA	NA	NA	NA
NC_045512.2	3123	A	G	4371	3758	50	1	1	40	0.000228728	4372	0.500057	FALSE	NA	NA	NA	NA	NA	NA
NC_045512.2	3124	T	C	4369	3754	50	1	1	40	0.000228833	4370	0.500057	FALSE	NA	NA	NA	NA	NA	NA
NC_045512.2	3128	T	G	4328	3772	50	1	1	24	0.000230947	4330	1	FALSE	NA	NA	NA	NA	NA	NA
NC_045512.2	3128	T	C	4328	3772	50	1	1	24	0.000230947	4330	1	FALSE	NA	NA	NA	NA	NA	NA
NC_045512.2	3136	T	G	4224	3758	48	1	1	24	0.000236686	4225	1	FALSE	NA	NA	NA	NA	NA	NA
NC_045512.2	3139	A	G	4249	3787	48	1	1	24	0.000235294	4250	1	FALSE	NA	NA	NA	NA	NA	NA
NC_045512.2	3142	T	G	4045	3597	48	1	1	24	0.000247097	4047	1	FALSE	NA	NA	NA	NA	NA	NA
NC_045512.2	3142	T	C	4045	3597	48	1	0	36	0.000247097	4047	0.968789	FALSE	NA	NA	NA	NA	NA	NA
NC_045512.2	3143	T	C	4017	3570	48	1	1	40	0.00024888	4018	0.500062	FALSE	NA	NA	NA	NA	NA	NA
NC_045512.2	3144	T	G	4025	3577	48	1	1	24	0.000248385	4026	1	FALSE	NA	NA	NA	NA	NA	NA
NC_045512.2	3145	G	T	4029	3628	46	1	1	24	0.000248139	4030	1	FALSE	NA	NA	NA	NA	NA	NA
NC_045512.2	3151	T	G	3956	3562	47	1	1	24	0.000252717	3957	1	FALSE	NA	NA	NA	NA	NA	NA
NC_045512.2	3153	G	T	3954	3565	47	1	1	24	0.000252781	3956	1	FALSE	NA	NA	NA	NA	NA	NA
NC_045512.2	3153	G	A	3954	3565	47	1	1	40	0.000252781	3956	0.5	FALSE	NA	NA	NA	NA	NA	NA
NC_045512.2	3154	T	G	3963	3574	47	1	1	40	0.000252207	3965	0.5	FALSE	NA	NA	NA	NA	NA	NA
NC_045512.2	3154	T	C	3963	3574	47	1	1	40	0.000252207	3965	0.5	FALSE	NA	NA	NA	NA	NA	NA
NC_045512.2	3160	T	C	3933	3563	47	1	0	80	0.000254194	3934	0.500064	FALSE	NA	NA	NA	NA	NA	NA
NC_045512.2	3161	T	C	3926	3554	47	1	1	40	0.000254647	3927	0.500064	FALSE	NA	NA	NA	NA	NA	NA
NC_045512.2	3163	T	C	3904	3541	47	1	1	40	0.000256082	3905	0.500064	FALSE	NA	NA	NA	NA	NA	NA
NC_045512.2	3164	G	C	3904	3542	47	1	1	40	0.000256082	3905	0.500064	FALSE	NA	NA	NA	NA	NA	NA
NC_045512.2	3170	C	G	3658	3396	45	1	1	24	0.000273299	3659	1	FALSE	NA	NA	NA	NA	NA	NA
NC_045512.2	3171	T	C	3591	3332	45	1	1	40	0.000278396	3592	0.50007	FALSE	NA	NA	NA	NA	NA	NA
NC_045512.2	3172	T	G	3587	3328	45	2	2	24	0.000556793	3592	1	FALSE	NA	NA	NA	NA	NA	NA
NC_045512.2	3172	T	C	3587	3328	45	3	3	34	0.000835189	3592	0.656185	FALSE	NA	NA	NA	NA	NA	NA
NC_045512.2	3179	G	T	3021	2797	40	11	11	25	0.00362677	3033	0.999301	FALSE	NA	NA	NA	NA	NA	NA
NC_045512.2	3179	G	A	3021	2797	40	1	1	40	0.000329707	3033	0.499174	FALSE	NA	NA	NA	NA	NA	NA
NC_045512.2	3180	A	G	3404	3182	45	1	1	40	0.000293686	3405	0.500073	FALSE	NA	NA	NA	NA	NA	NA
NC_045512.2	3182	G	T	3233	3014	42	4	4	24	0.00123533	3238	1	FALSE	NA	NA	NA	NA	NA	NA
NC_045512.2	3182	G	A	3233	3014	42	1	1	80	0.000308833	3238	0.499768	FALSE	NA	NA	NA	NA	NA	NA
NC_045512.2	3183	A	G	3388	3172	45	3	3	29	0.000884695	3391	1	FALSE	NA	NA	NA	NA	NA	NA
NC_045512.2	3184	A	G	3231	3022	45	2	2	40	0.00061862	3233	0.250039	FALSE	NA	NA	NA	NA	NA	NA
NC_045512.2	3193	A	G	3059	2884	44	2	2	40	0.000653381	3061	0.250041	FALSE	NA	NA	NA	NA	NA	NA
NC_045512.2	3195	A	G	3023	2861	44	1	1	24	0.000330688	3024	1	FALSE	NA	NA	NA	NA	NA	NA
NC_045512.2	3196	A	C	2979	2817	44	2	2	40	0.000670916	2981	0.250042	FALSE	NA	NA	NA	NA	NA	NA
NC_045512.2	3199	T	G	2948	2788	43	1	1	24	0.000339098	2949	1	FALSE	NA	NA	NA	NA	NA	NA
NC_045512.2	3200	T	G	2823	2667	44	1	1	40	0.000354108	2824	0.500089	FALSE	NA	NA	NA	NA	NA	NA
NC_045512.2	3201	G	T	2831	2675	44	1	1	40	0.000352858	2834	0.499912	FALSE	NA	NA	NA	NA	NA	NA
NC_045512.2	3201	G	C	2831	2675	44	2	2	40	0.000705716	2834	0.249956	FALSE	NA	NA	NA	NA	NA	NA
NC_045512.2	3202	G	T	2685	2528	39	3	3	24	0.00111566	2689	0.999999	FALSE	NA	NA	NA	NA	NA	NA
NC_045512.2	3202	G	C	2685	2528	39	1	1	40	0.000371885	2689	0.499814	FALSE	NA	NA	NA	NA	NA	NA
NC_045512.2	3203	T	G	2757	2614	43	1	1	24	0.000362582	2758	1	FALSE	NA	NA	NA	NA	NA	NA
NC_045512.2	3204	T	G	2743	2601	42	4	4	30	0.0014556	2748	0.343665	FALSE	NA	NA	NA	NA	NA	NA
NC_045512.2	3204	T	C	2743	2601	42	1	1	24	0.000363901	2748	1	FALSE	NA	NA	NA	NA	NA	NA
NC_045512.2	3206	G	T	2705	2563	44	1	1	40	0.000369549	2706	0.500092	FALSE	NA	NA	NA	NA	NA	NA
NC_045512.2	3208	T	C	2665	2522	43	1	1	24	0.000375094	2666	1	FALSE	NA	NA	NA	NA	NA	NA
NC_045512.2	3214	T	A	2405	2282	43	1	1	40	0.000415628	2406	0.500104	FALSE	NA	NA	NA	NA	NA	NA
NC_045512.2	3222	A	G	1776	1670	44	1	1	24	0.000562746	1777	0.999996	FALSE	NA	NA	NA	NA	NA	NA
NC_045512.2	3223	A	G	1773	1668	44	1	0	80	0.000563698	1774	0.500141	FALSE	NA	NA	NA	NA	NA	NA
NC_045512.2	3226	T	G	1560	1467	43	2	2	32	0.00128041	1562	0.50024	FALSE	NA	NA	NA	NA	NA	NA
NC_045512.2	3228	T	G	1416	1323	44	1	1	40	0.000705219	1418	0.5	FALSE	NA	NA	NA	NA	NA	NA
NC_045512.2	3228	T	C	1416	1323	44	1	1	24	0.000705219	1418	0.999971	FALSE	NA	NA	NA	NA	NA	NA
NC_045512.2	3229	T	-G	1322	1232	44	7	0	20	0.00529501	1322	0.944562	FALSE	NA	NA	NA	NA	NA	NA
NC_045512.2	3431	G	T	0	0	0	18	18	41	1	18	2.20382e-10	TRUE	NA	NA	NA	NA	NA	NA
NC_045512.2	3468	G	T	10	10	31	1	1	40	0.0909091	11	0.52381	FALSE	NA	NA	NA	NA	NA	NA
NC_045512.2	3471	G	T	8	8	33	4	4	24	0.333333	12	0.0559006	FALSE	NA	NA	NA	NA	NA	NA
NC_045512.2	3544	T	C	8336	504	39	2	1	40	0.000239866	8338	0.250015	FALSE	NA	NA	NA	NA	NA	NA
NC_045512.2	3544	T	-A	8336	504	39	1	0	20	0.000119933	8338	1	FALSE	NA	NA	NA	NA	NA	NA
NC_045512.2	3545	A	G	8255	511	39	1	0	40	0.000121051	8261	0.499849	FALSE	NA	NA	NA	NA	NA	NA
NC_045512.2	3545	A	C	8255	511	39	5	0	24	0.000605254	8261	1	FALSE	NA	NA	NA	NA	NA	NA
NC_045512.2	3546	A	G	8337	512	39	1	0	24	0.000119933	8338	1	FALSE	NA	NA	NA	NA	NA	NA
NC_045512.2	3547	T	C	8385	511	39	1	0	24	0.000119246	8386	1	FALSE	NA	NA	NA	NA	NA	NA
NC_045512.2	3550	A	G	8361	644	40	2	0	40	0.000239006	8368	0.249866	FALSE	NA	NA	NA	NA	NA	NA
NC_045512.2	3550	A	C	8361	644	40	5	0	27	0.000597514	8368	1	FALSE	NA	NA	NA	NA	NA	NA
NC_045512.2	3552	C	G	9227	674	41	5	0	30	0.000541594	9232	0.910333	FALSE	NA	NA	NA	NA	NA	NA
NC_045512.2	3553	A	G	10046	713	41	3	1	40	0.0002983	10057	0.31222	FALSE	NA	NA	NA	NA	NA	NA
NC_045512.2	3553	A	C	10046	713	41	8	0	30	0.000795466	10057	0.759626	FALSE	NA	NA	NA	NA	NA	NA
NC_045512.2	3554	C	G	10826	746	41	1	0	24	9.23617e-05	10827	1	FALSE	NA	NA	NA	NA	NA	NA
NC_045512.2	3555	T	C	10833	758	41	1	0	64	9.2302e-05	10834	0.500023	FALSE	NA	NA	NA	NA	NA	NA
NC_045512.2	3556	T	G	10787	756	41	3	0	34	0.000277726	10802	0.988736	FALSE	NA	NA	NA	NA	NA	NA
NC_045512.2	3556	T	C	10787	756	41	11	1	32	0.00101833	10802	0.499743	FALSE	NA	NA	NA	NA	NA	NA
NC_045512.2	3556	T	A	10787	756	41	1	0	24	9.25754e-05	10802	1	FALSE	NA	NA	NA	NA	NA	NA
NC_045512.2	3557	A	G	10729	762	40	1	0	40	9.31359e-05	10737	0.749872	FALSE	NA	NA	NA	NA	NA	NA
NC_045512.2	3557	A	C	10729	762	40	7	0	28	0.000651951	10737	1	FALSE	NA	NA	NA	NA	NA	NA
NC_045512.2	3558	A	G	10796	758	41	2	0	24	0.000185168	10801	1	FALSE	NA	NA	NA	NA	NA	NA
NC_045512.2	3558	A	C	10796	758	41	3	0	29	0.000277752	10801	1	FALSE	NA	NA	NA	NA	NA	NA
NC_045512.2	3559	A	C	10809	756	41	3	0	24	0.000277469	10812	1	FALSE	NA	NA	NA	NA	NA	NA
NC_045512.2	3560	G	A	10943	755	41	1	0	24	9.13743e-05	10944	1	FALSE	NA	NA	NA	NA	NA	NA
NC_045512.2	3561	T	C	10961	768	41	2	0	32	0.000182432	10963	0.996834	FALSE	NA	NA	NA	NA	NA	NA
NC_045512.2	3562	G	A	11148	776	41	2	0	32	0.000179372	11150	0.998296	FALSE	NA	NA	NA	NA	NA	NA
NC_045512.2	3563	G	C	11217	839	42	3	0	34	0.00026738	11220	0.993547	FALSE	NA	NA	NA	NA	NA	NA
NC_045512.2	3564	G	C	11225	842	42	2	0	40	0.000178142	11227	0.500033	FALSE	NA	NA	NA	NA	NA	NA
NC_045512.2	3565	T	G	5	0	40	1	0	40	8.77501e-05	11396	0.00105231	TRUE	NA	NA	NA	NA	NA	NA
NC_045512.2	3565	T	C	5	0	40	11390	958	42	0.999473	11396	0	TRUE	NA	NA	NA	NA	NA	NA
NC_045512.2	3566	G	C	11397	958	42	5	0	36	0.000438481	11403	0.961645	FALSE	NA	NA	NA	NA	NA	NA
NC_045512.2	3566	G	A	11397	958	42	1	0	40	8.76962e-05	11403	0.749923	FALSE	NA	NA	NA	NA	NA	NA
NC_045512.2	3567	G	C	11750	963	42	1	0	24	8.50991e-05	11751	1	FALSE	NA	NA	NA	NA	NA	NA
NC_045512.2	3568	T	C	11770	1027	43	5	0	41	0.000424628	11775	0.109365	FALSE	NA	NA	NA	NA	NA	NA
NC_045512.2	3570	G	C	12073	1033	43	1	0	40	8.28226e-05	12074	0.750031	FALSE	NA	NA	NA	NA	NA	NA
NC_045512.2	3571	T	C	12077	1035	43	2	0	32	0.000165563	12080	0.999087	FALSE	NA	NA	NA	NA	NA	NA
NC_045512.2	3571	T	A	12077	1035	43	1	0	40	8.27815e-05	12080	0.74999	FALSE	NA	NA	NA	NA	NA	NA
NC_045512.2	3572	T	C	12066	1040	43	6	0	32	0.000497018	12072	0.951953	FALSE	NA	NA	NA	NA	NA	NA
NC_045512.2	3573	G	A	12187	1048	43	1	0	64	8.20479e-05	12188	0.500021	FALSE	NA	NA	NA	NA	NA	NA
NC_045512.2	3574	T	C	12202	1047	43	3	0	48	0.000245801	12205	0.312515	FALSE	NA	NA	NA	NA	NA	NA
NC_045512.2	3576	T	C	12500	1056	43	1	0	24	7.99936e-05	12501	1	FALSE	NA	NA	NA	NA	NA	NA
NC_045512.2	3578	T	G	12501	1070	43	1	0	40	7.99744e-05	12504	0.74999	FALSE	NA	NA	NA	NA	NA	NA
NC_045512.2	3578	T	C	12501	1070	43	2	0	32	0.000159949	12504	0.999087	FALSE	NA	NA	NA	NA	NA	NA
NC_045512.2	3579	T	C	12505	1098	43	2	0	32	0.00015991	12507	0.999087	FALSE	NA	NA	NA	NA	NA	NA
NC_045512.2	3580	A	C	12413	1107	43	3	0	24	0.000241624	12416	1	FALSE	NA	NA	NA	NA	NA	NA
NC_045512.2	3581	A	G	12475	1105	43	2	0	40	0.000160269	12479	0.49997	FALSE	NA	NA	NA	NA	NA	NA
NC_045512.2	3581	A	C	12475	1105	43	2	0	32	0.000160269	12479	0.999086	FALSE	NA	NA	NA	NA	NA	NA
NC_045512.2	3582	G	C	12544	1106	43	2	0	32	0.000159413	12546	0.999087	FALSE	NA	NA	NA	NA	NA	NA
NC_045512.2	3583	C	T	12541	1134	43	2	0	40	0.000159401	12547	0.49991	FALSE	NA	NA	NA	NA	NA	NA
NC_045512.2	3583	C	G	12541	1134	43	4	0	28	0.000318801	12547	1	FALSE	NA	NA	NA	NA	NA	NA
NC_045512.2	3584	G	C	12606	1133	43	1	0	40	7.93147e-05	12608	0.75001	FALSE	NA	NA	NA	NA	NA	NA
NC_045512.2	3584	G	A	12606	1133	43	1	0	40	7.93147e-05	12608	0.75001	FALSE	NA	NA	NA	NA	NA	NA
NC_045512.2	3586	A	C	13077	1157	43	2	0	24	0.000152917	13079	1	FALSE	NA	NA	NA	NA	NA	NA
NC_045512.2	3587	C	T	13147	1208	44	2	0	40	0.000152103	13149	0.500029	FALSE	NA	NA	NA	NA	NA	NA
NC_045512.2	3588	A	T	13103	1216	44	1	0	40	7.63126e-05	13104	0.750029	FALSE	NA	NA	NA	NA	NA	NA
NC_045512.2	3589	C	T	13452	1227	44	2	0	40	0.000148644	13455	0.5	FALSE	NA	NA	NA	NA	NA	NA
NC_045512.2	3589	C	G	13452	1227	44	1	0	40	7.43218e-05	13455	0.749991	FALSE	NA	NA	NA	NA	NA	NA
NC_045512.2	3590	A	G	13418	1225	43	1	1	80	7.4499e-05	13423	0.499944	FALSE	NA	NA	NA	NA	NA	NA
NC_045512.2	3590	A	C	13418	1225	43	4	0	28	0.000297996	13423	1	FALSE	NA	NA	NA	NA	NA	NA
NC_045512.2	3591	A	C	13635	1239	44	1	0	32	7.33353e-05	13636	0.999939	FALSE	NA	NA	NA	NA	NA	NA
NC_045512.2	3592	T	C	13662	1237	44	1	0	24	7.31904e-05	13663	1	FALSE	NA	NA	NA	NA	NA	NA
NC_045512.2	3594	T	C	13758	1501	45	2	0	32	0.000145349	13760	0.999513	FALSE	NA	NA	NA	NA	NA	NA
NC_045512.2	3595	T	G	13802	1542	45	1	0	40	7.24428e-05	13804	0.750009	FALSE	NA	NA	NA	NA	NA	NA
NC_045512.2	3595	T	C	13802	1542	45	1	0	24	7.24428e-05	13804	1	FALSE	NA	NA	NA	NA	NA	NA
NC_045512.2	3596	G	C	14567	1592	45	1	0	40	6.86342e-05	14570	0.749991	FALSE	NA	NA	NA	NA	NA	NA
NC_045512.2	3596	G	A	14567	1592	45	2	1	52	0.000137268	14570	0.249991	FALSE	NA	NA	NA	NA	NA	NA
NC_045512.2	3598	T	-A	14590	2015	47	1	0	20	6.85401e-05	14590	1	FALSE	NA	NA	NA	NA	NA	NA
NC_045512.2	3599	A	G	14571	2038	47	3	1	53	0.000205818	14576	0.124961	FALSE	NA	NA	NA	NA	NA	NA
NC_045512.2	3599	A	C	14571	2038	47	2	0	32	0.000137212	14576	0.999741	FALSE	NA	NA	NA	NA	NA	NA
NC_045512.2	3600	A	G	14564	2037	47	3	1	40	0.000205931	14568	0.312487	FALSE	NA	NA	NA	NA	NA	NA
NC_045512.2	3600	A	C	14564	2037	47	1	0	24	6.86436e-05	14568	1	FALSE	NA	NA	NA	NA	NA	NA
NC_045512.2	3601	A	C	14880	2062	47	1	0	24	6.71998e-05	14881	1	FALSE	NA	NA	NA	NA	NA	NA
NC_045512.2	3602	C	T	14945	2065	48	2	1	40	0.000133806	14947	0.500025	FALSE	NA	NA	NA	NA	NA	NA
NC_045512.2	3603	A	C	14903	2119	48	3	0	34	0.000201261	14906	0.998829	FALSE	NA	NA	NA	NA	NA	NA
NC_045512.2	3605	T	C	14977	2348	49	1	0	24	6.67646e-05	14978	1	FALSE	NA	NA	NA	NA	NA	NA
NC_045512.2	3607	T	C	16392	2474	49	1	0	24	6.09979e-05	16394	1	FALSE	NA	NA	NA	NA	NA	NA
NC_045512.2	3607	T	A	16392	2474	49	1	0	40	6.09979e-05	16394	0.750008	FALSE	NA	NA	NA	NA	NA	NA
NC_045512.2	3608	C	T	16372	2480	48	1	0	40	6.10762e-05	16373	0.750023	FALSE	NA	NA	NA	NA	NA	NA
NC_045512.2	3608	C	-T	16372	2480	48	1	0	20	6.10762e-05	16373	1	FALSE	NA	NA	NA	NA	NA	NA
NC_045512.2	3609	T	G	16407	2476	49	1	0	40	6.09236e-05	16414	0.749916	FALSE	NA	NA	NA	NA	NA	NA
NC_045512.2	3609	T	C	16407	2476	49	6	1	42	0.000365542	16414	0.06247	FALSE	NA	NA	NA	NA	NA	NA
NC_045512.2	3610	T	C	16461	2477	49	2	0	52	0.000121485	16463	0.250008	FALSE	NA	NA	NA	NA	NA	NA
NC_045512.2	3611	C	A	16243	2499	47	11	0	32	0.000676756	16254	0.876237	FALSE	NA	NA	NA	NA	NA	NA
NC_045512.2	3614	G	A	16475	2575	49	1	0	24	6.06943e-05	16476	1	FALSE	NA	NA	NA	NA	NA	NA
NC_045512.2	3616	T	C	16534	2611	49	1	0	40	6.04778e-05	16535	0.750023	FALSE	NA	NA	NA	NA	NA	NA
NC_045512.2	3617	G	C	16524	2609	49	1	0	40	6.05144e-05	16525	0.750023	FALSE	NA	NA	NA	NA	NA	NA
NC_045512.2	3618	T	C	16535	3077	51	2	0	40	0.000120941	16537	0.500023	FALSE	NA	NA	NA	NA	NA	NA
NC_045512.2	3619	C	T	16454	3086	51	6	3	64	0.000364431	16464	0.0156093	FALSE	NA	NA	NA	NA	NA	NA
NC_045512.2	3619	C	G	16454	3086	51	2	0	32	0.000121477	16464	0.999928	FALSE	NA	NA	NA	NA	NA	NA
NC_045512.2	3619	C	A	16454	3086	51	2	0	32	0.000121477	16464	0.999928	FALSE	NA	NA	NA	NA	NA	NA
NC_045512.2	3620	G	A	16521	3083	51	2	1	60	0.000121043	16523	0.250008	FALSE	NA	NA	NA	NA	NA	NA
NC_045512.2	3621	G	C	16934	3197	52	1	0	32	5.90493e-05	16935	0.999992	FALSE	NA	NA	NA	NA	NA	NA
NC_045512.2	3622	C	T	16961	3254	52	3	0	53	0.000176835	16965	0.124989	FALSE	NA	NA	NA	NA	NA	NA
NC_045512.2	3622	C	A	16961	3254	52	1	0	40	5.89449e-05	16965	0.749978	FALSE	NA	NA	NA	NA	NA	NA
NC_045512.2	3623	C	A	16572	3287	49	13	0	25	0.000783841	16585	1	FALSE	NA	NA	NA	NA	NA	NA
NC_045512.2	3625	A	G	16896	3281	52	2	0	40	0.000118357	16898	0.500022	FALSE	NA	NA	NA	NA	NA	NA
NC_045512.2	3626	A	C	16955	3292	52	2	0	40	0.000117945	16957	0.500022	FALSE	NA	NA	NA	NA	NA	NA
NC_045512.2	3628	T	C	17145	3373	52	1	0	40	5.83226e-05	17146	0.750022	FALSE	NA	NA	NA	NA	NA	NA
NC_045512.2	3631	T	C	17244	3393	52	3	1	48	0.000173943	17247	0.312511	FALSE	NA	NA	NA	NA	NA	NA
NC_045512.2	3632	A	C	17208	3453	53	1	0	40	5.81091e-05	17209	0.750022	FALSE	NA	NA	NA	NA	NA	NA
NC_045512.2	3633	A	G	17181	3474	52	3	1	29	0.00017451	17191	1	FALSE	NA	NA	NA	NA	NA	NA
NC_045512.2	3633	A	C	17181	3474	52	7	0	24	0.00040719	17191	1	FALSE	NA	NA	NA	NA	NA	NA
NC_045512.2	3634	C	G	17241	3471	52	2	1	36	0.000115989	17243	0.999962	FALSE	NA	NA	NA	NA	NA	NA
NC_045512.2	3635	A	G	17184	3505	53	2	1	80	0.000116353	17189	0.249964	FALSE	NA	NA	NA	NA	NA	NA
NC_045512.2	3635	A	C	17184	3505	53	3	0	24	0.00017453	17189	1	FALSE	NA	NA	NA	NA	NA	NA
NC_045512.2	3636	A	G	17220	3500	52	1	0	40	5.80653e-05	17222	0.750007	FALSE	NA	NA	NA	NA	NA	NA
NC_045512.2	3636	A	C	17220	3500	52	1	0	24	5.80653e-05	17222	1	FALSE	NA	NA	NA	NA	NA	NA
NC_045512.2	3637	A	G	17258	3507	53	1	0	40	5.79374e-05	17260	0.750007	FALSE	NA	NA	NA	NA	NA	NA
NC_045512.2	3637	A	C	17258	3507	53	1	0	40	5.79374e-05	17260	0.750007	FALSE	NA	NA	NA	NA	NA	NA
NC_045512.2	3638	G	A	17849	3549	52	1	0	80	5.60224e-05	17850	0.500014	FALSE	NA	NA	NA	NA	NA	NA
NC_045512.2	3639	G	T	17822	3778	52	2	2	32	0.000112208	17824	0.999962	FALSE	NA	NA	NA	NA	NA	NA
NC_045512.2	3640	T	C	17865	3973	54	1	0	40	5.59722e-05	17866	0.750021	FALSE	NA	NA	NA	NA	NA	NA
NC_045512.2	3641	G	T	17847	3944	53	4	3	32	0.000224077	17851	0.999258	FALSE	NA	NA	NA	NA	NA	NA
NC_045512.2	3642	A	T	17840	4181	55	1	0	24	5.60475e-05	17842	1	FALSE	NA	NA	NA	NA	NA	NA
NC_045512.2	3642	A	C	17840	4181	55	1	0	24	5.60475e-05	17842	1	FALSE	NA	NA	NA	NA	NA	NA
NC_045512.2	3643	A	G	17827	4178	55	1	0	80	5.60852e-05	17830	0.499986	FALSE	NA	NA	NA	NA	NA	NA
NC_045512.2	3643	A	C	17827	4178	55	2	0	24	0.00011217	17830	1	FALSE	NA	NA	NA	NA	NA	NA
NC_045512.2	3644	G	A	17880	4170	55	1	0	40	5.59253e-05	17881	0.750021	FALSE	NA	NA	NA	NA	NA	NA
NC_045512.2	3645	A	G	17945	4322	56	1	0	40	5.57227e-05	17946	0.750021	FALSE	NA	NA	NA	NA	NA	NA
NC_045512.2	3646	C	T	18096	4334	56	1	0	40	5.52578e-05	18097	0.750021	FALSE	NA	NA	NA	NA	NA	NA
NC_045512.2	3647	A	G	17928	4282	56	1	1	80	5.57724e-05	17930	0.5	FALSE	NA	NA	NA	NA	NA	NA
NC_045512.2	3647	A	C	17928	4282	56	1	0	24	5.57724e-05	17930	1	FALSE	NA	NA	NA	NA	NA	NA
NC_045512.2	3648	T	G	17967	4268	56	1	1	24	5.56452e-05	17971	1	FALSE	NA	NA	NA	NA	NA	NA
NC_045512.2	3648	T	C	17967	4268	56	3	2	53	0.000166936	17971	0.12499	FALSE	NA	NA	NA	NA	NA	NA
NC_045512.2	3649	T	G	17975	4278	56	2	0	32	0.000111222	17982	0.999962	FALSE	NA	NA	NA	NA	NA	NA
NC_045512.2	3649	T	C	17975	4278	56	4	1	46	0.000222445	17982	0.187448	FALSE	NA	NA	NA	NA	NA	NA
NC_045512.2	3649	T	A	17975	4278	56	1	0	80	5.56112e-05	17982	0.49993	FALSE	NA	NA	NA	NA	NA	NA
NC_045512.2	3650	C	T	17991	4288	56	2	1	32	0.000111154	17993	0.999962	FALSE	NA	NA	NA	NA	NA	NA
NC_045512.2	3651	A	G	17913	4292	56	1	0	40	5.5816e-05	17916	0.749993	FALSE	NA	NA	NA	NA	NA	NA
NC_045512.2	3651	A	C	17913	4292	56	2	0	24	0.000111632	17916	1	FALSE	NA	NA	NA	NA	NA	NA
NC_045512.2	3652	A	C	17885	4382	55	13	1	26	0.000726338	17898	1	FALSE	NA	NA	NA	NA	NA	NA
NC_045512.2	3653	C	A	18175	4414	56	3	0	24	0.000165035	18178	1	FALSE	NA	NA	NA	NA	NA	NA
NC_045512.2	3654	T	G	18170	4376	56	1	1	40	5.50297e-05	18172	0.750007	FALSE	NA	NA	NA	NA	NA	NA
NC_045512.2	3654	T	C	18170	4376	56	1	0	40	5.50297e-05	18172	0.750007	FALSE	NA	NA	NA	NA	NA	NA
NC_045512.2	3656	C	T	18821	4439	55	3	0	40	0.000159337	18828	0.31243	FALSE	NA	NA	NA	NA	NA	NA
NC_045512.2	3656	C	A	18821	4439	55	4	0	28	0.00021245	18828	1	FALSE	NA	NA	NA	NA	NA	NA
NC_045512.2	3658	T	G	18999	4418	55	1	0	40	5.26316e-05	19000	0.75002	FALSE	NA	NA	NA	NA	NA	NA
NC_045512.2	3659	A	G	18910	4501	56	1	0	80	5.28793e-05	18911	0.500013	FALSE	NA	NA	NA	NA	NA	NA
NC_045512.2	3660	A	G	18933	4501	56	1	0	64	5.28011e-05	18939	0.499947	FALSE	NA	NA	NA	NA	NA	NA
NC_045512.2	3660	A	C	18933	4501	56	5	1	34	0.000264005	18939	0.998704	FALSE	NA	NA	NA	NA	NA	NA
NC_045512.2	3661	G	A	19016	4499	56	1	0	40	5.25845e-05	19017	0.75002	FALSE	NA	NA	NA	NA	NA	NA
NC_045512.2	3662	A	G	18785	4422	56	1	0	40	5.32255e-05	18788	0.749993	FALSE	NA	NA	NA	NA	NA	NA
NC_045512.2	3662	A	C	18785	4422	56	2	0	24	0.000106451	18788	1	FALSE	NA	NA	NA	NA	NA	NA
NC_045512.2	3664	T	G	18461	4214	57	2	2	32	0.000108319	18464	0.99998	FALSE	NA	NA	NA	NA	NA	NA
NC_045512.2	3664	T	C	18461	4214	57	1	0	40	5.41594e-05	18464	0.749993	FALSE	NA	NA	NA	NA	NA	NA
NC_045512.2	3666	C	T	18348	4324	56	1	1	80	5.44989e-05	18349	0.500014	FALSE	NA	NA	NA	NA	NA	NA
NC_045512.2	3666	C	-T	18348	4324	56	1	0	20	5.44989e-05	18349	1	FALSE	NA	NA	NA	NA	NA	NA
NC_045512.2	3667	T	G	18338	4439	57	1	1	32	5.45286e-05	18339	0.999998	FALSE	NA	NA	NA	NA	NA	NA
NC_045512.2	3668	T	G	18321	4427	57	2	1	36	0.000109117	18329	0.99998	FALSE	NA	NA	NA	NA	NA	NA
NC_045512.2	3668	T	C	18321	4427	57	6	1	40	0.00032735	18329	0.0624731	FALSE	NA	NA	NA	NA	NA	NA
NC_045512.2	3670	T	G	18267	4483	57	1	1	32	5.47375e-05	18269	0.999998	FALSE	NA	NA	NA	NA	NA	NA
NC_045512.2	3670	T	C	18267	4483	57	1	1	48	5.47375e-05	18269	0.750007	FALSE	NA	NA	NA	NA	NA	NA
NC_045512.2	3671	G	T	18252	4492	57	1	0	40	5.47825e-05	18254	0.750007	FALSE	NA	NA	NA	NA	NA	NA
NC_045512.2	3671	G	A	18252	4492	57	1	1	80	5.47825e-05	18254	0.5	FALSE	NA	NA	NA	NA	NA	NA
NC_045512.2	3672	A	C	18166	4612	57	1	0	40	5.50449e-05	18167	0.750021	FALSE	NA	NA	NA	NA	NA	NA
NC_045512.2	3673	A	G	18045	4685	57	3	0	42	0.000166223	18048	0.31251	FALSE	NA	NA	NA	NA	NA	NA
NC_045512.2	3674	A	G	18045	4703	57	4	1	60	0.000221619	18049	0.0624965	FALSE	NA	NA	NA	NA	NA	NA
NC_045512.2	3675	A	G	18101	4725	57	1	1	80	5.52334e-05	18105	0.499972	FALSE	NA	NA	NA	NA	NA	NA
NC_045512.2	3675	A	C	18101	4725	57	3	0	24	0.0001657	18105	1	FALSE	NA	NA	NA	NA	NA	NA
NC_045512.2	3679	T	C	17761	5085	56	3	2	80	0.000168881	17764	0.125	FALSE	NA	NA	NA	NA	NA	NA
NC_045512.2	3680	A	C	17351	5372	54	3	0	29	0.000172871	17354	1	FALSE	NA	NA	NA	NA	NA	NA
NC_045512.2	3681	A	T	17367	5385	55	1	0	40	5.75705e-05	17370	0.749993	FALSE	NA	NA	NA	NA	NA	NA
NC_045512.2	3681	A	C	17367	5385	55	2	0	24	0.000115141	17370	1	FALSE	NA	NA	NA	NA	NA	NA
NC_045512.2	3682	T	G	17421	5580	55	2	2	32	0.000114791	17423	0.999962	FALSE	NA	NA	NA	NA	NA	NA
NC_045512.2	3683	C	T	17009	5870	55	1	0	80	5.87889e-05	17010	0.500015	FALSE	NA	NA	NA	NA	NA	NA
NC_045512.2	3684	A	G	16913	5848	55	3	2	34	0.000177326	16918	0.999637	FALSE	NA	NA	NA	NA	NA	NA
NC_045512.2	3684	A	C	16913	5848	55	2	0	40	0.000118217	16918	0.499956	FALSE	NA	NA	NA	NA	NA	NA
NC_045512.2	3685	G	T	17028	5861	54	1	0	40	5.8713e-05	17032	0.749978	FALSE	NA	NA	NA	NA	NA	NA
NC_045512.2	3685	G	A	17028	5861	54	3	1	53	0.000176139	17032	0.124989	FALSE	NA	NA	NA	NA	NA	NA
NC_045512.2	3686	C	T	17005	5917	54	2	0	40	0.000117592	17008	0.5	FALSE	NA	NA	NA	NA	NA	NA
NC_045512.2	3686	C	A	17005	5917	54	1	0	40	5.87959e-05	17008	0.749993	FALSE	NA	NA	NA	NA	NA	NA
NC_045512.2	3687	A	G	16981	5927	54	2	1	32	0.000117758	16984	0.999928	FALSE	NA	NA	NA	NA	NA	NA
NC_045512.2	3687	A	C	16981	5927	54	1	0	40	5.88789e-05	16984	0.749993	FALSE	NA	NA	NA	NA	NA	NA
NC_045512.2	3688	C	T	17007	5959	54	1	0	40	5.87959e-05	17008	0.750022	FALSE	NA	NA	NA	NA	NA	NA
NC_045512.2	3690	A	C	16504	6488	53	1	0	24	6.05877e-05	16505	1	FALSE	NA	NA	NA	NA	NA	NA
NC_045512.2	3691	A	G	16459	6502	53	2	1	52	0.000121492	16462	0.249992	FALSE	NA	NA	NA	NA	NA	NA
NC_045512.2	3691	A	C	16459	6502	53	1	0	24	6.0746e-05	16462	1	FALSE	NA	NA	NA	NA	NA	NA
NC_045512.2	3693	T	C	16726	6589	52	2	1	40	0.00011956	16728	0.500022	FALSE	NA	NA	NA	NA	NA	NA
NC_045512.2	3694	T	G	16087	6902	51	1	1	40	6.21504e-05	16090	0.749992	FALSE	NA	NA	NA	NA	NA	NA
NC_045512.2	3694	T	C	16087	6902	51	2	2	72	0.000124301	16090	0.249992	FALSE	NA	NA	NA	NA	NA	NA
NC_045512.2	3695	C	T	16083	6947	51	1	0	40	6.21736e-05	16084	0.750023	FALSE	NA	NA	NA	NA	NA	NA
NC_045512.2	3696	T	G	16064	6910	51	1	1	40	6.22432e-05	16066	0.750008	FALSE	NA	NA	NA	NA	NA	NA
NC_045512.2	3696	T	A	16064	6910	51	1	0	40	6.22432e-05	16066	0.750008	FALSE	NA	NA	NA	NA	NA	NA
NC_045512.2	3697	A	G	16202	7153	51	1	0	64	6.17132e-05	16204	0.5	FALSE	NA	NA	NA	NA	NA	NA
NC_045512.2	3697	A	C	16202	7153	51	1	1	40	6.17132e-05	16204	0.750008	FALSE	NA	NA	NA	NA	NA	NA
NC_045512.2	3698	C	A	15915	7184	49	22	0	26	0.00138044	15937	1	FALSE	NA	NA	NA	NA	NA	NA
NC_045512.2	3699	T	G	16108	7105	51	2	2	24	0.000124139	16111	1	FALSE	NA	NA	NA	NA	NA	NA
NC_045512.2	3699	T	C	16108	7105	51	1	0	80	6.20694e-05	16111	0.499984	FALSE	NA	NA	NA	NA	NA	NA
NC_045512.2	3700	T	G	16064	7079	51	1	1	24	6.22394e-05	16067	1	FALSE	NA	NA	NA	NA	NA	NA
NC_045512.2	3700	T	C	16064	7079	51	2	0	32	0.000124479	16067	0.999928	FALSE	NA	NA	NA	NA	NA	NA
NC_045512.2	3701	G	C	15854	6913	51	1	0	24	6.30716e-05	15855	1	FALSE	NA	NA	NA	NA	NA	NA
NC_045512.2	3702	C	T	15590	7259	50	1	0	40	6.41396e-05	15591	0.750024	FALSE	NA	NA	NA	NA	NA	NA
NC_045512.2	3705	C	-ATT	15023	7622	49	1	0	20	6.65646e-05	15023	1	FALSE	NA	NA	NA	NA	NA	NA
NC_045512.2	3706	A	G	15293	7657	49	2	2	40	0.000130762	15295	0.5	FALSE	NA	NA	NA	NA	NA	NA
NC_045512.2	3707	T	G	15675	8256	50	1	1	40	6.37918e-05	15676	0.750008	FALSE	NA	NA	NA	NA	NA	NA
NC_045512.2	3708	T	C	15665	8269	50	1	1	40	6.38325e-05	15666	0.750008	FALSE	NA	NA	NA	NA	NA	NA
NC_045512.2	3709	A	G	15797	8331	50	1	1	40	6.32951e-05	15799	0.750008	FALSE	NA	NA	NA	NA	NA	NA
NC_045512.2	3709	A	C	15797	8331	50	1	0	24	6.32951e-05	15799	1	FALSE	NA	NA	NA	NA	NA	NA
NC_045512.2	3710	T	G	15761	8288	50	2	2	24	0.000126863	15765	1	FALSE	NA	NA	NA	NA	NA	NA
NC_045512.2	3710	T	C	15761	8288	50	2	0	36	0.000126863	15765	0.999863	FALSE	NA	NA	NA	NA	NA	NA
NC_045512.2	3711	T	G	15746	8365	50	1	1	40	6.35001e-05	15748	0.750008	FALSE	NA	NA	NA	NA	NA	NA
NC_045512.2	3711	T	C	15746	8365	50	1	0	48	6.35001e-05	15748	0.750008	FALSE	NA	NA	NA	NA	NA	NA
NC_045512.2	3712	A	G	15729	8410	50	3	2	29	0.000190646	15736	1	FALSE	NA	NA	NA	NA	NA	NA
NC_045512.2	3712	A	C	15729	8410	50	4	0	24	0.000254194	15736	1	FALSE	NA	NA	NA	NA	NA	NA
NC_045512.2	3713	T	G	15553	8328	50	2	2	24	0.000128576	15555	1	FALSE	NA	NA	NA	NA	NA	NA
NC_045512.2	3714	C	T	15551	8380	50	1	0	40	6.43004e-05	15552	0.750024	FALSE	NA	NA	NA	NA	NA	NA
NC_045512.2	3715	A	G	15198	8108	50	1	1	40	6.57895e-05	15200	0.750008	FALSE	NA	NA	NA	NA	NA	NA
NC_045512.2	3715	A	C	15198	8108	50	1	0	40	6.57895e-05	15200	0.750008	FALSE	NA	NA	NA	NA	NA	NA
NC_045512.2	3716	G	T	15128	8134	49	1	1	24	6.60939e-05	15130	1	FALSE	NA	NA	NA	NA	NA	NA
NC_045512.2	3716	G	A	15128	8134	49	1	1	40	6.60939e-05	15130	0.750008	FALSE	NA	NA	NA	NA	NA	NA
NC_045512.2	3717	C	G	15027	8326	49	1	1	40	6.65425e-05	15028	0.750025	FALSE	NA	NA	NA	NA	NA	NA
NC_045512.2	3718	T	G	14929	8241	49	2	2	32	0.000133914	14935	0.999741	FALSE	NA	NA	NA	NA	NA	NA
NC_045512.2	3718	T	C	14929	8241	49	4	3	38	0.000267827	14935	0.996238	FALSE	NA	NA	NA	NA	NA	NA
NC_045512.2	3719	G	C	14969	8267	49	1	0	40	6.68003e-05	14970	0.750025	FALSE	NA	NA	NA	NA	NA	NA
NC_045512.2	3720	G	C	14965	8227	48	1	0	40	6.68137e-05	14967	0.750008	FALSE	NA	NA	NA	NA	NA	NA
NC_045512.2	3720	G	A	14965	8227	48	1	1	40	6.68137e-05	14967	0.750008	FALSE	NA	NA	NA	NA	NA	NA
NC_045512.2	3720	G	-T	14965	8227	48	1	0	20	6.68137e-05	14967	1	FALSE	NA	NA	NA	NA	NA	NA
NC_045512.2	3721	T	G	15353	9031	50	1	1	40	6.51296e-05	15354	0.750008	FALSE	NA	NA	NA	NA	NA	NA
NC_045512.2	3722	A	-T	15371	9095	50	4	0	20	0.00026023	15371	1	FALSE	NA	NA	NA	NA	NA	NA
NC_045512.2	3724	T	G	15412	9161	50	1	1	32	6.48719e-05	15415	0.999985	FALSE	NA	NA	NA	NA	NA	NA
NC_045512.2	3724	T	C	15412	9161	50	2	1	80	0.000129744	15415	0.249992	FALSE	NA	NA	NA	NA	NA	NA
NC_045512.2	3725	T	G	15412	9161	50	3	3	29	0.000194616	15415	1	FALSE	NA	NA	NA	NA	NA	NA
NC_045512.2	3726	T	G	15379	9391	50	6	6	28	0.00038994	15387	1	FALSE	NA	NA	NA	NA	NA	NA
NC_045512.2	3726	T	C	15379	9391	50	2	2	40	0.00012998	15387	0.499878	FALSE	NA	NA	NA	NA	NA	NA
NC_045512.2	3727	T	G	15395	9418	50	1	1	24	6.49519e-05	15396	1	FALSE	NA	NA	NA	NA	NA	NA
NC_045512.2	3729	G	T	15530	9543	50	1	1	24	6.43791e-05	15533	1	FALSE	NA	NA	NA	NA	NA	NA
NC_045512.2	3729	G	A	15530	9543	50	2	1	32	0.000128758	15533	0.999863	FALSE	NA	NA	NA	NA	NA	NA
NC_045512.2	3730	T	G	15453	9470	50	3	3	29	0.000194037	15461	1	FALSE	NA	NA	NA	NA	NA	NA
NC_045512.2	3730	T	C	15453	9470	50	5	1	35	0.000323394	15461	0.994099	FALSE	NA	NA	NA	NA	NA	NA
NC_045512.2	3731	G	T	15513	9538	50	1	0	40	6.44413e-05	15518	0.74996	FALSE	NA	NA	NA	NA	NA	NA
NC_045512.2	3731	G	C	15513	9538	50	3	3	48	0.000193324	15518	0.312464	FALSE	NA	NA	NA	NA	NA	NA
NC_045512.2	3731	G	A	15513	9538	50	1	0	40	6.44413e-05	15518	0.74996	FALSE	NA	NA	NA	NA	NA	NA
NC_045512.2	3732	C	T	15542	9679	50	3	2	40	0.000192988	15545	0.312512	FALSE	NA	NA	NA	NA	NA	NA
NC_045512.2	3733	T	G	15475	9617	50	1	1	40	6.46078e-05	15478	0.749992	FALSE	NA	NA	NA	NA	NA	NA
NC_045512.2	3733	T	C	15475	9617	50	2	2	32	0.000129216	15478	0.999863	FALSE	NA	NA	NA	NA	NA	NA
NC_045512.2	3734	G	T	15465	9557	50	3	3	34	0.000193899	15472	0.999345	FALSE	NA	NA	NA	NA	NA	NA
NC_045512.2	3734	G	C	15465	9557	50	3	2	37	0.000193899	15472	0.999345	FALSE	NA	NA	NA	NA	NA	NA
NC_045512.2	3734	G	A	15465	9557	50	1	0	24	6.46329e-05	15472	1	FALSE	NA	NA	NA	NA	NA	NA
NC_045512.2	3736	C	G	15757	10036	49	1	1	24	6.34558e-05	15759	1	FALSE	NA	NA	NA	NA	NA	NA
NC_045512.2	3736	C	A	15757	10036	49	1	0	24	6.34558e-05	15759	1	FALSE	NA	NA	NA	NA	NA	NA
NC_045512.2	3737	C	T	15794	10042	50	2	1	32	0.000126606	15797	0.999863	FALSE	NA	NA	NA	NA	NA	NA
NC_045512.2	3737	C	A	15794	10042	50	1	0	24	6.33032e-05	15797	1	FALSE	NA	NA	NA	NA	NA	NA
NC_045512.2	3738	C	A	15899	10492	50	6	2	29	0.00037724	15905	1	FALSE	NA	NA	NA	NA	NA	NA
NC_045512.2	3739	T	G	16046	10477	50	1	1	24	6.23169e-05	16047	1	FALSE	NA	NA	NA	NA	NA	NA
NC_045512.2	3740	A	G	16665	11321	51	1	1	40	5.99988e-05	16667	0.750008	FALSE	NA	NA	NA	NA	NA	NA
NC_045512.2	3740	A	C	16665	11321	51	1	0	24	5.99988e-05	16667	1	FALSE	NA	NA	NA	NA	NA	NA
NC_045512.2	3741	T	G	16678	11331	51	1	1	24	5.99556e-05	16679	1	FALSE	NA	NA	NA	NA	NA	NA
NC_045512.2	3741	T	-AC	16678	11331	51	1	0	20	5.99556e-05	16679	1	FALSE	NA	NA	NA	NA	NA	NA
NC_045512.2	3742	A	G	16913	11859	51	2	2	32	0.000118238	16915	0.999928	FALSE	NA	NA	NA	NA	NA	NA
NC_045512.2	3743	C	T	9842	6928	51	7177	5098	52	0.421656	17021	0	TRUE	NA	NA	NA	NA	NA	NA
NC_045512.2	3743	C	G	9842	6928	51	2	2	24	0.000117502	17021	1	FALSE	NA	NA	NA	NA	NA	NA
NC_045512.2	3744	A	G	16686	11755	51	2	2	28	0.000119847	16688	1	FALSE	NA	NA	NA	NA	NA	NA
NC_045512.2	3745	T	G	16405	11493	52	2	2	32	0.000121892	16408	0.999928	FALSE	NA	NA	NA	NA	NA	NA
NC_045512.2	3745	T	C	16405	11493	52	1	1	40	6.09459e-05	16408	0.749992	FALSE	NA	NA	NA	NA	NA	NA
NC_045512.2	3746	T	C	16302	11457	52	2	1	40	0.000122669	16304	0.500023	FALSE	NA	NA	NA	NA	NA	NA
NC_045512.2	3748	T	G	15983	11807	52	1	1	32	6.25469e-05	15988	0.999985	FALSE	NA	NA	NA	NA	NA	NA
NC_045512.2	3748	T	C	15983	11807	52	4	3	52	0.000250188	15988	0.0624883	FALSE	NA	NA	NA	NA	NA	NA
NC_045512.2	3749	T	G	15885	11721	52	1	1	24	6.29366e-05	15889	1	FALSE	NA	NA	NA	NA	NA	NA
NC_045512.2	3749	T	C	15885	11721	52	3	1	48	0.00018881	15889	0.312488	FALSE	NA	NA	NA	NA	NA	NA
NC_045512.2	3750	T	G	15843	11695	52	2	2	24	0.000126223	15845	1	FALSE	NA	NA	NA	NA	NA	NA
NC_045512.2	3751	A	G	15980	11939	51	2	0	32	0.000125109	15986	0.999863	FALSE	NA	NA	NA	NA	NA	NA
NC_045512.2	3751	A	C	15980	11939	51	4	2	34	0.000250219	15986	0.997792	FALSE	NA	NA	NA	NA	NA	NA
NC_045512.2	3752	A	G	15942	12013	52	3	3	48	0.000188123	15947	0.312465	FALSE	NA	NA	NA	NA	NA	NA
NC_045512.2	3752	A	C	15942	12013	52	2	1	80	0.000125415	15947	0.249961	FALSE	NA	NA	NA	NA	NA	NA
NC_045512.2	3753	G	T	15802	11855	51	10	10	25	0.000632431	15812	1	FALSE	NA	NA	NA	NA	NA	NA
NC_045512.2	3754	A	G	16806	13338	53	3	3	66	0.000178465	16810	0.124989	FALSE	NA	NA	NA	NA	NA	NA
NC_045512.2	3754	A	C	16806	13338	53	1	0	40	5.94884e-05	16810	0.749978	FALSE	NA	NA	NA	NA	NA	NA
NC_045512.2	3755	G	T	16782	13318	53	2	2	24	0.000119154	16785	1	FALSE	NA	NA	NA	NA	NA	NA
NC_045512.2	3755	G	C	16782	13318	53	1	1	40	5.9577e-05	16785	0.749993	FALSE	NA	NA	NA	NA	NA	NA
NC_045512.2	3756	T	G	16608	13386	54	3	3	29	0.000180592	16612	1	FALSE	NA	NA	NA	NA	NA	NA
NC_045512.2	3756	T	C	16608	13386	54	1	1	64	6.01974e-05	16612	0.49997	FALSE	NA	NA	NA	NA	NA	NA
NC_045512.2	3757	T	G	16606	13967	51	2	2	28	0.000120388	16613	1	FALSE	NA	NA	NA	NA	NA	NA
NC_045512.2	3757	T	C	16606	13967	51	5	5	36	0.000300969	16613	0.996409	FALSE	NA	NA	NA	NA	NA	NA
NC_045512.2	3758	T	G	16613	13969	52	1	1	40	6.01866e-05	16615	0.750008	FALSE	NA	NA	NA	NA	NA	NA
NC_045512.2	3758	T	C	16613	13969	52	1	0	32	6.01866e-05	16615	0.999992	FALSE	NA	NA	NA	NA	NA	NA
NC_045512.2	3759	G	T	16843	14121	52	1	1	24	5.93577e-05	16847	1	FALSE	NA	NA	NA	NA	NA	NA
NC_045512.2	3759	G	C	16843	14121	52	1	1	40	5.93577e-05	16847	0.749978	FALSE	NA	NA	NA	NA	NA	NA
NC_045512.2	3759	G	A	16843	14121	52	2	2	60	0.000118715	16847	0.249978	FALSE	NA	NA	NA	NA	NA	NA
NC_045512.2	3760	T	G	16809	14090	52	2	2	24	0.000118948	16814	1	FALSE	NA	NA	NA	NA	NA	NA
NC_045512.2	3760	T	C	16809	14090	52	2	1	52	0.000118948	16814	0.249963	FALSE	NA	NA	NA	NA	NA	NA
NC_045512.2	3760	T	A	16809	14090	52	1	0	40	5.94742e-05	16814	0.749963	FALSE	NA	NA	NA	NA	NA	NA
NC_045512.2	3761	G	T	16509	13762	50	20	20	25	0.00120999	16529	1	FALSE	NA	NA	NA	NA	NA	NA
NC_045512.2	3762	T	G	16784	14060	51	2	2	24	0.000119133	16788	1	FALSE	NA	NA	NA	NA	NA	NA
NC_045512.2	3762	T	C	16784	14060	51	2	1	58	0.000119133	16788	0.249978	FALSE	NA	NA	NA	NA	NA	NA
NC_045512.2	3763	A	G	16719	14008	51	2	2	60	0.000119603	16722	0.249993	FALSE	NA	NA	NA	NA	NA	NA
NC_045512.2	3763	A	C	16719	14008	51	1	0	32	5.98015e-05	16722	0.999992	FALSE	NA	NA	NA	NA	NA	NA
NC_045512.2	3765	A	C	16755	14025	52	1	0	32	5.96801e-05	16756	0.999992	FALSE	NA	NA	NA	NA	NA	NA
NC_045512.2	3766	T	G	16714	13985	52	2	2	24	0.000119639	16717	1	FALSE	NA	NA	NA	NA	NA	NA
NC_045512.2	3766	T	C	16714	13985	52	1	1	24	5.98193e-05	16717	1	FALSE	NA	NA	NA	NA	NA	NA
NC_045512.2	3767	A	G	16702	13994	52	2	1	32	0.000119732	16704	0.999928	FALSE	NA	NA	NA	NA	NA	NA
NC_045512.2	3768	C	A	16621	14068	51	1	1	40	6.01612e-05	16622	0.750023	FALSE	NA	NA	NA	NA	NA	NA
NC_045512.2	3769	T	G	15645	13143	52	2	2	32	0.00012782	15647	0.999863	FALSE	NA	NA	NA	NA	NA	NA
NC_045512.2	3771	T	G	15492	12994	52	3	3	24	0.000193586	15497	1	FALSE	NA	NA	NA	NA	NA	NA
NC_045512.2	3771	T	C	15492	12994	52	2	2	38	0.000129057	15497	0.999863	FALSE	NA	NA	NA	NA	NA	NA
NC_045512.2	3772	T	C	15514	13022	52	1	1	40	6.44538e-05	15515	0.750024	FALSE	NA	NA	NA	NA	NA	NA
NC_045512.2	3773	C	T	15468	12997	52	1	0	36	6.46454e-05	15469	0.999985	FALSE	NA	NA	NA	NA	NA	NA
NC_045512.2	3774	G	T	15433	12951	52	2	2	24	0.000129534	15440	1	FALSE	NA	NA	NA	NA	NA	NA
NC_045512.2	3774	G	A	15433	12951	52	5	5	40	0.000323834	15440	0.109337	FALSE	NA	NA	NA	NA	NA	NA
NC_045512.2	3775	C	T	15436	12949	52	1	0	40	6.47794e-05	15437	0.750024	FALSE	NA	NA	NA	NA	NA	NA
NC_045512.2	3776	A	T	15446	12968	52	1	1	24	6.47333e-05	15448	1	FALSE	NA	NA	NA	NA	NA	NA
NC_045512.2	3776	A	C	15446	12968	52	1	1	40	6.47333e-05	15448	0.750008	FALSE	NA	NA	NA	NA	NA	NA
NC_045512.2	3777	C	T	15447	13005	52	1	1	40	6.47333e-05	15448	0.750024	FALSE	NA	NA	NA	NA	NA	NA
NC_045512.2	3778	A	G	15372	12939	52	1	1	40	6.50449e-05	15374	0.750008	FALSE	NA	NA	NA	NA	NA	NA
NC_045512.2	3778	A	C	15372	12939	52	1	0	40	6.50449e-05	15374	0.750008	FALSE	NA	NA	NA	NA	NA	NA
NC_045512.2	3779	A	T	15360	12911	52	1	0	40	6.50957e-05	15362	0.750008	FALSE	NA	NA	NA	NA	NA	NA
NC_045512.2	3779	A	G	15360	12911	52	1	1	40	6.50957e-05	15362	0.750008	FALSE	NA	NA	NA	NA	NA	NA
NC_045512.2	3780	A	G	15372	12926	52	2	2	36	0.00013009	15374	0.999863	FALSE	NA	NA	NA	NA	NA	NA
NC_045512.2	3781	T	G	15342	12882	52	3	3	29	0.000195478	15347	1	FALSE	NA	NA	NA	NA	NA	NA
NC_045512.2	3781	T	C	15342	12882	52	2	2	40	0.000130319	15347	0.499951	FALSE	NA	NA	NA	NA	NA	NA
NC_045512.2	3783	T	G	15247	12832	52	3	3	29	0.000196696	15252	1	FALSE	NA	NA	NA	NA	NA	NA
NC_045512.2	3783	T	C	15247	12832	52	2	1	80	0.00013113	15252	0.249959	FALSE	NA	NA	NA	NA	NA	NA
NC_045512.2	3785	T	G	15188	12780	52	2	2	24	0.000131666	15190	1	FALSE	NA	NA	NA	NA	NA	NA
NC_045512.2	3786	A	C	15180	12793	51	1	0	24	6.58718e-05	15181	1	FALSE	NA	NA	NA	NA	NA	NA
NC_045512.2	3787	C	T	15152	12998	50	2	1	40	0.00013197	15155	0.5	FALSE	NA	NA	NA	NA	NA	NA
NC_045512.2	3787	C	A	15152	12998	50	1	0	32	6.59848e-05	15155	0.999985	FALSE	NA	NA	NA	NA	NA	NA
NC_045512.2	3788	T	G	14446	12313	50	5	5	32	0.000345973	14452	0.990414	FALSE	NA	NA	NA	NA	NA	NA
NC_045512.2	3788	T	C	14446	12313	50	1	1	80	6.91946e-05	14452	0.499931	FALSE	NA	NA	NA	NA	NA	NA
NC_045512.2	3789	T	G	14477	12347	51	4	4	32	0.000276224	14481	0.996242	FALSE	NA	NA	NA	NA	NA	NA
NC_045512.2	3790	A	G	14241	12129	51	2	1	60	0.00014042	14243	0.250009	FALSE	NA	NA	NA	NA	NA	NA
NC_045512.2	3791	G	A	14250	12135	51	1	1	40	7.01705e-05	14251	0.750026	FALSE	NA	NA	NA	NA	NA	NA
NC_045512.2	3792	C	T	14199	12173	50	1	1	24	7.04176e-05	14201	1	FALSE	NA	NA	NA	NA	NA	NA
NC_045512.2	3792	C	G	14199	12173	50	1	1	40	7.04176e-05	14201	0.750009	FALSE	NA	NA	NA	NA	NA	NA
NC_045512.2	3793	T	G	13748	11750	51	2	2	24	0.000145444	13751	1	FALSE	NA	NA	NA	NA	NA	NA
NC_045512.2	3793	T	C	13748	11750	51	1	1	80	7.2722e-05	13751	0.499982	FALSE	NA	NA	NA	NA	NA	NA
NC_045512.2	3794	G	T	13704	11707	50	3	3	24	0.000218866	13707	1	FALSE	NA	NA	NA	NA	NA	NA
NC_045512.2	3796	C	G	13448	11473	51	1	1	40	7.4355e-05	13449	0.750028	FALSE	NA	NA	NA	NA	NA	NA
NC_045512.2	3797	T	G	13394	11421	51	3	1	61	0.000223931	13397	0.125	FALSE	NA	NA	NA	NA	NA	NA
NC_045512.2	3798	T	G	13284	11305	50	5	5	24	0.000376251	13289	1	FALSE	NA	NA	NA	NA	NA	NA
NC_045512.2	3799	T	C	13334	11368	51	8	8	45	0.00059961	13342	0.0195207	FALSE	NA	NA	NA	NA	NA	NA
NC_045512.2	3800	G	T	13393	11436	51	1	1	40	7.46603e-05	13394	0.750028	FALSE	NA	NA	NA	NA	NA	NA
NC_045512.2	3801	A	G	13386	11435	51	2	2	40	0.000149388	13388	0.500028	FALSE	NA	NA	NA	NA	NA	NA
NC_045512.2	3802	T	G	13224	11263	50	5	5	24	0.000377958	13229	1	FALSE	NA	NA	NA	NA	NA	NA
NC_045512.2	3803	A	G	13192	11259	51	4	4	28	0.000303099	13197	1	FALSE	NA	NA	NA	NA	NA	NA
NC_045512.2	3803	A	C	13192	11259	51	1	1	24	7.57748e-05	13197	1	FALSE	NA	NA	NA	NA	NA	NA
NC_045512.2	3805	A	G	13199	11358	50	1	1	40	7.57576e-05	13200	0.750028	FALSE	NA	NA	NA	NA	NA	NA
NC_045512.2	3806	A	G	13177	11691	48	5	4	44	0.000379305	13182	0.109366	FALSE	NA	NA	NA	NA	NA	NA
NC_045512.2	3808	T	G	13100	11615	48	1	1	40	7.63301e-05	13101	0.750029	FALSE	NA	NA	NA	NA	NA	NA
NC_045512.2	3809	C	T	13168	11697	48	1	1	40	7.59359e-05	13169	0.750028	FALSE	NA	NA	NA	NA	NA	NA
NC_045512.2	3810	T	G	12986	11520	48	2	2	24	0.000153988	12988	1	FALSE	NA	NA	NA	NA	NA	NA
NC_045512.2	3814	T	C	12888	11437	47	1	1	24	7.75855e-05	12889	1	FALSE	NA	NA	NA	NA	NA	NA
NC_045512.2	3815	G	T	12670	11217	46	7	7	24	0.000552181	12677	1	FALSE	NA	NA	NA	NA	NA	NA
NC_045512.2	3816	A	G	13030	11582	48	5	4	44	0.000383583	13035	0.109366	FALSE	NA	NA	NA	NA	NA	NA
NC_045512.2	3817	C	T	13006	11560	48	1	1	40	7.68817e-05	13007	0.750029	FALSE	NA	NA	NA	NA	NA	NA
NC_045512.2	3818	A	G	12759	11325	48	3	2	48	0.000235073	12762	0.312515	FALSE	NA	NA	NA	NA	NA	NA
NC_045512.2	3819	A	C	12754	11320	48	2	1	32	0.000156789	12756	0.999087	FALSE	NA	NA	NA	NA	NA	NA
NC_045512.2	3820	A	G	12742	11307	48	2	2	32	0.000156937	12744	0.999087	FALSE	NA	NA	NA	NA	NA	NA
NC_045512.2	3821	C	-T	12747	11309	48	1	0	20	7.84498e-05	12747	1	FALSE	NA	NA	NA	NA	NA	NA
NC_045512.2	3823	T	G	12516	11089	48	2	2	32	0.00015977	12518	0.999087	FALSE	NA	NA	NA	NA	NA	NA
NC_045512.2	3824	G	T	12502	11075	48	4	4	36	0.000319846	12506	0.989389	FALSE	NA	NA	NA	NA	NA	NA
NC_045512.2	3826	T	G	12357	10965	47	1	1	24	8.09192e-05	12358	1	FALSE	NA	NA	NA	NA	NA	NA
NC_045512.2	3827	T	G	12392	11001	48	2	2	24	0.000161355	12395	1	FALSE	NA	NA	NA	NA	NA	NA
NC_045512.2	3827	T	C	12392	11001	48	1	1	24	8.06777e-05	12395	1	FALSE	NA	NA	NA	NA	NA	NA
NC_045512.2	3828	C	T	13304	11025	47	3	1	40	0.000225411	13309	0.312458	FALSE	NA	NA	NA	NA	NA	NA
NC_045512.2	3828	C	G	13304	11025	47	1	1	40	7.51371e-05	13309	0.749953	FALSE	NA	NA	NA	NA	NA	NA
NC_045512.2	3828	C	A	13304	11025	47	1	0	24	7.51371e-05	13309	1	FALSE	NA	NA	NA	NA	NA	NA
NC_045512.2	3829	A	G	13318	11035	48	2	1	40	0.000150139	13321	0.5	FALSE	NA	NA	NA	NA	NA	NA
NC_045512.2	3829	A	C	13318	11035	48	1	0	24	7.50694e-05	13321	1	FALSE	NA	NA	NA	NA	NA	NA
NC_045512.2	3831	G	A	13332	11022	48	1	1	40	7.50019e-05	13333	0.750028	FALSE	NA	NA	NA	NA	NA	NA
NC_045512.2	3832	C	T	13308	11000	47	1	1	24	7.51315e-05	13310	1	FALSE	NA	NA	NA	NA	NA	NA
NC_045512.2	3832	C	G	13308	11000	47	1	1	40	7.51315e-05	13310	0.750009	FALSE	NA	NA	NA	NA	NA	NA
NC_045512.2	3832	C	-T	13308	11000	47	4	0	20	0.000300526	13310	1	FALSE	NA	NA	NA	NA	NA	NA
NC_045512.2	3833	T	G	12910	10612	48	1	1	24	7.74413e-05	12913	1	FALSE	NA	NA	NA	NA	NA	NA
NC_045512.2	3833	T	C	12910	10612	48	2	1	28	0.000154883	12913	1	FALSE	NA	NA	NA	NA	NA	NA
NC_045512.2	3834	T	G	12927	10606	48	1	1	24	7.73455e-05	12929	1	FALSE	NA	NA	NA	NA	NA	NA
NC_045512.2	3834	T	C	12927	10606	48	1	1	40	7.73455e-05	12929	0.75001	FALSE	NA	NA	NA	NA	NA	NA
NC_045512.2	3835	T	G	12911	10588	47	2	2	24	0.000154883	12913	1	FALSE	NA	NA	NA	NA	NA	NA
NC_045512.2	3836	T	G	12840	10572	47	5	5	24	0.000389257	12845	1	FALSE	NA	NA	NA	NA	NA	NA
NC_045512.2	3837	T	G	12879	10618	47	3	2	24	0.000232865	12883	1	FALSE	NA	NA	NA	NA	NA	NA
NC_045512.2	3837	T	C	12879	10618	47	1	1	40	7.76217e-05	12883	0.749971	FALSE	NA	NA	NA	NA	NA	NA
NC_045512.2	3837	T	-G	12879	10618	47	1	0	20	7.76217e-05	12883	1	FALSE	NA	NA	NA	NA	NA	NA
NC_045512.2	3838	G	C	13012	10760	47	1	0	24	7.68462e-05	13013	1	FALSE	NA	NA	NA	NA	NA	NA
NC_045512.2	3839	G	T	12281	9968	41	8	8	26	0.000650989	12289	1	FALSE	NA	NA	NA	NA	NA	NA
NC_045512.2	3840	A	G	12981	10687	47	2	1	52	0.000154048	12983	0.25001	FALSE	NA	NA	NA	NA	NA	NA
NC_045512.2	3841	A	G	12974	10708	47	9	8	40	0.000693214	12983	0.0107337	FALSE	NA	NA	NA	NA	NA	NA
NC_045512.2	3842	A	G	12970	10716	47	1	1	36	7.70951e-05	12971	0.999878	FALSE	NA	NA	NA	NA	NA	NA
NC_045512.2	3843	T	C	12829	10702	46	2	2	32	0.000155872	12831	0.999087	FALSE	NA	NA	NA	NA	NA	NA
NC_045512.2	3844	G	T	12419	10247	42	5	5	27	0.000402414	12425	1	FALSE	NA	NA	NA	NA	NA	NA
NC_045512.2	3844	G	C	12419	10247	42	1	0	24	8.04829e-05	12425	1	FALSE	NA	NA	NA	NA	NA	NA
NC_045512.2	3845	A	G	12960	10798	46	1	0	80	7.71545e-05	12961	0.500019	FALSE	NA	NA	NA	NA	NA	NA
NC_045512.2	3846	A	T	12967	10804	46	1	1	40	7.7101e-05	12970	0.74999	FALSE	NA	NA	NA	NA	NA	NA
NC_045512.2	3846	A	G	12967	10804	46	2	2	40	0.000154202	12970	0.5	FALSE	NA	NA	NA	NA	NA	NA
NC_045512.2	3848	A	G	12665	10531	46	1	1	40	7.89515e-05	12666	0.75003	FALSE	NA	NA	NA	NA	NA	NA
NC_045512.2	3850	T	G	12523	10258	46	4	4	24	0.00031931	12527	1	FALSE	NA	NA	NA	NA	NA	NA
NC_045512.2	3851	G	T	12535	10271	45	1	1	24	7.97703e-05	12536	1	FALSE	NA	NA	NA	NA	NA	NA
NC_045512.2	3852	A	G	12611	10358	46	3	3	40	0.000237831	12614	0.312515	FALSE	NA	NA	NA	NA	NA	NA
NC_045512.2	3854	A	C	12424	10164	46	1	0	40	8.04829e-05	12425	0.75003	FALSE	NA	NA	NA	NA	NA	NA
NC_045512.2	3855	A	C	12414	10205	45	2	0	24	0.000161082	12416	1	FALSE	NA	NA	NA	NA	NA	NA
NC_045512.2	3857	C	A	12386	10263	45	1	0	24	8.07298e-05	12387	1	FALSE	NA	NA	NA	NA	NA	NA
NC_045512.2	3858	A	G	11437	9355	45	4	4	36	0.000349589	11442	0.982451	FALSE	NA	NA	NA	NA	NA	NA
NC_045512.2	3858	A	C	11437	9355	45	1	1	40	8.73973e-05	11442	0.749945	FALSE	NA	NA	NA	NA	NA	NA
NC_045512.2	3859	A	G	11423	9354	45	1	1	40	8.7535e-05	11424	0.750033	FALSE	NA	NA	NA	NA	NA	NA
NC_045512.2	3860	G	T	11381	9330	44	2	2	24	0.000175639	11387	1	FALSE	NA	NA	NA	NA	NA	NA
NC_045512.2	3860	G	C	11381	9330	44	4	3	34	0.000351278	11387	0.982444	FALSE	NA	NA	NA	NA	NA	NA
NC_045512.2	3861	T	G	11317	9264	44	2	2	24	0.000176694	11319	1	FALSE	NA	NA	NA	NA	NA	NA
NC_045512.2	3862	T	G	11244	9197	44	5	5	24	0.000444484	11249	1	FALSE	NA	NA	NA	NA	NA	NA
NC_045512.2	3865	A	G	11328	9191	45	5	5	30	0.000441189	11333	0.96166	FALSE	NA	NA	NA	NA	NA	NA
NC_045512.2	3867	A	G	11208	9081	45	7	6	41	0.000624164	11215	0.0351416	FALSE	NA	NA	NA	NA	NA	NA
NC_045512.2	3868	A	C	11218	9062	45	2	2	32	0.000178253	11220	0.998296	FALSE	NA	NA	NA	NA	NA	NA
NC_045512.2	3870	A	C	11143	8975	45	1	1	40	8.97344e-05	11144	0.750034	FALSE	NA	NA	NA	NA	NA	NA
NC_045512.2	3871	G	T	11170	9005	44	1	1	24	8.95095e-05	11172	1	FALSE	NA	NA	NA	NA	NA	NA
NC_045512.2	3871	G	A	11170	9005	44	1	0	80	8.95095e-05	11172	0.5	FALSE	NA	NA	NA	NA	NA	NA
NC_045512.2	3873	T	G	10009	7916	44	2	2	32	0.00019976	10012	0.996833	FALSE	NA	NA	NA	NA	NA	NA
NC_045512.2	3873	T	C	10009	7916	44	1	1	40	9.98801e-05	10012	0.749988	FALSE	NA	NA	NA	NA	NA	NA
NC_045512.2	3874	C	G	9953	7889	44	2	2	32	0.000200904	9955	0.994154	FALSE	NA	NA	NA	NA	NA	NA
NC_045512.2	3875	G	T	9899	7826	44	1	1	24	0.00010099	9902	1	FALSE	NA	NA	NA	NA	NA	NA
NC_045512.2	3875	G	C	9899	7826	44	2	2	40	0.000201979	9902	0.249987	FALSE	NA	NA	NA	NA	NA	NA
NC_045512.2	3876	C	T	9900	7854	44	1	1	40	0.00010098	9903	0.499975	FALSE	NA	NA	NA	NA	NA	NA
NC_045512.2	3876	C	A	9900	7854	44	2	0	32	0.000201959	9903	0.994151	FALSE	NA	NA	NA	NA	NA	NA
NC_045512.2	3877	T	G	9588	7520	44	7	7	28	0.000729167	9600	1	FALSE	NA	NA	NA	NA	NA	NA
NC_045512.2	3877	T	C	9588	7520	44	5	5	36	0.000520833	9600	0.910106	FALSE	NA	NA	NA	NA	NA	NA
NC_045512.2	3878	G	T	9468	7400	42	7	7	24	0.000738786	9475	1	FALSE	NA	NA	NA	NA	NA	NA
NC_045512.2	3879	A	G	9464	7414	44	3	3	34	0.00031679	9470	0.980726	FALSE	NA	NA	NA	NA	NA	NA
NC_045512.2	3879	A	C	9464	7414	44	3	2	40	0.00031679	9470	0.124941	FALSE	NA	NA	NA	NA	NA	NA
NC_045512.2	3885	C	T	1745	152	39	1	0	80	0.000572738	1746	0.500143	FALSE	NA	NA	NA	NA	NA	NA
NC_045512.2	3891	A	G	1879	173	44	2	0	52	0.00106326	1881	0.250066	FALSE	NA	NA	NA	NA	NA	NA
NC_045512.2	3895	A	C	1965	173	44	1	0	24	0.000508647	1966	0.999999	FALSE	NA	NA	NA	NA	NA	NA
NC_045512.2	3897	T	C	1991	188	44	1	0	40	0.000502008	1992	0.500126	FALSE	NA	NA	NA	NA	NA	NA
NC_045512.2	3898	T	C	1992	188	44	1	0	40	0.000501756	1993	0.500125	FALSE	NA	NA	NA	NA	NA	NA
NC_045512.2	3905	T	C	2156	207	45	1	1	80	0.000463607	2157	0.500116	FALSE	NA	NA	NA	NA	NA	NA
NC_045512.2	3906	T	C	2175	206	45	1	0	40	0.000459559	2176	0.500115	FALSE	NA	NA	NA	NA	NA	NA
NC_045512.2	3908	A	C	2144	207	42	1	0	24	0.0004662	2145	1	FALSE	NA	NA	NA	NA	NA	NA
NC_045512.2	3911	A	G	2185	217	45	1	0	40	0.000457457	2186	0.500114	FALSE	NA	NA	NA	NA	NA	NA
NC_045512.2	3912	C	A	2186	215	44	1	0	24	0.000457247	2187	1	FALSE	NA	NA	NA	NA	NA	NA
NC_045512.2	3915	A	C	2228	228	45	2	0	40	0.000896861	2230	0.250056	FALSE	NA	NA	NA	NA	NA	NA
NC_045512.2	3916	A	C	2296	229	45	1	0	24	0.00043535	2297	1	FALSE	NA	NA	NA	NA	NA	NA
NC_045512.2	3917	A	G	2297	231	45	1	0	24	0.000435161	2298	1	FALSE	NA	NA	NA	NA	NA	NA
NC_045512.2	3918	G	T	2179	220	45	129	8	43	0.0558925	2308	2.40063e-40	TRUE	NA	NA	NA	NA	NA	NA
NC_045512.2	3921	A	G	2293	243	45	1	0	40	0.00043592	2294	0.500109	FALSE	NA	NA	NA	NA	NA	NA
NC_045512.2	3922	A	T	2346	244	46	1	1	40	0.000426076	2347	0.500107	FALSE	NA	NA	NA	NA	NA	NA
NC_045512.2	3927	C	A	2361	272	45	2	0	24	0.000846382	2363	0.999999	FALSE	NA	NA	NA	NA	NA	NA
NC_045512.2	3928	A	G	2392	275	46	1	0	40	0.000417885	2393	0.500104	FALSE	NA	NA	NA	NA	NA	NA
NC_045512.2	3930	T	G	2493	281	46	1	1	24	0.000400802	2495	1	FALSE	NA	NA	NA	NA	NA	NA
NC_045512.2	3930	T	C	2493	281	46	1	0	64	0.000400802	2495	0.5	FALSE	NA	NA	NA	NA	NA	NA
NC_045512.2	3931	T	G	2493	283	47	1	1	24	0.000400802	2495	1	FALSE	NA	NA	NA	NA	NA	NA
NC_045512.2	3931	T	C	2493	283	47	1	0	40	0.000400802	2495	0.5	FALSE	NA	NA	NA	NA	NA	NA
NC_045512.2	3933	A	T	2493	293	47	1	0	40	0.000400962	2494	0.5001	FALSE	NA	NA	NA	NA	NA	NA
NC_045512.2	3935	C	A	2477	292	46	1	0	24	0.000403551	2478	1	FALSE	NA	NA	NA	NA	NA	NA
NC_045512.2	3938	A	G	2501	288	47	1	0	24	0.00039968	2502	1	FALSE	NA	NA	NA	NA	NA	NA
NC_045512.2	3941	A	G	2511	312	47	1	1	40	0.000398089	2512	0.5001	FALSE	NA	NA	NA	NA	NA	NA
NC_045512.2	3944	C	A	2508	323	47	1	0	24	0.000398565	2509	1	FALSE	NA	NA	NA	NA	NA	NA
NC_045512.2	3946	A	C	2519	334	48	1	0	40	0.000396825	2520	0.500099	FALSE	NA	NA	NA	NA	NA	NA
NC_045512.2	3949	T	C	2526	343	49	1	0	80	0.000395726	2527	0.500099	FALSE	NA	NA	NA	NA	NA	NA
NC_045512.2	3952	T	G	2409	366	48	1	1	24	0.000414938	2410	1	FALSE	NA	NA	NA	NA	NA	NA
NC_045512.2	3957	A	C	2380	388	48	1	0	24	0.000419992	2381	1	FALSE	NA	NA	NA	NA	NA	NA
NC_045512.2	3958	A	G	2384	388	48	1	0	40	0.000419287	2385	0.500105	FALSE	NA	NA	NA	NA	NA	NA
NC_045512.2	3970	T	C	2141	523	48	1	0	40	0.000466853	2142	0.500117	FALSE	NA	NA	NA	NA	NA	NA
NC_045512.2	3973	T	C	2129	590	49	1	0	40	0.000469484	2130	0.500117	FALSE	NA	NA	NA	NA	NA	NA
NC_045512.2	3974	G	T	2092	557	45	1	1	40	0.000477783	2093	0.500119	FALSE	NA	NA	NA	NA	NA	NA
NC_045512.2	3975	A	G	2174	848	52	1	0	40	0.00045977	2175	0.500115	FALSE	NA	NA	NA	NA	NA	NA
NC_045512.2	3984	C	T	2283	972	53	1	0	24	0.000437828	2284	1	FALSE	NA	NA	NA	NA	NA	NA
NC_045512.2	3986	A	C	2285	981	53	1	0	24	0.000437445	2286	1	FALSE	NA	NA	NA	NA	NA	NA
NC_045512.2	3987	C	T	1893	815	53	404	168	54	0.175882	2297	9.41953e-131	TRUE	NA	NA	NA	NA	NA	NA
NC_045512.2	3988	A	C	2273	969	53	2	0	32	0.000879121	2275	0.687747	FALSE	NA	NA	NA	NA	NA	NA
NC_045512.2	3989	A	C	2284	988	53	1	0	24	0.000437637	2285	1	FALSE	NA	NA	NA	NA	NA	NA
NC_045512.2	3990	C	T	2262	1015	54	1	0	40	0.000441891	2263	0.50011	FALSE	NA	NA	NA	NA	NA	NA
NC_045512.2	3992	C	A	2177	1048	50	4	0	28	0.00183402	2181	0.999925	FALSE	NA	NA	NA	NA	NA	NA
NC_045512.2	3993	T	C	2232	1031	53	1	1	52	0.000447828	2233	0.500112	FALSE	NA	NA	NA	NA	NA	NA
NC_045512.2	3994	G	A	2237	1026	53	3	2	80	0.00133929	2240	0.125	FALSE	NA	NA	NA	NA	NA	NA
NC_045512.2	3996	A	G	2306	1147	54	1	1	24	0.000433463	2307	1	FALSE	NA	NA	NA	NA	NA	NA
NC_045512.2	3998	G	A	2296	1143	54	1	1	80	0.00043535	2297	0.500109	FALSE	NA	NA	NA	NA	NA	NA
NC_045512.2	4004	A	G	2276	1224	53	1	0	40	0.000439174	2277	0.50011	FALSE	NA	NA	NA	NA	NA	NA
NC_045512.2	4006	G	A	2278	1222	53	1	0	24	0.000438789	2279	1	FALSE	NA	NA	NA	NA	NA	NA
NC_045512.2	4012	C	A	2154	1399	48	16	0	27	0.00737327	2170	0.839382	FALSE	NA	NA	NA	NA	NA	NA
NC_045512.2	4013	A	G	2309	1362	54	1	0	32	0.0004329	2310	0.875162	FALSE	NA	NA	NA	NA	NA	NA
NC_045512.2	4014	C	A	2282	1403	52	1	0	24	0.00043802	2283	1	FALSE	NA	NA	NA	NA	NA	NA
NC_045512.2	4017	A	G	2354	1503	54	2	1	80	0.000848896	2356	0.250053	FALSE	NA	NA	NA	NA	NA	NA
NC_045512.2	4020	A	C	2604	1906	57	1	0	24	0.000383877	2605	1	FALSE	NA	NA	NA	NA	NA	NA
NC_045512.2	4022	T	C	2611	1953	57	1	0	48	0.000382848	2612	0.500096	FALSE	NA	NA	NA	NA	NA	NA
NC_045512.2	4032	A	C	2620	1996	56	1	0	40	0.000381534	2621	0.500095	FALSE	NA	NA	NA	NA	NA	NA
NC_045512.2	4037	G	A	2547	1972	55	1	0	40	0.000392465	2548	0.500098	FALSE	NA	NA	NA	NA	NA	NA
NC_045512.2	4038	A	G	2555	1982	55	1	1	24	0.000391236	2556	1	FALSE	NA	NA	NA	NA	NA	NA
NC_045512.2	4041	T	G	2522	1997	54	1	1	24	0.000396354	2523	1	FALSE	NA	NA	NA	NA	NA	NA
NC_045512.2	4045	T	G	2522	2008	54	1	1	40	0.000396354	2523	0.500099	FALSE	NA	NA	NA	NA	NA	NA
NC_045512.2	4046	G	T	2452	1969	51	2	2	24	0.000814996	2454	1	FALSE	NA	NA	NA	NA	NA	NA
NC_045512.2	4047	G	A	2525	2057	53	1	0	80	0.000395883	2526	0.500099	FALSE	NA	NA	NA	NA	NA	NA
NC_045512.2	4048	C	T	2496	2028	53	1	1	40	0.000400481	2497	0.5001	FALSE	NA	NA	NA	NA	NA	NA
NC_045512.2	4051	T	G	2495	2028	53	2	2	24	0.000800961	2497	1	FALSE	NA	NA	NA	NA	NA	NA
NC_045512.2	4057	T	G	2462	2080	50	2	2	24	0.000811688	2464	1	FALSE	NA	NA	NA	NA	NA	NA
NC_045512.2	4060	A	G	2444	2065	50	1	1	52	0.000408998	2445	0.500102	FALSE	NA	NA	NA	NA	NA	NA
NC_045512.2	4061	G	A	2449	2070	51	1	1	40	0.000408163	2450	0.500102	FALSE	NA	NA	NA	NA	NA	NA
NC_045512.2	4065	C	T	2428	2105	49	1	1	80	0.000411692	2429	0.500103	FALSE	NA	NA	NA	NA	NA	NA
NC_045512.2	4066	T	C	2408	2086	49	1	1	80	0.00041511	2409	0.500104	FALSE	NA	NA	NA	NA	NA	NA
NC_045512.2	4070	A	G	2400	2082	49	1	1	40	0.000416493	2401	0.500104	FALSE	NA	NA	NA	NA	NA	NA
NC_045512.2	4072	T	G	2382	2083	48	1	1	24	0.000419639	2383	1	FALSE	NA	NA	NA	NA	NA	NA
NC_045512.2	4075	T	G	2352	2060	48	1	1	24	0.000424989	2353	1	FALSE	NA	NA	NA	NA	NA	NA
NC_045512.2	4076	G	T	2357	2063	48	1	1	24	0.000424088	2358	1	FALSE	NA	NA	NA	NA	NA	NA
NC_045512.2	4080	G	T	2266	2040	42	1	1	24	0.000441112	2267	1	FALSE	NA	NA	NA	NA	NA	NA
NC_045512.2	4086	T	G	2261	2044	45	2	2	24	0.000883783	2263	0.999999	FALSE	NA	NA	NA	NA	NA	NA
NC_045512.2	4093	C	G	2208	2021	45	2	2	32	0.000904977	2210	0.687755	FALSE	NA	NA	NA	NA	NA	NA
NC_045512.2	4097	T	C	2164	1980	45	1	1	24	0.000461894	2165	1	FALSE	NA	NA	NA	NA	NA	NA
NC_045512.2	4101	T	G	2135	1958	45	2	2	24	0.000935891	2137	0.999997	FALSE	NA	NA	NA	NA	NA	NA
NC_045512.2	4104	A	G	2154	1980	45	1	1	40	0.000464037	2155	0.500116	FALSE	NA	NA	NA	NA	NA	NA
NC_045512.2	4104	A	-G	2154	1980	45	1	0	20	0.000464037	2155	1	FALSE	NA	NA	NA	NA	NA	NA
NC_045512.2	4105	G	T	2053	1879	41	1	1	24	0.000486855	2054	1	FALSE	NA	NA	NA	NA	NA	NA
NC_045512.2	4105	G	-A	2053	1879	41	233	0	20	0.113437	2054	8.49552e-45	TRUE	NA	NA	NA	NA	NA	NA
NC_045512.2	4107	A	G	2149	1972	45	1	1	24	0.000465116	2150	1	FALSE	NA	NA	NA	NA	NA	NA
NC_045512.2	4108	A	G	2134	1964	45	2	1	28	0.00093633	2136	0.999997	FALSE	NA	NA	NA	NA	NA	NA
NC_045512.2	4112	G	C	4552	2103	42	1	0	40	0.000219587	4554	0.5	FALSE	NA	NA	NA	NA	NA	NA
NC_045512.2	4112	G	A	4552	2103	42	1	0	40	0.000219587	4554	0.5	FALSE	NA	NA	NA	NA	NA	NA
NC_045512.2	4113	C	G	4717	2108	41	1	0	40	0.000211909	4719	0.5	FALSE	NA	NA	NA	NA	NA	NA
NC_045512.2	4113	C	A	4717	2108	41	1	0	40	0.000211909	4719	0.5	FALSE	NA	NA	NA	NA	NA	NA
NC_045512.2	4114	T	G	5241	2085	41	2	1	32	0.000381461	5243	0.937594	FALSE	NA	NA	NA	NA	NA	NA
NC_045512.2	4115	C	T	8301	2163	41	2	1	40	0.000240819	8305	0.249955	FALSE	NA	NA	NA	NA	NA	NA
NC_045512.2	4115	C	G	8301	2163	41	2	1	32	0.000240819	8305	0.989271	FALSE	NA	NA	NA	NA	NA	NA
NC_045512.2	4116	C	T	8711	2163	40	1	1	40	0.000114718	8717	0.499885	FALSE	NA	NA	NA	NA	NA	NA
NC_045512.2	4116	C	A	8711	2163	40	5	0	25	0.000573592	8717	1	FALSE	NA	NA	NA	NA	NA	NA
NC_045512.2	4117	A	G	9629	2190	41	1	0	40	0.000103745	9639	0.499792	FALSE	NA	NA	NA	NA	NA	NA
NC_045512.2	4117	A	C	9629	2190	41	9	0	25	0.000933707	9639	1	FALSE	NA	NA	NA	NA	NA	NA
NC_045512.2	4118	T	C	9752	2181	41	5	0	30	0.000512453	9757	0.910327	FALSE	NA	NA	NA	NA	NA	NA
NC_045512.2	4119	A	T	9804	2232	41	4	0	40	0.000407373	9819	0.0623536	FALSE	NA	NA	NA	NA	NA	NA
NC_045512.2	4119	A	G	9804	2232	41	1	0	24	0.000101843	9819	1	FALSE	NA	NA	NA	NA	NA	NA
NC_045512.2	4119	A	C	9804	2232	41	10	0	25	0.00101843	9819	1	FALSE	NA	NA	NA	NA	NA	NA
NC_045512.2	4120	T	C	10003	2236	41	1	0	24	9.996e-05	10004	1	FALSE	NA	NA	NA	NA	NA	NA
NC_045512.2	4121	A	G	10047	2208	41	1	0	40	9.94332e-05	10057	0.749813	FALSE	NA	NA	NA	NA	NA	NA
NC_045512.2	4121	A	C	10047	2208	41	9	0	24	0.000894899	10057	1	FALSE	NA	NA	NA	NA	NA	NA
NC_045512.2	4122	T	G	10144	2196	42	1	1	24	9.85707e-05	10145	1	FALSE	NA	NA	NA	NA	NA	NA
NC_045512.2	4123	A	C	9959	2122	41	8	0	26	0.000802649	9967	1	FALSE	NA	NA	NA	NA	NA	NA
NC_045512.2	4124	G	A	10162	2117	41	1	0	24	9.83961e-05	10163	1	FALSE	NA	NA	NA	NA	NA	NA
NC_045512.2	4125	T	G	9876	1821	42	2	0	40	0.000202368	9883	0.249886	FALSE	NA	NA	NA	NA	NA	NA
NC_045512.2	4125	T	C	9876	1821	42	5	0	30	0.000505919	9883	0.910264	FALSE	NA	NA	NA	NA	NA	NA
NC_045512.2	4126	G	T	10561	1745	41	1	0	40	9.46074e-05	10570	0.749846	FALSE	NA	NA	NA	NA	NA	NA
NC_045512.2	4126	G	C	10561	1745	41	7	0	30	0.000662252	10570	0.833896	FALSE	NA	NA	NA	NA	NA	NA
NC_045512.2	4126	G	A	10561	1745	41	1	0	24	9.46074e-05	10570	1	FALSE	NA	NA	NA	NA	NA	NA
NC_045512.2	4127	G	T	10589	1739	42	3	0	24	0.000283179	10594	1	FALSE	NA	NA	NA	NA	NA	NA
NC_045512.2	4127	G	C	10589	1739	42	1	0	24	9.43931e-05	10594	1	FALSE	NA	NA	NA	NA	NA	NA
NC_045512.2	4127	G	A	10589	1739	42	1	0	80	9.43931e-05	10594	0.499929	FALSE	NA	NA	NA	NA	NA	NA
NC_045512.2	4128	G	T	10158	1218	40	27	24	26	0.00264758	10198	1	FALSE	NA	NA	NA	NA	NA	NA
NC_045512.2	4128	G	C	10158	1218	40	10	0	31	0.000980584	10198	0.58563	FALSE	NA	NA	NA	NA	NA	NA
NC_045512.2	4128	G	A	10158	1218	40	3	0	24	0.000294175	10198	1	FALSE	NA	NA	NA	NA	NA	NA
NC_045512.2	4129	T	G	10737	1800	42	1	1	24	9.31012e-05	10741	1	FALSE	NA	NA	NA	NA	NA	NA
NC_045512.2	4129	T	C	10737	1800	42	3	0	40	0.000279304	10741	0.312483	FALSE	NA	NA	NA	NA	NA	NA
NC_045512.2	4130	G	T	10685	1800	42	1	0	40	9.35629e-05	10688	0.749988	FALSE	NA	NA	NA	NA	NA	NA
NC_045512.2	4130	G	C	10685	1800	42	1	0	24	9.35629e-05	10688	1	FALSE	NA	NA	NA	NA	NA	NA
NC_045512.2	4130	G	A	10685	1800	42	1	0	40	9.35629e-05	10688	0.749988	FALSE	NA	NA	NA	NA	NA	NA
NC_045512.2	4131	A	G	10923	1821	41	1	0	24	9.15248e-05	10926	1	FALSE	NA	NA	NA	NA	NA	NA
NC_045512.2	4131	A	C	10923	1821	41	2	0	24	0.00018305	10926	1	FALSE	NA	NA	NA	NA	NA	NA
NC_045512.2	4132	T	G	11002	1813	42	1	1	24	9.08843e-05	11003	1	FALSE	NA	NA	NA	NA	NA	NA
NC_045512.2	4134	T	C	11129	1838	42	1	0	40	8.98473e-05	11130	0.750034	FALSE	NA	NA	NA	NA	NA	NA
NC_045512.2	4135	T	C	11064	1784	42	1	0	40	9.03751e-05	11065	0.750034	FALSE	NA	NA	NA	NA	NA	NA
NC_045512.2	4136	G	A	12112	1836	42	1	0	24	8.25559e-05	12113	1	FALSE	NA	NA	NA	NA	NA	NA
NC_045512.2	4137	T	G	12104	1908	43	1	1	24	8.26105e-05	12105	1	FALSE	NA	NA	NA	NA	NA	NA
NC_045512.2	4138	T	G	12134	1966	43	1	1	24	8.23927e-05	12137	1	FALSE	NA	NA	NA	NA	NA	NA
NC_045512.2	4138	T	C	12134	1966	43	1	0	40	8.23927e-05	12137	0.74999	FALSE	NA	NA	NA	NA	NA	NA
NC_045512.2	4138	T	A	12134	1966	43	1	1	40	8.23927e-05	12137	0.74999	FALSE	NA	NA	NA	NA	NA	NA
NC_045512.2	4139	C	G	12171	1992	44	4	0	32	0.000328542	12175	0.98939	FALSE	NA	NA	NA	NA	NA	NA
NC_045512.2	4140	A	C	12007	1938	43	3	0	24	0.000249792	12010	1	FALSE	NA	NA	NA	NA	NA	NA
NC_045512.2	4141	A	G	12047	1938	43	3	3	34	0.000248797	12058	0.996304	FALSE	NA	NA	NA	NA	NA	NA
NC_045512.2	4141	A	C	12047	1938	43	8	0	28	0.00066346	12058	1	FALSE	NA	NA	NA	NA	NA	NA
NC_045512.2	4142	G	T	12094	1908	43	1	1	24	8.26788e-05	12095	1	FALSE	NA	NA	NA	NA	NA	NA
NC_045512.2	4143	A	G	11969	1931	42	3	0	34	0.000250585	11972	0.993546	FALSE	NA	NA	NA	NA	NA	NA
NC_045512.2	4143	A	-G	11969	1931	42	2	0	20	0.000167056	11972	1	FALSE	NA	NA	NA	NA	NA	NA
NC_045512.2	4144	G	C	12130	1934	43	4	0	32	0.000329625	12135	0.989376	FALSE	NA	NA	NA	NA	NA	NA
NC_045512.2	4144	G	A	12130	1934	43	1	1	40	8.24063e-05	12135	0.749907	FALSE	NA	NA	NA	NA	NA	NA
NC_045512.2	4145	G	A	10985	755	44	2	2	40	0.000182033	10987	0.500034	FALSE	NA	NA	NA	NA	NA	NA
NC_045512.2	4146	G	C	11449	793	43	1	0	24	8.73362e-05	11450	1	FALSE	NA	NA	NA	NA	NA	NA
NC_045512.2	4147	T	G	11521	931	45	1	0	40	8.67754e-05	11524	0.749989	FALSE	NA	NA	NA	NA	NA	NA
NC_045512.2	4147	T	C	11521	931	45	2	0	32	0.000173551	11524	0.998295	FALSE	NA	NA	NA	NA	NA	NA
NC_045512.2	4148	G	C	11963	940	44	1	0	24	8.35771e-05	11965	1	FALSE	NA	NA	NA	NA	NA	NA
NC_045512.2	4148	G	A	11963	940	44	1	0	24	8.35771e-05	11965	1	FALSE	NA	NA	NA	NA	NA	NA
NC_045512.2	4149	T	G	11985	950	45	2	0	40	0.000166806	11990	0.499937	FALSE	NA	NA	NA	NA	NA	NA
NC_045512.2	4149	T	C	11985	950	45	3	0	29	0.000250209	11990	1	FALSE	NA	NA	NA	NA	NA	NA
NC_045512.2	4150	T	C	12049	950	45	1	0	40	8.29876e-05	12050	0.750031	FALSE	NA	NA	NA	NA	NA	NA
NC_045512.2	4151	T	C	12062	962	45	1	0	40	8.28981e-05	12063	0.750031	FALSE	NA	NA	NA	NA	NA	NA
NC_045512.2	4152	T	C	12088	969	45	1	0	40	8.27198e-05	12089	0.750031	FALSE	NA	NA	NA	NA	NA	NA
NC_045512.2	4152	T	-A	12088	969	45	2	0	20	0.00016544	12089	1	FALSE	NA	NA	NA	NA	NA	NA
NC_045512.2	4152	T	+A	12088	969	45	2	0	20	0.00016544	12089	1	FALSE	NA	NA	NA	NA	NA	NA
NC_045512.2	4153	A	T	11966	973	44	1	0	40	8.35561e-05	11968	0.749969	FALSE	NA	NA	NA	NA	NA	NA
NC_045512.2	4153	A	C	11966	973	44	1	0	24	8.35561e-05	11968	1	FALSE	NA	NA	NA	NA	NA	NA
NC_045512.2	4154	A	C	11963	971	44	1	0	24	8.35841e-05	11964	1	FALSE	NA	NA	NA	NA	NA	NA
NC_045512.2	4154	A	-C	11963	971	44	5	0	20	0.00041792	11964	1	FALSE	NA	NA	NA	NA	NA	NA
NC_045512.2	4155	C	G	12224	984	45	1	0	40	8.17996e-05	12225	0.75001	FALSE	NA	NA	NA	NA	NA	NA
NC_045512.2	4155	C	-TG	12224	984	45	2	0	20	0.000163586	12226	1	FALSE	NA	NA	NA	NA	NA	NA
NC_045512.2	4155	C	-T	12224	984	45	1851	0	20	0.151399	12226	0	TRUE	NA	NA	NA	NA	NA	NA
NC_045512.2	4156	T	G	10404	843	45	1	0	40	9.60892e-05	10407	0.707239	FALSE	NA	NA	NA	NA	NA	NA
NC_045512.2	4156	T	C	10404	843	45	2	0	32	0.000192178	10407	0.997633	FALSE	NA	NA	NA	NA	NA	NA
NC_045512.2	4157	G	C	10776	865	45	1871	150	45	0.14794	12647	0	TRUE	NA	NA	NA	NA	NA	NA
NC_045512.2	4158	C	T	12789	1026	45	1	1	80	7.818e-05	12791	0.49998	FALSE	NA	NA	NA	NA	NA	NA
NC_045512.2	4158	C	G	12789	1026	45	1	0	40	7.818e-05	12791	0.74999	FALSE	NA	NA	NA	NA	NA	NA
NC_045512.2	4159	T	C	12783	1067	45	5	0	27	0.000390992	12788	1	FALSE	NA	NA	NA	NA	NA	NA
NC_045512.2	4159	T	-G	12783	1067	45	1	0	20	7.81983e-05	12788	1	FALSE	NA	NA	NA	NA	NA	NA
NC_045512.2	4161	T	G	13003	1075	45	4	0	36	0.000307479	13009	0.993648	FALSE	NA	NA	NA	NA	NA	NA
NC_045512.2	4161	T	C	13003	1075	45	1	0	24	7.68699e-05	13009	1	FALSE	NA	NA	NA	NA	NA	NA
NC_045512.2	4161	T	A	13003	1075	45	1	0	40	7.68699e-05	13009	0.749933	FALSE	NA	NA	NA	NA	NA	NA
NC_045512.2	4162	G	C	14982	1155	45	1	0	24	6.67423e-05	14983	1	FALSE	NA	NA	NA	NA	NA	NA
NC_045512.2	4163	G	T	15097	1161	45	16	0	39	0.00105862	15114	0.5	FALSE	NA	NA	NA	NA	NA	NA
NC_045512.2	4163	G	A	15097	1161	45	1	0	40	6.61638e-05	15114	0.74976	FALSE	NA	NA	NA	NA	NA	NA
NC_045512.2	4164	T	C	15109	1157	45	1	0	24	6.61813e-05	15110	1	FALSE	NA	NA	NA	NA	NA	NA
NC_045512.2	4165	T	C	15125	1161	45	1	0	36	6.61113e-05	15126	0.999985	FALSE	NA	NA	NA	NA	NA	NA
NC_045512.2	4166	A	C	15045	1166	45	2	0	24	0.000132917	15047	1	FALSE	NA	NA	NA	NA	NA	NA
NC_045512.2	4167	T	G	15156	1227	45	1	0	40	6.59674e-05	15159	0.749992	FALSE	NA	NA	NA	NA	NA	NA
NC_045512.2	4167	T	C	15156	1227	45	2	1	48	0.000131935	15159	0.5	FALSE	NA	NA	NA	NA	NA	NA
NC_045512.2	4168	A	G	15047	1243	45	4	0	40	0.000265745	15052	0.187479	FALSE	NA	NA	NA	NA	NA	NA
NC_045512.2	4168	A	C	15047	1243	45	1	0	24	6.64364e-05	15052	1	FALSE	NA	NA	NA	NA	NA	NA
NC_045512.2	4171	T	C	15206	1243	45	2	0	40	0.00013151	15208	0.500025	FALSE	NA	NA	NA	NA	NA	NA
NC_045512.2	4172	A	T	14985	1252	42	2	0	60	0.000133413	14991	0.249942	FALSE	NA	NA	NA	NA	NA	NA
NC_045512.2	4172	A	C	14985	1252	42	4	0	24	0.000266827	14991	1	FALSE	NA	NA	NA	NA	NA	NA
NC_045512.2	4174	T	-A	15368	1243	45	1	0	20	6.50703e-05	15368	1	FALSE	NA	NA	NA	NA	NA	NA
NC_045512.2	4175	A	G	15197	1255	45	9	0	31	0.000591327	15220	0.923963	FALSE	NA	NA	NA	NA	NA	NA
NC_045512.2	4175	A	C	15197	1255	45	14	0	30	0.000919842	15220	0.643932	FALSE	NA	NA	NA	NA	NA	NA
NC_045512.2	4176	A	G	15334	1257	45	2	0	32	0.000130395	15338	0.999863	FALSE	NA	NA	NA	NA	NA	NA
NC_045512.2	4176	A	C	15334	1257	45	2	1	52	0.000130395	15338	0.249976	FALSE	NA	NA	NA	NA	NA	NA
NC_045512.2	4177	A	G	15337	1292	45	2	1	80	0.00013037	15341	0.249976	FALSE	NA	NA	NA	NA	NA	NA
NC_045512.2	4177	A	C	15337	1292	45	2	0	24	0.00013037	15341	1	FALSE	NA	NA	NA	NA	NA	NA
NC_045512.2	4178	A	G	15358	1294	45	2	0	32	0.000130191	15362	0.999863	FALSE	NA	NA	NA	NA	NA	NA
NC_045512.2	4178	A	C	15358	1294	45	2	0	32	0.000130191	15362	0.999863	FALSE	NA	NA	NA	NA	NA	NA
NC_045512.2	4179	A	G	15369	1294	45	1	0	40	6.50576e-05	15371	0.750008	FALSE	NA	NA	NA	NA	NA	NA
NC_045512.2	4179	A	C	15369	1294	45	1	0	24	6.50576e-05	15371	1	FALSE	NA	NA	NA	NA	NA	NA
NC_045512.2	4181	G	C	15845	1309	45	1	0	40	6.30994e-05	15848	0.749992	FALSE	NA	NA	NA	NA	NA	NA
NC_045512.2	4181	G	A	15845	1309	45	2	0	32	0.000126199	15848	0.999863	FALSE	NA	NA	NA	NA	NA	NA
NC_045512.2	4182	C	A	15897	1314	45	1	0	40	6.2901e-05	15898	0.750024	FALSE	NA	NA	NA	NA	NA	NA
NC_045512.2	4183	T	C	15891	1313	45	4	0	36	0.000251651	15895	0.997794	FALSE	NA	NA	NA	NA	NA	NA
NC_045512.2	4184	G	C	0	0	0	1	0	40	6.34115e-05	15770	0.000126823	TRUE	NA	NA	NA	NA	NA	NA
NC_045512.2	4184	G	A	0	0	0	15769	1317	45	0.999937	15770	0	TRUE	NA	NA	NA	NA	NA	NA
NC_045512.2	4185	G	T	15923	1300	45	1	1	24	6.27943e-05	15925	1	FALSE	NA	NA	NA	NA	NA	NA
NC_045512.2	4185	G	A	15923	1300	45	1	0	40	6.27943e-05	15925	0.750008	FALSE	NA	NA	NA	NA	NA	NA
NC_045512.2	4186	T	C	16010	1370	46	8	0	40	0.000499407	16019	0.0195181	FALSE	NA	NA	NA	NA	NA	NA
NC_045512.2	4186	T	A	16010	1370	46	1	0	40	6.24259e-05	16019	0.749899	FALSE	NA	NA	NA	NA	NA	NA
NC_045512.2	4187	G	A	16016	1371	45	1	0	52	6.24337e-05	16017	0.500016	FALSE	NA	NA	NA	NA	NA	NA
NC_045512.2	4188	G	A	16128	1385	46	4	0	46	0.000247954	16132	0.1875	FALSE	NA	NA	NA	NA	NA	NA
NC_045512.2	4189	C	T	16134	1439	46	2	1	60	0.000123946	16136	0.250008	FALSE	NA	NA	NA	NA	NA	NA
NC_045512.2	4190	A	G	16057	1437	46	1	0	40	6.22626e-05	16061	0.749977	FALSE	NA	NA	NA	NA	NA	NA
NC_045512.2	4190	A	C	16057	1437	46	3	0	29	0.000186788	16061	1	FALSE	NA	NA	NA	NA	NA	NA
NC_045512.2	4191	C	T	16441	1501	46	1	0	24	6.08088e-05	16445	1	FALSE	NA	NA	NA	NA	NA	NA
NC_045512.2	4191	C	G	16441	1501	46	2	0	40	0.000121618	16445	0.499977	FALSE	NA	NA	NA	NA	NA	NA
NC_045512.2	4191	C	A	16441	1501	46	1	0	24	6.08088e-05	16445	1	FALSE	NA	NA	NA	NA	NA	NA
NC_045512.2	4192	T	C	16516	1497	46	1	0	40	6.05437e-05	16517	0.750023	FALSE	NA	NA	NA	NA	NA	NA
NC_045512.2	4193	A	G	17033	1533	46	1	0	40	5.86923e-05	17038	0.749963	FALSE	NA	NA	NA	NA	NA	NA
NC_045512.2	4193	A	C	17033	1533	46	4	0	28	0.000234769	17038	1	FALSE	NA	NA	NA	NA	NA	NA
NC_045512.2	4194	C	T	15529	1550	36	1	0	40	6.43832e-05	15532	0.749992	FALSE	NA	NA	NA	NA	NA	NA
NC_045512.2	4194	C	A	15529	1550	36	2	0	24	0.000128766	15532	1	FALSE	NA	NA	NA	NA	NA	NA
NC_045512.2	4195	T	C	17151	1577	46	2	0	40	0.000116598	17153	0.500022	FALSE	NA	NA	NA	NA	NA	NA
NC_045512.2	4197	A	G	17074	1807	47	1	0	40	5.85514e-05	17079	0.749963	FALSE	NA	NA	NA	NA	NA	NA
NC_045512.2	4197	A	C	17074	1807	47	4	0	24	0.000234206	17079	1	FALSE	NA	NA	NA	NA	NA	NA
NC_045512.2	4198	A	G	17072	1836	47	2	0	40	0.000117117	17077	0.499956	FALSE	NA	NA	NA	NA	NA	NA
NC_045512.2	4198	A	C	17072	1836	47	3	0	24	0.000175675	17077	1	FALSE	NA	NA	NA	NA	NA	NA
NC_045512.2	4199	A	C	17114	1837	47	1	0	24	5.84283e-05	17115	1	FALSE	NA	NA	NA	NA	NA	NA
NC_045512.2	4201	G	T	17177	1834	47	2	0	80	0.000116421	17179	0.250007	FALSE	NA	NA	NA	NA	NA	NA
NC_045512.2	4202	C	T	17197	1942	47	1	0	40	5.81429e-05	17199	0.750007	FALSE	NA	NA	NA	NA	NA	NA
NC_045512.2	4202	C	A	17197	1942	47	1	0	40	5.81429e-05	17199	0.750007	FALSE	NA	NA	NA	NA	NA	NA
NC_045512.2	4203	T	C	17209	1967	48	2	0	40	0.000116205	17211	0.500022	FALSE	NA	NA	NA	NA	NA	NA
NC_045512.2	4204	A	G	17245	1975	48	1	0	40	5.79777e-05	17248	0.749993	FALSE	NA	NA	NA	NA	NA	NA
NC_045512.2	4204	A	C	17245	1975	48	2	0	24	0.000115955	17248	1	FALSE	NA	NA	NA	NA	NA	NA
NC_045512.2	4205	G	A	17320	1973	48	2	0	52	0.00011546	17322	0.250007	FALSE	NA	NA	NA	NA	NA	NA
NC_045512.2	4206	C	T	17317	2027	48	1	0	40	5.77434e-05	17318	0.750022	FALSE	NA	NA	NA	NA	NA	NA
NC_045512.2	4208	A	G	17276	2055	48	1	1	80	5.78771e-05	17278	0.5	FALSE	NA	NA	NA	NA	NA	NA
NC_045512.2	4208	A	C	17276	2055	48	1	1	64	5.78771e-05	17278	0.5	FALSE	NA	NA	NA	NA	NA	NA
NC_045512.2	4209	A	G	17246	2057	48	1	1	32	5.79777e-05	17248	0.999996	FALSE	NA	NA	NA	NA	NA	NA
NC_045512.2	4209	A	C	17246	2057	48	1	0	24	5.79777e-05	17248	1	FALSE	NA	NA	NA	NA	NA	NA
NC_045512.2	4211	G	A	17499	2064	48	1	0	24	5.71429e-05	17500	1	FALSE	NA	NA	NA	NA	NA	NA
NC_045512.2	4213	T	G	17479	2055	48	1	1	24	5.7205e-05	17481	1	FALSE	NA	NA	NA	NA	NA	NA
NC_045512.2	4213	T	C	17479	2055	48	1	1	64	5.7205e-05	17481	0.5	FALSE	NA	NA	NA	NA	NA	NA
NC_045512.2	4214	T	C	17470	2056	48	1	0	80	5.72377e-05	17471	0.500014	FALSE	NA	NA	NA	NA	NA	NA
NC_045512.2	4215	T	C	17485	2078	48	5	0	33	0.000285861	17491	0.997834	FALSE	NA	NA	NA	NA	NA	NA
NC_045512.2	4215	T	A	17485	2078	48	1	0	40	5.71723e-05	17491	0.74995	FALSE	NA	NA	NA	NA	NA	NA
NC_045512.2	4216	G	A	17484	2068	47	2	0	80	0.000114377	17486	0.250007	FALSE	NA	NA	NA	NA	NA	NA
NC_045512.2	4217	A	G	17418	2092	48	2	0	60	0.000114791	17423	0.249964	FALSE	NA	NA	NA	NA	NA	NA
NC_045512.2	4217	A	C	17418	2092	48	3	0	29	0.000172186	17423	1	FALSE	NA	NA	NA	NA	NA	NA
NC_045512.2	4218	G	A	17504	2077	47	1	0	24	5.71265e-05	17505	1	FALSE	NA	NA	NA	NA	NA	NA
NC_045512.2	4218	G	-A	17504	2077	47	1	0	20	5.71265e-05	17505	1	FALSE	NA	NA	NA	NA	NA	NA
NC_045512.2	4219	A	G	17454	2108	48	1	0	40	5.72902e-05	17455	0.750007	FALSE	NA	NA	NA	NA	NA	NA
NC_045512.2	4220	A	G	17436	2098	48	2	0	40	0.000114685	17439	0.5	FALSE	NA	NA	NA	NA	NA	NA
NC_045512.2	4220	A	C	17436	2098	48	1	0	24	5.73427e-05	17439	1	FALSE	NA	NA	NA	NA	NA	NA
NC_045512.2	4221	A	C	17451	2097	48	2	1	44	0.000114593	17453	0.500021	FALSE	NA	NA	NA	NA	NA	NA
NC_045512.2	4222	A	G	17477	2102	48	2	0	40	0.000114397	17483	0.499936	FALSE	NA	NA	NA	NA	NA	NA
NC_045512.2	4222	A	C	17477	2102	48	4	0	36	0.000228794	17483	0.999257	FALSE	NA	NA	NA	NA	NA	NA
NC_045512.2	4223	G	T	17585	2099	48	1	0	40	5.68634e-05	17586	0.750021	FALSE	NA	NA	NA	NA	NA	NA
NC_045512.2	4224	T	C	17562	2143	48	1	0	40	5.69379e-05	17563	0.750021	FALSE	NA	NA	NA	NA	NA	NA
NC_045512.2	4226	C	T	17589	2156	48	1	0	40	5.68505e-05	17590	0.750021	FALSE	NA	NA	NA	NA	NA	NA
NC_045512.2	4227	C	A	17188	2152	47	8	0	28	0.000465224	17196	1	FALSE	NA	NA	NA	NA	NA	NA
NC_045512.2	4228	A	G	17505	2156	48	1	0	40	5.712e-05	17507	0.750007	FALSE	NA	NA	NA	NA	NA	NA
NC_045512.2	4228	A	C	17505	2156	48	1	0	24	5.712e-05	17507	1	FALSE	NA	NA	NA	NA	NA	NA
NC_045512.2	4229	A	C	17487	2162	48	2	0	32	0.000114358	17489	0.999962	FALSE	NA	NA	NA	NA	NA	NA
NC_045512.2	4230	C	T	17563	2158	48	1	0	40	5.69282e-05	17566	0.749993	FALSE	NA	NA	NA	NA	NA	NA
NC_045512.2	4230	C	A	17563	2158	48	2	0	24	0.000113856	17566	1	FALSE	NA	NA	NA	NA	NA	NA
NC_045512.2	4231	A	G	17560	2157	48	1	1	32	5.69379e-05	17563	0.999996	FALSE	NA	NA	NA	NA	NA	NA
NC_045512.2	4231	A	C	17560	2157	48	2	0	24	0.000113876	17563	1	FALSE	NA	NA	NA	NA	NA	NA
NC_045512.2	4232	G	T	17628	2159	49	1	0	40	5.67215e-05	17630	0.750007	FALSE	NA	NA	NA	NA	NA	NA
NC_045512.2	4232	G	A	17628	2159	49	1	0	40	5.67215e-05	17630	0.750007	FALSE	NA	NA	NA	NA	NA	NA
NC_045512.2	4233	A	G	17569	2217	49	1	0	40	5.69087e-05	17572	0.749993	FALSE	NA	NA	NA	NA	NA	NA
NC_045512.2	4233	A	C	17569	2217	49	2	0	24	0.000113817	17572	1	FALSE	NA	NA	NA	NA	NA	NA
NC_045512.2	4235	A	C	17931	2296	49	1	0	24	5.57662e-05	17932	1	FALSE	NA	NA	NA	NA	NA	NA
NC_045512.2	4236	A	G	17978	2351	49	2	0	60	0.000111229	17981	0.249993	FALSE	NA	NA	NA	NA	NA	NA
NC_045512.2	4236	A	C	17978	2351	49	1	0	24	5.56143e-05	17981	1	FALSE	NA	NA	NA	NA	NA	NA
NC_045512.2	4237	T	C	18299	2367	49	2	1	36	0.000109284	18301	0.99998	FALSE	NA	NA	NA	NA	NA	NA
NC_045512.2	4239	A	G	18105	2487	49	3	0	34	0.000165663	18109	0.99989	FALSE	NA	NA	NA	NA	NA	NA
NC_045512.2	4239	A	C	18105	2487	49	1	0	24	5.52212e-05	18109	1	FALSE	NA	NA	NA	NA	NA	NA
NC_045512.2	4240	T	C	18173	2478	49	1	1	24	5.50237e-05	18174	1	FALSE	NA	NA	NA	NA	NA	NA
NC_045512.2	4241	A	C	18015	2504	49	2	0	24	0.000111006	18017	1	FALSE	NA	NA	NA	NA	NA	NA
NC_045512.2	4243	A	C	17832	2465	49	1	0	40	5.60758e-05	17833	0.750021	FALSE	NA	NA	NA	NA	NA	NA
NC_045512.2	4244	A	C	17796	2474	49	6	0	24	0.000337041	17802	1	FALSE	NA	NA	NA	NA	NA	NA
NC_045512.2	4245	C	T	17599	2497	47	1	0	80	5.67634e-05	17617	0.499773	FALSE	NA	NA	NA	NA	NA	NA
NC_045512.2	4245	C	A	17599	2497	47	17	0	25	0.000964977	17617	1	FALSE	NA	NA	NA	NA	NA	NA
NC_045512.2	4247	A	G	18017	2459	48	5	0	38	0.0002773	18031	0.9987	FALSE	NA	NA	NA	NA	NA	NA
NC_045512.2	4247	A	C	18017	2459	48	9	0	28	0.00049914	18031	1	FALSE	NA	NA	NA	NA	NA	NA
NC_045512.2	4248	C	A	17715	2493	47	8	0	26	0.000451391	17723	1	FALSE	NA	NA	NA	NA	NA	NA
NC_045512.2	4249	T	G	17915	2478	48	1	1	24	5.58067e-05	17919	1	FALSE	NA	NA	NA	NA	NA	NA
NC_045512.2	4249	T	C	17915	2478	48	2	0	32	0.000111613	17919	0.999962	FALSE	NA	NA	NA	NA	NA	NA
NC_045512.2	4249	T	A	17915	2478	48	1	0	40	5.58067e-05	17919	0.749979	FALSE	NA	NA	NA	NA	NA	NA
NC_045512.2	4250	T	C	17953	2476	48	1	0	40	5.56979e-05	17954	0.750021	FALSE	NA	NA	NA	NA	NA	NA
NC_045512.2	4251	A	C	17679	2529	48	18	0	25	0.00101712	17697	1	FALSE	NA	NA	NA	NA	NA	NA
NC_045512.2	4252	C	T	17861	2524	48	1	1	24	5.59722e-05	17866	1	FALSE	NA	NA	NA	NA	NA	NA
NC_045512.2	4252	C	A	17861	2524	48	4	0	24	0.000223889	17866	1	FALSE	NA	NA	NA	NA	NA	NA
NC_045512.2	4253	C	G	17902	2666	49	1	0	24	5.58472e-05	17906	1	FALSE	NA	NA	NA	NA	NA	NA
NC_045512.2	4253	C	A	17902	2666	49	3	0	34	0.000167542	17906	0.999799	FALSE	NA	NA	NA	NA	NA	NA
NC_045512.2	4254	C	T	17441	2639	47	1	0	40	5.72803e-05	17458	0.749792	FALSE	NA	NA	NA	NA	NA	NA
NC_045512.2	4254	C	A	17441	2639	47	16	0	26	0.000916485	17458	1	FALSE	NA	NA	NA	NA	NA	NA
NC_045512.2	4255	G	T	17816	2589	48	1	1	32	5.6123e-05	17818	0.999996	FALSE	NA	NA	NA	NA	NA	NA
NC_045512.2	4255	G	A	17816	2589	48	1	0	40	5.6123e-05	17818	0.750007	FALSE	NA	NA	NA	NA	NA	NA
NC_045512.2	4256	G	T	17948	2676	49	1	1	24	5.57072e-05	17951	1	FALSE	NA	NA	NA	NA	NA	NA
NC_045512.2	4256	G	C	17948	2676	49	1	0	24	5.57072e-05	17951	1	FALSE	NA	NA	NA	NA	NA	NA
NC_045512.2	4256	G	A	17948	2676	49	1	0	40	5.57072e-05	17951	0.749993	FALSE	NA	NA	NA	NA	NA	NA
NC_045512.2	4257	G	T	17952	2789	48	1	1	24	5.5701e-05	17953	1	FALSE	NA	NA	NA	NA	NA	NA
NC_045512.2	4258	T	G	17923	2920	50	2	0	32	0.000111557	17928	0.999962	FALSE	NA	NA	NA	NA	NA	NA
NC_045512.2	4258	T	C	17923	2920	50	3	2	34	0.000167336	17928	0.999799	FALSE	NA	NA	NA	NA	NA	NA
NC_045512.2	4259	C	A	17573	2956	48	5	0	27	0.000284446	17578	1	FALSE	NA	NA	NA	NA	NA	NA
NC_045512.2	4260	A	C	17677	2938	49	1	0	24	5.65675e-05	17678	1	FALSE	NA	NA	NA	NA	NA	NA
NC_045512.2	4262	G	A	18177	3027	50	1	1	80	5.50116e-05	18178	0.500014	FALSE	NA	NA	NA	NA	NA	NA
NC_045512.2	4263	G	A	17923	3183	49	1	0	40	5.57911e-05	17924	0.750021	FALSE	NA	NA	NA	NA	NA	NA
NC_045512.2	4264	T	C	17730	3210	49	1	0	24	5.63984e-05	17731	1	FALSE	NA	NA	NA	NA	NA	NA
NC_045512.2	4265	T	G	17409	3312	49	3	2	24	0.000172295	17412	1	FALSE	NA	NA	NA	NA	NA	NA
NC_045512.2	4266	T	G	15623	3704	46	2	2	24	0.000127992	15626	1	FALSE	NA	NA	NA	NA	NA	NA
NC_045512.2	4266	T	C	15623	3704	46	1	0	24	6.39959e-05	15626	1	FALSE	NA	NA	NA	NA	NA	NA
NC_045512.2	4267	A	G	14910	4017	46	3	3	24	0.000201099	14918	1	FALSE	NA	NA	NA	NA	NA	NA
NC_045512.2	4267	A	C	14910	4017	46	5	0	24	0.000335166	14918	1	FALSE	NA	NA	NA	NA	NA	NA
NC_045512.2	4268	A	G	14685	4233	47	1	1	40	6.80735e-05	14690	0.749957	FALSE	NA	NA	NA	NA	NA	NA
NC_045512.2	4268	A	C	14685	4233	47	4	0	32	0.000272294	14690	0.99624	FALSE	NA	NA	NA	NA	NA	NA
NC_045512.2	4269	A	C	14534	4271	47	5	0	30	0.000343903	14539	0.990417	FALSE	NA	NA	NA	NA	NA	NA
NC_045512.2	4270	T	G	14891	4399	48	1	1	24	6.71411e-05	14894	1	FALSE	NA	NA	NA	NA	NA	NA
NC_045512.2	4270	T	C	14891	4399	48	2	0	40	0.000134282	14894	0.5	FALSE	NA	NA	NA	NA	NA	NA
NC_045512.2	4271	G	A	14830	4423	48	1	0	40	6.74263e-05	14831	0.750025	FALSE	NA	NA	NA	NA	NA	NA
NC_045512.2	4272	G	T	14670	4347	47	2	2	24	0.000136295	14674	1	FALSE	NA	NA	NA	NA	NA	NA
NC_045512.2	4272	G	C	14670	4347	47	2	0	32	0.000136295	14674	0.999741	FALSE	NA	NA	NA	NA	NA	NA
NC_045512.2	4273	T	G	14723	4411	47	4	4	34	0.000271573	14729	0.996238	FALSE	NA	NA	NA	NA	NA	NA
NC_045512.2	4273	T	C	14723	4411	47	1	1	32	6.78933e-05	14729	0.99997	FALSE	NA	NA	NA	NA	NA	NA
NC_045512.2	4273	T	A	14723	4411	47	1	0	24	6.78933e-05	14729	1	FALSE	NA	NA	NA	NA	NA	NA
NC_045512.2	4274	T	G	14733	4444	47	2	2	28	0.000135704	14738	1	FALSE	NA	NA	NA	NA	NA	NA
NC_045512.2	4274	T	C	14733	4444	47	2	0	40	0.000135704	14738	0.499949	FALSE	NA	NA	NA	NA	NA	NA
NC_045512.2	4274	T	A	14733	4444	47	1	0	80	6.78518e-05	14738	0.499949	FALSE	NA	NA	NA	NA	NA	NA
NC_045512.2	4275	A	G	14741	4507	47	1	1	40	6.78242e-05	14744	0.749992	FALSE	NA	NA	NA	NA	NA	NA
NC_045512.2	4275	A	C	14741	4507	47	2	0	32	0.000135648	14744	0.999741	FALSE	NA	NA	NA	NA	NA	NA
NC_045512.2	4276	C	T	14174	4633	46	1	0	40	7.04672e-05	14191	0.749744	FALSE	NA	NA	NA	NA	NA	NA
NC_045512.2	4276	C	A	14174	4633	46	16	0	25	0.00112748	14191	1	FALSE	NA	NA	NA	NA	NA	NA
NC_045512.2	4277	A	G	14349	4652	47	1	0	40	6.96718e-05	14353	0.749974	FALSE	NA	NA	NA	NA	NA	NA
NC_045512.2	4277	A	C	14349	4652	47	3	1	34	0.000209016	14353	0.998828	FALSE	NA	NA	NA	NA	NA	NA
NC_045512.2	4278	C	A	14684	4780	47	1	0	40	6.80967e-05	14685	0.750026	FALSE	NA	NA	NA	NA	NA	NA
NC_045512.2	4279	T	G	14472	4599	47	2	2	24	0.000138179	14474	1	FALSE	NA	NA	NA	NA	NA	NA
NC_045512.2	4280	G	T	14682	4517	45	5	4	30	0.000340344	14691	0.990402	FALSE	NA	NA	NA	NA	NA	NA
NC_045512.2	4280	G	A	14682	4517	45	4	3	36	0.000272276	14691	0.996233	FALSE	NA	NA	NA	NA	NA	NA
NC_045512.2	4281	T	C	14727	4565	46	1	0	40	6.78887e-05	14730	0.749992	FALSE	NA	NA	NA	NA	NA	NA
NC_045512.2	4281	T	A	14727	4565	46	2	0	52	0.000135777	14730	0.249992	FALSE	NA	NA	NA	NA	NA	NA
NC_045512.2	4282	A	C	14640	4625	46	3	0	29	0.000204876	14643	1	FALSE	NA	NA	NA	NA	NA	NA
NC_045512.2	4283	G	T	14486	4379	45	4	4	28	0.000276033	14491	1	FALSE	NA	NA	NA	NA	NA	NA
NC_045512.2	4283	G	C	14486	4379	45	1	0	40	6.90084e-05	14491	0.749957	FALSE	NA	NA	NA	NA	NA	NA
NC_045512.2	4284	A	T	15037	5233	47	1	1	40	6.64982e-05	15038	0.750025	FALSE	NA	NA	NA	NA	NA	NA
NC_045512.2	4286	G	T	13927	4132	43	100	100	26	0.00712911	14027	0.99614	FALSE	NA	NA	NA	NA	NA	NA
NC_045512.2	4287	A	G	14540	5723	48	3	1	53	0.000206285	14543	0.125	FALSE	NA	NA	NA	NA	NA	NA
NC_045512.2	4288	G	T	14834	5696	47	3	3	26	0.000202197	14837	1	FALSE	NA	NA	NA	NA	NA	NA
NC_045512.2	4290	C	-A	15057	6066	48	1	0	20	6.64143e-05	15057	1	FALSE	NA	NA	NA	NA	NA	NA
NC_045512.2	4291	A	C	14876	6086	47	7	0	26	0.000470335	14883	1	FALSE	NA	NA	NA	NA	NA	NA
NC_045512.2	4292	A	T	15008	6115	48	1	0	40	6.66223e-05	15010	0.750008	FALSE	NA	NA	NA	NA	NA	NA
NC_045512.2	4292	A	C	15008	6115	48	1	0	24	6.66223e-05	15010	1	FALSE	NA	NA	NA	NA	NA	NA
NC_045512.2	4296	C	T	14676	6188	47	2	1	32	0.000136138	14691	0.99974	FALSE	NA	NA	NA	NA	NA	NA
NC_045512.2	4296	C	A	14676	6188	47	13	0	27	0.000884896	14691	1	FALSE	NA	NA	NA	NA	NA	NA
NC_045512.2	4297	A	G	14345	5829	48	4	2	42	0.000278746	14350	0.187478	FALSE	NA	NA	NA	NA	NA	NA
NC_045512.2	4297	A	C	14345	5829	48	1	1	64	6.96864e-05	14350	0.499948	FALSE	NA	NA	NA	NA	NA	NA
NC_045512.2	4299	T	C	14407	6313	48	7	2	58	0.000485605	14415	0.00780681	TRUE	NA	NA	NA	NA	NA	NA
NC_045512.2	4299	T	A	14407	6313	48	1	0	40	6.93722e-05	14415	0.749905	FALSE	NA	NA	NA	NA	NA	NA
NC_045512.2	4302	T	G	14412	6473	48	1	1	24	6.93722e-05	14415	1	FALSE	NA	NA	NA	NA	NA	NA
NC_045512.2	4302	T	C	14412	6473	48	2	1	60	0.000138744	14415	0.249991	FALSE	NA	NA	NA	NA	NA	NA
NC_045512.2	4303	T	C	14370	6405	47	1	1	80	6.95846e-05	14371	0.500017	FALSE	NA	NA	NA	NA	NA	NA
NC_045512.2	4304	A	T	14313	6547	47	1	0	40	6.98032e-05	14326	0.749817	FALSE	NA	NA	NA	NA	NA	NA
NC_045512.2	4304	A	C	14313	6547	47	12	0	24	0.000837638	14326	1	FALSE	NA	NA	NA	NA	NA	NA
NC_045512.2	4305	A	G	14561	6776	49	2	0	40	0.000137306	14566	0.499949	FALSE	NA	NA	NA	NA	NA	NA
NC_045512.2	4305	A	C	14561	6776	49	3	0	24	0.000205959	14566	1	FALSE	NA	NA	NA	NA	NA	NA
NC_045512.2	4307	A	G	14506	6891	48	3	2	66	0.00020674	14511	0.124974	FALSE	NA	NA	NA	NA	NA	NA
NC_045512.2	4307	A	C	14506	6891	48	2	0	32	0.000137826	14511	0.999741	FALSE	NA	NA	NA	NA	NA	NA
NC_045512.2	4309	G	T	14390	6990	48	2	0	40	0.000138956	14393	0.5	FALSE	NA	NA	NA	NA	NA	NA
NC_045512.2	4309	G	A	14390	6990	48	1	0	24	6.94782e-05	14393	1	FALSE	NA	NA	NA	NA	NA	NA
NC_045512.2	4310	T	G	14376	6958	48	1	1	24	6.95555e-05	14377	1	FALSE	NA	NA	NA	NA	NA	NA
NC_045512.2	4311	G	T	14238	6914	47	4	4	38	0.000280859	14242	0.996242	FALSE	NA	NA	NA	NA	NA	NA
NC_045512.2	4312	T	G	14368	7154	47	3	3	29	0.000208725	14373	1	FALSE	NA	NA	NA	NA	NA	NA
NC_045512.2	4312	T	C	14368	7154	47	1	1	40	6.95749e-05	14373	0.749957	FALSE	NA	NA	NA	NA	NA	NA
NC_045512.2	4312	T	A	14368	7154	47	1	0	80	6.95749e-05	14373	0.499948	FALSE	NA	NA	NA	NA	NA	NA
NC_045512.2	4313	A	G	13466	7770	46	1	0	40	7.4239e-05	13470	0.749972	FALSE	NA	NA	NA	NA	NA	NA
NC_045512.2	4313	A	C	13466	7770	46	3	0	29	0.000222717	13470	1	FALSE	NA	NA	NA	NA	NA	NA
NC_045512.2	4314	A	G	13429	7794	46	3	2	53	0.000223347	13432	0.125	FALSE	NA	NA	NA	NA	NA	NA
NC_045512.2	4315	A	G	13452	7799	47	2	1	24	0.000148644	13455	1	FALSE	NA	NA	NA	NA	NA	NA
NC_045512.2	4315	A	C	13452	7799	47	1	0	24	7.43218e-05	13455	1	FALSE	NA	NA	NA	NA	NA	NA
NC_045512.2	4317	G	C	13427	7773	46	2	2	32	0.00014892	13430	0.999513	FALSE	NA	NA	NA	NA	NA	NA
NC_045512.2	4317	G	A	13427	7773	46	1	0	24	7.44602e-05	13430	1	FALSE	NA	NA	NA	NA	NA	NA
NC_045512.2	4318	T	G	14068	8666	48	1	1	24	7.10732e-05	14070	1	FALSE	NA	NA	NA	NA	NA	NA
NC_045512.2	4318	T	C	14068	8666	48	1	0	24	7.10732e-05	14070	1	FALSE	NA	NA	NA	NA	NA	NA
NC_045512.2	4321	C	T	2	2	40	14112	8747	48	0.999787	14115	0	TRUE	NA	NA	NA	NA	NA	NA
NC_045512.2	4321	C	G	2	2	40	1	1	24	7.08466e-05	14115	0.029876	FALSE	NA	NA	NA	NA	NA	NA
NC_045512.2	4322	T	C	18129	14042	52	2	1	52	0.000110308	18131	0.250007	FALSE	NA	NA	NA	NA	NA	NA
NC_045512.2	4323	T	G	18102	14040	51	1	1	24	5.52395e-05	18103	1	FALSE	NA	NA	NA	NA	NA	NA
NC_045512.2	4324	T	G	18581	14762	51	1	1	24	5.38155e-05	18582	1	FALSE	NA	NA	NA	NA	NA	NA
NC_045512.2	4325	T	G	18621	14821	51	3	3	26	0.000161065	18626	1	FALSE	NA	NA	NA	NA	NA	NA
NC_045512.2	4325	T	C	18621	14821	51	2	2	40	0.000107377	18626	0.49996	FALSE	NA	NA	NA	NA	NA	NA
NC_045512.2	4326	A	G	18807	15044	52	1	1	24	5.3166e-05	18809	1	FALSE	NA	NA	NA	NA	NA	NA
NC_045512.2	4326	A	C	18807	15044	52	1	0	24	5.3166e-05	18809	1	FALSE	NA	NA	NA	NA	NA	NA
NC_045512.2	4327	C	T	19178	15519	52	1	1	32	5.21376e-05	19180	0.999999	FALSE	NA	NA	NA	NA	NA	NA
NC_045512.2	4327	C	A	19178	15519	52	1	1	40	5.21376e-05	19180	0.750007	FALSE	NA	NA	NA	NA	NA	NA
NC_045512.2	4328	A	G	19132	15471	52	4	4	28	0.00020903	19136	1	FALSE	NA	NA	NA	NA	NA	NA
NC_045512.2	4329	T	G	19084	15407	52	4	4	24	0.000209545	19089	1	FALSE	NA	NA	NA	NA	NA	NA
NC_045512.2	4329	T	C	19084	15407	52	1	1	40	5.23862e-05	19089	0.749967	FALSE	NA	NA	NA	NA	NA	NA
NC_045512.2	4330	T	G	19053	15385	52	2	2	24	0.000104959	19055	1	FALSE	NA	NA	NA	NA	NA	NA
NC_045512.2	4332	T	G	19557	16299	51	3	3	24	0.000153366	19561	1	FALSE	NA	NA	NA	NA	NA	NA
NC_045512.2	4332	T	C	19557	16299	51	1	1	40	5.11221e-05	19561	0.749981	FALSE	NA	NA	NA	NA	NA	NA
NC_045512.2	4333	A	G	19739	16483	52	2	2	32	0.000101302	19743	0.99999	FALSE	NA	NA	NA	NA	NA	NA
NC_045512.2	4333	A	C	19739	16483	52	2	1	24	0.000101302	19743	1	FALSE	NA	NA	NA	NA	NA	NA
NC_045512.2	4334	C	T	19704	16551	50	1	0	80	5.07382e-05	19709	0.499962	FALSE	NA	NA	NA	NA	NA	NA
NC_045512.2	4334	C	A	19704	16551	50	4	0	30	0.000202953	19709	0.999757	FALSE	NA	NA	NA	NA	NA	NA
NC_045512.2	4336	A	T	19636	16408	52	1	1	80	5.09191e-05	19639	0.499987	FALSE	NA	NA	NA	NA	NA	NA
NC_045512.2	4336	A	G	19636	16408	52	1	0	48	5.09191e-05	19639	0.749994	FALSE	NA	NA	NA	NA	NA	NA
NC_045512.2	4336	A	C	19636	16408	52	1	0	32	5.09191e-05	19639	0.999999	FALSE	NA	NA	NA	NA	NA	NA
NC_045512.2	4337	T	G	19610	16379	52	1	1	40	5.09892e-05	19612	0.750006	FALSE	NA	NA	NA	NA	NA	NA
NC_045512.2	4337	T	C	19610	16379	52	1	1	24	5.09892e-05	19612	1	FALSE	NA	NA	NA	NA	NA	NA
NC_045512.2	4338	C	T	19745	16522	52	1	1	40	5.06406e-05	19747	0.750006	FALSE	NA	NA	NA	NA	NA	NA
NC_045512.2	4338	C	G	19745	16522	52	1	1	80	5.06406e-05	19747	0.5	FALSE	NA	NA	NA	NA	NA	NA
NC_045512.2	4339	T	G	19680	16455	52	1	1	40	5.07949e-05	19687	0.749943	FALSE	NA	NA	NA	NA	NA	NA
NC_045512.2	4339	T	C	19680	16455	52	6	6	44	0.00030477	19687	0.0624833	FALSE	NA	NA	NA	NA	NA	NA
NC_045512.2	4340	A	T	19655	16440	51	1	1	40	5.08751e-05	19656	0.750019	FALSE	NA	NA	NA	NA	NA	NA
NC_045512.2	4341	T	G	19562	16331	52	3	3	24	0.000153335	19565	1	FALSE	NA	NA	NA	NA	NA	NA
NC_045512.2	4342	T	G	19475	16423	51	2	2	32	0.00010268	19478	0.99999	FALSE	NA	NA	NA	NA	NA	NA
NC_045512.2	4342	T	C	19475	16423	51	1	1	40	5.134e-05	19478	0.749994	FALSE	NA	NA	NA	NA	NA	NA
NC_045512.2	4343	A	G	19534	16539	51	3	3	40	0.000153555	19537	0.31251	FALSE	NA	NA	NA	NA	NA	NA
NC_045512.2	4344	T	C	19424	16609	50	2	2	32	0.000102955	19426	0.99999	FALSE	NA	NA	NA	NA	NA	NA
NC_045512.2	4346	T	C	19364	16552	50	3	3	24	0.000154895	19368	1	FALSE	NA	NA	NA	NA	NA	NA
NC_045512.2	4346	T	A	19364	16552	50	1	1	40	5.16316e-05	19368	0.749981	FALSE	NA	NA	NA	NA	NA	NA
NC_045512.2	4347	C	G	19088	16676	45	1	1	40	5.23725e-05	19094	0.749954	FALSE	NA	NA	NA	NA	NA	NA
NC_045512.2	4347	C	A	19088	16676	45	5	0	32	0.000261862	19094	0.999231	FALSE	NA	NA	NA	NA	NA	NA
NC_045512.2	4348	T	G	19016	16228	50	3	3	29	0.000157729	19020	1	FALSE	NA	NA	NA	NA	NA	NA
NC_045512.2	4348	T	A	19016	16228	50	1	0	80	5.25762e-05	19020	0.499974	FALSE	NA	NA	NA	NA	NA	NA
NC_045512.2	4349	A	G	19070	16285	50	1	1	24	5.24329e-05	19072	1	FALSE	NA	NA	NA	NA	NA	NA
NC_045512.2	4349	A	C	19070	16285	50	1	0	24	5.24329e-05	19072	1	FALSE	NA	NA	NA	NA	NA	NA
NC_045512.2	4350	A	T	19040	16259	50	1	1	40	5.25155e-05	19042	0.750007	FALSE	NA	NA	NA	NA	NA	NA
NC_045512.2	4350	A	G	19040	16259	50	1	1	40	5.25155e-05	19042	0.750007	FALSE	NA	NA	NA	NA	NA	NA
NC_045512.2	4351	T	G	18946	16164	50	3	3	29	0.000158303	18951	1	FALSE	NA	NA	NA	NA	NA	NA
NC_045512.2	4351	T	C	18946	16164	50	2	2	52	0.000105535	18951	0.249967	FALSE	NA	NA	NA	NA	NA	NA
NC_045512.2	4352	G	T	15075	12111	42	239	238	25	0.0156066	15314	7.24393e-06	TRUE	NA	NA	NA	NA	NA	NA
NC_045512.2	4353	A	G	18837	16073	51	3	2	61	0.000159236	18840	0.125	FALSE	NA	NA	NA	NA	NA	NA
NC_045512.2	4354	G	T	17899	15124	48	25	25	26	0.00139478	17924	1	FALSE	NA	NA	NA	NA	NA	NA
NC_045512.2	4355	A	G	18777	16066	50	1	1	40	5.32538e-05	18778	0.75002	FALSE	NA	NA	NA	NA	NA	NA
NC_045512.2	4356	A	G	18682	15981	50	2	2	60	0.000107043	18684	0.250007	FALSE	NA	NA	NA	NA	NA	NA
NC_045512.2	4357	G	A	18687	15988	50	1	1	40	5.35103e-05	18688	0.75002	FALSE	NA	NA	NA	NA	NA	NA
NC_045512.2	4358	C	T	18580	15878	50	1	1	80	5.38184e-05	18581	0.500013	FALSE	NA	NA	NA	NA	NA	NA
NC_045512.2	4359	A	G	18602	15904	50	1	1	24	5.37548e-05	18603	1	FALSE	NA	NA	NA	NA	NA	NA
NC_045512.2	4360	A	G	18613	15919	50	1	1	40	5.37201e-05	18615	0.750007	FALSE	NA	NA	NA	NA	NA	NA
NC_045512.2	4360	A	C	18613	15919	50	1	1	40	5.37201e-05	18615	0.750007	FALSE	NA	NA	NA	NA	NA	NA
NC_045512.2	4361	G	A	18432	15736	50	2	2	40	0.000108495	18434	0.50002	FALSE	NA	NA	NA	NA	NA	NA
NC_045512.2	4364	A	G	18562	15943	50	2	1	72	0.00010773	18565	0.249993	FALSE	NA	NA	NA	NA	NA	NA
NC_045512.2	4364	A	C	18562	15943	50	1	1	24	5.38648e-05	18565	1	FALSE	NA	NA	NA	NA	NA	NA
NC_045512.2	4365	T	G	18430	15808	49	1	1	24	5.42446e-05	18435	1	FALSE	NA	NA	NA	NA	NA	NA
NC_045512.2	4365	T	C	18430	15808	49	4	4	36	0.000216979	18435	0.999574	FALSE	NA	NA	NA	NA	NA	NA
NC_045512.2	4366	T	G	18312	15692	49	1	1	40	5.4603e-05	18314	0.750007	FALSE	NA	NA	NA	NA	NA	NA
NC_045512.2	4366	T	C	18312	15692	49	1	1	40	5.4603e-05	18314	0.750007	FALSE	NA	NA	NA	NA	NA	NA
NC_045512.2	4367	C	G	18536	15930	50	1	1	24	5.39462e-05	18537	1	FALSE	NA	NA	NA	NA	NA	NA
NC_045512.2	4368	T	C	18404	15804	50	2	2	28	0.00010866	18406	1	FALSE	NA	NA	NA	NA	NA	NA
NC_045512.2	4369	T	C	18434	15833	50	1	1	24	5.42446e-05	18435	1	FALSE	NA	NA	NA	NA	NA	NA
NC_045512.2	4371	G	A	18510	15910	50	1	1	80	5.40219e-05	18511	0.500014	FALSE	NA	NA	NA	NA	NA	NA
NC_045512.2	4372	A	G	18495	15902	50	3	2	53	0.00016218	18498	0.125	FALSE	NA	NA	NA	NA	NA	NA
NC_045512.2	4373	A	G	18473	15899	50	1	1	80	5.41243e-05	18476	0.499986	FALSE	NA	NA	NA	NA	NA	NA
NC_045512.2	4373	A	C	18473	15899	50	2	2	32	0.000108249	18476	0.99998	FALSE	NA	NA	NA	NA	NA	NA
NC_045512.2	4374	C	T	18440	15902	50	1	0	64	5.4227e-05	18441	0.500014	FALSE	NA	NA	NA	NA	NA	NA
NC_045512.2	4375	T	G	18248	15713	50	3	3	24	0.000164357	18253	1	FALSE	NA	NA	NA	NA	NA	NA
NC_045512.2	4375	T	C	18248	15713	50	2	2	40	0.000109571	18253	0.499959	FALSE	NA	NA	NA	NA	NA	NA
NC_045512.2	4377	T	G	17859	15317	47	2	2	40	0.00011197	17862	0.5	FALSE	NA	NA	NA	NA	NA	NA
NC_045512.2	4377	T	C	17859	15317	47	1	1	24	5.59848e-05	17862	1	FALSE	NA	NA	NA	NA	NA	NA
NC_045512.2	4378	T	G	18236	15698	50	1	1	24	5.48306e-05	18238	1	FALSE	NA	NA	NA	NA	NA	NA
NC_045512.2	4378	T	C	18236	15698	50	1	1	36	5.48306e-05	18238	0.999998	FALSE	NA	NA	NA	NA	NA	NA
NC_045512.2	4379	T	A	18213	15672	49	1	1	40	5.49028e-05	18214	0.750021	FALSE	NA	NA	NA	NA	NA	NA
NC_045512.2	4381	T	G	18035	15532	50	2	2	24	0.000110865	18040	1	FALSE	NA	NA	NA	NA	NA	NA
NC_045512.2	4381	T	C	18035	15532	50	3	3	29	0.000166297	18040	1	FALSE	NA	NA	NA	NA	NA	NA
NC_045512.2	4383	G	T	18061	15577	49	2	2	32	0.000110724	18063	0.99998	FALSE	NA	NA	NA	NA	NA	NA
NC_045512.2	4384	G	A	18184	15702	50	2	1	40	0.000109975	18186	0.500021	FALSE	NA	NA	NA	NA	NA	NA
NC_045512.2	4385	A	G	18016	15709	49	3	2	42	0.000166491	18019	0.31251	FALSE	NA	NA	NA	NA	NA	NA
NC_045512.2	4386	A	T	18007	15693	49	1	1	48	5.55216e-05	18011	0.749979	FALSE	NA	NA	NA	NA	NA	NA
NC_045512.2	4386	A	G	18007	15693	49	3	3	42	0.000166565	18011	0.31249	FALSE	NA	NA	NA	NA	NA	NA
NC_045512.2	4387	T	G	17774	15493	49	2	2	24	0.000112511	17776	1	FALSE	NA	NA	NA	NA	NA	NA
NC_045512.2	4388	T	G	17770	15629	48	2	2	24	0.00011253	17773	1	FALSE	NA	NA	NA	NA	NA	NA
NC_045512.2	4388	T	A	17770	15629	48	1	1	40	5.62651e-05	17773	0.749993	FALSE	NA	NA	NA	NA	NA	NA
NC_045512.2	4389	T	G	17680	15563	48	2	2	32	0.000113097	17684	0.999962	FALSE	NA	NA	NA	NA	NA	NA
NC_045512.2	4389	T	C	17680	15563	48	2	2	40	0.000113097	17684	0.499979	FALSE	NA	NA	NA	NA	NA	NA
NC_045512.2	4390	G	A	17547	15489	45	1	1	40	5.69866e-05	17548	0.750021	FALSE	NA	NA	NA	NA	NA	NA
NC_045512.2	4391	C	T	17780	15738	48	4	4	40	0.000224909	17785	0.187482	FALSE	NA	NA	NA	NA	NA	NA
NC_045512.2	4391	C	A	17780	15738	48	1	1	24	5.62272e-05	17785	1	FALSE	NA	NA	NA	NA	NA	NA
NC_045512.2	4392	G	T	14464	12358	39	116	116	25	0.00795556	14581	0.969033	FALSE	NA	NA	NA	NA	NA	NA
NC_045512.2	4392	G	A	14464	12358	39	1	1	64	6.85824e-05	14581	0.49802	FALSE	NA	NA	NA	NA	NA	NA
NC_045512.2	4393	A	G	17764	15731	48	1	1	40	5.62905e-05	17765	0.750021	FALSE	NA	NA	NA	NA	NA	NA
NC_045512.2	4394	G	T	17152	15104	45	14	14	27	0.000815566	17166	1	FALSE	NA	NA	NA	NA	NA	NA
NC_045512.2	4395	A	G	17767	15738	48	3	3	40	0.000168824	17770	0.312511	FALSE	NA	NA	NA	NA	NA	NA
NC_045512.2	4396	A	G	17762	15866	48	2	2	52	0.000112587	17764	0.250007	FALSE	NA	NA	NA	NA	NA	NA
NC_045512.2	4397	A	G	17761	15919	47	2	2	32	0.000112594	17763	0.999962	FALSE	NA	NA	NA	NA	NA	NA
NC_045512.2	4398	T	G	17690	15847	47	2	2	24	0.000113045	17692	1	FALSE	NA	NA	NA	NA	NA	NA
NC_045512.2	4399	G	T	15270	13686	47	2417	2170	46	0.136631	17690	0	TRUE	NA	NA	NA	NA	NA	NA
NC_045512.2	4399	G	C	15270	13686	47	2	2	40	0.000113058	17690	0.4451	FALSE	NA	NA	NA	NA	NA	NA
NC_045512.2	4399	G	A	15270	13686	47	1	1	40	5.65291e-05	17690	0.711981	FALSE	NA	NA	NA	NA	NA	NA
NC_045512.2	4401	T	G	17618	15813	47	3	3	24	0.000170242	17622	1	FALSE	NA	NA	NA	NA	NA	NA
NC_045512.2	4401	T	A	17618	15813	47	1	0	80	5.67472e-05	17622	0.499972	FALSE	NA	NA	NA	NA	NA	NA
NC_045512.2	4402	T	G	17562	15757	47	3	3	24	0.000170775	17567	1	FALSE	NA	NA	NA	NA	NA	NA
NC_045512.2	4402	T	C	17562	15757	47	2	2	32	0.00011385	17567	0.999962	FALSE	NA	NA	NA	NA	NA	NA
NC_045512.2	4403	G	C	17693	15891	47	2	2	32	0.00011302	17696	0.999962	FALSE	NA	NA	NA	NA	NA	NA
NC_045512.2	4403	G	A	17693	15891	47	1	1	40	5.65099e-05	17696	0.749993	FALSE	NA	NA	NA	NA	NA	NA
NC_045512.2	4404	C	T	17381	15590	47	1	1	64	5.75308e-05	17382	0.500014	FALSE	NA	NA	NA	NA	NA	NA
NC_045512.2	4405	A	C	17371	15587	47	1	1	24	5.75639e-05	17372	1	FALSE	NA	NA	NA	NA	NA	NA
NC_045512.2	4406	C	T	17307	15608	47	1	1	24	5.77768e-05	17308	1	FALSE	NA	NA	NA	NA	NA	NA
NC_045512.2	4410	C	A	16739	15074	47	1	1	24	5.97372e-05	16740	1	FALSE	NA	NA	NA	NA	NA	NA
NC_045512.2	4411	A	G	16634	14972	47	1	1	40	6.01142e-05	16635	0.750023	FALSE	NA	NA	NA	NA	NA	NA
NC_045512.2	4412	G	T	15284	13737	41	47	47	25	0.00306568	15331	1	FALSE	NA	NA	NA	NA	NA	NA
NC_045512.2	4414	A	G	16560	15106	46	3	3	40	0.000181127	16563	0.312511	FALSE	NA	NA	NA	NA	NA	NA
NC_045512.2	4415	G	T	16351	14900	45	8	8	26	0.000489027	16359	1	FALSE	NA	NA	NA	NA	NA	NA
NC_045512.2	4416	A	G	16450	15010	46	2	2	24	0.000121566	16452	1	FALSE	NA	NA	NA	NA	NA	NA
NC_045512.2	4417	A	G	16344	14912	46	1	1	40	6.11808e-05	16345	0.750023	FALSE	NA	NA	NA	NA	NA	NA
NC_045512.2	4418	A	G	16342	14909	46	1	1	40	6.11883e-05	16343	0.750023	FALSE	NA	NA	NA	NA	NA	NA
NC_045512.2	4419	C	T	16195	14771	46	2	2	40	0.00012348	16197	0.500023	FALSE	NA	NA	NA	NA	NA	NA
NC_045512.2	4420	A	G	16169	14749	46	3	3	29	0.000185506	16172	1	FALSE	NA	NA	NA	NA	NA	NA
NC_045512.2	4421	C	G	15789	14549	45	2	2	40	0.000126638	15793	0.499976	FALSE	NA	NA	NA	NA	NA	NA
NC_045512.2	4421	C	A	15789	14549	45	2	2	32	0.000126638	15793	0.999863	FALSE	NA	NA	NA	NA	NA	NA
NC_045512.2	4422	G	A	15798	14564	45	1	1	24	6.32951e-05	15799	1	FALSE	NA	NA	NA	NA	NA	NA
NC_045512.2	4423	C	T	15768	14562	45	1	1	24	6.34075e-05	15771	1	FALSE	NA	NA	NA	NA	NA	NA
NC_045512.2	4423	C	G	15768	14562	45	2	2	40	0.000126815	15771	0.5	FALSE	NA	NA	NA	NA	NA	NA
NC_045512.2	4424	A	G	15735	14531	45	2	2	40	0.000127089	15737	0.500024	FALSE	NA	NA	NA	NA	NA	NA
NC_045512.2	4425	A	G	15705	14505	45	1	1	40	6.36618e-05	15708	0.749992	FALSE	NA	NA	NA	NA	NA	NA
NC_045512.2	4425	A	C	15705	14505	45	2	2	32	0.000127324	15708	0.999863	FALSE	NA	NA	NA	NA	NA	NA
NC_045512.2	4426	A	G	15679	14536	45	3	3	34	0.000191302	15682	0.999346	FALSE	NA	NA	NA	NA	NA	NA
NC_045512.2	4427	T	C	15641	14513	45	3	3	42	0.000191767	15644	0.312512	FALSE	NA	NA	NA	NA	NA	NA
NC_045512.2	4428	T	G	15596	14472	45	3	3	24	0.000192308	15600	1	FALSE	NA	NA	NA	NA	NA	NA
NC_045512.2	4428	T	C	15596	14472	45	1	1	40	6.41026e-05	15600	0.749976	FALSE	NA	NA	NA	NA	NA	NA
NC_045512.2	4429	A	G	17289	14909	43	2	2	40	0.00011566	17292	0.5	FALSE	NA	NA	NA	NA	NA	NA
NC_045512.2	4429	A	C	17289	14909	43	1	0	24	5.78302e-05	17292	1	FALSE	NA	NA	NA	NA	NA	NA
NC_045512.2	4430	A	T	17454	14883	43	1	0	40	5.72836e-05	17457	0.749993	FALSE	NA	NA	NA	NA	NA	NA
NC_045512.2	4430	A	G	17454	14883	43	2	2	32	0.000114567	17457	0.999962	FALSE	NA	NA	NA	NA	NA	NA
NC_045512.2	4433	C	T	17544	15013	42	1	1	40	5.69898e-05	17547	0.749993	FALSE	NA	NA	NA	NA	NA	NA
NC_045512.2	4433	C	A	17544	15013	42	2	2	40	0.00011398	17547	0.5	FALSE	NA	NA	NA	NA	NA	NA
NC_045512.2	4435	T	G	15823	13507	41	3	3	34	0.000189478	15833	0.999344	FALSE	NA	NA	NA	NA	NA	NA
NC_045512.2	4435	T	C	15823	13507	41	7	7	37	0.000442115	15833	0.973783	FALSE	NA	NA	NA	NA	NA	NA
NC_045512.2	4436	G	T	15896	13531	41	1	1	24	6.28891e-05	15901	1	FALSE	NA	NA	NA	NA	NA	NA
NC_045512.2	4436	G	C	15896	13531	41	2	1	40	0.000125778	15901	0.499953	FALSE	NA	NA	NA	NA	NA	NA
NC_045512.2	4436	G	A	15896	13531	41	2	2	32	0.000125778	15901	0.999863	FALSE	NA	NA	NA	NA	NA	NA
NC_045512.2	4437	T	G	15892	13492	41	2	1	40	0.000125818	15896	0.499976	FALSE	NA	NA	NA	NA	NA	NA
NC_045512.2	4437	T	C	15892	13492	41	2	2	32	0.000125818	15896	0.999863	FALSE	NA	NA	NA	NA	NA	NA
NC_045512.2	4438	C	T	15926	13548	41	2	2	60	0.000125541	15931	0.249961	FALSE	NA	NA	NA	NA	NA	NA
NC_045512.2	4438	C	G	15926	13548	41	2	1	40	0.000125541	15931	0.499953	FALSE	NA	NA	NA	NA	NA	NA
NC_045512.2	4438	C	A	15926	13548	41	1	0	24	6.27707e-05	15931	1	FALSE	NA	NA	NA	NA	NA	NA
NC_045512.2	4439	T	G	15511	13129	41	4	3	28	0.000257782	15517	1	FALSE	NA	NA	NA	NA	NA	NA
NC_045512.2	4439	T	C	15511	13129	41	1	1	24	6.44454e-05	15517	1	FALSE	NA	NA	NA	NA	NA	NA
NC_045512.2	4439	T	A	15511	13129	41	1	0	40	6.44454e-05	15517	0.749944	FALSE	NA	NA	NA	NA	NA	NA
NC_045512.2	4441	T	G	15370	12865	41	1	1	24	6.50533e-05	15372	1	FALSE	NA	NA	NA	NA	NA	NA
NC_045512.2	4441	T	C	15370	12865	41	1	0	40	6.50533e-05	15372	0.750008	FALSE	NA	NA	NA	NA	NA	NA
NC_045512.2	4442	G	T	15490	12910	41	3	3	24	0.000193623	15494	1	FALSE	NA	NA	NA	NA	NA	NA
NC_045512.2	4442	G	C	15490	12910	41	1	1	24	6.45411e-05	15494	1	FALSE	NA	NA	NA	NA	NA	NA
NC_045512.2	4443	T	G	15277	12706	41	11	10	31	0.000719472	15289	0.836634	FALSE	NA	NA	NA	NA	NA	NA
NC_045512.2	4443	T	A	15277	12706	41	1	0	40	6.54065e-05	15289	0.749845	FALSE	NA	NA	NA	NA	NA	NA
NC_045512.2	4444	G	T	15439	12900	41	1	1	24	6.47668e-05	15440	1	FALSE	NA	NA	NA	NA	NA	NA
NC_045512.2	4445	G	T	15365	12830	41	1	1	24	6.50745e-05	15367	1	FALSE	NA	NA	NA	NA	NA	NA
NC_045512.2	4445	G	C	15365	12830	41	1	1	40	6.50745e-05	15367	0.750008	FALSE	NA	NA	NA	NA	NA	NA
NC_045512.2	4446	A	G	15209	12693	41	1	1	40	6.57419e-05	15211	0.750008	FALSE	NA	NA	NA	NA	NA	NA
NC_045512.2	4446	A	C	15209	12693	41	1	0	24	6.57419e-05	15211	1	FALSE	NA	NA	NA	NA	NA	NA
NC_045512.2	4447	A	G	15311	12673	41	3	2	34	0.000195899	15314	0.999346	FALSE	NA	NA	NA	NA	NA	NA
NC_045512.2	4448	A	G	15303	12659	41	2	2	32	0.000130651	15308	0.999863	FALSE	NA	NA	NA	NA	NA	NA
NC_045512.2	4448	A	C	15303	12659	41	3	1	26	0.000195976	15308	1	FALSE	NA	NA	NA	NA	NA	NA
NC_045512.2	4449	C	G	15209	12551	41	2	2	40	0.000131484	15211	0.500025	FALSE	NA	NA	NA	NA	NA	NA
NC_045512.2	4450	T	G	14955	12305	41	8	8	24	0.000534616	14964	1	FALSE	NA	NA	NA	NA	NA	NA
NC_045512.2	4450	T	C	14955	12305	41	1	1	40	6.68271e-05	14964	0.749891	FALSE	NA	NA	NA	NA	NA	NA
NC_045512.2	4451	A	C	14794	12166	41	1	0	40	6.75904e-05	14795	0.750025	FALSE	NA	NA	NA	NA	NA	NA
NC_045512.2	4452	A	G	14813	12165	41	1	1	24	6.75037e-05	14814	1	FALSE	NA	NA	NA	NA	NA	NA
NC_045512.2	4453	A	G	14801	12143	41	4	4	32	0.000270161	14806	0.99624	FALSE	NA	NA	NA	NA	NA	NA
NC_045512.2	4453	A	C	14801	12143	41	1	0	24	6.75402e-05	14806	1	FALSE	NA	NA	NA	NA	NA	NA
NC_045512.2	4454	G	T	14877	12137	41	2	2	32	0.000134391	14882	0.999741	FALSE	NA	NA	NA	NA	NA	NA
NC_045512.2	4454	G	C	14877	12137	41	2	1	40	0.000134391	14882	0.49995	FALSE	NA	NA	NA	NA	NA	NA
NC_045512.2	4454	G	A	14877	12137	41	1	1	40	6.71953e-05	14882	0.749958	FALSE	NA	NA	NA	NA	NA	NA
NC_045512.2	4456	C	T	2672	211	41	2	0	40	0.000747943	2674	0.250047	FALSE	NA	NA	NA	NA	NA	NA
NC_045512.2	4458	T	C	2714	211	42	2	0	24	0.000736377	2716	1	FALSE	NA	NA	NA	NA	NA	NA
NC_045512.2	4459	A	C	2949	222	42	1	0	24	0.000338983	2950	1	FALSE	NA	NA	NA	NA	NA	NA
NC_045512.2	4460	G	A	3027	223	41	2	1	40	0.000660284	3029	0.250041	FALSE	NA	NA	NA	NA	NA	NA
NC_045512.2	4462	T	C	3043	230	42	1	0	40	0.000328515	3044	0.500082	FALSE	NA	NA	NA	NA	NA	NA
NC_045512.2	4463	T	G	3045	233	42	1	0	40	0.000328192	3047	0.5	FALSE	NA	NA	NA	NA	NA	NA
NC_045512.2	4463	T	A	3045	233	42	1	0	40	0.000328192	3047	0.5	FALSE	NA	NA	NA	NA	NA	NA
NC_045512.2	4464	C	A	4483	268	41	3	0	29	0.000668747	4486	1	FALSE	NA	NA	NA	NA	NA	NA
NC_045512.2	4465	A	G	4436	266	41	11	2	53	0.00246803	4457	0.000479896	TRUE	NA	NA	NA	NA	NA	NA
NC_045512.2	4465	A	C	4436	266	41	10	0	25	0.00224366	4457	1	FALSE	NA	NA	NA	NA	NA	NA
NC_045512.2	4468	T	G	4765	300	42	1	0	24	0.00020982	4766	1	FALSE	NA	NA	NA	NA	NA	NA
NC_045512.2	4469	A	C	4843	302	42	4	0	32	0.000825253	4847	0.636888	FALSE	NA	NA	NA	NA	NA	NA
NC_045512.2	4472	C	T	4839	306	41	2	0	32	0.000413138	4841	0.890746	FALSE	NA	NA	NA	NA	NA	NA
NC_045512.2	4473	A	G	4855	307	42	1	0	40	0.000205846	4858	0.499949	FALSE	NA	NA	NA	NA	NA	NA
NC_045512.2	4473	A	C	4855	307	42	2	0	24	0.000411692	4858	1	FALSE	NA	NA	NA	NA	NA	NA
NC_045512.2	4475	C	G	5303	351	42	1	0	40	0.000188537	5304	0.500047	FALSE	NA	NA	NA	NA	NA	NA
NC_045512.2	4477	T	G	5293	351	42	6	0	29	0.00113101	5305	1	FALSE	NA	NA	NA	NA	NA	NA
NC_045512.2	4477	T	C	5293	351	42	5	0	40	0.000942507	5305	0.0311322	FALSE	NA	NA	NA	NA	NA	NA
NC_045512.2	4477	T	A	5293	351	42	1	0	40	0.000188501	5305	0.499528	FALSE	NA	NA	NA	NA	NA	NA
NC_045512.2	4477	T	-AAATATA	5293	351	42	1	0	20	0.000188501	5305	1	FALSE	NA	NA	NA	NA	NA	NA
NC_045512.2	4480	A	C	5872	477	44	1	0	40	0.000170271	5873	0.5	FALSE	NA	NA	NA	NA	NA	NA
NC_045512.2	4482	A	C	5877	478	44	1	0	24	0.000170126	5878	1	FALSE	NA	NA	NA	NA	NA	NA
NC_045512.2	4484	A	C	5879	493	44	2	0	40	0.000340078	5881	0.249979	FALSE	NA	NA	NA	NA	NA	NA
NC_045512.2	4485	A	G	5907	494	43	2	0	32	0.000338467	5909	0.937583	FALSE	NA	NA	NA	NA	NA	NA
NC_045512.2	4486	G	A	6260	494	44	1	0	40	0.000159719	6261	0.50004	FALSE	NA	NA	NA	NA	NA	NA
NC_045512.2	4489	T	C	6452	505	44	3	0	40	0.000464756	6455	0.125	FALSE	NA	NA	NA	NA	NA	NA
NC_045512.2	4490	A	C	6392	516	43	1	0	24	0.000156421	6393	1	FALSE	NA	NA	NA	NA	NA	NA
NC_045512.2	4491	T	G	6467	511	44	1	0	40	0.000154583	6469	0.5	FALSE	NA	NA	NA	NA	NA	NA
NC_045512.2	4491	T	C	6467	511	44	1	1	80	0.000154583	6469	0.5	FALSE	NA	NA	NA	NA	NA	NA
NC_045512.2	4493	A	G	6409	518	44	1	0	40	0.00015586	6416	0.499805	FALSE	NA	NA	NA	NA	NA	NA
NC_045512.2	4493	A	C	6409	518	44	6	0	32	0.000935162	6416	0.612846	FALSE	NA	NA	NA	NA	NA	NA
NC_045512.2	4495	A	C	6528	523	44	1	0	24	0.000153163	6529	1	FALSE	NA	NA	NA	NA	NA	NA
NC_045512.2	4495	A	+AT	6528	523	44	1	0	20	0.000153163	6529	1	FALSE	NA	NA	NA	NA	NA	NA
NC_045512.2	4497	T	C	6845	541	44	1	0	40	0.000146071	6846	0.500037	FALSE	NA	NA	NA	NA	NA	NA
NC_045512.2	4499	C	A	6871	548	44	2	0	24	0.000290994	6873	1	FALSE	NA	NA	NA	NA	NA	NA
NC_045512.2	4501	A	C	6906	558	44	1	0	80	0.000144781	6907	0.500036	FALSE	NA	NA	NA	NA	NA	NA
NC_045512.2	4507	T	C	7182	582	44	2	0	32	0.000278396	7184	0.980508	FALSE	NA	NA	NA	NA	NA	NA
NC_045512.2	4508	G	C	7194	577	44	1	0	24	0.000138985	7195	1	FALSE	NA	NA	NA	NA	NA	NA
NC_045512.2	4509	T	C	7185	587	44	5	0	30	0.00069541	7190	0.80632	FALSE	NA	NA	NA	NA	NA	NA
NC_045512.2	4510	G	A	7249	588	44	1	0	40	0.000137931	7250	0.500034	FALSE	NA	NA	NA	NA	NA	NA
NC_045512.2	4513	T	C	7430	661	45	1	0	80	0.000134571	7431	0.500034	FALSE	NA	NA	NA	NA	NA	NA
NC_045512.2	4516	T	C	7478	1040	49	1	0	40	0.000133708	7479	0.500033	FALSE	NA	NA	NA	NA	NA	NA
NC_045512.2	4518	A	C	7442	1063	49	1	0	24	0.000134354	7443	1	FALSE	NA	NA	NA	NA	NA	NA
NC_045512.2	4519	T	C	7469	1062	49	1	1	36	0.000133869	7470	0.996103	FALSE	NA	NA	NA	NA	NA	NA
NC_045512.2	4520	G	A	7466	1064	49	1	0	40	0.000133923	7467	0.500033	FALSE	NA	NA	NA	NA	NA	NA
NC_045512.2	4521	G	C	7636	1078	49	2	1	36	0.000261849	7638	0.980506	FALSE	NA	NA	NA	NA	NA	NA
NC_045512.2	4522	T	C	7648	1077	49	2	1	60	0.000261438	7650	0.250016	FALSE	NA	NA	NA	NA	NA	NA
NC_045512.2	4525	T	C	7654	1084	49	2	0	52	0.000261233	7656	0.250016	FALSE	NA	NA	NA	NA	NA	NA
NC_045512.2	4526	A	G	7663	1088	49	2	0	40	0.000260926	7665	0.250016	FALSE	NA	NA	NA	NA	NA	NA
NC_045512.2	4528	A	C	7704	1129	49	1	0	32	0.000129786	7705	0.996103	FALSE	NA	NA	NA	NA	NA	NA
NC_045512.2	4529	T	C	7737	1126	50	2	0	40	0.000258431	7739	0.250016	FALSE	NA	NA	NA	NA	NA	NA
NC_045512.2	4530	T	C	7688	1104	50	2	0	28	0.000260078	7690	1	FALSE	NA	NA	NA	NA	NA	NA
NC_045512.2	4533	A	C	7617	1111	48	2	0	24	0.000262502	7619	1	FALSE	NA	NA	NA	NA	NA	NA
NC_045512.2	4535	T	C	7786	1142	50	1	0	40	0.000128419	7787	0.500032	FALSE	NA	NA	NA	NA	NA	NA
NC_045512.2	4536	T	G	7780	1139	50	1	1	32	0.000128518	7781	0.996103	FALSE	NA	NA	NA	NA	NA	NA
NC_045512.2	4539	A	G	7676	1166	48	1	0	40	0.000130242	7678	0.5	FALSE	NA	NA	NA	NA	NA	NA
NC_045512.2	4539	A	C	7676	1166	48	1	0	24	0.000130242	7678	1	FALSE	NA	NA	NA	NA	NA	NA
NC_045512.2	4541	A	G	7735	1177	50	2	1	60	0.000258465	7738	0.249984	FALSE	NA	NA	NA	NA	NA	NA
NC_045512.2	4541	A	C	7735	1177	50	1	0	24	0.000129232	7738	1	FALSE	NA	NA	NA	NA	NA	NA
NC_045512.2	4543	C	A	7856	1182	50	1	0	40	0.000127275	7857	0.500032	FALSE	NA	NA	NA	NA	NA	NA
NC_045512.2	4544	A	G	7809	1181	50	1	0	24	0.000128041	7810	1	FALSE	NA	NA	NA	NA	NA	NA
NC_045512.2	4546	T	C	7907	1201	50	1	1	64	0.000126454	7908	0.500032	FALSE	NA	NA	NA	NA	NA	NA
NC_045512.2	4548	A	G	7880	1217	50	1	0	80	0.000126887	7881	0.500032	FALSE	NA	NA	NA	NA	NA	NA
NC_045512.2	4549	A	C	7930	1218	51	1	0	24	0.000126088	7931	1	FALSE	NA	NA	NA	NA	NA	NA
NC_045512.2	4550	A	C	7932	1221	50	1	0	24	0.000126056	7933	1	FALSE	NA	NA	NA	NA	NA	NA
NC_045512.2	4552	A	C	7997	1224	51	1	0	24	0.000125031	7998	1	FALSE	NA	NA	NA	NA	NA	NA
NC_045512.2	4553	A	G	8026	1230	50	1	0	40	0.000124549	8029	0.499969	FALSE	NA	NA	NA	NA	NA	NA
NC_045512.2	4553	A	C	8026	1230	50	2	0	28	0.000249097	8029	1	FALSE	NA	NA	NA	NA	NA	NA
NC_045512.2	4555	T	C	8081	1266	51	1	0	40	0.000123732	8082	0.500031	FALSE	NA	NA	NA	NA	NA	NA
NC_045512.2	4556	G	A	8075	1250	50	1	0	40	0.000123824	8076	0.500031	FALSE	NA	NA	NA	NA	NA	NA
NC_045512.2	4558	A	C	8047	1267	51	1	0	24	0.000124254	8048	1	FALSE	NA	NA	NA	NA	NA	NA
NC_045512.2	4562	T	C	8085	1310	52	2	0	40	0.00024731	8087	0.250015	FALSE	NA	NA	NA	NA	NA	NA
NC_045512.2	4563	C	A	7859	1394	50	3	0	24	0.000381582	7862	1	FALSE	NA	NA	NA	NA	NA	NA
NC_045512.2	4565	C	A	7230	1451	45	53	0	26	0.00727722	7283	0.964069	FALSE	NA	NA	NA	NA	NA	NA
NC_045512.2	4566	T	C	7965	1466	51	2	0	32	0.000251036	7967	0.980504	FALSE	NA	NA	NA	NA	NA	NA
NC_045512.2	4568	A	G	8006	1741	53	2	0	46	0.000249563	8014	0.249828	FALSE	NA	NA	NA	NA	NA	NA
NC_045512.2	4568	A	C	8006	1741	53	6	0	30	0.00074869	8014	0.788059	FALSE	NA	NA	NA	NA	NA	NA
NC_045512.2	4570	C	A	8059	1821	54	1	0	32	0.000124069	8060	0.998052	FALSE	NA	NA	NA	NA	NA	NA
NC_045512.2	4571	A	G	8009	1815	54	2	1	60	0.000249626	8012	0.249984	FALSE	NA	NA	NA	NA	NA	NA
NC_045512.2	4571	A	C	8009	1815	54	1	0	24	0.000124813	8012	1	FALSE	NA	NA	NA	NA	NA	NA
NC_045512.2	4572	A	C	7992	1826	54	1	0	24	0.000125109	7993	1	FALSE	NA	NA	NA	NA	NA	NA
NC_045512.2	4574	A	G	7964	1805	54	1	0	64	0.000125518	7967	0.499969	FALSE	NA	NA	NA	NA	NA	NA
NC_045512.2	4574	A	C	7964	1805	54	2	0	24	0.000251036	7967	1	FALSE	NA	NA	NA	NA	NA	NA
NC_045512.2	4575	C	G	7700	1987	52	1	0	32	0.000129836	7702	0.996101	FALSE	NA	NA	NA	NA	NA	NA
NC_045512.2	4575	C	A	7700	1987	52	1	0	24	0.000129836	7702	1	FALSE	NA	NA	NA	NA	NA	NA
NC_045512.2	4578	T	G	7846	2825	57	1	1	32	0.000127437	7847	0.996103	FALSE	NA	NA	NA	NA	NA	NA
NC_045512.2	4579	T	G	7853	2829	57	1	1	32	0.000127307	7855	0.996101	FALSE	NA	NA	NA	NA	NA	NA
NC_045512.2	4579	T	C	7853	2829	57	1	0	40	0.000127307	7855	0.5	FALSE	NA	NA	NA	NA	NA	NA
NC_045512.2	4580	A	G	7806	2849	57	1	1	80	0.000128057	7809	0.499968	FALSE	NA	NA	NA	NA	NA	NA
NC_045512.2	4580	A	C	7806	2849	57	2	0	24	0.000256115	7809	1	FALSE	NA	NA	NA	NA	NA	NA
NC_045512.2	4582	C	A	7727	2941	56	3	0	26	0.000388098	7730	1	FALSE	NA	NA	NA	NA	NA	NA
NC_045512.2	4584	A	C	7799	3026	57	1	0	24	0.000128205	7800	1	FALSE	NA	NA	NA	NA	NA	NA
NC_045512.2	4585	T	C	7813	3062	57	1	1	80	0.000127975	7814	0.500032	FALSE	NA	NA	NA	NA	NA	NA
NC_045512.2	4587	T	C	7754	3066	56	1	0	24	0.000128932	7756	1	FALSE	NA	NA	NA	NA	NA	NA
NC_045512.2	4587	T	A	7754	3066	56	1	0	80	0.000128932	7756	0.5	FALSE	NA	NA	NA	NA	NA	NA
NC_045512.2	4588	A	C	7740	3120	56	4	0	28	0.000516529	7744	1	FALSE	NA	NA	NA	NA	NA	NA
NC_045512.2	4590	A	G	7851	3264	58	2	0	58	0.000254647	7854	0.249984	FALSE	NA	NA	NA	NA	NA	NA
NC_045512.2	4590	A	C	7851	3264	58	1	0	24	0.000127324	7854	1	FALSE	NA	NA	NA	NA	NA	NA
NC_045512.2	4591	T	C	7837	3303	58	1	1	80	0.000127584	7838	0.500032	FALSE	NA	NA	NA	NA	NA	NA
NC_045512.2	4593	A	G	7799	3365	58	1	0	40	0.000128189	7801	0.5	FALSE	NA	NA	NA	NA	NA	NA
NC_045512.2	4593	A	C	7799	3365	58	1	0	24	0.000128189	7801	1	FALSE	NA	NA	NA	NA	NA	NA
NC_045512.2	4595	A	G	7796	3360	57	1	1	52	0.000128254	7797	0.500032	FALSE	NA	NA	NA	NA	NA	NA
NC_045512.2	4597	T	G	7726	3348	56	1	1	40	0.0001294	7728	0.5	FALSE	NA	NA	NA	NA	NA	NA
NC_045512.2	4597	T	C	7726	3348	56	1	0	40	0.0001294	7728	0.5	FALSE	NA	NA	NA	NA	NA	NA
NC_045512.2	4601	G	T	7724	3377	56	1	1	24	0.00012945	7725	1	FALSE	NA	NA	NA	NA	NA	NA
NC_045512.2	4602	T	G	7783	3460	57	1	1	24	0.000128469	7784	1	FALSE	NA	NA	NA	NA	NA	NA
NC_045512.2	4605	C	A	7744	3544	56	1	0	24	0.000129116	7745	1	FALSE	NA	NA	NA	NA	NA	NA
NC_045512.2	4611	C	A	7357	3756	52	22	0	28	0.00298143	7379	1	FALSE	NA	NA	NA	NA	NA	NA
NC_045512.2	4613	C	A	7104	4280	50	22	0	27	0.00308729	7126	1	FALSE	NA	NA	NA	NA	NA	NA
NC_045512.2	4614	T	G	7254	4216	53	1	1	24	0.000137798	7257	1	FALSE	NA	NA	NA	NA	NA	NA
NC_045512.2	4614	T	C	7254	4216	53	1	0	52	0.000137798	7257	0.499966	FALSE	NA	NA	NA	NA	NA	NA
NC_045512.2	4614	T	A	7254	4216	53	1	1	80	0.000137798	7257	0.499966	FALSE	NA	NA	NA	NA	NA	NA
NC_045512.2	4615	T	G	7290	4301	53	2	2	32	0.000274236	7293	0.980498	FALSE	NA	NA	NA	NA	NA	NA
NC_045512.2	4615	T	C	7290	4301	53	1	1	80	0.000137118	7293	0.499966	FALSE	NA	NA	NA	NA	NA	NA
NC_045512.2	4620	A	G	7321	4538	53	3	2	29	0.000409612	7324	1	FALSE	NA	NA	NA	NA	NA	NA
NC_045512.2	4621	T	G	7317	4523	53	1	1	24	0.000136649	7318	1	FALSE	NA	NA	NA	NA	NA	NA
NC_045512.2	4622	G	T	7314	4506	52	2	2	24	0.000273373	7316	1	FALSE	NA	NA	NA	NA	NA	NA
NC_045512.2	4624	A	C	7355	4608	53	1	0	24	0.000135943	7356	1	FALSE	NA	NA	NA	NA	NA	NA
NC_045512.2	4629	A	T	7192	4808	52	1	1	40	0.000138985	7195	0.499965	FALSE	NA	NA	NA	NA	NA	NA
NC_045512.2	4629	A	G	7192	4808	52	1	0	80	0.000138985	7195	0.499965	FALSE	NA	NA	NA	NA	NA	NA
NC_045512.2	4629	A	C	7192	4808	52	1	0	24	0.000138985	7195	1	FALSE	NA	NA	NA	NA	NA	NA
NC_045512.2	4630	T	C	7180	4815	52	1	1	40	0.000139256	7181	0.500035	FALSE	NA	NA	NA	NA	NA	NA
NC_045512.2	4631	G	C	7001	4946	50	1	0	64	0.000142816	7002	0.500036	FALSE	NA	NA	NA	NA	NA	NA
NC_045512.2	4632	G	A	7035	4986	50	1	1	80	0.000142126	7036	0.500036	FALSE	NA	NA	NA	NA	NA	NA
NC_045512.2	4633	C	A	7041	5034	50	1	0	24	0.000142005	7042	1	FALSE	NA	NA	NA	NA	NA	NA
NC_045512.2	4634	T	C	7204	5260	51	2	2	40	0.000277546	7206	0.250017	FALSE	NA	NA	NA	NA	NA	NA
NC_045512.2	4636	A	G	7320	5451	51	1	1	24	0.000136575	7322	1	FALSE	NA	NA	NA	NA	NA	NA
NC_045512.2	4636	A	C	7320	5451	51	1	0	32	0.000136575	7322	0.996101	FALSE	NA	NA	NA	NA	NA	NA
NC_045512.2	4637	A	C	7242	5589	51	1	0	32	0.000138064	7243	0.996103	FALSE	NA	NA	NA	NA	NA	NA
NC_045512.2	4638	A	G	7198	5639	51	1	1	32	0.000138908	7199	0.996104	FALSE	NA	NA	NA	NA	NA	NA
NC_045512.2	4640	T	G	7488	6057	51	2	2	24	0.000267023	7490	1	FALSE	NA	NA	NA	NA	NA	NA
NC_045512.2	4641	T	C	7493	6071	51	2	2	60	0.000266845	7495	0.250017	FALSE	NA	NA	NA	NA	NA	NA
NC_045512.2	4643	G	T	7403	5990	49	2	2	24	0.000270088	7405	1	FALSE	NA	NA	NA	NA	NA	NA
NC_045512.2	4644	A	G	7779	6438	51	1	1	40	0.000128535	7780	0.500032	FALSE	NA	NA	NA	NA	NA	NA
NC_045512.2	4645	A	G	7769	6466	51	3	3	45	0.000386001	7772	0.125	FALSE	NA	NA	NA	NA	NA	NA
NC_045512.2	4646	G	T	7710	6406	51	2	2	24	0.000259302	7713	1	FALSE	NA	NA	NA	NA	NA	NA
NC_045512.2	4646	G	A	7710	6406	51	1	1	40	0.000129651	7713	0.499968	FALSE	NA	NA	NA	NA	NA	NA
NC_045512.2	4647	A	G	7819	6666	50	1	1	24	0.000127877	7820	1	FALSE	NA	NA	NA	NA	NA	NA
NC_045512.2	4648	A	G	7812	6660	50	3	2	66	0.000383877	7815	0.125	FALSE	NA	NA	NA	NA	NA	NA
NC_045512.2	4649	G	C	7821	6691	49	1	0	32	0.000127828	7823	0.996101	FALSE	NA	NA	NA	NA	NA	NA
NC_045512.2	4649	G	A	7821	6691	49	1	1	80	0.000127828	7823	0.5	FALSE	NA	NA	NA	NA	NA	NA
NC_045512.2	4651	T	G	7804	6698	49	2	2	24	0.000256213	7806	1	FALSE	NA	NA	NA	NA	NA	NA
NC_045512.2	4654	T	G	7820	6774	49	2	2	32	0.000255591	7825	0.980478	FALSE	NA	NA	NA	NA	NA	NA
NC_045512.2	4654	T	C	7820	6774	49	3	3	53	0.000383387	7825	0.124952	FALSE	NA	NA	NA	NA	NA	NA
NC_045512.2	4656	G	C	7856	6808	49	1	1	40	0.000127275	7857	0.500032	FALSE	NA	NA	NA	NA	NA	NA
NC_045512.2	4657	G	C	7984	6904	49	1	1	40	0.000125235	7985	0.500031	FALSE	NA	NA	NA	NA	NA	NA
NC_045512.2	4658	T	G	7929	6849	49	4	4	28	0.000504223	7933	1	FALSE	NA	NA	NA	NA	NA	NA
NC_045512.2	4660	T	G	7965	6895	49	2	2	24	0.000251036	7967	1	FALSE	NA	NA	NA	NA	NA	NA
NC_045512.2	4661	A	G	7939	6905	49	1	1	40	0.000125945	7940	0.500031	FALSE	NA	NA	NA	NA	NA	NA
NC_045512.2	4662	T	G	7894	6889	48	3	3	24	0.000379795	7899	1	FALSE	NA	NA	NA	NA	NA	NA
NC_045512.2	4662	T	C	7894	6889	48	1	1	40	0.000126598	7899	0.499905	FALSE	NA	NA	NA	NA	NA	NA
NC_045512.2	4662	T	A	7894	6889	48	1	1	24	0.000126598	7899	1	FALSE	NA	NA	NA	NA	NA	NA
NC_045512.2	4663	G	T	6964	5933	41	23	23	25	0.00329183	6987	1	FALSE	NA	NA	NA	NA	NA	NA
NC_045512.2	4664	A	G	7847	6893	48	3	3	40	0.000382166	7850	0.125	FALSE	NA	NA	NA	NA	NA	NA
NC_045512.2	4666	A	G	7041	6143	48	1	1	24	0.000142005	7042	1	FALSE	NA	NA	NA	NA	NA	NA
NC_045512.2	4669	T	C	6940	6040	48	3	3	40	0.00043209	6943	0.125	FALSE	NA	NA	NA	NA	NA	NA
NC_045512.2	4670	C	G	6992	6184	46	1	0	32	0.00014298	6994	0.992199	FALSE	NA	NA	NA	NA	NA	NA
NC_045512.2	4670	C	A	6992	6184	46	1	0	32	0.00014298	6994	0.992199	FALSE	NA	NA	NA	NA	NA	NA
NC_045512.2	4671	T	G	6988	6169	48	2	2	28	0.000286123	6990	1	FALSE	NA	NA	NA	NA	NA	NA
NC_045512.2	4678	G	T	6917	6134	48	2	2	40	0.000289017	6920	0.249982	FALSE	NA	NA	NA	NA	NA	NA
NC_045512.2	4678	G	A	6917	6134	48	1	1	40	0.000144509	6920	0.499964	FALSE	NA	NA	NA	NA	NA	NA
NC_045512.2	4679	C	T	6893	6116	48	1	1	40	0.000145054	6894	0.500036	FALSE	NA	NA	NA	NA	NA	NA
NC_045512.2	4680	C	T	6891	6113	47	1	0	80	0.000145096	6892	0.500036	FALSE	NA	NA	NA	NA	NA	NA
NC_045512.2	4681	A	G	6892	6117	48	1	1	40	0.000145075	6893	0.500036	FALSE	NA	NA	NA	NA	NA	NA
NC_045512.2	4684	T	G	6852	6126	47	2	2	32	0.000291758	6855	0.964884	FALSE	NA	NA	NA	NA	NA	NA
NC_045512.2	4684	T	C	6852	6126	47	1	0	80	0.000145879	6855	0.499964	FALSE	NA	NA	NA	NA	NA	NA
NC_045512.2	4685	A	G	6831	6108	47	1	1	40	0.00014637	6832	0.500037	FALSE	NA	NA	NA	NA	NA	NA
NC_045512.2	4686	C	G	6811	6094	47	1	1	40	0.0001468	6812	0.500037	FALSE	NA	NA	NA	NA	NA	NA
NC_045512.2	4687	A	G	6800	6079	47	1	1	40	0.000147037	6801	0.500037	FALSE	NA	NA	NA	NA	NA	NA
NC_045512.2	4689	T	C	6750	6023	47	1	1	24	0.000148126	6751	1	FALSE	NA	NA	NA	NA	NA	NA
NC_045512.2	4690	T	G	6753	6031	47	2	2	24	0.000296077	6755	1	FALSE	NA	NA	NA	NA	NA	NA
NC_045512.2	4692	C	T	6724	6062	47	1	1	40	0.000148699	6725	0.500037	FALSE	NA	NA	NA	NA	NA	NA
NC_045512.2	4695	T	C	6666	6008	46	2	2	60	0.00029994	6668	0.250019	FALSE	NA	NA	NA	NA	NA	NA
NC_045512.2	4696	T	C	6656	5998	47	3	3	40	0.000450518	6659	0.125	FALSE	NA	NA	NA	NA	NA	NA
NC_045512.2	4697	T	G	6626	5969	47	2	2	36	0.000301659	6630	0.964869	FALSE	NA	NA	NA	NA	NA	NA
NC_045512.2	4697	T	C	6626	5969	47	2	2	40	0.000301659	6630	0.249943	FALSE	NA	NA	NA	NA	NA	NA
NC_045512.2	4699	T	G	6587	5952	46	3	3	34	0.000455166	6591	0.910231	FALSE	NA	NA	NA	NA	NA	NA
NC_045512.2	4699	T	C	6587	5952	46	1	1	40	0.000151722	6591	0.499924	FALSE	NA	NA	NA	NA	NA	NA
NC_045512.2	4700	T	G	6622	5990	46	1	1	24	0.000150966	6624	1	FALSE	NA	NA	NA	NA	NA	NA
NC_045512.2	4700	T	C	6622	5990	46	1	1	40	0.000150966	6624	0.5	FALSE	NA	NA	NA	NA	NA	NA
NC_045512.2	4702	A	G	6631	6042	46	1	1	40	0.000150761	6633	0.5	FALSE	NA	NA	NA	NA	NA	NA
NC_045512.2	4702	A	C	6631	6042	46	1	0	24	0.000150761	6633	1	FALSE	NA	NA	NA	NA	NA	NA
NC_045512.2	4705	T	C	6502	5946	45	1	1	40	0.000153775	6503	0.500038	FALSE	NA	NA	NA	NA	NA	NA
NC_045512.2	4707	A	G	6519	5967	46	4	4	36	0.000613215	6523	0.828282	FALSE	NA	NA	NA	NA	NA	NA
NC_045512.2	4708	T	G	6496	5940	45	2	2	24	0.000307787	6498	1	FALSE	NA	NA	NA	NA	NA	NA
NC_045512.2	4710	C	T	6522	5997	45	1	1	40	0.000153304	6523	0.500038	FALSE	NA	NA	NA	NA	NA	NA
NC_045512.2	4711	T	G	6408	5893	45	1	1	24	0.000156006	6410	1	FALSE	NA	NA	NA	NA	NA	NA
NC_045512.2	4711	T	C	6408	5893	45	1	1	24	0.000156006	6410	1	FALSE	NA	NA	NA	NA	NA	NA
NC_045512.2	4714	T	G	6283	5765	42	4	4	28	0.000636233	6287	1	FALSE	NA	NA	NA	NA	NA	NA
NC_045512.2	4715	A	G	6349	5840	45	2	2	36	0.000314663	6356	0.964818	FALSE	NA	NA	NA	NA	NA	NA
NC_045512.2	4715	A	C	6349	5840	45	5	5	30	0.000786658	6356	0.725586	FALSE	NA	NA	NA	NA	NA	NA
NC_045512.2	4723	T	G	5575	5159	44	2	2	32	0.000358616	5577	0.937588	FALSE	NA	NA	NA	NA	NA	NA
NC_045512.2	4726	T	G	5567	5190	44	1	1	40	0.000179598	5568	0.500045	FALSE	NA	NA	NA	NA	NA	NA
NC_045512.2	4727	G	A	5342	4970	44	1	1	40	0.000187161	5343	0.500047	FALSE	NA	NA	NA	NA	NA	NA
NC_045512.2	4728	G	-T	5314	4956	44	1	0	20	0.000188182	5314	1	FALSE	NA	NA	NA	NA	NA	NA
NC_045512.2	4729	T	G	4121	3789	44	1	1	24	0.000242542	4123	1	FALSE	NA	NA	NA	NA	NA	NA
NC_045512.2	4729	T	C	4121	3789	44	1	0	40	0.000242542	4123	0.499939	FALSE	NA	NA	NA	NA	NA	NA
NC_045512.2	4732	T	G	4113	3781	45	3	3	29	0.000728863	4116	1	FALSE	NA	NA	NA	NA	NA	NA
NC_045512.2	4734	T	G	4005	3691	44	1	1	24	0.000249626	4006	1	FALSE	NA	NA	NA	NA	NA	NA
NC_045512.2	4735	T	G	3957	3644	44	2	2	24	0.000505178	3959	1	FALSE	NA	NA	NA	NA	NA	NA
NC_045512.2	4738	T	G	3858	3565	44	1	1	24	0.000259134	3859	1	FALSE	NA	NA	NA	NA	NA	NA
NC_045512.2	4739	T	G	3844	3552	44	3	3	24	0.000779828	3847	1	FALSE	NA	NA	NA	NA	NA	NA
NC_045512.2	4742	T	G	3603	3323	44	2	2	24	0.000554631	3606	1	FALSE	NA	NA	NA	NA	NA	NA
NC_045512.2	4742	T	C	3603	3323	44	1	0	24	0.000277316	3606	1	FALSE	NA	NA	NA	NA	NA	NA
NC_045512.2	4745	T	G	3545	3271	44	1	1	24	0.000282008	3546	1	FALSE	NA	NA	NA	NA	NA	NA
NC_045512.2	4747	T	C	3510	3245	44	1	1	40	0.000284819	3511	0.500071	FALSE	NA	NA	NA	NA	NA	NA
NC_045512.2	4749	A	G	3537	3281	44	1	1	24	0.000282646	3538	1	FALSE	NA	NA	NA	NA	NA	NA
NC_045512.2	4750	A	G	3537	3278	44	1	1	24	0.000282646	3538	1	FALSE	NA	NA	NA	NA	NA	NA
NC_045512.2	4751	A	G	3536	3278	44	1	1	24	0.000282725	3537	1	FALSE	NA	NA	NA	NA	NA	NA
NC_045512.2	4752	C	A	3498	3248	44	1	1	24	0.000285796	3499	1	FALSE	NA	NA	NA	NA	NA	NA
NC_045512.2	4757	G	T	3014	2765	38	18	18	25	0.00593081	3035	0.970616	FALSE	NA	NA	NA	NA	NA	NA
NC_045512.2	4757	G	A	3014	2765	38	3	3	40	0.000988468	3035	0.123888	FALSE	NA	NA	NA	NA	NA	NA
NC_045512.2	4760	G	A	13102	4200	40	1	0	40	7.63184e-05	13103	0.750029	FALSE	NA	NA	NA	NA	NA	NA
NC_045512.2	4761	A	G	12878	4095	40	1	0	40	7.76337e-05	12881	0.74999	FALSE	NA	NA	NA	NA	NA	NA
NC_045512.2	4761	A	C	12878	4095	40	2	0	32	0.000155267	12881	0.999087	FALSE	NA	NA	NA	NA	NA	NA
NC_045512.2	4762	A	G	13346	4120	40	3	0	34	0.000224702	13351	0.997914	FALSE	NA	NA	NA	NA	NA	NA
NC_045512.2	4762	A	C	13346	4120	40	2	0	24	0.000149802	13351	1	FALSE	NA	NA	NA	NA	NA	NA
NC_045512.2	4764	A	G	13572	4001	41	4	1	32	0.000294507	13582	0.993637	FALSE	NA	NA	NA	NA	NA	NA
NC_045512.2	4764	A	C	13572	4001	41	6	0	24	0.000441761	13582	1	FALSE	NA	NA	NA	NA	NA	NA
NC_045512.2	4765	T	C	13622	3987	41	5	1	35	0.000366892	13628	0.984585	FALSE	NA	NA	NA	NA	NA	NA
NC_045512.2	4765	T	A	13622	3987	41	1	0	40	7.33783e-05	13628	0.749936	FALSE	NA	NA	NA	NA	NA	NA
NC_045512.2	4766	T	C	13509	3890	41	1	0	24	7.40192e-05	13510	1	FALSE	NA	NA	NA	NA	NA	NA
NC_045512.2	4767	T	C	13518	3896	41	4	0	36	0.000295814	13522	0.993653	FALSE	NA	NA	NA	NA	NA	NA
NC_045512.2	4768	T	C	13553	3886	41	6	0	29	0.000442511	13559	1	FALSE	NA	NA	NA	NA	NA	NA
NC_045512.2	4769	A	C	13967	3882	40	4	0	28	0.000286307	13971	1	FALSE	NA	NA	NA	NA	NA	NA
NC_045512.2	4770	T	G	14026	3866	41	1	0	40	7.1286e-05	14028	0.750009	FALSE	NA	NA	NA	NA	NA	NA
NC_045512.2	4770	T	C	14026	3866	41	1	0	40	7.1286e-05	14028	0.750009	FALSE	NA	NA	NA	NA	NA	NA
NC_045512.2	4771	T	G	13748	3704	41	4	4	28	0.000287873	13895	1	FALSE	NA	NA	NA	NA	NA	NA
NC_045512.2	4771	T	C	13748	3704	41	1	1	40	7.19683e-05	13895	0.747379	FALSE	NA	NA	NA	NA	NA	NA
NC_045512.2	4771	T	A	13748	3704	41	142	140	40	0.0102195	13895	8.8536e-42	TRUE	NA	NA	NA	NA	NA	NA
NC_045512.2	4772	G	T	13922	3839	41	4	4	28	0.000287191	13928	1	FALSE	NA	NA	NA	NA	NA	NA
NC_045512.2	4772	G	C	13922	3839	41	1	0	40	7.17978e-05	13928	0.749937	FALSE	NA	NA	NA	NA	NA	NA
NC_045512.2	4772	G	A	13922	3839	41	1	0	24	7.17978e-05	13928	1	FALSE	NA	NA	NA	NA	NA	NA
NC_045512.2	4772	G	-A	13922	3839	41	2	0	20	0.000143596	13928	1	FALSE	NA	NA	NA	NA	NA	NA
NC_045512.2	4773	A	G	13641	3643	41	146	141	39	0.0105851	13793	4.23783e-30	TRUE	NA	NA	NA	NA	NA	NA
NC_045512.2	4773	A	C	13641	3643	41	6	0	29	0.000435003	13793	1	FALSE	NA	NA	NA	NA	NA	NA
NC_045512.2	4774	A	G	11423	1391	41	1	0	24	8.75044e-05	11428	1	FALSE	NA	NA	NA	NA	NA	NA
NC_045512.2	4774	A	C	11423	1391	41	4	0	32	0.000350018	11428	0.982451	FALSE	NA	NA	NA	NA	NA	NA
NC_045512.2	4775	A	G	11463	1396	41	1	0	40	8.71992e-05	11468	0.749945	FALSE	NA	NA	NA	NA	NA	NA
NC_045512.2	4775	A	C	11463	1396	41	4	0	28	0.000348797	11468	1	FALSE	NA	NA	NA	NA	NA	NA
NC_045512.2	4776	C	T	12173	1433	41	1	0	40	8.2122e-05	12177	0.749969	FALSE	NA	NA	NA	NA	NA	NA
NC_045512.2	4776	C	G	12173	1433	41	2	0	40	0.000164244	12177	0.499969	FALSE	NA	NA	NA	NA	NA	NA
NC_045512.2	4776	C	A	12173	1433	41	1	0	24	8.2122e-05	12177	1	FALSE	NA	NA	NA	NA	NA	NA
NC_045512.2	4777	C	T	12509	1465	41	1	0	40	7.99297e-05	12511	0.75001	FALSE	NA	NA	NA	NA	NA	NA
NC_045512.2	4777	C	A	12509	1465	41	1	0	24	7.99297e-05	12511	1	FALSE	NA	NA	NA	NA	NA	NA
NC_045512.2	4778	A	C	12484	1493	41	1	0	40	8.00961e-05	12485	0.75003	FALSE	NA	NA	NA	NA	NA	NA
NC_045512.2	4779	T	C	12581	1457	41	1	0	24	7.94786e-05	12582	1	FALSE	NA	NA	NA	NA	NA	NA
NC_045512.2	4781	T	G	12658	1485	41	1	0	40	7.8964e-05	12664	0.749931	FALSE	NA	NA	NA	NA	NA	NA
NC_045512.2	4781	T	C	12658	1485	41	5	0	40	0.00039482	12664	0.109347	FALSE	NA	NA	NA	NA	NA	NA
NC_045512.2	4782	C	T	6988	1650	33	1	1	24	0.000127714	7830	1	FALSE	NA	NA	NA	NA	NA	NA
NC_045512.2	4782	C	G	6988	1650	33	1	0	32	0.000127714	7830	0.993938	FALSE	NA	NA	NA	NA	NA	NA
NC_045512.2	4782	C	A	6988	1650	33	840	0	25	0.10728	7830	5.13442e-171	TRUE	NA	NA	NA	NA	NA	NA
NC_045512.2	4783	A	G	13301	1561	42	2	0	40	0.000150297	13307	0.499915	FALSE	NA	NA	NA	NA	NA	NA
NC_045512.2	4783	A	C	13301	1561	42	4	0	28	0.000300594	13307	1	FALSE	NA	NA	NA	NA	NA	NA
NC_045512.2	4784	C	A	12213	1556	37	53	0	25	0.00432089	12266	1	FALSE	NA	NA	NA	NA	NA	NA
NC_045512.2	4785	T	G	13448	1553	42	1	0	40	7.43439e-05	13451	0.749991	FALSE	NA	NA	NA	NA	NA	NA
NC_045512.2	4785	T	C	13448	1553	42	2	0	40	0.000148688	13451	0.5	FALSE	NA	NA	NA	NA	NA	NA
NC_045512.2	4786	T	A	13681	1551	42	2	1	40	0.000146167	13683	0.500027	FALSE	NA	NA	NA	NA	NA	NA
NC_045512.2	4787	G	T	13736	1557	42	1	0	24	7.27855e-05	13739	1	FALSE	NA	NA	NA	NA	NA	NA
NC_045512.2	4787	G	A	13736	1557	42	2	0	40	0.000145571	13739	0.5	FALSE	NA	NA	NA	NA	NA	NA
NC_045512.2	4788	C	T	13760	1745	42	3	0	53	0.00021796	13764	0.124986	FALSE	NA	NA	NA	NA	NA	NA
NC_045512.2	4788	C	A	13760	1745	42	1	0	64	7.26533e-05	13764	0.499964	FALSE	NA	NA	NA	NA	NA	NA
NC_045512.2	4789	T	G	13749	1732	43	1	0	40	7.27061e-05	13754	0.749955	FALSE	NA	NA	NA	NA	NA	NA
NC_045512.2	4789	T	C	13749	1732	43	4	0	28	0.000290824	13754	1	FALSE	NA	NA	NA	NA	NA	NA
NC_045512.2	4790	G	A	13855	1770	43	1	1	40	7.21709e-05	13856	0.750027	FALSE	NA	NA	NA	NA	NA	NA
NC_045512.2	4791	G	T	13866	1775	43	1	1	24	7.21137e-05	13867	1	FALSE	NA	NA	NA	NA	NA	NA
NC_045512.2	4792	T	C	14015	1799	43	2	0	32	0.000142684	14017	0.999742	FALSE	NA	NA	NA	NA	NA	NA
NC_045512.2	4793	T	C	14027	1812	43	1	0	24	7.1286e-05	14028	1	FALSE	NA	NA	NA	NA	NA	NA
NC_045512.2	4795	C	T	15254	1850	43	1	0	40	6.55437e-05	15257	0.749992	FALSE	NA	NA	NA	NA	NA	NA
NC_045512.2	4795	C	G	15254	1850	43	1	0	24	6.55437e-05	15257	1	FALSE	NA	NA	NA	NA	NA	NA
NC_045512.2	4795	C	A	15254	1850	43	1	0	24	6.55437e-05	15257	1	FALSE	NA	NA	NA	NA	NA	NA
NC_045512.2	4797	A	G	15213	1893	42	1	0	40	6.57117e-05	15218	0.749959	FALSE	NA	NA	NA	NA	NA	NA
NC_045512.2	4797	A	C	15213	1893	42	4	0	28	0.000262847	15218	1	FALSE	NA	NA	NA	NA	NA	NA
NC_045512.2	4798	T	C	15407	1864	43	2	0	32	0.000129794	15409	0.999863	FALSE	NA	NA	NA	NA	NA	NA
NC_045512.2	4799	A	C	15318	1913	43	3	0	24	0.00019581	15321	1	FALSE	NA	NA	NA	NA	NA	NA
NC_045512.2	4800	A	C	15321	1907	43	5	0	27	0.000326243	15326	1	FALSE	NA	NA	NA	NA	NA	NA
NC_045512.2	4801	A	G	15452	1896	43	1	0	40	6.47124e-05	15453	0.750024	FALSE	NA	NA	NA	NA	NA	NA
NC_045512.2	4803	A	G	15870	1934	43	2	0	24	0.000125992	15874	1	FALSE	NA	NA	NA	NA	NA	NA
NC_045512.2	4803	A	C	15870	1934	43	2	0	32	0.000125992	15874	0.999863	FALSE	NA	NA	NA	NA	NA	NA
NC_045512.2	4804	T	G	15949	1920	43	1	1	24	6.26802e-05	15954	1	FALSE	NA	NA	NA	NA	NA	NA
NC_045512.2	4804	T	C	15949	1920	43	4	0	40	0.000250721	15954	0.18748	FALSE	NA	NA	NA	NA	NA	NA
NC_045512.2	4805	T	G	15910	1909	43	4	3	34	0.000251256	15920	0.997788	FALSE	NA	NA	NA	NA	NA	NA
NC_045512.2	4805	T	C	15910	1909	43	5	0	27	0.00031407	15920	1	FALSE	NA	NA	NA	NA	NA	NA
NC_045512.2	4805	T	A	15910	1909	43	1	0	40	6.28141e-05	15920	0.749882	FALSE	NA	NA	NA	NA	NA	NA
NC_045512.2	4806	G	C	15974	1955	43	2	0	32	0.000125172	15978	0.999863	FALSE	NA	NA	NA	NA	NA	NA
NC_045512.2	4806	G	A	15974	1955	43	2	0	32	0.000125172	15978	0.999863	FALSE	NA	NA	NA	NA	NA	NA
NC_045512.2	4807	G	C	18140	2008	43	1	0	40	5.51238e-05	18141	0.750021	FALSE	NA	NA	NA	NA	NA	NA
NC_045512.2	4808	T	G	18139	2017	43	2	0	32	0.000110199	18149	0.99998	FALSE	NA	NA	NA	NA	NA	NA
NC_045512.2	4808	T	C	18139	2017	43	8	0	38	0.000440796	18149	0.985543	FALSE	NA	NA	NA	NA	NA	NA
NC_045512.2	4809	C	T	17930	2021	42	1	0	40	5.57631e-05	17933	0.749993	FALSE	NA	NA	NA	NA	NA	NA
NC_045512.2	4809	C	A	17930	2021	42	2	0	24	0.000111526	17933	1	FALSE	NA	NA	NA	NA	NA	NA
NC_045512.2	4810	C	G	18070	2023	43	1	0	40	5.53342e-05	18072	0.750007	FALSE	NA	NA	NA	NA	NA	NA
NC_045512.2	4810	C	A	18070	2023	43	1	0	24	5.53342e-05	18072	1	FALSE	NA	NA	NA	NA	NA	NA
NC_045512.2	4811	T	G	18138	2008	43	1	1	24	5.51268e-05	18140	1	FALSE	NA	NA	NA	NA	NA	NA
NC_045512.2	4811	T	C	18138	2008	43	1	0	24	5.51268e-05	18140	1	FALSE	NA	NA	NA	NA	NA	NA
NC_045512.2	4812	A	G	20328	2112	43	3	1	29	0.000147543	20333	1	FALSE	NA	NA	NA	NA	NA	NA
NC_045512.2	4812	A	C	20328	2112	43	2	0	28	9.83623e-05	20333	1	FALSE	NA	NA	NA	NA	NA	NA
NC_045512.2	4813	T	C	20425	2132	43	2	0	40	9.79096e-05	20427	0.687528	FALSE	NA	NA	NA	NA	NA	NA
NC_045512.2	4814	T	G	20448	2136	43	1	1	24	4.88998e-05	20450	1	FALSE	NA	NA	NA	NA	NA	NA
NC_045512.2	4814	T	C	20448	2136	43	1	0	40	4.88998e-05	20450	0.875009	FALSE	NA	NA	NA	NA	NA	NA
NC_045512.2	4815	C	G	20484	2254	44	1	0	40	4.88114e-05	20487	0.875	FALSE	NA	NA	NA	NA	NA	NA
NC_045512.2	4815	C	A	20484	2254	44	2	2	40	9.76229e-05	20487	0.687509	FALSE	NA	NA	NA	NA	NA	NA
NC_045512.2	4816	T	G	20445	2254	43	1	1	24	4.89069e-05	20447	1	FALSE	NA	NA	NA	NA	NA	NA
NC_045512.2	4816	T	C	20445	2254	43	1	0	40	4.89069e-05	20447	0.875009	FALSE	NA	NA	NA	NA	NA	NA
NC_045512.2	4817	G	A	20598	2288	44	4	1	45	0.000194156	20602	0.343761	FALSE	NA	NA	NA	NA	NA	NA
NC_045512.2	4818	G	C	20597	2282	44	3	0	24	0.000145631	20600	1	FALSE	NA	NA	NA	NA	NA	NA
NC_045512.2	4819	A	T	20417	2299	43	1	0	40	4.89644e-05	20423	0.874972	FALSE	NA	NA	NA	NA	NA	NA
NC_045512.2	4819	A	C	20417	2299	43	5	0	27	0.000244822	20423	1	FALSE	NA	NA	NA	NA	NA	NA
NC_045512.2	4820	C	G	20696	2340	44	2	0	32	9.66184e-05	20700	0.999995	FALSE	NA	NA	NA	NA	NA	NA
NC_045512.2	4820	C	A	20696	2340	44	2	1	32	9.66184e-05	20700	0.999995	FALSE	NA	NA	NA	NA	NA	NA
NC_045512.2	4821	A	G	20715	2365	44	2	0	40	9.65298e-05	20719	0.687491	FALSE	NA	NA	NA	NA	NA	NA
NC_045512.2	4821	A	C	20715	2365	44	2	0	24	9.65298e-05	20719	1	FALSE	NA	NA	NA	NA	NA	NA
NC_045512.2	4822	A	G	21181	2385	43	1	0	40	4.71943e-05	21189	0.874956	FALSE	NA	NA	NA	NA	NA	NA
NC_045512.2	4822	A	C	21181	2385	43	7	0	24	0.00033036	21189	1	FALSE	NA	NA	NA	NA	NA	NA
NC_045512.2	4823	T	G	21452	2870	46	1	0	24	4.66005e-05	21459	1	FALSE	NA	NA	NA	NA	NA	NA
NC_045512.2	4823	T	C	21452	2870	46	6	0	34	0.000279603	21459	0.999246	FALSE	NA	NA	NA	NA	NA	NA
NC_045512.2	4825	T	G	22070	3019	46	5	2	33	0.000226419	22083	0.999845	FALSE	NA	NA	NA	NA	NA	NA
NC_045512.2	4825	T	C	22070	3019	46	7	1	32	0.000316986	22083	0.998844	FALSE	NA	NA	NA	NA	NA	NA
NC_045512.2	4825	T	A	22070	3019	46	1	0	24	4.52837e-05	22083	1	FALSE	NA	NA	NA	NA	NA	NA
NC_045512.2	4826	A	G	21959	3109	44	2	1	52	9.10539e-05	21965	0.24996	FALSE	NA	NA	NA	NA	NA	NA
NC_045512.2	4826	A	C	21959	3109	44	4	0	24	0.000182108	21965	1	FALSE	NA	NA	NA	NA	NA	NA
NC_045512.2	4827	C	A	21997	3107	45	7	0	24	0.000318124	22004	1	FALSE	NA	NA	NA	NA	NA	NA
NC_045512.2	4828	A	G	22142	3106	46	1	1	80	4.5159e-05	22144	0.5	FALSE	NA	NA	NA	NA	NA	NA
NC_045512.2	4828	A	C	22142	3106	46	1	0	24	4.5159e-05	22144	1	FALSE	NA	NA	NA	NA	NA	NA
NC_045512.2	4829	C	T	22840	3135	46	1	0	40	4.3779e-05	22842	0.875008	FALSE	NA	NA	NA	NA	NA	NA
NC_045512.2	4829	C	G	22840	3135	46	1	0	40	4.3779e-05	22842	0.875008	FALSE	NA	NA	NA	NA	NA	NA
NC_045512.2	4830	A	G	22687	3175	46	3	0	34	0.00013217	22698	0.99999	FALSE	NA	NA	NA	NA	NA	NA
NC_045512.2	4830	A	C	22687	3175	46	8	0	28	0.000352454	22698	1	FALSE	NA	NA	NA	NA	NA	NA
NC_045512.2	4831	A	G	23010	3211	46	1	0	24	4.34499e-05	23015	1	FALSE	NA	NA	NA	NA	NA	NA
NC_045512.2	4831	A	C	23010	3211	46	4	0	28	0.0001738	23015	1	FALSE	NA	NA	NA	NA	NA	NA
NC_045512.2	4832	C	A	22717	3222	44	7	0	26	0.000308044	22724	1	FALSE	NA	NA	NA	NA	NA	NA
NC_045512.2	4833	T	C	23287	3611	47	4	0	36	0.00017174	23291	0.999976	FALSE	NA	NA	NA	NA	NA	NA
NC_045512.2	4834	A	G	23187	3647	47	1	0	40	4.31165e-05	23193	0.874976	FALSE	NA	NA	NA	NA	NA	NA
NC_045512.2	4834	A	C	23187	3647	47	5	0	24	0.000215582	23193	1	FALSE	NA	NA	NA	NA	NA	NA
NC_045512.2	4836	G	T	24430	3765	48	2	2	28	8.18498e-05	24435	1	FALSE	NA	NA	NA	NA	NA	NA
NC_045512.2	4836	G	C	24430	3765	48	2	0	36	8.18498e-05	24435	1	FALSE	NA	NA	NA	NA	NA	NA
NC_045512.2	4836	G	A	24430	3765	48	1	0	40	4.09249e-05	24435	0.874985	FALSE	NA	NA	NA	NA	NA	NA
NC_045512.2	4837	T	G	24478	3760	48	1	0	24	4.0843e-05	24484	1	FALSE	NA	NA	NA	NA	NA	NA
NC_045512.2	4837	T	C	24478	3760	48	4	0	32	0.000163372	24484	0.999986	FALSE	NA	NA	NA	NA	NA	NA
NC_045512.2	4837	T	A	24478	3760	48	1	0	40	4.0843e-05	24484	0.874977	FALSE	NA	NA	NA	NA	NA	NA
NC_045512.2	4838	A	G	24339	3853	48	1	0	40	4.10745e-05	24346	0.874969	FALSE	NA	NA	NA	NA	NA	NA
NC_045512.2	4838	A	C	24339	3853	48	6	0	26	0.000246447	24346	1	FALSE	NA	NA	NA	NA	NA	NA
NC_045512.2	4839	T	G	24496	3824	48	1	0	40	4.08197e-05	24498	0.875008	FALSE	NA	NA	NA	NA	NA	NA
NC_045512.2	4839	T	A	24496	3824	48	1	0	40	4.08197e-05	24498	0.875008	FALSE	NA	NA	NA	NA	NA	NA
NC_045512.2	4840	A	G	24371	3856	48	2	0	32	8.20378e-05	24379	1	FALSE	NA	NA	NA	NA	NA	NA
NC_045512.2	4840	A	C	24371	3856	48	6	0	28	0.000246113	24379	1	FALSE	NA	NA	NA	NA	NA	NA
NC_045512.2	4841	G	C	24507	3855	48	4	0	32	0.000163192	24511	0.999986	FALSE	NA	NA	NA	NA	NA	NA
NC_045512.2	4842	A	G	24435	4028	48	6	1	53	0.000245449	24445	0.0156145	FALSE	NA	NA	NA	NA	NA	NA
NC_045512.2	4842	A	C	24435	4028	48	4	0	32	0.000163633	24445	0.999986	FALSE	NA	NA	NA	NA	NA	NA
NC_045512.2	4843	A	T	24431	4154	49	1	0	40	4.09199e-05	24438	0.874969	FALSE	NA	NA	NA	NA	NA	NA
NC_045512.2	4843	A	G	24431	4154	49	2	1	44	8.18398e-05	24438	0.687446	FALSE	NA	NA	NA	NA	NA	NA
NC_045512.2	4843	A	C	24431	4154	49	4	0	24	0.00016368	24438	1	FALSE	NA	NA	NA	NA	NA	NA
NC_045512.2	4845	T	C	24610	4250	49	1	1	80	4.06322e-05	24611	0.50001	FALSE	NA	NA	NA	NA	NA	NA
NC_045512.2	4846	T	C	25042	4278	49	1	0	40	3.99313e-05	25043	0.875015	FALSE	NA	NA	NA	NA	NA	NA
NC_045512.2	4847	C	G	24965	4290	48	1	0	40	4.00545e-05	24966	0.875015	FALSE	NA	NA	NA	NA	NA	NA
NC_045512.2	4848	T	G	25055	4286	49	4	1	28	0.000159598	25063	1	FALSE	NA	NA	NA	NA	NA	NA
NC_045512.2	4848	T	C	25055	4286	49	4	2	56	0.000159598	25063	0.0624776	FALSE	NA	NA	NA	NA	NA	NA
NC_045512.2	4849	T	G	25103	4291	49	5	1	32	0.000199132	25109	0.99997	FALSE	NA	NA	NA	NA	NA	NA
NC_045512.2	4849	T	A	25103	4291	49	1	0	40	3.98264e-05	25109	0.874978	FALSE	NA	NA	NA	NA	NA	NA
NC_045512.2	4849	T	-A	25103	4291	49	1	0	20	3.98264e-05	25109	1	FALSE	NA	NA	NA	NA	NA	NA
NC_045512.2	4850	A	C	24814	4945	50	9	0	29	0.000362567	24823	1	FALSE	NA	NA	NA	NA	NA	NA
NC_045512.2	4851	A	C	24959	4948	51	4	0	24	0.000160237	24963	1	FALSE	NA	NA	NA	NA	NA	NA
NC_045512.2	4852	G	T	24904	4600	47	4	4	28	0.000160585	24909	1	FALSE	NA	NA	NA	NA	NA	NA
NC_045512.2	4852	G	A	24904	4600	47	1	0	40	4.01461e-05	24909	0.874985	FALSE	NA	NA	NA	NA	NA	NA
NC_045512.2	4853	A	C	25011	4961	51	1	0	24	3.99808e-05	25012	1	FALSE	NA	NA	NA	NA	NA	NA
NC_045512.2	4854	G	T	25037	4701	48	10	10	28	0.000399233	25048	1	FALSE	NA	NA	NA	NA	NA	NA
NC_045512.2	4854	G	C	25037	4701	48	1	0	40	3.99233e-05	25048	0.87494	FALSE	NA	NA	NA	NA	NA	NA
NC_045512.2	4855	A	G	25046	4969	51	3	1	53	0.000119751	25052	0.124978	FALSE	NA	NA	NA	NA	NA	NA
NC_045512.2	4855	A	C	25046	4969	51	3	0	29	0.000119751	25052	1	FALSE	NA	NA	NA	NA	NA	NA
NC_045512.2	4857	G	T	25610	4654	47	10	10	29	0.00039032	25620	1	FALSE	NA	NA	NA	NA	NA	NA
NC_045512.2	4858	T	C	25904	5093	51	1	0	40	3.86026e-05	25905	0.875014	FALSE	NA	NA	NA	NA	NA	NA
NC_045512.2	4859	G	T	25986	5119	51	1	0	24	3.84808e-05	25987	1	FALSE	NA	NA	NA	NA	NA	NA
NC_045512.2	4860	A	T	25850	5163	51	2	1	52	7.73485e-05	25857	0.249956	FALSE	NA	NA	NA	NA	NA	NA
NC_045512.2	4860	A	C	25850	5163	51	5	0	25	0.000193371	25857	1	FALSE	NA	NA	NA	NA	NA	NA
NC_045512.2	4861	T	G	26016	5121	51	1	1	24	3.84335e-05	26019	1	FALSE	NA	NA	NA	NA	NA	NA
NC_045512.2	4861	T	C	26016	5121	51	2	1	52	7.68669e-05	26019	0.249995	FALSE	NA	NA	NA	NA	NA	NA
NC_045512.2	4862	A	G	25864	5159	51	9	3	36	0.000347813	25876	0.998536	FALSE	NA	NA	NA	NA	NA	NA
NC_045512.2	4862	A	C	25864	5159	51	3	0	24	0.000115938	25876	1	FALSE	NA	NA	NA	NA	NA	NA
NC_045512.2	4863	A	G	25958	5231	51	1	1	40	3.85164e-05	25963	0.874986	FALSE	NA	NA	NA	NA	NA	NA
NC_045512.2	4863	A	C	25958	5231	51	4	0	28	0.000154065	25963	1	FALSE	NA	NA	NA	NA	NA	NA
NC_045512.2	4864	A	G	25978	5235	51	2	1	40	7.69704e-05	25984	0.687464	FALSE	NA	NA	NA	NA	NA	NA
NC_045512.2	4864	A	C	25978	5235	51	4	0	28	0.000153941	25984	1	FALSE	NA	NA	NA	NA	NA	NA
NC_045512.2	4865	A	G	26032	5205	52	2	1	24	7.67931e-05	26044	1	FALSE	NA	NA	NA	NA	NA	NA
NC_045512.2	4865	A	C	26032	5205	52	10	0	29	0.000383966	26044	1	FALSE	NA	NA	NA	NA	NA	NA
NC_045512.2	4866	G	A	26493	5234	51	2	0	40	7.54859e-05	26495	0.687521	FALSE	NA	NA	NA	NA	NA	NA
NC_045512.2	4867	T	C	26368	5281	52	3	2	48	0.000113761	26371	0.500018	FALSE	NA	NA	NA	NA	NA	NA
NC_045512.2	4868	G	T	26738	5319	52	1	0	40	3.73944e-05	26742	0.874993	FALSE	NA	NA	NA	NA	NA	NA
NC_045512.2	4868	G	C	26738	5319	52	1	0	40	3.73944e-05	26742	0.874993	FALSE	NA	NA	NA	NA	NA	NA
NC_045512.2	4868	G	A	26738	5319	52	2	0	40	7.47887e-05	26742	0.687493	FALSE	NA	NA	NA	NA	NA	NA
NC_045512.2	4869	T	G	26754	5358	52	1	1	24	3.73762e-05	26755	1	FALSE	NA	NA	NA	NA	NA	NA
NC_045512.2	4870	A	G	27423	6181	53	1	0	40	3.64604e-05	27427	0.874993	FALSE	NA	NA	NA	NA	NA	NA
NC_045512.2	4870	A	C	27423	6181	53	3	0	34	0.000109381	27427	1	FALSE	NA	NA	NA	NA	NA	NA
NC_045512.2	4871	T	G	27634	6185	54	1	1	32	3.6186e-05	27635	1	FALSE	NA	NA	NA	NA	NA	NA
NC_045512.2	4872	A	G	27426	6178	53	2	0	40	7.29076e-05	27432	0.687466	FALSE	NA	NA	NA	NA	NA	NA
NC_045512.2	4872	A	C	27426	6178	53	4	0	28	0.000145815	27432	1	FALSE	NA	NA	NA	NA	NA	NA
NC_045512.2	4873	T	C	27703	6236	54	4	2	40	0.000144368	27707	0.343758	FALSE	NA	NA	NA	NA	NA	NA
NC_045512.2	4874	T	C	27653	6192	54	3	0	40	0.000108476	27656	0.500017	FALSE	NA	NA	NA	NA	NA	NA
NC_045512.2	4874	T	-A	27653	6192	54	3	0	20	0.000108476	27656	1	FALSE	NA	NA	NA	NA	NA	NA
NC_045512.2	4875	A	G	27475	6261	54	3	0	24	0.000109139	27488	1	FALSE	NA	NA	NA	NA	NA	NA
NC_045512.2	4875	A	C	27475	6261	54	10	1	31	0.000363795	27488	0.99872	FALSE	NA	NA	NA	NA	NA	NA
NC_045512.2	4876	C	G	25914	6378	49	1	0	24	3.84556e-05	26004	1	FALSE	NA	NA	NA	NA	NA	NA
NC_045512.2	4876	C	A	25914	6378	49	89	0	26	0.00342255	26004	1	FALSE	NA	NA	NA	NA	NA	NA
NC_045512.2	4877	A	T	27248	6183	54	1	0	40	3.66878e-05	27257	0.874959	FALSE	NA	NA	NA	NA	NA	NA
NC_045512.2	4877	A	G	27248	6183	54	1	0	40	3.66878e-05	27257	0.874959	FALSE	NA	NA	NA	NA	NA	NA
NC_045512.2	4877	A	C	27248	6183	54	7	0	25	0.000256815	27257	1	FALSE	NA	NA	NA	NA	NA	NA
NC_045512.2	4878	C	T	28278	6259	54	1	1	80	3.53607e-05	28280	0.5	FALSE	NA	NA	NA	NA	NA	NA
NC_045512.2	4878	C	A	28278	6259	54	1	0	40	3.53607e-05	28280	0.875007	FALSE	NA	NA	NA	NA	NA	NA
NC_045512.2	4879	T	G	27965	6103	54	1	1	32	3.57564e-05	27967	1	FALSE	NA	NA	NA	NA	NA	NA
NC_045512.2	4879	T	C	27965	6103	54	1	0	40	3.57564e-05	27967	0.875007	FALSE	NA	NA	NA	NA	NA	NA
NC_045512.2	4880	A	G	27675	6130	53	2	1	32	7.2223e-05	27692	1	FALSE	NA	NA	NA	NA	NA	NA
NC_045512.2	4880	A	C	27675	6130	53	15	1	27	0.000541673	27692	1	FALSE	NA	NA	NA	NA	NA	NA
NC_045512.2	4881	G	C	28000	6128	54	1	0	24	3.57117e-05	28002	1	FALSE	NA	NA	NA	NA	NA	NA
NC_045512.2	4881	G	A	28000	6128	54	1	0	24	3.57117e-05	28002	1	FALSE	NA	NA	NA	NA	NA	NA
NC_045512.2	4883	A	G	26411	7598	54	1	0	32	3.78444e-05	26424	1	FALSE	NA	NA	NA	NA	NA	NA
NC_045512.2	4883	A	C	26411	7598	54	12	0	28	0.000454133	26424	1	FALSE	NA	NA	NA	NA	NA	NA
NC_045512.2	4884	A	G	26423	7592	53	1	0	24	3.7843e-05	26425	1	FALSE	NA	NA	NA	NA	NA	NA
NC_045512.2	4884	A	C	26423	7592	53	1	0	24	3.7843e-05	26425	1	FALSE	NA	NA	NA	NA	NA	NA
NC_045512.2	4885	T	C	27057	7662	54	1	0	40	3.69576e-05	27058	0.875014	FALSE	NA	NA	NA	NA	NA	NA
NC_045512.2	4887	C	T	26331	7912	54	1	0	40	3.79752e-05	26333	0.875007	FALSE	NA	NA	NA	NA	NA	NA
NC_045512.2	4887	C	A	26331	7912	54	1	0	40	3.79752e-05	26333	0.875007	FALSE	NA	NA	NA	NA	NA	NA
NC_045512.2	4888	T	C	26281	7892	54	1	1	40	3.8046e-05	26284	0.875	FALSE	NA	NA	NA	NA	NA	NA
NC_045512.2	4888	T	A	26281	7892	54	2	0	40	7.60919e-05	26284	0.687507	FALSE	NA	NA	NA	NA	NA	NA
NC_045512.2	4889	A	G	26253	8732	54	2	1	60	7.61296e-05	26271	0.249852	FALSE	NA	NA	NA	NA	NA	NA
NC_045512.2	4889	A	C	26253	8732	54	16	0	26	0.000609037	26271	1	FALSE	NA	NA	NA	NA	NA	NA
NC_045512.2	4890	C	T	25999	8793	53	1	0	40	3.84394e-05	26015	0.874906	FALSE	NA	NA	NA	NA	NA	NA
NC_045512.2	4890	C	A	25999	8793	53	15	0	26	0.00057659	26015	1	FALSE	NA	NA	NA	NA	NA	NA
NC_045512.2	4891	C	T	26591	8745	56	1	1	32	3.75982e-05	26597	1	FALSE	NA	NA	NA	NA	NA	NA
NC_045512.2	4891	C	A	26591	8745	56	5	1	40	0.000187991	26597	0.226547	FALSE	NA	NA	NA	NA	NA	NA
NC_045512.2	4892	A	T	26588	9106	56	1	1	64	3.76025e-05	26594	0.499962	FALSE	NA	NA	NA	NA	NA	NA
NC_045512.2	4892	A	C	26588	9106	56	5	0	25	0.000188012	26594	1	FALSE	NA	NA	NA	NA	NA	NA
NC_045512.2	4893	C	G	26714	9239	56	1	0	32	3.74266e-05	26719	1	FALSE	NA	NA	NA	NA	NA	NA
NC_045512.2	4893	C	A	26714	9239	56	4	0	26	0.000149706	26719	1	FALSE	NA	NA	NA	NA	NA	NA
NC_045512.2	4894	A	G	26441	9368	56	3	2	66	0.000113417	26451	0.12495	FALSE	NA	NA	NA	NA	NA	NA
NC_045512.2	4894	A	C	26441	9368	56	7	1	29	0.00026464	26451	1	FALSE	NA	NA	NA	NA	NA	NA
NC_045512.2	4895	T	C	26424	9512	56	2	2	40	7.5683e-05	26426	0.687521	FALSE	NA	NA	NA	NA	NA	NA
NC_045512.2	4896	T	C	26389	9544	56	2	1	40	7.57834e-05	26391	0.687521	FALSE	NA	NA	NA	NA	NA	NA
NC_045512.2	4898	C	T	26264	9891	55	4	1	66	0.000152253	26272	0.0624786	FALSE	NA	NA	NA	NA	NA	NA
NC_045512.2	4898	C	G	26264	9891	55	1	0	40	3.80633e-05	26272	0.874964	FALSE	NA	NA	NA	NA	NA	NA
NC_045512.2	4898	C	A	26264	9891	55	3	0	24	0.00011419	26272	1	FALSE	NA	NA	NA	NA	NA	NA
NC_045512.2	4899	A	C	26248	9947	55	11	0	25	0.000418904	26259	1	FALSE	NA	NA	NA	NA	NA	NA
NC_045512.2	4900	C	T	24743	10119	49	1	1	52	4.036e-05	24777	0.499677	FALSE	NA	NA	NA	NA	NA	NA
NC_045512.2	4900	C	A	24743	10119	49	33	1	25	0.00133188	24777	1	FALSE	NA	NA	NA	NA	NA	NA
NC_045512.2	4901	C	T	26268	10278	56	2	1	60	7.61296e-05	26271	0.249995	FALSE	NA	NA	NA	NA	NA	NA
NC_045512.2	4901	C	G	26268	10278	56	1	0	32	3.80648e-05	26271	1	FALSE	NA	NA	NA	NA	NA	NA
NC_045512.2	4902	T	G	26151	10373	56	3	3	29	0.000114688	26158	1	FALSE	NA	NA	NA	NA	NA	NA
NC_045512.2	4902	T	C	26151	10373	56	4	1	36	0.000152917	26158	0.999996	FALSE	NA	NA	NA	NA	NA	NA
NC_045512.2	4903	A	G	26009	10500	56	1	0	40	3.84379e-05	26016	0.874971	FALSE	NA	NA	NA	NA	NA	NA
NC_045512.2	4903	A	C	26009	10500	56	6	0	24	0.000230627	26016	1	FALSE	NA	NA	NA	NA	NA	NA
NC_045512.2	4905	A	G	26152	10722	56	2	2	58	7.64701e-05	26154	0.250005	FALSE	NA	NA	NA	NA	NA	NA
NC_045512.2	4906	T	G	26169	10765	56	2	1	28	7.64117e-05	26174	1	FALSE	NA	NA	NA	NA	NA	NA
NC_045512.2	4906	T	C	26169	10765	56	2	1	32	7.64117e-05	26174	1	FALSE	NA	NA	NA	NA	NA	NA
NC_045512.2	4906	T	A	26169	10765	56	1	0	64	3.82059e-05	26174	0.499971	FALSE	NA	NA	NA	NA	NA	NA
NC_045512.2	4907	G	A	26194	10826	56	1	1	80	3.81752e-05	26195	0.50001	FALSE	NA	NA	NA	NA	NA	NA
NC_045512.2	4908	G	T	25734	10540	53	24	24	33	0.000931677	25760	0.612275	FALSE	NA	NA	NA	NA	NA	NA
NC_045512.2	4908	G	C	25734	10540	53	2	2	32	7.76398e-05	25760	1	FALSE	NA	NA	NA	NA	NA	NA
NC_045512.2	4909	T	G	25996	10872	55	2	2	32	7.6929e-05	25998	1	FALSE	NA	NA	NA	NA	NA	NA
NC_045512.2	4910	G	C	26103	11025	55	2	1	32	7.66137e-05	26105	1	FALSE	NA	NA	NA	NA	NA	NA
NC_045512.2	4911	A	G	26028	11162	56	1	0	80	3.84172e-05	26030	0.5	FALSE	NA	NA	NA	NA	NA	NA
NC_045512.2	4911	A	C	26028	11162	56	1	0	24	3.84172e-05	26030	1	FALSE	NA	NA	NA	NA	NA	NA
NC_045512.2	4912	A	G	26034	11149	56	3	3	40	0.000115203	26041	0.499946	FALSE	NA	NA	NA	NA	NA	NA
NC_045512.2	4912	A	C	26034	11149	56	4	0	26	0.000153604	26041	1	FALSE	NA	NA	NA	NA	NA	NA
NC_045512.2	4913	G	T	26318	11323	55	1	0	40	3.79939e-05	26320	0.875007	FALSE	NA	NA	NA	NA	NA	NA
NC_045512.2	4913	G	C	26318	11323	55	1	0	40	3.79939e-05	26320	0.875007	FALSE	NA	NA	NA	NA	NA	NA
NC_045512.2	4914	T	G	26178	11366	55	3	3	29	0.000114569	26185	1	FALSE	NA	NA	NA	NA	NA	NA
NC_045512.2	4914	T	C	26178	11366	55	3	1	53	0.000114569	26185	0.124971	FALSE	NA	NA	NA	NA	NA	NA
NC_045512.2	4914	T	A	26178	11366	55	1	1	40	3.81898e-05	26185	0.874971	FALSE	NA	NA	NA	NA	NA	NA
NC_045512.2	4915	T	C	26198	11613	56	2	1	56	7.63359e-05	26200	0.250005	FALSE	NA	NA	NA	NA	NA	NA
NC_045512.2	4916	A	G	26150	11733	55	2	1	56	7.64731e-05	26153	0.249995	FALSE	NA	NA	NA	NA	NA	NA
NC_045512.2	4916	A	C	26150	11733	55	1	0	40	3.82365e-05	26153	0.875	FALSE	NA	NA	NA	NA	NA	NA
NC_045512.2	4917	T	C	26150	11647	56	3	1	61	0.00011471	26153	0.125	FALSE	NA	NA	NA	NA	NA	NA
NC_045512.2	4918	C	T	26198	11712	56	1	1	32	3.81694e-05	26199	1	FALSE	NA	NA	NA	NA	NA	NA
NC_045512.2	4919	A	G	26105	11772	55	1	1	24	3.82951e-05	26113	1	FALSE	NA	NA	NA	NA	NA	NA
NC_045512.2	4919	A	C	26105	11772	55	7	3	27	0.000268066	26113	1	FALSE	NA	NA	NA	NA	NA	NA
NC_045512.2	4920	C	T	25477	12303	52	1	1	40	3.91635e-05	25534	0.874603	FALSE	NA	NA	NA	NA	NA	NA
NC_045512.2	4920	C	A	25477	12303	52	56	0	26	0.00219315	25534	1	FALSE	NA	NA	NA	NA	NA	NA
NC_045512.2	4921	C	T	26217	12166	55	2	2	60	7.62718e-05	26222	0.249976	FALSE	NA	NA	NA	NA	NA	NA
NC_045512.2	4921	C	A	26217	12166	55	3	0	29	0.000114408	26222	1	FALSE	NA	NA	NA	NA	NA	NA
NC_045512.2	4921	C	-T	26217	12166	55	1	0	20	3.81359e-05	26222	1	FALSE	NA	NA	NA	NA	NA	NA
NC_045512.2	4922	T	G	25873	11867	55	1	1	24	3.86458e-05	25876	1	FALSE	NA	NA	NA	NA	NA	NA
NC_045512.2	4922	T	C	25873	11867	55	2	1	40	7.72917e-05	25876	0.687493	FALSE	NA	NA	NA	NA	NA	NA
NC_045512.2	4923	T	G	25814	11775	55	3	3	24	0.00011618	25822	1	FALSE	NA	NA	NA	NA	NA	NA
NC_045512.2	4923	T	C	25814	11775	55	2	1	32	7.74533e-05	25822	1	FALSE	NA	NA	NA	NA	NA	NA
NC_045512.2	4923	T	A	25814	11775	55	3	1	66	0.00011618	25822	0.124964	FALSE	NA	NA	NA	NA	NA	NA
NC_045512.2	4924	T	G	25885	11854	55	2	1	28	7.72499e-05	25890	1	FALSE	NA	NA	NA	NA	NA	NA
NC_045512.2	4924	T	C	25885	11854	55	3	0	45	0.000115875	25890	0.499982	FALSE	NA	NA	NA	NA	NA	NA
NC_045512.2	4925	G	C	25887	11969	55	1	1	40	3.86279e-05	25888	0.875014	FALSE	NA	NA	NA	NA	NA	NA
NC_045512.2	4926	A	G	26908	14696	59	6	4	49	0.000222916	26916	0.144501	FALSE	NA	NA	NA	NA	NA	NA
NC_045512.2	4926	A	C	26908	14696	59	2	0	24	7.43052e-05	26916	1	FALSE	NA	NA	NA	NA	NA	NA
NC_045512.2	4927	C	T	26746	15056	58	1	1	80	3.73846e-05	26749	0.499991	FALSE	NA	NA	NA	NA	NA	NA
NC_045512.2	4927	C	A	26746	15056	58	2	0	28	7.47692e-05	26749	1	FALSE	NA	NA	NA	NA	NA	NA
NC_045512.2	4928	A	T	26716	15030	59	1	0	40	3.74251e-05	26720	0.874993	FALSE	NA	NA	NA	NA	NA	NA
NC_045512.2	4928	A	G	26716	15030	59	1	0	40	3.74251e-05	26720	0.874993	FALSE	NA	NA	NA	NA	NA	NA
NC_045512.2	4928	A	C	26716	15030	59	2	0	28	7.48503e-05	26720	1	FALSE	NA	NA	NA	NA	NA	NA
NC_045512.2	4929	A	C	26578	14887	58	1	0	24	3.76237e-05	26579	1	FALSE	NA	NA	NA	NA	NA	NA
NC_045512.2	4930	T	C	26944	15164	57	4	0	58	0.000148434	26948	0.0624977	FALSE	NA	NA	NA	NA	NA	NA
NC_045512.2	4931	C	T	27064	15723	59	1	0	80	3.69467e-05	27066	0.5	FALSE	NA	NA	NA	NA	NA	NA
NC_045512.2	4931	C	A	27064	15723	59	1	0	24	3.69467e-05	27066	1	FALSE	NA	NA	NA	NA	NA	NA
NC_045512.2	4931	C	-T	27064	15723	59	1	0	20	3.69467e-05	27066	1	FALSE	NA	NA	NA	NA	NA	NA
NC_045512.2	4932	T	C	26998	15676	58	2	1	32	7.40741e-05	27000	1	FALSE	NA	NA	NA	NA	NA	NA
NC_045512.2	4933	T	G	26919	15578	58	6	6	24	0.000222833	26926	1	FALSE	NA	NA	NA	NA	NA	NA
NC_045512.2	4933	T	C	26919	15578	58	1	1	24	3.71388e-05	26926	1	FALSE	NA	NA	NA	NA	NA	NA
NC_045512.2	4934	A	G	26956	15816	58	2	2	36	7.41675e-05	26966	1	FALSE	NA	NA	NA	NA	NA	NA
NC_045512.2	4934	A	C	26956	15816	58	8	0	30	0.00029667	26966	0.999591	FALSE	NA	NA	NA	NA	NA	NA
NC_045512.2	4935	A	G	27039	15791	58	1	1	40	3.69822e-05	27040	0.875014	FALSE	NA	NA	NA	NA	NA	NA
NC_045512.2	4936	G	T	27045	15765	58	1	1	24	3.69713e-05	27048	1	FALSE	NA	NA	NA	NA	NA	NA
NC_045512.2	4936	G	A	27045	15765	58	2	1	72	7.39426e-05	27048	0.249995	FALSE	NA	NA	NA	NA	NA	NA
NC_045512.2	4937	A	C	27106	16080	59	1	0	24	3.68908e-05	27107	1	FALSE	NA	NA	NA	NA	NA	NA
NC_045512.2	4938	C	T	27099	16077	59	3	1	53	0.000110693	27102	0.125	FALSE	NA	NA	NA	NA	NA	NA
NC_045512.2	4939	A	G	26542	15647	58	3	1	29	0.000113016	26545	1	FALSE	NA	NA	NA	NA	NA	NA
NC_045512.2	4940	C	T	26762	16042	59	1	0	80	3.7365e-05	26763	0.500009	FALSE	NA	NA	NA	NA	NA	NA
NC_045512.2	4941	T	G	26868	16431	60	1	1	24	3.72135e-05	26872	1	FALSE	NA	NA	NA	NA	NA	NA
NC_045512.2	4941	T	C	26868	16431	60	3	0	69	0.00011164	26872	0.124993	FALSE	NA	NA	NA	NA	NA	NA
NC_045512.2	4942	T	C	26858	16426	59	1	1	80	3.72315e-05	26859	0.500009	FALSE	NA	NA	NA	NA	NA	NA
NC_045512.2	4943	C	G	26827	16670	59	2	0	60	7.45406e-05	26831	0.249986	FALSE	NA	NA	NA	NA	NA	NA
NC_045512.2	4943	C	A	26827	16670	59	2	0	32	7.45406e-05	26831	1	FALSE	NA	NA	NA	NA	NA	NA
NC_045512.2	4944	T	G	26744	16532	59	7	7	32	0.000261643	26754	0.999838	FALSE	NA	NA	NA	NA	NA	NA
NC_045512.2	4944	T	C	26744	16532	59	3	3	48	0.000112133	26754	0.499895	FALSE	NA	NA	NA	NA	NA	NA
NC_045512.2	4945	T	G	26812	16610	59	1	1	24	3.72912e-05	26816	1	FALSE	NA	NA	NA	NA	NA	NA
NC_045512.2	4945	T	C	26812	16610	59	3	2	41	0.000111874	26816	0.5	FALSE	NA	NA	NA	NA	NA	NA
NC_045512.2	4946	T	G	26624	16928	58	3	3	29	0.000112659	26629	1	FALSE	NA	NA	NA	NA	NA	NA
NC_045512.2	4946	T	C	26624	16928	58	2	1	60	7.51061e-05	26629	0.249977	FALSE	NA	NA	NA	NA	NA	NA
NC_045512.2	4947	C	T	26673	17214	57	1	0	80	3.74869e-05	26676	0.499991	FALSE	NA	NA	NA	NA	NA	NA
NC_045512.2	4947	C	A	26673	17214	57	2	0	24	7.49738e-05	26676	1	FALSE	NA	NA	NA	NA	NA	NA
NC_045512.2	4948	T	G	26799	17517	59	3	3	24	0.000111924	26804	1	FALSE	NA	NA	NA	NA	NA	NA
NC_045512.2	4948	T	C	26799	17517	59	2	0	50	7.46157e-05	26804	0.249977	FALSE	NA	NA	NA	NA	NA	NA
NC_045512.2	4949	T	G	26674	17421	58	6	6	29	0.000224888	26680	1	FALSE	NA	NA	NA	NA	NA	NA
NC_045512.2	4950	T	G	26912	17837	59	3	3	24	0.000111454	26917	1	FALSE	NA	NA	NA	NA	NA	NA
NC_045512.2	4950	T	C	26912	17837	59	2	2	40	7.43025e-05	26917	0.687479	FALSE	NA	NA	NA	NA	NA	NA
NC_045512.2	4951	G	T	24989	15697	51	51	51	26	0.00203666	25041	1	FALSE	NA	NA	NA	NA	NA	NA
NC_045512.2	4951	G	C	24989	15697	51	1	1	32	3.99345e-05	25041	1	FALSE	NA	NA	NA	NA	NA	NA
NC_045512.2	4952	A	G	27027	18080	59	7	6	42	0.000258933	27034	0.0898346	FALSE	NA	NA	NA	NA	NA	NA
NC_045512.2	4953	G	T	22022	12483	47	195	194	25	0.00877667	22218	0.915881	FALSE	NA	NA	NA	NA	NA	NA
NC_045512.2	4953	G	C	22022	12483	47	1	0	32	4.50086e-05	22218	1	FALSE	NA	NA	NA	NA	NA	NA
NC_045512.2	4954	A	C	27022	18355	58	1	0	32	3.70055e-05	27023	1	FALSE	NA	NA	NA	NA	NA	NA
NC_045512.2	4955	G	T	26335	17536	55	29	29	24	0.00109994	26365	1	FALSE	NA	NA	NA	NA	NA	NA
NC_045512.2	4955	G	C	26335	17536	55	1	1	40	3.79291e-05	26365	0.874808	FALSE	NA	NA	NA	NA	NA	NA
NC_045512.2	4956	A	G	27372	19063	60	3	2	48	0.000109589	27375	0.500017	FALSE	NA	NA	NA	NA	NA	NA
NC_045512.2	4957	A	G	27458	19106	60	3	1	61	0.000109246	27461	0.125	FALSE	NA	NA	NA	NA	NA	NA
NC_045512.2	4958	G	T	27308	20015	57	2	2	24	7.32279e-05	27312	1	FALSE	NA	NA	NA	NA	NA	NA
NC_045512.2	4958	G	A	27308	20015	57	2	2	32	7.32279e-05	27312	1	FALSE	NA	NA	NA	NA	NA	NA
NC_045512.2	4959	T	G	27395	20245	57	4	4	24	0.00014598	27401	1	FALSE	NA	NA	NA	NA	NA	NA
NC_045512.2	4959	T	C	27395	20245	57	2	2	40	7.299e-05	27401	0.687466	FALSE	NA	NA	NA	NA	NA	NA
NC_045512.2	4960	G	T	27442	20287	56	1	1	24	3.64352e-05	27446	1	FALSE	NA	NA	NA	NA	NA	NA
NC_045512.2	4960	G	C	27442	20287	56	3	3	34	0.000109306	27446	1	FALSE	NA	NA	NA	NA	NA	NA
NC_045512.2	4961	A	G	27830	21004	58	4	4	26	0.000143709	27834	1	FALSE	NA	NA	NA	NA	NA	NA
NC_045512.2	4962	G	T	27881	21054	58	2	2	80	7.1718e-05	27887	0.249969	FALSE	NA	NA	NA	NA	NA	NA
NC_045512.2	4962	G	C	27881	21054	58	2	2	40	7.1718e-05	27887	0.687466	FALSE	NA	NA	NA	NA	NA	NA
NC_045512.2	4962	G	A	27881	21054	58	2	1	64	7.1718e-05	27887	0.249969	FALSE	NA	NA	NA	NA	NA	NA
NC_045512.2	4963	G	A	27855	22074	55	1	1	40	3.58989e-05	27856	0.875013	FALSE	NA	NA	NA	NA	NA	NA
NC_045512.2	4964	A	G	27755	22001	55	5	5	36	0.000180115	27760	0.99999	FALSE	NA	NA	NA	NA	NA	NA
NC_045512.2	4965	C	T	28077	22164	55	1	1	40	3.56125e-05	28080	0.875	FALSE	NA	NA	NA	NA	NA	NA
NC_045512.2	4965	C	A	28077	22164	55	2	2	52	7.12251e-05	28080	0.249996	FALSE	NA	NA	NA	NA	NA	NA
NC_045512.2	4966	T	G	27749	21843	55	4	4	42	0.000144118	27755	0.343725	FALSE	NA	NA	NA	NA	NA	NA
NC_045512.2	4966	T	C	27749	21843	55	2	2	28	7.20591e-05	27755	1	FALSE	NA	NA	NA	NA	NA	NA
NC_045512.2	4967	A	G	27879	22002	55	1	1	40	3.58654e-05	27882	0.875	FALSE	NA	NA	NA	NA	NA	NA
NC_045512.2	4967	A	C	27879	22002	55	2	0	28	7.17309e-05	27882	1	FALSE	NA	NA	NA	NA	NA	NA
NC_045512.2	4968	T	G	27786	21924	55	1	1	40	3.59868e-05	27788	0.875007	FALSE	NA	NA	NA	NA	NA	NA
NC_045512.2	4968	T	C	27786	21924	55	1	1	40	3.59868e-05	27788	0.875007	FALSE	NA	NA	NA	NA	NA	NA
NC_045512.2	4969	T	G	27655	21784	55	5	5	24	0.00018074	27664	1	FALSE	NA	NA	NA	NA	NA	NA
NC_045512.2	4969	T	C	27655	21784	55	3	3	42	0.000108444	27664	0.499915	FALSE	NA	NA	NA	NA	NA	NA
NC_045512.2	4969	T	A	27655	21784	55	1	1	40	3.61481e-05	27664	0.874959	FALSE	NA	NA	NA	NA	NA	NA
NC_045512.2	4970	A	G	27856	22062	54	4	3	35	0.000143549	27865	0.999998	FALSE	NA	NA	NA	NA	NA	NA
NC_045512.2	4970	A	C	27856	22062	54	5	0	32	0.000179437	27865	0.99999	FALSE	NA	NA	NA	NA	NA	NA
NC_045512.2	4971	A	G	27649	21844	55	2	2	36	7.23223e-05	27654	1	FALSE	NA	NA	NA	NA	NA	NA
NC_045512.2	4971	A	C	27649	21844	55	3	0	29	0.000108483	27654	1	FALSE	NA	NA	NA	NA	NA	NA
NC_045512.2	4972	G	T	27609	21881	55	2	2	24	7.24323e-05	27612	1	FALSE	NA	NA	NA	NA	NA	NA
NC_045512.2	4972	G	A	27609	21881	55	1	1	40	3.62161e-05	27612	0.875	FALSE	NA	NA	NA	NA	NA	NA
NC_045512.2	4973	G	+C	27693	22196	55	2	0	20	7.22204e-05	27693	1	FALSE	NA	NA	NA	NA	NA	NA
NC_045512.2	4974	T	G	26399	21033	55	1	1	24	3.78774e-05	26401	1	FALSE	NA	NA	NA	NA	NA	NA
NC_045512.2	4974	T	C	26399	21033	55	1	0	24	3.78774e-05	26401	1	FALSE	NA	NA	NA	NA	NA	NA
NC_045512.2	4975	G	A	26650	21483	54	2	2	40	7.50413e-05	26652	0.687521	FALSE	NA	NA	NA	NA	NA	NA
NC_045512.2	4976	T	G	26089	20966	54	2	2	24	7.66489e-05	26093	1	FALSE	NA	NA	NA	NA	NA	NA
NC_045512.2	4976	T	C	26089	20966	54	2	1	36	7.66489e-05	26093	1	FALSE	NA	NA	NA	NA	NA	NA
NC_045512.2	4977	T	G	26105	21043	54	2	2	24	7.66078e-05	26107	1	FALSE	NA	NA	NA	NA	NA	NA
NC_045512.2	4978	T	G	26091	21047	54	4	4	24	0.000153286	26095	1	FALSE	NA	NA	NA	NA	NA	NA
NC_045512.2	4979	A	G	26234	21415	52	2	2	40	7.62195e-05	26240	0.687464	FALSE	NA	NA	NA	NA	NA	NA
NC_045512.2	4979	A	C	26234	21415	52	4	0	32	0.000152439	26240	0.999996	FALSE	NA	NA	NA	NA	NA	NA
NC_045512.2	4980	C	T	26237	21448	53	1	1	40	3.81127e-05	26238	0.875014	FALSE	NA	NA	NA	NA	NA	NA
NC_045512.2	4981	A	G	26147	21433	53	2	2	52	7.64818e-05	26150	0.249995	FALSE	NA	NA	NA	NA	NA	NA
NC_045512.2	4981	A	C	26147	21433	53	1	0	32	3.82409e-05	26150	1	FALSE	NA	NA	NA	NA	NA	NA
NC_045512.2	4982	A	G	26143	21587	53	4	4	30	0.000152975	26148	0.999996	FALSE	NA	NA	NA	NA	NA	NA
NC_045512.2	4982	A	C	26143	21587	53	1	0	32	3.82438e-05	26148	1	FALSE	NA	NA	NA	NA	NA	NA
NC_045512.2	4983	C	T	26129	21565	53	1	1	40	3.82702e-05	26130	0.875014	FALSE	NA	NA	NA	NA	NA	NA
NC_045512.2	4984	A	G	25115	20668	53	2	2	52	7.96242e-05	25118	0.249995	FALSE	NA	NA	NA	NA	NA	NA
NC_045512.2	4984	A	C	25115	20668	53	1	0	32	3.98121e-05	25118	1	FALSE	NA	NA	NA	NA	NA	NA
NC_045512.2	4985	G	T	25032	20564	53	3	3	24	0.000119813	25039	1	FALSE	NA	NA	NA	NA	NA	NA
NC_045512.2	4985	G	C	25032	20564	53	1	1	24	3.99377e-05	25039	1	FALSE	NA	NA	NA	NA	NA	NA
NC_045512.2	4985	G	A	25032	20564	53	3	2	53	0.000119813	25039	0.12497	FALSE	NA	NA	NA	NA	NA	NA
NC_045512.2	4986	T	G	24786	20387	52	5	5	25	0.000201678	24792	1	FALSE	NA	NA	NA	NA	NA	NA
NC_045512.2	4986	T	C	24786	20387	52	1	1	48	4.03356e-05	24792	0.874977	FALSE	NA	NA	NA	NA	NA	NA
NC_045512.2	4987	A	G	25000	21023	51	3	3	32	0.000119966	25007	0.999998	FALSE	NA	NA	NA	NA	NA	NA
NC_045512.2	4987	A	C	25000	21023	51	4	3	30	0.000159955	25007	0.999992	FALSE	NA	NA	NA	NA	NA	NA
NC_045512.2	4988	G	A	25012	21018	52	1	1	40	3.99792e-05	25013	0.875015	FALSE	NA	NA	NA	NA	NA	NA
NC_045512.2	4989	A	T	24853	20879	52	1	1	40	4.02269e-05	24859	0.874977	FALSE	NA	NA	NA	NA	NA	NA
NC_045512.2	4989	A	G	24853	20879	52	2	2	40	8.04538e-05	24859	0.687462	FALSE	NA	NA	NA	NA	NA	NA
NC_045512.2	4989	A	C	24853	20879	52	3	2	34	0.000120681	24859	0.999997	FALSE	NA	NA	NA	NA	NA	NA
NC_045512.2	4990	C	T	24825	20855	52	1	1	40	4.02804e-05	24826	0.875015	FALSE	NA	NA	NA	NA	NA	NA
NC_045512.2	4990	C	-A	24825	20855	52	1	0	20	4.02804e-05	24826	1	FALSE	NA	NA	NA	NA	NA	NA
NC_045512.2	4991	A	G	24502	20572	52	3	3	37	0.000122424	24505	0.999997	FALSE	NA	NA	NA	NA	NA	NA
NC_045512.2	4992	A	G	24424	20505	52	3	3	32	0.000122815	24427	0.999997	FALSE	NA	NA	NA	NA	NA	NA
NC_045512.2	4993	C	A	24412	20492	52	1	1	24	4.09618e-05	24413	1	FALSE	NA	NA	NA	NA	NA	NA
NC_045512.2	4994	A	T	24110	20223	52	1	1	24	4.14731e-05	24112	1	FALSE	NA	NA	NA	NA	NA	NA
NC_045512.2	4994	A	C	24110	20223	52	1	0	24	4.14731e-05	24112	1	FALSE	NA	NA	NA	NA	NA	NA
NC_045512.2	4995	T	C	24003	20120	52	2	2	40	8.3316e-05	24005	0.687523	FALSE	NA	NA	NA	NA	NA	NA
NC_045512.2	4996	T	G	23793	19925	52	6	6	26	0.00025209	23801	1	FALSE	NA	NA	NA	NA	NA	NA
NC_045512.2	4996	T	C	23793	19925	52	2	2	60	8.40301e-05	23801	0.249942	FALSE	NA	NA	NA	NA	NA	NA
NC_045512.2	4996	T	-A	23793	19925	52	1	0	20	4.2015e-05	23801	1	FALSE	NA	NA	NA	NA	NA	NA
NC_045512.2	4998	A	G	23873	20217	51	3	3	33	0.000125649	23876	0.999995	FALSE	NA	NA	NA	NA	NA	NA
NC_045512.2	4998	A	+C	23873	20217	51	1	0	20	4.18831e-05	23876	1	FALSE	NA	NA	NA	NA	NA	NA
NC_045512.2	4999	C	T	23843	20205	51	4	4	40	0.000167736	23847	0.34376	FALSE	NA	NA	NA	NA	NA	NA
NC_045512.2	5000	C	G	23822	20188	51	1	1	40	4.19762e-05	23823	0.875016	FALSE	NA	NA	NA	NA	NA	NA
NC_045512.2	5001	T	G	22252	18738	51	4	4	28	0.000179695	22260	1	FALSE	NA	NA	NA	NA	NA	NA
NC_045512.2	5001	T	C	22252	18738	51	4	3	60	0.000179695	22260	0.0624747	FALSE	NA	NA	NA	NA	NA	NA
NC_045512.2	5002	C	G	22314	18820	51	2	2	32	8.96218e-05	22316	0.999999	FALSE	NA	NA	NA	NA	NA	NA
NC_045512.2	5003	C	T	22305	18805	51	2	1	80	8.9658e-05	22307	0.250006	FALSE	NA	NA	NA	NA	NA	NA
NC_045512.2	5004	A	T	22310	18830	51	1	1	40	4.48149e-05	22314	0.874992	FALSE	NA	NA	NA	NA	NA	NA
NC_045512.2	5004	A	C	22310	18830	51	3	1	24	0.000134445	22314	1	FALSE	NA	NA	NA	NA	NA	NA
NC_045512.2	5005	C	T	22278	18896	49	1	1	40	4.48833e-05	22280	0.875008	FALSE	NA	NA	NA	NA	NA	NA
NC_045512.2	5005	C	A	22278	18896	49	1	0	32	4.48833e-05	22280	1	FALSE	NA	NA	NA	NA	NA	NA
NC_045512.2	5006	A	G	22254	18805	51	2	2	40	8.98634e-05	22256	0.687525	FALSE	NA	NA	NA	NA	NA	NA
NC_045512.2	5007	C	T	22205	18956	51	1	1	40	4.50248e-05	22210	0.874983	FALSE	NA	NA	NA	NA	NA	NA
NC_045512.2	5007	C	G	22205	18956	51	4	4	32	0.000180099	22210	0.999956	FALSE	NA	NA	NA	NA	NA	NA
NC_045512.2	5008	G	A	22068	18838	50	5	5	41	0.000226521	22073	0.226562	FALSE	NA	NA	NA	NA	NA	NA
NC_045512.2	5009	C	T	22112	18951	50	1	1	40	4.52161e-05	22116	0.874992	FALSE	NA	NA	NA	NA	NA	NA
NC_045512.2	5009	C	G	22112	18951	50	3	3	29	0.000135648	22116	1	FALSE	NA	NA	NA	NA	NA	NA
NC_045512.2	5010	A	G	22092	18947	50	7	7	45	0.000316756	22099	0.0898326	FALSE	NA	NA	NA	NA	NA	NA
NC_045512.2	5011	A	G	22040	18893	50	2	1	44	9.07359e-05	22042	0.687526	FALSE	NA	NA	NA	NA	NA	NA
NC_045512.2	5012	G	T	21824	18671	49	3	3	24	0.000137444	21827	1	FALSE	NA	NA	NA	NA	NA	NA
NC_045512.2	5013	T	C	21927	18783	50	2	2	32	9.12034e-05	21929	0.999997	FALSE	NA	NA	NA	NA	NA	NA
NC_045512.2	5014	T	G	21771	18651	50	3	3	24	0.00013776	21777	1	FALSE	NA	NA	NA	NA	NA	NA
NC_045512.2	5014	T	C	21771	18651	50	3	2	66	0.00013776	21777	0.124974	FALSE	NA	NA	NA	NA	NA	NA
NC_045512.2	5015	G	T	21862	18747	50	1	1	24	4.57352e-05	21865	1	FALSE	NA	NA	NA	NA	NA	NA
NC_045512.2	5015	G	C	21862	18747	50	2	2	40	9.14704e-05	21865	0.687509	FALSE	NA	NA	NA	NA	NA	NA
NC_045512.2	5016	T	G	21361	18314	48	4	4	24	0.000187205	21367	1	FALSE	NA	NA	NA	NA	NA	NA
NC_045512.2	5016	T	C	21361	18314	48	2	2	40	9.36023e-05	21367	0.687456	FALSE	NA	NA	NA	NA	NA	NA
NC_045512.2	5017	G	A	21674	18786	50	1	1	40	4.61361e-05	21675	0.875017	FALSE	NA	NA	NA	NA	NA	NA
NC_045512.2	5019	A	G	21593	18870	49	1	1	40	4.6307e-05	21595	0.875009	FALSE	NA	NA	NA	NA	NA	NA
NC_045512.2	5019	A	C	21593	18870	49	1	1	40	4.6307e-05	21595	0.875009	FALSE	NA	NA	NA	NA	NA	NA
NC_045512.2	5020	C	G	21480	19070	48	2	2	40	9.31012e-05	21482	0.687526	FALSE	NA	NA	NA	NA	NA	NA
NC_045512.2	5021	A	G	19981	17664	48	2	2	24	0.00010008	19984	1	FALSE	NA	NA	NA	NA	NA	NA
NC_045512.2	5021	A	C	19981	17664	48	1	1	24	5.004e-05	19984	1	FALSE	NA	NA	NA	NA	NA	NA
NC_045512.2	5022	T	G	19868	17565	48	1	1	24	5.03246e-05	19871	1	FALSE	NA	NA	NA	NA	NA	NA
NC_045512.2	5022	T	C	19868	17565	48	2	2	32	0.000100649	19871	0.99999	FALSE	NA	NA	NA	NA	NA	NA
NC_045512.2	5023	G	T	19759	17459	48	2	2	24	0.000101209	19761	1	FALSE	NA	NA	NA	NA	NA	NA
NC_045512.2	5024	T	G	19686	17455	48	2	2	24	0.000101559	19693	1	FALSE	NA	NA	NA	NA	NA	NA
NC_045512.2	5024	T	C	19686	17455	48	5	4	56	0.000253897	19693	0.0312381	FALSE	NA	NA	NA	NA	NA	NA
NC_045512.2	5026	A	T	19657	17467	48	2	2	32	0.000101673	19671	0.999989	FALSE	NA	NA	NA	NA	NA	NA
NC_045512.2	5026	A	G	19657	17467	48	6	6	34	0.000305018	19671	0.997961	FALSE	NA	NA	NA	NA	NA	NA
NC_045512.2	5026	A	C	19657	17467	48	6	4	29	0.000305018	19671	1	FALSE	NA	NA	NA	NA	NA	NA
NC_045512.2	5028	T	G	19592	17427	48	3	3	32	0.0001531	19595	0.99994	FALSE	NA	NA	NA	NA	NA	NA
NC_045512.2	5029	G	C	19581	17696	47	3	3	34	0.000153186	19584	0.99994	FALSE	NA	NA	NA	NA	NA	NA
NC_045512.2	5030	A	G	19611	17731	47	1	1	40	5.09892e-05	19612	0.750019	FALSE	NA	NA	NA	NA	NA	NA
NC_045512.2	5031	C	G	18992	17192	46	2	2	28	0.000105291	18995	1	FALSE	NA	NA	NA	NA	NA	NA
NC_045512.2	5031	C	A	18992	17192	46	1	0	32	5.26454e-05	18995	0.999998	FALSE	NA	NA	NA	NA	NA	NA
NC_045512.2	5034	A	G	18221	16473	47	6	6	37	0.000329146	18229	0.996702	FALSE	NA	NA	NA	NA	NA	NA
NC_045512.2	5034	A	C	18221	16473	47	2	1	32	0.000109715	18229	0.99998	FALSE	NA	NA	NA	NA	NA	NA
NC_045512.2	5035	T	G	18135	16395	46	1	1	24	5.5139e-05	18136	1	FALSE	NA	NA	NA	NA	NA	NA
NC_045512.2	5036	G	A	18184	16670	46	1	1	24	5.49904e-05	18185	1	FALSE	NA	NA	NA	NA	NA	NA
NC_045512.2	5038	A	G	17950	16458	46	2	2	32	0.000111408	17952	0.999962	FALSE	NA	NA	NA	NA	NA	NA
NC_045512.2	5039	C	G	17890	16457	45	1	1	40	5.58909e-05	17892	0.750007	FALSE	NA	NA	NA	NA	NA	NA
NC_045512.2	5039	C	A	17890	16457	45	1	1	40	5.58909e-05	17892	0.750007	FALSE	NA	NA	NA	NA	NA	NA
NC_045512.2	5040	A	G	16432	15046	46	1	1	40	6.08532e-05	16433	0.750023	FALSE	NA	NA	NA	NA	NA	NA
NC_045512.2	5042	C	T	16415	15043	46	1	1	24	6.09162e-05	16416	1	FALSE	NA	NA	NA	NA	NA	NA
NC_045512.2	5043	A	C	15784	14426	46	1	1	24	6.33513e-05	15785	1	FALSE	NA	NA	NA	NA	NA	NA
NC_045512.2	5044	G	A	15787	14495	46	1	1	24	6.33392e-05	15788	1	FALSE	NA	NA	NA	NA	NA	NA
NC_045512.2	5045	T	G	15221	13965	45	2	2	24	0.00013138	15223	1	FALSE	NA	NA	NA	NA	NA	NA
NC_045512.2	5046	T	G	15060	13806	46	10	10	29	0.000663482	15072	1	FALSE	NA	NA	NA	NA	NA	NA
NC_045512.2	5046	T	C	15060	13806	46	2	2	24	0.000132696	15072	1	FALSE	NA	NA	NA	NA	NA	NA
NC_045512.2	5047	T	G	15147	13896	46	3	3	24	0.000197994	15152	1	FALSE	NA	NA	NA	NA	NA	NA
NC_045512.2	5047	T	C	15147	13896	46	2	2	36	0.000131996	15152	0.999863	FALSE	NA	NA	NA	NA	NA	NA
NC_045512.2	5049	G	T	14757	13583	45	2	2	24	0.000135511	14759	1	FALSE	NA	NA	NA	NA	NA	NA
NC_045512.2	5050	T	G	14690	13520	45	3	3	29	0.000204151	14695	1	FALSE	NA	NA	NA	NA	NA	NA
NC_045512.2	5050	T	C	14690	13520	45	2	2	32	0.000136101	14695	0.999741	FALSE	NA	NA	NA	NA	NA	NA
NC_045512.2	5052	C	T	14457	13323	45	1	1	40	6.91467e-05	14462	0.749957	FALSE	NA	NA	NA	NA	NA	NA
NC_045512.2	5052	C	G	14457	13323	45	3	3	29	0.00020744	14462	1	FALSE	NA	NA	NA	NA	NA	NA
NC_045512.2	5052	C	A	14457	13323	45	1	1	24	6.91467e-05	14462	1	FALSE	NA	NA	NA	NA	NA	NA
NC_045512.2	5053	A	G	13971	12854	45	2	2	40	0.000143133	13973	0.500027	FALSE	NA	NA	NA	NA	NA	NA
NC_045512.2	5054	A	G	13985	12875	45	1	1	24	7.15001e-05	13986	1	FALSE	NA	NA	NA	NA	NA	NA
NC_045512.2	5056	T	G	13901	12849	45	4	4	28	0.000287666	13905	1	FALSE	NA	NA	NA	NA	NA	NA
NC_045512.2	5057	T	G	13636	12593	45	6	6	29	0.000439689	13646	1	FALSE	NA	NA	NA	NA	NA	NA
NC_045512.2	5057	T	C	13636	12593	45	4	4	28	0.000293126	13646	1	FALSE	NA	NA	NA	NA	NA	NA
NC_045512.2	5059	T	G	13519	12510	45	3	3	29	0.000221861	13522	1	FALSE	NA	NA	NA	NA	NA	NA
NC_045512.2	5060	T	G	13497	12486	45	2	2	24	0.000148148	13500	1	FALSE	NA	NA	NA	NA	NA	NA
NC_045512.2	5060	T	C	13497	12486	45	1	1	40	7.40741e-05	13500	0.749991	FALSE	NA	NA	NA	NA	NA	NA
NC_045512.2	5061	T	G	13473	12467	45	4	4	24	0.000296758	13479	1	FALSE	NA	NA	NA	NA	NA	NA
NC_045512.2	5061	T	C	13473	12467	45	1	1	40	7.41895e-05	13479	0.749935	FALSE	NA	NA	NA	NA	NA	NA
NC_045512.2	5061	T	A	13473	12467	45	1	1	40	7.41895e-05	13479	0.749935	FALSE	NA	NA	NA	NA	NA	NA
NC_045512.2	5062	G	T	13357	12349	45	4	4	24	0.000299244	13367	1	FALSE	NA	NA	NA	NA	NA	NA
NC_045512.2	5062	G	C	13357	12349	45	4	4	32	0.000299244	13367	0.993637	FALSE	NA	NA	NA	NA	NA	NA
NC_045512.2	5062	G	A	13357	12349	45	2	2	24	0.000149622	13367	1	FALSE	NA	NA	NA	NA	NA	NA
NC_045512.2	5063	G	T	13344	12355	45	1	1	24	7.49344e-05	13345	1	FALSE	NA	NA	NA	NA	NA	NA
NC_045512.2	5064	A	G	13279	12396	44	5	4	40	0.000376336	13286	0.109331	FALSE	NA	NA	NA	NA	NA	NA
NC_045512.2	5064	A	C	13279	12396	44	2	2	40	0.000150534	13286	0.499887	FALSE	NA	NA	NA	NA	NA	NA
NC_045512.2	5065	T	G	13177	12293	44	5	5	24	0.000379248	13184	1	FALSE	NA	NA	NA	NA	NA	NA
NC_045512.2	5065	T	C	13177	12293	44	1	1	40	7.58495e-05	13184	0.749915	FALSE	NA	NA	NA	NA	NA	NA
NC_045512.2	5065	T	A	13177	12293	44	1	0	80	7.58495e-05	13184	0.499905	FALSE	NA	NA	NA	NA	NA	NA
NC_045512.2	5066	G	T	12852	11983	44	1	1	24	7.77968e-05	12854	1	FALSE	NA	NA	NA	NA	NA	NA
NC_045512.2	5066	G	A	12852	11983	44	1	0	80	7.77968e-05	12854	0.5	FALSE	NA	NA	NA	NA	NA	NA
NC_045512.2	5067	G	C	15335	12142	44	1	1	40	6.52061e-05	15336	0.750024	FALSE	NA	NA	NA	NA	NA	NA
NC_045512.2	5068	A	G	15258	12096	44	2	1	40	0.000131036	15263	0.499951	FALSE	NA	NA	NA	NA	NA	NA
NC_045512.2	5068	A	C	15258	12096	44	3	0	24	0.000196554	15263	1	FALSE	NA	NA	NA	NA	NA	NA
NC_045512.2	5070	C	T	15261	12146	43	1	1	40	6.55136e-05	15264	0.749992	FALSE	NA	NA	NA	NA	NA	NA
NC_045512.2	5070	C	G	15261	12146	43	2	2	32	0.000131027	15264	0.999863	FALSE	NA	NA	NA	NA	NA	NA
NC_045512.2	5071	T	G	14713	11605	43	4	4	28	0.000271776	14718	1	FALSE	NA	NA	NA	NA	NA	NA
NC_045512.2	5071	T	C	14713	11605	43	1	0	40	6.7944e-05	14718	0.749958	FALSE	NA	NA	NA	NA	NA	NA
NC_045512.2	5073	A	G	14917	11713	44	1	1	40	6.70331e-05	14918	0.750025	FALSE	NA	NA	NA	NA	NA	NA
NC_045512.2	5074	T	G	14774	11553	43	18	18	29	0.00121663	14795	1	FALSE	NA	NA	NA	NA	NA	NA
NC_045512.2	5074	T	C	14774	11553	43	3	3	53	0.000202771	14795	0.124772	FALSE	NA	NA	NA	NA	NA	NA
NC_045512.2	5075	G	T	14945	11737	44	2	1	32	0.000133788	14949	0.999741	FALSE	NA	NA	NA	NA	NA	NA
NC_045512.2	5075	G	C	14945	11737	44	1	0	24	6.68941e-05	14949	1	FALSE	NA	NA	NA	NA	NA	NA
NC_045512.2	5075	G	A	14945	11737	44	1	1	80	6.68941e-05	14949	0.499967	FALSE	NA	NA	NA	NA	NA	NA
NC_045512.2	5076	T	G	10097	7085	44	6	6	32	0.000593765	10105	0.894998	FALSE	NA	NA	NA	NA	NA	NA
NC_045512.2	5076	T	C	10097	7085	44	2	1	60	0.000197922	10105	0.249864	FALSE	NA	NA	NA	NA	NA	NA
NC_045512.2	5077	T	G	10062	7023	43	7	7	28	0.000695065	10071	1	FALSE	NA	NA	NA	NA	NA	NA
NC_045512.2	5077	T	C	10062	7023	43	1	0	40	9.9295e-05	10071	0.749839	FALSE	NA	NA	NA	NA	NA	NA
NC_045512.2	5077	T	A	10062	7023	43	1	1	24	9.9295e-05	10071	1	FALSE	NA	NA	NA	NA	NA	NA
NC_045512.2	5078	A	C	10125	7107	44	2	0	24	0.000197492	10127	1	FALSE	NA	NA	NA	NA	NA	NA
NC_045512.2	5079	C	G	10088	7170	42	3	3	34	0.000297295	10091	0.988795	FALSE	NA	NA	NA	NA	NA	NA
NC_045512.2	5080	T	G	9952	7022	41	10	9	28	0.00100381	9962	1	FALSE	NA	NA	NA	NA	NA	NA
NC_045512.2	5081	A	G	9548	6625	43	2	2	32	0.000209424	9550	0.994155	FALSE	NA	NA	NA	NA	NA	NA
NC_045512.2	5082	A	G	9575	6596	43	2	1	40	0.000208834	9577	0.250013	FALSE	NA	NA	NA	NA	NA	NA
NC_045512.2	5083	A	G	9659	6586	43	2	0	32	0.000207018	9661	0.994155	FALSE	NA	NA	NA	NA	NA	NA
NC_045512.2	5084	A	G	9658	6578	43	1	0	24	0.00010353	9659	1	FALSE	NA	NA	NA	NA	NA	NA
NC_045512.2	5085	T	G	9567	6464	42	4	4	24	0.000417885	9572	1	FALSE	NA	NA	NA	NA	NA	NA
NC_045512.2	5085	T	C	9567	6464	42	1	1	40	0.000104471	9572	0.499922	FALSE	NA	NA	NA	NA	NA	NA
NC_045512.2	5087	A	C	2913	247	42	1	0	40	0.000343171	2914	0.500086	FALSE	NA	NA	NA	NA	NA	NA
NC_045512.2	5088	A	C	2914	247	42	1	0	24	0.000343053	2915	1	FALSE	NA	NA	NA	NA	NA	NA
NC_045512.2	5092	T	C	3089	252	42	1	0	40	0.000323625	3090	0.500081	FALSE	NA	NA	NA	NA	NA	NA
NC_045512.2	5093	C	A	2980	257	39	1	0	24	0.000335458	2981	1	FALSE	NA	NA	NA	NA	NA	NA
NC_045512.2	5094	A	C	3070	256	42	1	0	24	0.000325627	3071	1	FALSE	NA	NA	NA	NA	NA	NA
NC_045512.2	5096	A	G	3060	271	42	1	0	24	0.000326158	3066	1	FALSE	NA	NA	NA	NA	NA	NA
NC_045512.2	5096	A	C	3060	271	42	5	0	24	0.00163079	3066	0.999998	FALSE	NA	NA	NA	NA	NA	NA
NC_045512.2	5103	A	C	3291	321	43	1	0	24	0.000303767	3292	1	FALSE	NA	NA	NA	NA	NA	NA
NC_045512.2	5105	G	A	3310	323	43	1	0	24	0.000302024	3311	1	FALSE	NA	NA	NA	NA	NA	NA
NC_045512.2	5109	G	T	3482	328	43	1	1	24	0.000287109	3483	1	FALSE	NA	NA	NA	NA	NA	NA
NC_045512.2	5111	A	G	3473	353	44	3	1	38	0.000862813	3477	0.656317	FALSE	NA	NA	NA	NA	NA	NA
NC_045512.2	5111	A	C	3473	353	44	1	0	24	0.000287604	3477	1	FALSE	NA	NA	NA	NA	NA	NA
NC_045512.2	5113	A	C	3479	354	44	1	0	40	0.000287356	3480	0.500072	FALSE	NA	NA	NA	NA	NA	NA
NC_045512.2	5114	A	G	3496	355	44	1	0	40	0.000285959	3497	0.500072	FALSE	NA	NA	NA	NA	NA	NA
NC_045512.2	5115	C	G	3598	358	44	1	0	40	0.000277855	3599	0.500069	FALSE	NA	NA	NA	NA	NA	NA
NC_045512.2	5121	A	C	3614	377	44	2	0	24	0.000553097	3616	1	FALSE	NA	NA	NA	NA	NA	NA
NC_045512.2	5125	T	G	3696	380	44	2	0	40	0.000540687	3699	0.249966	FALSE	NA	NA	NA	NA	NA	NA
NC_045512.2	5125	T	C	3696	380	44	1	0	40	0.000270343	3699	0.499932	FALSE	NA	NA	NA	NA	NA	NA
NC_045512.2	5128	A	C	3730	388	43	2	0	24	0.000535906	3732	1	FALSE	NA	NA	NA	NA	NA	NA
NC_045512.2	5129	C	A	3699	390	42	1	0	24	0.00027027	3700	1	FALSE	NA	NA	NA	NA	NA	NA
NC_045512.2	5131	T	C	3782	389	44	1	0	32	0.00026434	3783	0.937583	FALSE	NA	NA	NA	NA	NA	NA
NC_045512.2	5132	A	G	3851	399	44	1	0	24	0.000259605	3852	1	FALSE	NA	NA	NA	NA	NA	NA
NC_045512.2	5133	A	C	3870	400	44	1	0	40	0.000258331	3871	0.500065	FALSE	NA	NA	NA	NA	NA	NA
NC_045512.2	5136	A	G	4035	497	45	1	0	24	0.000247709	4037	1	FALSE	NA	NA	NA	NA	NA	NA
NC_045512.2	5136	A	C	4035	497	45	1	0	40	0.000247709	4037	0.5	FALSE	NA	NA	NA	NA	NA	NA
NC_045512.2	5137	T	C	4062	494	45	1	0	40	0.000246124	4063	0.500062	FALSE	NA	NA	NA	NA	NA	NA
NC_045512.2	5138	G	C	4053	493	45	1	0	40	0.00024667	4054	0.500062	FALSE	NA	NA	NA	NA	NA	NA
NC_045512.2	5139	A	C	4037	501	45	1	0	24	0.000247647	4038	1	FALSE	NA	NA	NA	NA	NA	NA
NC_045512.2	5141	A	T	4155	528	46	2	2	32	0.000481	4158	0.89071	FALSE	NA	NA	NA	NA	NA	NA
NC_045512.2	5141	A	C	4155	528	46	1	0	24	0.0002405	4158	1	FALSE	NA	NA	NA	NA	NA	NA
NC_045512.2	5141	A	+G	4155	528	46	1	0	20	0.0002405	4158	1	FALSE	NA	NA	NA	NA	NA	NA
NC_045512.2	5143	T	C	4403	577	46	1	0	40	0.000227066	4404	0.500057	FALSE	NA	NA	NA	NA	NA	NA
NC_045512.2	5146	A	C	4307	602	44	3	0	24	0.000696056	4310	1	FALSE	NA	NA	NA	NA	NA	NA
NC_045512.2	5147	C	G	4323	607	44	1	0	40	0.000230947	4330	0.499711	FALSE	NA	NA	NA	NA	NA	NA
NC_045512.2	5147	C	A	4323	607	44	6	0	24	0.00138568	4330	1	FALSE	NA	NA	NA	NA	NA	NA
NC_045512.2	5148	G	A	4453	590	46	1	0	24	0.000224517	4454	1	FALSE	NA	NA	NA	NA	NA	NA
NC_045512.2	5151	T	C	4500	612	46	1	0	40	0.000222173	4501	0.500056	FALSE	NA	NA	NA	NA	NA	NA
NC_045512.2	5152	T	C	4507	616	47	2	0	40	0.000443557	4509	0.250028	FALSE	NA	NA	NA	NA	NA	NA
NC_045512.2	5153	G	T	4493	608	45	1	1	24	0.000222519	4494	1	FALSE	NA	NA	NA	NA	NA	NA
NC_045512.2	5154	A	T	4471	626	47	1	0	40	0.000223614	4472	0.500056	FALSE	NA	NA	NA	NA	NA	NA
NC_045512.2	5155	G	T	4527	622	47	1	1	32	0.000220848	4528	0.968802	FALSE	NA	NA	NA	NA	NA	NA
NC_045512.2	5158	T	C	4575	698	48	4	0	50	0.000873553	4579	0.0624863	FALSE	NA	NA	NA	NA	NA	NA
NC_045512.2	5162	G	T	4734	733	48	1	0	40	0.000211193	4735	0.500053	FALSE	NA	NA	NA	NA	NA	NA
NC_045512.2	5164	G	C	4768	759	49	1	0	40	0.000209688	4769	0.500052	FALSE	NA	NA	NA	NA	NA	NA
NC_045512.2	5165	T	C	4781	788	49	1	0	64	0.000209118	4782	0.500052	FALSE	NA	NA	NA	NA	NA	NA
NC_045512.2	5166	A	C	4703	795	47	3	0	32	0.000637484	4706	0.773612	FALSE	NA	NA	NA	NA	NA	NA
NC_045512.2	5169	A	G	4890	809	49	1	0	40	0.000204415	4892	0.5	FALSE	NA	NA	NA	NA	NA	NA
NC_045512.2	5169	A	C	4890	809	49	1	0	24	0.000204415	4892	1	FALSE	NA	NA	NA	NA	NA	NA
NC_045512.2	5170	C	T	4837	853	46	1	0	40	0.000206058	4853	0.499278	FALSE	NA	NA	NA	NA	NA	NA
NC_045512.2	5170	C	A	4837	853	46	15	0	28	0.00309087	4853	0.999995	FALSE	NA	NA	NA	NA	NA	NA
NC_045512.2	5172	A	T	5032	835	49	1	1	48	0.000198689	5033	0.50005	FALSE	NA	NA	NA	NA	NA	NA
NC_045512.2	5173	C	A	5004	841	48	2	0	24	0.000399521	5006	1	FALSE	NA	NA	NA	NA	NA	NA
NC_045512.2	5174	A	C	5014	853	50	2	0	24	0.000398724	5016	1	FALSE	NA	NA	NA	NA	NA	NA
NC_045512.2	5176	A	C	5052	841	50	1	0	24	0.000197902	5053	1	FALSE	NA	NA	NA	NA	NA	NA
NC_045512.2	5177	A	C	5091	850	50	1	0	40	0.000196386	5092	0.500049	FALSE	NA	NA	NA	NA	NA	NA
NC_045512.2	5178	C	A	4982	853	48	6	0	26	0.00120289	4988	1	FALSE	NA	NA	NA	NA	NA	NA
NC_045512.2	5181	A	G	5051	823	50	1	1	36	0.000197902	5053	0.984398	FALSE	NA	NA	NA	NA	NA	NA
NC_045512.2	5181	A	C	5051	823	50	1	0	32	0.000197902	5053	0.984398	FALSE	NA	NA	NA	NA	NA	NA
NC_045512.2	5184	C	A	4994	854	49	1	0	24	0.0002002	4995	1	FALSE	NA	NA	NA	NA	NA	NA
NC_045512.2	5186	A	C	5008	851	50	1	0	24	0.000199641	5009	1	FALSE	NA	NA	NA	NA	NA	NA
NC_045512.2	5190	T	C	5077	890	51	1	0	40	0.000196928	5078	0.500049	FALSE	NA	NA	NA	NA	NA	NA
NC_045512.2	5191	T	C	5077	890	51	3	0	34	0.000590551	5080	0.85563	FALSE	NA	NA	NA	NA	NA	NA
NC_045512.2	5195	G	C	4991	957	51	2	2	32	0.000400561	4993	0.890742	FALSE	NA	NA	NA	NA	NA	NA
NC_045512.2	5197	T	G	4998	968	51	1	1	40	0.00020004	4999	0.50005	FALSE	NA	NA	NA	NA	NA	NA
NC_045512.2	5198	A	C	5002	973	51	1	0	36	0.00019988	5003	0.984408	FALSE	NA	NA	NA	NA	NA	NA
NC_045512.2	5201	T	C	5063	1050	50	2	0	24	0.000394867	5065	1	FALSE	NA	NA	NA	NA	NA	NA
NC_045512.2	5202	A	C	5035	1062	51	3	0	29	0.000595474	5038	1	FALSE	NA	NA	NA	NA	NA	NA
NC_045512.2	5208	C	A	4821	1271	51	3	1	42	0.000621891	4824	0.125	FALSE	NA	NA	NA	NA	NA	NA
NC_045512.2	5209	A	G	4746	1212	52	1	1	40	0.000210659	4747	0.500053	FALSE	NA	NA	NA	NA	NA	NA
NC_045512.2	5211	C	A	4852	1270	52	1	0	24	0.000206058	4853	1	FALSE	NA	NA	NA	NA	NA	NA
NC_045512.2	5212	A	G	4821	1274	52	1	0	40	0.000207297	4824	0.499948	FALSE	NA	NA	NA	NA	NA	NA
NC_045512.2	5212	A	C	4821	1274	52	2	0	24	0.000414594	4824	1	FALSE	NA	NA	NA	NA	NA	NA
NC_045512.2	5213	T	G	4764	1310	52	1	1	24	0.000209864	4765	1	FALSE	NA	NA	NA	NA	NA	NA
NC_045512.2	5216	A	C	4861	1647	55	1	0	24	0.000205677	4862	1	FALSE	NA	NA	NA	NA	NA	NA
NC_045512.2	5217	A	G	4890	1677	55	3	1	40	0.000613121	4893	0.125	FALSE	NA	NA	NA	NA	NA	NA
NC_045512.2	5220	A	G	4410	2039	52	2	0	60	0.000453206	4413	0.249972	FALSE	NA	NA	NA	NA	NA	NA
NC_045512.2	5220	A	C	4410	2039	52	1	0	24	0.000226603	4413	1	FALSE	NA	NA	NA	NA	NA	NA
NC_045512.2	5221	C	A	4338	2033	50	1	0	24	0.000230468	4339	1	FALSE	NA	NA	NA	NA	NA	NA
NC_045512.2	5222	A	C	4425	2036	52	2	0	24	0.000451773	4427	1	FALSE	NA	NA	NA	NA	NA	NA
NC_045512.2	5224	T	G	4336	2009	51	1	1	24	0.000230574	4337	1	FALSE	NA	NA	NA	NA	NA	NA
NC_045512.2	5224	T	-A	4336	2009	51	1	0	20	0.000230574	4337	1	FALSE	NA	NA	NA	NA	NA	NA
NC_045512.2	5225	A	C	4489	2259	53	1	0	24	0.000222717	4490	1	FALSE	NA	NA	NA	NA	NA	NA
NC_045512.2	5226	A	C	4509	2279	53	1	0	24	0.000221729	4510	1	FALSE	NA	NA	NA	NA	NA	NA
NC_045512.2	5227	A	C	4528	2297	53	1	0	40	0.000220799	4529	0.500055	FALSE	NA	NA	NA	NA	NA	NA
NC_045512.2	5228	A	G	4513	2302	53	2	1	24	0.000442968	4515	1	FALSE	NA	NA	NA	NA	NA	NA
NC_045512.2	5229	A	G	4495	2302	53	1	1	40	0.00022242	4496	0.500056	FALSE	NA	NA	NA	NA	NA	NA
NC_045512.2	5230	G	T	4429	2209	51	1	1	24	0.000225734	4430	1	FALSE	NA	NA	NA	NA	NA	NA
NC_045512.2	5231	T	G	4543	2340	53	1	1	24	0.00022007	4544	1	FALSE	NA	NA	NA	NA	NA	NA
NC_045512.2	5232	G	T	4549	2352	53	1	1	24	0.00021978	4550	1	FALSE	NA	NA	NA	NA	NA	NA
NC_045512.2	5234	A	G	4553	2498	53	2	2	32	0.000438982	4556	0.890702	FALSE	NA	NA	NA	NA	NA	NA
NC_045512.2	5234	A	C	4553	2498	53	1	0	40	0.000219491	4556	0.499945	FALSE	NA	NA	NA	NA	NA	NA
NC_045512.2	5237	T	G	4577	2536	53	1	1	24	0.000218388	4579	1	FALSE	NA	NA	NA	NA	NA	NA
NC_045512.2	5237	T	C	4577	2536	53	1	1	80	0.000218388	4579	0.5	FALSE	NA	NA	NA	NA	NA	NA
NC_045512.2	5238	A	C	4612	2566	53	1	0	40	0.000216779	4613	0.500054	FALSE	NA	NA	NA	NA	NA	NA
NC_045512.2	5240	C	G	4593	2600	52	1	1	40	0.000217675	4594	0.500054	FALSE	NA	NA	NA	NA	NA	NA
NC_045512.2	5244	A	C	4603	2681	52	1	0	32	0.000217202	4604	0.968801	FALSE	NA	NA	NA	NA	NA	NA
NC_045512.2	5245	A	G	4652	2691	52	1	1	40	0.000214915	4653	0.500054	FALSE	NA	NA	NA	NA	NA	NA
NC_045512.2	5247	T	G	4655	2723	52	2	2	28	0.000429461	4657	1	FALSE	NA	NA	NA	NA	NA	NA
NC_045512.2	5248	T	C	4610	2728	52	3	3	74	0.000650336	4613	0.125	FALSE	NA	NA	NA	NA	NA	NA
NC_045512.2	5249	A	G	4631	2765	52	1	0	40	0.000215843	4633	0.5	FALSE	NA	NA	NA	NA	NA	NA
NC_045512.2	5249	A	C	4631	2765	52	1	0	40	0.000215843	4633	0.5	FALSE	NA	NA	NA	NA	NA	NA
NC_045512.2	5251	T	G	4677	2836	52	2	2	24	0.000427259	4681	1	FALSE	NA	NA	NA	NA	NA	NA
NC_045512.2	5251	T	C	4677	2836	52	1	0	40	0.00021363	4681	0.499893	FALSE	NA	NA	NA	NA	NA	NA
NC_045512.2	5251	T	A	4677	2836	52	1	1	80	0.00021363	4681	0.499893	FALSE	NA	NA	NA	NA	NA	NA
NC_045512.2	5253	G	T	4682	2878	52	2	2	32	0.000426985	4684	0.89075	FALSE	NA	NA	NA	NA	NA	NA
NC_045512.2	5256	T	G	4612	2819	53	1	1	24	0.000216779	4613	1	FALSE	NA	NA	NA	NA	NA	NA
NC_045512.2	5258	A	G	4657	2951	53	1	1	40	0.000214638	4659	0.5	FALSE	NA	NA	NA	NA	NA	NA
NC_045512.2	5258	A	C	4657	2951	53	1	0	40	0.000214638	4659	0.5	FALSE	NA	NA	NA	NA	NA	NA
NC_045512.2	5259	C	G	4612	3024	50	1	0	24	0.000216732	4614	1	FALSE	NA	NA	NA	NA	NA	NA
NC_045512.2	5259	C	A	4612	3024	50	1	0	24	0.000216732	4614	1	FALSE	NA	NA	NA	NA	NA	NA
NC_045512.2	5261	T	G	4623	2999	53	3	3	29	0.000648368	4627	1	FALSE	NA	NA	NA	NA	NA	NA
NC_045512.2	5261	T	C	4623	2999	53	1	0	24	0.000216123	4627	1	FALSE	NA	NA	NA	NA	NA	NA
NC_045512.2	5263	T	G	4948	3556	54	1	1	24	0.000202061	4949	1	FALSE	NA	NA	NA	NA	NA	NA
NC_045512.2	5264	A	G	5074	3776	56	2	2	40	0.000393933	5077	0.249975	FALSE	NA	NA	NA	NA	NA	NA
NC_045512.2	5264	A	C	5074	3776	56	1	0	24	0.000196967	5077	1	FALSE	NA	NA	NA	NA	NA	NA
NC_045512.2	5265	T	C	5048	3739	56	1	1	24	0.000198059	5049	1	FALSE	NA	NA	NA	NA	NA	NA
NC_045512.2	5266	T	G	5019	3756	54	3	3	29	0.000597372	5022	1	FALSE	NA	NA	NA	NA	NA	NA
NC_045512.2	5270	T	G	5132	3932	56	2	2	24	0.000389484	5135	1	FALSE	NA	NA	NA	NA	NA	NA
NC_045512.2	5270	T	C	5132	3932	56	1	1	40	0.000194742	5135	0.499951	FALSE	NA	NA	NA	NA	NA	NA
NC_045512.2	5272	G	T	5002	3817	54	8	8	24	0.00159649	5011	1	FALSE	NA	NA	NA	NA	NA	NA
NC_045512.2	5272	G	A	5002	3817	54	1	1	40	0.000199561	5011	0.49965	FALSE	NA	NA	NA	NA	NA	NA
NC_045512.2	5273	G	C	5157	3985	56	2	2	40	0.000387522	5161	0.249927	FALSE	NA	NA	NA	NA	NA	NA
NC_045512.2	5273	G	A	5157	3985	56	2	2	40	0.000387522	5161	0.249927	FALSE	NA	NA	NA	NA	NA	NA
NC_045512.2	5274	C	T	5182	4044	56	1	1	40	0.000192938	5183	0.500048	FALSE	NA	NA	NA	NA	NA	NA
NC_045512.2	5277	A	G	5256	4111	56	1	1	24	0.000190223	5257	1	FALSE	NA	NA	NA	NA	NA	NA
NC_045512.2	5285	T	G	5107	4115	54	1	1	24	0.000195733	5109	1	FALSE	NA	NA	NA	NA	NA	NA
NC_045512.2	5285	T	C	5107	4115	54	1	0	80	0.000195733	5109	0.5	FALSE	NA	NA	NA	NA	NA	NA
NC_045512.2	5286	G	T	5087	4095	54	1	1	24	0.000196541	5088	1	FALSE	NA	NA	NA	NA	NA	NA
NC_045512.2	5287	T	C	5074	4083	54	3	3	34	0.0005909	5077	0.85563	FALSE	NA	NA	NA	NA	NA	NA
NC_045512.2	5288	T	G	5086	4090	54	1	1	24	0.000196541	5088	1	FALSE	NA	NA	NA	NA	NA	NA
NC_045512.2	5288	T	C	5086	4090	54	1	0	80	0.000196541	5088	0.5	FALSE	NA	NA	NA	NA	NA	NA
NC_045512.2	5290	T	G	5064	4083	54	1	1	24	0.000197433	5065	1	FALSE	NA	NA	NA	NA	NA	NA
NC_045512.2	5292	T	C	5011	4205	52	1	0	36	0.000199521	5012	0.984408	FALSE	NA	NA	NA	NA	NA	NA
NC_045512.2	5293	T	G	4921	4119	52	2	2	24	0.000406091	4925	1	FALSE	NA	NA	NA	NA	NA	NA
NC_045512.2	5293	T	C	4921	4119	52	2	1	64	0.000406091	4925	0.249924	FALSE	NA	NA	NA	NA	NA	NA
NC_045512.2	5295	C	G	4938	4137	52	1	1	40	0.00020247	4939	0.500051	FALSE	NA	NA	NA	NA	NA	NA
NC_045512.2	5303	T	G	4865	4114	51	2	2	24	0.000410931	4867	1	FALSE	NA	NA	NA	NA	NA	NA
NC_045512.2	5304	T	G	4846	4098	51	1	1	40	0.000206313	4847	0.500052	FALSE	NA	NA	NA	NA	NA	NA
NC_045512.2	5306	T	G	4828	4093	51	1	1	24	0.000207082	4829	1	FALSE	NA	NA	NA	NA	NA	NA
NC_045512.2	5307	T	G	4800	4076	51	1	1	40	0.00020829	4801	0.500052	FALSE	NA	NA	NA	NA	NA	NA
NC_045512.2	5308	A	G	4835	4127	51	1	1	40	0.000206782	4836	0.500052	FALSE	NA	NA	NA	NA	NA	NA
NC_045512.2	5309	A	C	4728	4029	51	1	0	24	0.000211461	4729	1	FALSE	NA	NA	NA	NA	NA	NA
NC_045512.2	5310	C	T	4728	4033	51	1	1	40	0.000211461	4729	0.500053	FALSE	NA	NA	NA	NA	NA	NA
NC_045512.2	5311	A	G	4659	3969	51	1	1	40	0.000214592	4660	0.500054	FALSE	NA	NA	NA	NA	NA	NA
NC_045512.2	5313	T	A	4578	3945	50	1	1	40	0.000218388	4579	0.500055	FALSE	NA	NA	NA	NA	NA	NA
NC_045512.2	5315	C	T	4520	3923	49	1	1	40	0.00022119	4521	0.500055	FALSE	NA	NA	NA	NA	NA	NA
NC_045512.2	5319	A	G	4493	3956	49	2	2	32	0.000444939	4495	0.890755	FALSE	NA	NA	NA	NA	NA	NA
NC_045512.2	5320	A	G	4482	3949	49	1	1	24	0.000223015	4484	1	FALSE	NA	NA	NA	NA	NA	NA
NC_045512.2	5320	A	C	4482	3949	49	1	1	24	0.000223015	4484	1	FALSE	NA	NA	NA	NA	NA	NA
NC_045512.2	5322	T	G	4406	3945	48	1	1	24	0.000226912	4407	1	FALSE	NA	NA	NA	NA	NA	NA
NC_045512.2	5323	A	G	4370	3937	47	1	1	24	0.000228781	4371	1	FALSE	NA	NA	NA	NA	NA	NA
NC_045512.2	5324	G	T	4323	3888	46	1	1	24	0.000231214	4325	1	FALSE	NA	NA	NA	NA	NA	NA
NC_045512.2	5324	G	C	4323	3888	46	1	1	24	0.000231214	4325	1	FALSE	NA	NA	NA	NA	NA	NA
NC_045512.2	5326	G	T	4137	3733	43	4	4	24	0.00096595	4141	1	FALSE	NA	NA	NA	NA	NA	NA
NC_045512.2	5327	T	C	4286	3882	47	2	2	40	0.000466418	4288	0.250029	FALSE	NA	NA	NA	NA	NA	NA
NC_045512.2	5333	T	G	4223	3835	47	1	1	24	0.000236742	4224	1	FALSE	NA	NA	NA	NA	NA	NA
NC_045512.2	5336	A	G	4210	3821	46	1	1	32	0.000237473	4211	0.968806	FALSE	NA	NA	NA	NA	NA	NA
NC_045512.2	5337	A	G	4217	3831	47	1	1	40	0.000237079	4218	0.500059	FALSE	NA	NA	NA	NA	NA	NA
NC_045512.2	5338	T	G	4186	3803	46	1	1	24	0.000238834	4187	1	FALSE	NA	NA	NA	NA	NA	NA
NC_045512.2	5344	T	C	4041	3714	46	2	2	40	0.000494682	4043	0.250031	FALSE	NA	NA	NA	NA	NA	NA
NC_045512.2	5347	T	G	4024	3697	46	2	2	24	0.000496771	4026	1	FALSE	NA	NA	NA	NA	NA	NA
NC_045512.2	5349	T	G	3982	3683	45	1	1	24	0.000251067	3983	1	FALSE	NA	NA	NA	NA	NA	NA
NC_045512.2	5350	A	G	4013	3723	45	1	1	24	0.000249128	4014	1	FALSE	NA	NA	NA	NA	NA	NA
NC_045512.2	5352	A	G	3989	3765	44	1	1	64	0.000250627	3990	0.500063	FALSE	NA	NA	NA	NA	NA	NA
NC_045512.2	5353	A	G	3988	3763	44	1	1	24	0.000250689	3989	1	FALSE	NA	NA	NA	NA	NA	NA
NC_045512.2	5355	A	G	3775	3564	44	1	1	40	0.000264831	3776	0.500066	FALSE	NA	NA	NA	NA	NA	NA
NC_045512.2	5357	G	C	3634	3437	43	1	1	40	0.000275103	3635	0.500069	FALSE	NA	NA	NA	NA	NA	NA
NC_045512.2	5360	T	G	3552	3355	44	1	1	24	0.000281452	3553	1	FALSE	NA	NA	NA	NA	NA	NA
NC_045512.2	5362	T	C	3536	3367	43	1	1	40	0.000282725	3537	0.500071	FALSE	NA	NA	NA	NA	NA	NA
NC_045512.2	5365	C	T	3542	3382	43	1	1	80	0.000282247	3543	0.500071	FALSE	NA	NA	NA	NA	NA	NA
NC_045512.2	5369	G	T	2920	2769	43	2	2	24	0.000684463	2922	1	FALSE	NA	NA	NA	NA	NA	NA
NC_045512.2	5371	A	G	2808	2667	44	1	1	40	0.000355999	2809	0.500089	FALSE	NA	NA	NA	NA	NA	NA
NC_045512.2	5374	G	T	9543	2861	40	2	2	32	0.000209534	9545	0.994155	FALSE	NA	NA	NA	NA	NA	NA
NC_045512.2	5375	G	C	9586	2907	40	3	0	29	0.000312858	9589	1	FALSE	NA	NA	NA	NA	NA	NA
NC_045512.2	5377	T	G	9301	2617	41	1	1	40	0.000107492	9303	0.5	FALSE	NA	NA	NA	NA	NA	NA
NC_045512.2	5377	T	C	9301	2617	41	1	0	40	0.000107492	9303	0.5	FALSE	NA	NA	NA	NA	NA	NA
NC_045512.2	5378	G	T	9478	2620	41	1	1	24	0.000105485	9480	1	FALSE	NA	NA	NA	NA	NA	NA
NC_045512.2	5378	G	C	9478	2620	41	1	0	40	0.000105485	9480	0.5	FALSE	NA	NA	NA	NA	NA	NA
NC_045512.2	5379	G	T	8872	1984	38	4	4	24	0.000450603	8877	1	FALSE	NA	NA	NA	NA	NA	NA
NC_045512.2	5379	G	C	8872	1984	38	1	0	32	0.000112651	8877	0.998048	FALSE	NA	NA	NA	NA	NA	NA
NC_045512.2	5380	T	G	9460	2586	41	2	1	32	0.000211305	9465	0.994146	FALSE	NA	NA	NA	NA	NA	NA
NC_045512.2	5380	T	C	9460	2586	41	3	2	40	0.000316957	9465	0.12496	FALSE	NA	NA	NA	NA	NA	NA
NC_045512.2	5382	A	C	9393	2547	41	1	0	40	0.000106451	9394	0.500027	FALSE	NA	NA	NA	NA	NA	NA
NC_045512.2	5383	A	T	9269	2424	41	1	0	40	0.000107863	9271	0.5	FALSE	NA	NA	NA	NA	NA	NA
NC_045512.2	5383	A	C	9269	2424	41	1	0	24	0.000107863	9271	1	FALSE	NA	NA	NA	NA	NA	NA
NC_045512.2	5384	G	T	9326	2424	41	1	1	40	0.000107216	9327	0.500027	FALSE	NA	NA	NA	NA	NA	NA
NC_045512.2	5385	C	T	9448	2425	41	1	0	40	0.000105831	9449	0.500026	FALSE	NA	NA	NA	NA	NA	NA
NC_045512.2	5386	T	C	9363	2389	41	2	0	40	0.000213561	9365	0.250013	FALSE	NA	NA	NA	NA	NA	NA
NC_045512.2	5387	G	C	9619	2375	41	1	0	40	0.000103939	9621	0.5	FALSE	NA	NA	NA	NA	NA	NA
NC_045512.2	5387	G	A	9619	2375	41	1	0	40	0.000103939	9621	0.5	FALSE	NA	NA	NA	NA	NA	NA
NC_045512.2	5389	T	C	9608	2354	41	1	0	40	0.000104069	9609	0.500026	FALSE	NA	NA	NA	NA	NA	NA
NC_045512.2	5389	T	-A	9608	2354	41	2	0	20	0.000208138	9609	1	FALSE	NA	NA	NA	NA	NA	NA
NC_045512.2	5390	A	G	9568	2386	41	1	1	40	0.000104482	9571	0.499922	FALSE	NA	NA	NA	NA	NA	NA
NC_045512.2	5390	A	C	9568	2386	41	2	0	24	0.000208965	9571	1	FALSE	NA	NA	NA	NA	NA	NA
NC_045512.2	5391	A	C	9540	2383	40	4	0	32	0.000419111	9544	0.953931	FALSE	NA	NA	NA	NA	NA	NA
NC_045512.2	5394	T	G	9893	2327	41	2	2	32	0.000202122	9895	0.994154	FALSE	NA	NA	NA	NA	NA	NA
NC_045512.2	5395	T	G	9854	2330	41	1	1	24	0.000101461	9856	1	FALSE	NA	NA	NA	NA	NA	NA
NC_045512.2	5395	T	C	9854	2330	41	1	0	40	0.000101461	9856	0.5	FALSE	NA	NA	NA	NA	NA	NA
NC_045512.2	5396	T	C	7817	364	41	1	0	40	0.00012791	7818	0.500032	FALSE	NA	NA	NA	NA	NA	NA
NC_045512.2	5397	G	T	7832	370	41	1	0	24	0.000127665	7833	1	FALSE	NA	NA	NA	NA	NA	NA
NC_045512.2	5398	T	G	7832	374	41	1	0	40	0.000127665	7833	0.500032	FALSE	NA	NA	NA	NA	NA	NA
NC_045512.2	5401	A	C	8020	402	41	4	0	24	0.000498504	8024	1	FALSE	NA	NA	NA	NA	NA	NA
NC_045512.2	5402	C	A	8030	404	40	2	1	60	0.000249004	8032	0.250016	FALSE	NA	NA	NA	NA	NA	NA
NC_045512.2	5404	T	C	8487	486	41	1	0	40	0.000117813	8488	0.500029	FALSE	NA	NA	NA	NA	NA	NA
NC_045512.2	5405	A	G	8829	519	41	1	0	24	0.000113199	8834	1	FALSE	NA	NA	NA	NA	NA	NA
NC_045512.2	5405	A	C	8829	519	41	4	0	24	0.000452796	8834	1	FALSE	NA	NA	NA	NA	NA	NA
NC_045512.2	5406	T	C	9130	624	42	1	0	24	0.000109517	9131	1	FALSE	NA	NA	NA	NA	NA	NA
NC_045512.2	5409	T	C	9131	631	43	2	1	80	0.000218986	9133	0.250014	FALSE	NA	NA	NA	NA	NA	NA
NC_045512.2	5410	A	C	9059	651	39	2	0	24	0.000220726	9061	1	FALSE	NA	NA	NA	NA	NA	NA
NC_045512.2	5412	C	G	9373	681	43	1	0	40	0.000106678	9374	0.500027	FALSE	NA	NA	NA	NA	NA	NA
NC_045512.2	5415	A	T	9381	765	42	15	15	38	0.00159574	9400	0.153386	FALSE	NA	NA	NA	NA	NA	NA
NC_045512.2	5415	A	G	9381	765	42	1	0	24	0.000106383	9400	1	FALSE	NA	NA	NA	NA	NA	NA
NC_045512.2	5415	A	C	9381	765	42	3	0	29	0.000319149	9400	1	FALSE	NA	NA	NA	NA	NA	NA
NC_045512.2	5416	C	A	9557	783	43	2	0	24	0.000209227	9559	1	FALSE	NA	NA	NA	NA	NA	NA
NC_045512.2	5417	T	G	9628	780	44	1	0	24	0.000103853	9629	1	FALSE	NA	NA	NA	NA	NA	NA
NC_045512.2	5418	G	T	10519	785	43	2	2	24	0.000190078	10522	1	FALSE	NA	NA	NA	NA	NA	NA
NC_045512.2	5418	G	C	10519	785	43	1	0	40	9.5039e-05	10522	0.749988	FALSE	NA	NA	NA	NA	NA	NA
NC_045512.2	5419	T	G	10601	825	43	1	0	40	9.43129e-05	10603	0.750012	FALSE	NA	NA	NA	NA	NA	NA
NC_045512.2	5419	T	C	10601	825	43	1	0	40	9.43129e-05	10603	0.750012	FALSE	NA	NA	NA	NA	NA	NA
NC_045512.2	5420	A	G	10495	844	43	2	0	40	0.000190512	10498	0.5	FALSE	NA	NA	NA	NA	NA	NA
NC_045512.2	5420	A	C	10495	844	43	1	0	24	9.52562e-05	10498	1	FALSE	NA	NA	NA	NA	NA	NA
NC_045512.2	5423	A	G	10561	892	44	1	0	40	9.4679e-05	10562	0.750036	FALSE	NA	NA	NA	NA	NA	NA
NC_045512.2	5424	A	G	10594	891	44	1	1	80	9.43841e-05	10595	0.500024	FALSE	NA	NA	NA	NA	NA	NA
NC_045512.2	5426	A	G	10745	901	43	1	0	40	9.30492e-05	10747	0.750012	FALSE	NA	NA	NA	NA	NA	NA
NC_045512.2	5426	A	C	10745	901	43	1	0	24	9.30492e-05	10747	1	FALSE	NA	NA	NA	NA	NA	NA
NC_045512.2	5427	C	T	10254	926	40	1	0	24	9.72101e-05	10287	1	FALSE	NA	NA	NA	NA	NA	NA
NC_045512.2	5427	C	A	10254	926	40	32	0	25	0.00311072	10287	1	FALSE	NA	NA	NA	NA	NA	NA
NC_045512.2	5429	G	C	11403	931	44	3	0	34	0.00026295	11409	0.993538	FALSE	NA	NA	NA	NA	NA	NA
NC_045512.2	5429	G	A	11403	931	44	3	0	34	0.00026295	11409	0.993538	FALSE	NA	NA	NA	NA	NA	NA
NC_045512.2	5430	T	G	11408	1209	45	1	1	32	8.76424e-05	11410	0.999757	FALSE	NA	NA	NA	NA	NA	NA
NC_045512.2	5430	T	C	11408	1209	45	1	0	40	8.76424e-05	11410	0.750011	FALSE	NA	NA	NA	NA	NA	NA
NC_045512.2	5431	A	G	11398	1226	46	2	0	40	0.000175377	11404	0.499901	FALSE	NA	NA	NA	NA	NA	NA
NC_045512.2	5431	A	C	11398	1226	46	4	0	36	0.000350754	11404	0.982444	FALSE	NA	NA	NA	NA	NA	NA
NC_045512.2	5432	G	C	11537	1226	46	1	0	40	8.66701e-05	11538	0.750033	FALSE	NA	NA	NA	NA	NA	NA
NC_045512.2	5433	G	C	11562	1229	46	2	0	32	0.000172921	11566	0.998294	FALSE	NA	NA	NA	NA	NA	NA
NC_045512.2	5433	G	A	11562	1229	46	2	1	24	0.000172921	11566	1	FALSE	NA	NA	NA	NA	NA	NA
NC_045512.2	5434	T	C	11578	1240	46	1	1	24	8.63632e-05	11579	1	FALSE	NA	NA	NA	NA	NA	NA
NC_045512.2	5436	A	C	11854	1298	46	2	0	24	0.000168691	11856	1	FALSE	NA	NA	NA	NA	NA	NA
NC_045512.2	5438	T	G	12037	1309	46	1	0	24	8.30703e-05	12038	1	FALSE	NA	NA	NA	NA	NA	NA
NC_045512.2	5439	T	A	12075	1313	46	1	0	40	8.28089e-05	12076	0.750031	FALSE	NA	NA	NA	NA	NA	NA
NC_045512.2	5440	A	T	11991	1326	46	1	1	80	8.33542e-05	11997	0.499917	FALSE	NA	NA	NA	NA	NA	NA
NC_045512.2	5440	A	C	11991	1326	46	5	0	27	0.000416771	11997	1	FALSE	NA	NA	NA	NA	NA	NA
NC_045512.2	5441	G	C	12167	1328	46	1	0	40	8.2176e-05	12169	0.75001	FALSE	NA	NA	NA	NA	NA	NA
NC_045512.2	5441	G	A	12167	1328	46	1	0	64	8.2176e-05	12169	0.5	FALSE	NA	NA	NA	NA	NA	NA
NC_045512.2	5442	G	T	12129	1194	44	3	3	29	0.00024728	12132	1	FALSE	NA	NA	NA	NA	NA	NA
NC_045512.2	5443	T	C	12202	1359	46	2	0	40	0.000163881	12204	0.500031	FALSE	NA	NA	NA	NA	NA	NA
NC_045512.2	5444	G	C	12166	1361	46	2	1	40	0.000164339	12170	0.499969	FALSE	NA	NA	NA	NA	NA	NA
NC_045512.2	5444	G	A	12166	1361	46	2	0	32	0.000164339	12170	0.999087	FALSE	NA	NA	NA	NA	NA	NA
NC_045512.2	5445	A	G	12312	1374	46	2	0	40	0.00016239	12316	0.49997	FALSE	NA	NA	NA	NA	NA	NA
NC_045512.2	5445	A	C	12312	1374	46	2	0	24	0.00016239	12316	1	FALSE	NA	NA	NA	NA	NA	NA
NC_045512.2	5447	G	T	12375	1378	46	1	0	24	8.0795e-05	12377	1	FALSE	NA	NA	NA	NA	NA	NA
NC_045512.2	5447	G	C	12375	1378	46	1	0	24	8.0795e-05	12377	1	FALSE	NA	NA	NA	NA	NA	NA
NC_045512.2	5448	T	C	12399	1409	47	3	0	42	0.000241896	12402	0.312515	FALSE	NA	NA	NA	NA	NA	NA
NC_045512.2	5450	A	G	12313	1419	46	1	0	40	8.1182e-05	12318	0.749949	FALSE	NA	NA	NA	NA	NA	NA
NC_045512.2	5450	A	C	12313	1419	46	4	0	32	0.000324728	12318	0.989385	FALSE	NA	NA	NA	NA	NA	NA
NC_045512.2	5451	G	T	12390	1312	44	2	2	24	0.000161381	12393	1	FALSE	NA	NA	NA	NA	NA	NA
NC_045512.2	5451	G	A	12390	1312	44	1	0	24	8.06907e-05	12393	1	FALSE	NA	NA	NA	NA	NA	NA
NC_045512.2	5452	A	C	12402	1423	46	4	0	28	0.000322425	12406	1	FALSE	NA	NA	NA	NA	NA	NA
NC_045512.2	5454	A	G	12450	1429	46	1	1	24	8.03084e-05	12452	1	FALSE	NA	NA	NA	NA	NA	NA
NC_045512.2	5454	A	C	12450	1429	46	1	0	24	8.03084e-05	12452	1	FALSE	NA	NA	NA	NA	NA	NA
NC_045512.2	5455	A	C	12509	1454	46	3	0	24	0.00023977	12512	1	FALSE	NA	NA	NA	NA	NA	NA
NC_045512.2	5456	A	G	12533	1460	46	1	0	40	7.97766e-05	12535	0.75001	FALSE	NA	NA	NA	NA	NA	NA
NC_045512.2	5456	A	C	12533	1460	46	1	0	24	7.97766e-05	12535	1	FALSE	NA	NA	NA	NA	NA	NA
NC_045512.2	5457	C	G	12606	1538	47	1	0	24	7.9321e-05	12607	1	FALSE	NA	NA	NA	NA	NA	NA
NC_045512.2	5458	A	G	12558	1542	47	2	1	72	0.000159198	12563	0.24995	FALSE	NA	NA	NA	NA	NA	NA
NC_045512.2	5458	A	C	12558	1542	47	3	0	24	0.000238796	12563	1	FALSE	NA	NA	NA	NA	NA	NA
NC_045512.2	5459	A	G	12584	1541	47	1	1	52	7.94407e-05	12588	0.49996	FALSE	NA	NA	NA	NA	NA	NA
NC_045512.2	5459	A	C	12584	1541	47	3	0	32	0.000238322	12588	0.996316	FALSE	NA	NA	NA	NA	NA	NA
NC_045512.2	5462	A	C	12795	1568	47	2	0	24	0.000156287	12797	1	FALSE	NA	NA	NA	NA	NA	NA
NC_045512.2	5464	T	G	12841	1569	47	1	0	24	7.78695e-05	12842	1	FALSE	NA	NA	NA	NA	NA	NA
NC_045512.2	5465	T	C	12862	1582	47	1	0	40	7.77424e-05	12863	0.750029	FALSE	NA	NA	NA	NA	NA	NA
NC_045512.2	5465	T	-A	12862	1582	47	1	0	20	7.77424e-05	12863	1	FALSE	NA	NA	NA	NA	NA	NA
NC_045512.2	5466	A	G	12789	1583	47	1	1	80	7.81677e-05	12793	0.499941	FALSE	NA	NA	NA	NA	NA	NA
NC_045512.2	5466	A	C	12789	1583	47	3	0	24	0.000234503	12793	1	FALSE	NA	NA	NA	NA	NA	NA
NC_045512.2	5470	G	C	13040	1656	48	1	0	24	7.66812e-05	13041	1	FALSE	NA	NA	NA	NA	NA	NA
NC_045512.2	5472	T	C	13078	1770	48	1	1	80	7.64584e-05	13079	0.500019	FALSE	NA	NA	NA	NA	NA	NA
NC_045512.2	5473	T	C	13075	1846	49	1	0	32	7.6476e-05	13076	0.999939	FALSE	NA	NA	NA	NA	NA	NA
NC_045512.2	5474	C	A	12571	1866	45	14	0	26	0.00111244	12585	1	FALSE	NA	NA	NA	NA	NA	NA
NC_045512.2	5475	A	G	12996	1897	49	4	0	40	0.000307669	13001	0.187476	FALSE	NA	NA	NA	NA	NA	NA
NC_045512.2	5475	A	C	12996	1897	49	1	0	24	7.69172e-05	13001	1	FALSE	NA	NA	NA	NA	NA	NA
NC_045512.2	5476	A	C	12949	1895	48	5	0	27	0.000385981	12954	1	FALSE	NA	NA	NA	NA	NA	NA
NC_045512.2	5477	C	G	12950	1901	48	1	0	24	7.71784e-05	12957	1	FALSE	NA	NA	NA	NA	NA	NA
NC_045512.2	5477	C	A	12950	1901	48	6	0	24	0.00046307	12957	1	FALSE	NA	NA	NA	NA	NA	NA
NC_045512.2	5478	A	C	12969	1920	49	1	0	40	7.7101e-05	12970	0.750029	FALSE	NA	NA	NA	NA	NA	NA
NC_045512.2	5479	T	C	13092	2171	51	2	0	32	0.000152742	13094	0.999513	FALSE	NA	NA	NA	NA	NA	NA
NC_045512.2	5480	G	C	13094	2177	51	1	0	40	7.63592e-05	13096	0.75001	FALSE	NA	NA	NA	NA	NA	NA
NC_045512.2	5480	G	A	13094	2177	51	1	1	80	7.63592e-05	13096	0.5	FALSE	NA	NA	NA	NA	NA	NA
NC_045512.2	5481	C	T	13088	2215	51	1	0	40	7.63942e-05	13090	0.75001	FALSE	NA	NA	NA	NA	NA	NA
NC_045512.2	5481	C	A	13088	2215	51	1	0	24	7.63942e-05	13090	1	FALSE	NA	NA	NA	NA	NA	NA
NC_045512.2	5482	C	A	12810	2223	50	16	0	29	0.00124747	12826	1	FALSE	NA	NA	NA	NA	NA	NA
NC_045512.2	5483	A	G	13061	2222	51	2	1	80	0.000153092	13064	0.24999	FALSE	NA	NA	NA	NA	NA	NA
NC_045512.2	5483	A	C	13061	2222	51	1	0	24	7.65462e-05	13064	1	FALSE	NA	NA	NA	NA	NA	NA
NC_045512.2	5484	A	G	13175	2251	51	1	0	36	7.58898e-05	13177	0.999939	FALSE	NA	NA	NA	NA	NA	NA
NC_045512.2	5484	A	C	13175	2251	51	1	0	40	7.58898e-05	13177	0.750009	FALSE	NA	NA	NA	NA	NA	NA
NC_045512.2	5486	T	C	13272	2248	51	1	0	24	7.53409e-05	13273	1	FALSE	NA	NA	NA	NA	NA	NA
NC_045512.2	5487	T	G	13235	2260	51	1	1	24	7.55515e-05	13236	1	FALSE	NA	NA	NA	NA	NA	NA
NC_045512.2	5488	A	C	13105	2269	50	1	0	24	7.63009e-05	13106	1	FALSE	NA	NA	NA	NA	NA	NA
NC_045512.2	5490	A	G	13158	2344	51	2	0	40	0.000151976	13160	0.500028	FALSE	NA	NA	NA	NA	NA	NA
NC_045512.2	5491	T	C	13229	2346	52	3	0	40	0.000226723	13232	0.312514	FALSE	NA	NA	NA	NA	NA	NA
NC_045512.2	5492	T	G	13210	2342	51	1	0	40	7.56888e-05	13212	0.750009	FALSE	NA	NA	NA	NA	NA	NA
NC_045512.2	5492	T	C	13210	2342	51	1	0	40	7.56888e-05	13212	0.750009	FALSE	NA	NA	NA	NA	NA	NA
NC_045512.2	5494	T	G	13204	2337	52	1	0	32	7.57117e-05	13208	0.999939	FALSE	NA	NA	NA	NA	NA	NA
NC_045512.2	5494	T	C	13204	2337	52	3	0	34	0.000227135	13208	0.997915	FALSE	NA	NA	NA	NA	NA	NA
NC_045512.2	5495	T	G	13213	2336	52	1	0	32	7.56716e-05	13215	0.999939	FALSE	NA	NA	NA	NA	NA	NA
NC_045512.2	5495	T	C	13213	2336	52	1	0	32	7.56716e-05	13215	0.999939	FALSE	NA	NA	NA	NA	NA	NA
NC_045512.2	5496	G	A	13207	2349	52	1	0	24	7.57117e-05	13208	1	FALSE	NA	NA	NA	NA	NA	NA
NC_045512.2	5497	C	A	13217	2344	52	1	0	40	7.56544e-05	13218	0.750028	FALSE	NA	NA	NA	NA	NA	NA
NC_045512.2	5497	C	+A	13217	2344	52	8	0	20	0.000605235	13218	1	FALSE	NA	NA	NA	NA	NA	NA
NC_045512.2	5498	A	C	13102	2361	51	2	0	28	0.000152625	13104	1	FALSE	NA	NA	NA	NA	NA	NA
NC_045512.2	5499	A	C	13180	2366	52	3	0	26	0.000227566	13183	1	FALSE	NA	NA	NA	NA	NA	NA
NC_045512.2	5500	A	C	13176	2370	52	3	0	26	0.000227635	13179	1	FALSE	NA	NA	NA	NA	NA	NA
NC_045512.2	5501	A	C	13156	2390	52	1	0	32	7.60052e-05	13157	0.999939	FALSE	NA	NA	NA	NA	NA	NA
NC_045512.2	5502	G	C	13177	2395	52	1	0	40	7.5884e-05	13178	0.750028	FALSE	NA	NA	NA	NA	NA	NA
NC_045512.2	5503	A	+GGT	13135	2418	52	1	0	20	7.61325e-05	13135	1	FALSE	NA	NA	NA	NA	NA	NA
NC_045512.2	5505	T	C	13407	2533	52	1	0	40	7.45823e-05	13408	0.750028	FALSE	NA	NA	NA	NA	NA	NA
NC_045512.2	5507	T	G	11278	3224	50	1	1	40	8.86368e-05	11282	0.749967	FALSE	NA	NA	NA	NA	NA	NA
NC_045512.2	5507	T	C	11278	3224	50	2	0	40	0.000177274	11282	0.499967	FALSE	NA	NA	NA	NA	NA	NA
NC_045512.2	5507	T	A	11278	3224	50	1	0	80	8.86368e-05	11282	0.499956	FALSE	NA	NA	NA	NA	NA	NA
NC_045512.2	5510	A	G	11199	3512	50	2	1	60	0.00017854	11202	0.249989	FALSE	NA	NA	NA	NA	NA	NA
NC_045512.2	5510	A	C	11199	3512	50	1	0	24	8.92698e-05	11202	1	FALSE	NA	NA	NA	NA	NA	NA
NC_045512.2	5511	A	G	11174	3518	50	1	0	24	8.94694e-05	11177	1	FALSE	NA	NA	NA	NA	NA	NA
NC_045512.2	5511	A	C	11174	3518	50	2	0	24	0.000178939	11177	1	FALSE	NA	NA	NA	NA	NA	NA
NC_045512.2	5513	G	T	10566	3425	48	1	1	24	9.46163e-05	10569	1	FALSE	NA	NA	NA	NA	NA	NA
NC_045512.2	5513	G	A	10566	3425	48	2	1	52	0.000189233	10569	0.249988	FALSE	NA	NA	NA	NA	NA	NA
NC_045512.2	5514	T	G	10688	3540	49	2	2	24	0.000187091	10690	1	FALSE	NA	NA	NA	NA	NA	NA
NC_045512.2	5515	G	C	10668	3539	49	2	0	32	0.000187441	10670	0.996834	FALSE	NA	NA	NA	NA	NA	NA
NC_045512.2	5517	T	G	10795	3757	50	1	1	24	9.26183e-05	10797	1	FALSE	NA	NA	NA	NA	NA	NA
NC_045512.2	5517	T	C	10795	3757	50	1	0	24	9.26183e-05	10797	1	FALSE	NA	NA	NA	NA	NA	NA
NC_045512.2	5520	G	T	10487	4220	49	3	2	34	0.000285932	10492	0.988785	FALSE	NA	NA	NA	NA	NA	NA
NC_045512.2	5520	G	A	10487	4220	49	2	0	40	0.000190621	10492	0.499928	FALSE	NA	NA	NA	NA	NA	NA
NC_045512.2	5521	T	G	10549	4266	49	3	3	34	0.000284306	10552	0.988794	FALSE	NA	NA	NA	NA	NA	NA
NC_045512.2	5522	A	C	10439	4310	49	11	0	26	0.00105263	10450	1	FALSE	NA	NA	NA	NA	NA	NA
NC_045512.2	5523	A	G	10595	4388	49	2	2	32	0.000188733	10597	0.996835	FALSE	NA	NA	NA	NA	NA	NA
NC_045512.2	5524	A	C	10546	4479	50	1	0	24	9.48137e-05	10547	1	FALSE	NA	NA	NA	NA	NA	NA
NC_045512.2	5526	C	A	10368	4567	49	1	0	24	9.64413e-05	10369	1	FALSE	NA	NA	NA	NA	NA	NA
NC_045512.2	5527	T	G	10224	4440	49	3	3	34	0.000293312	10228	0.98879	FALSE	NA	NA	NA	NA	NA	NA
NC_045512.2	5527	T	C	10224	4440	49	1	0	40	9.77708e-05	10228	0.749963	FALSE	NA	NA	NA	NA	NA	NA
NC_045512.2	5528	T	C	10268	4479	49	1	0	40	9.7371e-05	10270	0.750012	FALSE	NA	NA	NA	NA	NA	NA
NC_045512.2	5528	T	A	10268	4479	49	1	1	80	9.7371e-05	10270	0.5	FALSE	NA	NA	NA	NA	NA	NA
NC_045512.2	5529	G	C	10199	4559	49	1	0	40	9.80392e-05	10200	0.750037	FALSE	NA	NA	NA	NA	NA	NA
NC_045512.2	5531	G	T	10228	4610	49	1	0	40	9.77422e-05	10231	0.749988	FALSE	NA	NA	NA	NA	NA	NA
NC_045512.2	5531	G	C	10228	4610	49	1	1	24	9.77422e-05	10231	1	FALSE	NA	NA	NA	NA	NA	NA
NC_045512.2	5531	G	A	10228	4610	49	1	0	80	9.77422e-05	10231	0.499976	FALSE	NA	NA	NA	NA	NA	NA
NC_045512.2	5535	A	G	10212	4662	49	1	1	40	9.78569e-05	10219	0.74989	FALSE	NA	NA	NA	NA	NA	NA
NC_045512.2	5535	A	C	10212	4662	49	6	0	29	0.000587142	10219	1	FALSE	NA	NA	NA	NA	NA	NA
NC_045512.2	5536	A	C	10247	4688	49	2	0	24	0.000195141	10249	1	FALSE	NA	NA	NA	NA	NA	NA
NC_045512.2	5538	A	C	10105	4715	49	2	0	24	0.000197883	10107	1	FALSE	NA	NA	NA	NA	NA	NA
NC_045512.2	5540	C	G	10346	4971	49	1	0	40	9.66464e-05	10347	0.750036	FALSE	NA	NA	NA	NA	NA	NA
NC_045512.2	5541	A	G	10277	4965	49	3	2	34	0.000291687	10285	0.98877	FALSE	NA	NA	NA	NA	NA	NA
NC_045512.2	5541	A	C	10277	4965	49	5	1	32	0.000486145	10285	0.940788	FALSE	NA	NA	NA	NA	NA	NA
NC_045512.2	5543	A	G	10419	5358	50	3	2	48	0.000287825	10423	0.312482	FALSE	NA	NA	NA	NA	NA	NA
NC_045512.2	5543	A	C	10419	5358	50	1	0	24	9.59417e-05	10423	1	FALSE	NA	NA	NA	NA	NA	NA
NC_045512.2	5545	A	G	10289	5376	49	1	0	40	9.71534e-05	10293	0.749964	FALSE	NA	NA	NA	NA	NA	NA
NC_045512.2	5545	A	C	10289	5376	49	3	0	24	0.00029146	10293	1	FALSE	NA	NA	NA	NA	NA	NA
NC_045512.2	5546	A	G	10486	5421	49	2	1	52	0.000190694	10488	0.250012	FALSE	NA	NA	NA	NA	NA	NA
NC_045512.2	5547	C	A	10749	5600	49	3	0	24	0.000279018	10752	1	FALSE	NA	NA	NA	NA	NA	NA
NC_045512.2	5548	C	A	10810	5575	50	2	1	24	0.00018498	10812	1	FALSE	NA	NA	NA	NA	NA	NA
NC_045512.2	5549	C	T	10425	5641	46	1	1	24	9.58773e-05	10430	1	FALSE	NA	NA	NA	NA	NA	NA
NC_045512.2	5549	C	A	10425	5641	46	4	1	28	0.000383509	10430	1	FALSE	NA	NA	NA	NA	NA	NA
NC_045512.2	5550	T	G	10642	5570	49	4	4	28	0.000375728	10646	1	FALSE	NA	NA	NA	NA	NA	NA
NC_045512.2	5551	T	G	10663	5561	49	5	5	30	0.000468691	10668	0.940851	FALSE	NA	NA	NA	NA	NA	NA
NC_045512.2	5552	A	T	10841	6001	50	1	0	40	9.21999e-05	10846	0.749942	FALSE	NA	NA	NA	NA	NA	NA
NC_045512.2	5552	A	G	10841	6001	50	1	1	40	9.21999e-05	10846	0.749942	FALSE	NA	NA	NA	NA	NA	NA
NC_045512.2	5552	A	C	10841	6001	50	3	0	24	0.0002766	10846	1	FALSE	NA	NA	NA	NA	NA	NA
NC_045512.2	5553	A	T	10891	5998	50	1	0	80	9.17936e-05	10894	0.499977	FALSE	NA	NA	NA	NA	NA	NA
NC_045512.2	5553	A	G	10891	5998	50	2	2	40	0.000183587	10894	0.5	FALSE	NA	NA	NA	NA	NA	NA
NC_045512.2	5554	G	T	10941	6006	50	1	1	40	9.1391e-05	10942	0.750034	FALSE	NA	NA	NA	NA	NA	NA
NC_045512.2	5557	T	G	10328	6089	49	2	2	24	0.000193611	10330	1	FALSE	NA	NA	NA	NA	NA	NA
NC_045512.2	5559	T	G	10271	6039	48	1	1	24	9.73331e-05	10274	1	FALSE	NA	NA	NA	NA	NA	NA
NC_045512.2	5559	T	C	10271	6039	48	2	1	40	0.000194666	10274	0.5	FALSE	NA	NA	NA	NA	NA	NA
NC_045512.2	5561	G	T	10274	6111	48	1	1	24	9.73236e-05	10275	1	FALSE	NA	NA	NA	NA	NA	NA
NC_045512.2	5562	A	G	11448	7845	51	4	3	32	0.000349253	11453	0.982451	FALSE	NA	NA	NA	NA	NA	NA
NC_045512.2	5562	A	C	11448	7845	51	1	1	40	8.73134e-05	11453	0.749945	FALSE	NA	NA	NA	NA	NA	NA
NC_045512.2	5563	A	C	11388	7783	51	1	0	24	8.7804e-05	11389	1	FALSE	NA	NA	NA	NA	NA	NA
NC_045512.2	5564	G	A	11393	7793	51	3	2	53	0.00026325	11396	0.125	FALSE	NA	NA	NA	NA	NA	NA
NC_045512.2	5565	C	T	10989	8051	49	5	5	36	0.000454794	10994	0.940849	FALSE	NA	NA	NA	NA	NA	NA
NC_045512.2	5566	T	G	10978	8052	49	1	1	40	9.1083e-05	10979	0.750034	FALSE	NA	NA	NA	NA	NA	NA
NC_045512.2	5567	G	T	11160	8103	49	2	2	24	0.000179163	11163	1	FALSE	NA	NA	NA	NA	NA	NA
NC_045512.2	5567	G	C	11160	8103	49	1	1	40	8.95817e-05	11163	0.749989	FALSE	NA	NA	NA	NA	NA	NA
NC_045512.2	5568	T	G	11463	8508	50	1	1	40	8.7222e-05	11465	0.750011	FALSE	NA	NA	NA	NA	NA	NA
NC_045512.2	5568	T	C	11463	8508	50	1	0	64	8.7222e-05	11465	0.5	FALSE	NA	NA	NA	NA	NA	NA
NC_045512.2	5570	A	G	11666	8815	50	3	3	34	0.000257091	11669	0.993546	FALSE	NA	NA	NA	NA	NA	NA
NC_045512.2	5571	T	C	11645	8778	50	1	0	64	8.58664e-05	11646	0.500021	FALSE	NA	NA	NA	NA	NA	NA
NC_045512.2	5573	T	G	11646	8782	49	1	1	24	8.5859e-05	11647	1	FALSE	NA	NA	NA	NA	NA	NA
NC_045512.2	5574	A	G	11777	8991	50	1	1	40	8.48969e-05	11779	0.750011	FALSE	NA	NA	NA	NA	NA	NA
NC_045512.2	5574	A	C	11777	8991	50	1	0	24	8.48969e-05	11779	1	FALSE	NA	NA	NA	NA	NA	NA
NC_045512.2	5575	C	A	11735	9048	49	1	1	24	8.52079e-05	11736	1	FALSE	NA	NA	NA	NA	NA	NA
NC_045512.2	5576	A	G	11388	8736	50	1	1	80	8.7804e-05	11389	0.500022	FALSE	NA	NA	NA	NA	NA	NA
NC_045512.2	5577	T	G	11431	8784	49	3	3	24	0.000262375	11434	1	FALSE	NA	NA	NA	NA	NA	NA
NC_045512.2	5578	G	A	11457	8907	49	1	1	24	8.72753e-05	11458	1	FALSE	NA	NA	NA	NA	NA	NA
NC_045512.2	5579	G	T	11189	8630	48	2	2	24	0.000178715	11191	1	FALSE	NA	NA	NA	NA	NA	NA
NC_045512.2	5580	G	A	11533	9245	49	2	2	60	0.000173385	11535	0.250011	FALSE	NA	NA	NA	NA	NA	NA
NC_045512.2	5581	C	T	12298	10309	50	1	1	40	8.13074e-05	12299	0.75003	FALSE	NA	NA	NA	NA	NA	NA
NC_045512.2	5582	A	G	12343	10374	50	1	1	24	8.1011e-05	12344	1	FALSE	NA	NA	NA	NA	NA	NA
NC_045512.2	5586	T	G	12605	10967	49	2	2	24	0.000158629	12608	1	FALSE	NA	NA	NA	NA	NA	NA
NC_045512.2	5586	T	C	12605	10967	49	1	1	40	7.93147e-05	12608	0.74999	FALSE	NA	NA	NA	NA	NA	NA
NC_045512.2	5589	C	T	12644	11073	49	1	1	40	7.90826e-05	12645	0.75003	FALSE	NA	NA	NA	NA	NA	NA
NC_045512.2	5590	T	G	12586	11014	49	3	3	24	0.000238303	12589	1	FALSE	NA	NA	NA	NA	NA	NA
NC_045512.2	5591	T	G	12594	11022	49	1	1	24	7.93966e-05	12595	1	FALSE	NA	NA	NA	NA	NA	NA
NC_045512.2	5592	A	G	12647	11129	48	1	1	40	7.90576e-05	12649	0.75001	FALSE	NA	NA	NA	NA	NA	NA
NC_045512.2	5592	A	C	12647	11129	48	1	0	32	7.90576e-05	12649	0.999878	FALSE	NA	NA	NA	NA	NA	NA
NC_045512.2	5593	T	G	12531	11011	49	4	4	28	0.000319107	12535	1	FALSE	NA	NA	NA	NA	NA	NA
NC_045512.2	5594	G	T	12582	11063	49	2	2	32	0.000158932	12584	0.999087	FALSE	NA	NA	NA	NA	NA	NA
NC_045512.2	5595	A	G	12587	11074	49	2	1	60	0.000158869	12589	0.25001	FALSE	NA	NA	NA	NA	NA	NA
NC_045512.2	5596	A	G	12579	11143	48	1	1	24	7.94913e-05	12580	1	FALSE	NA	NA	NA	NA	NA	NA
NC_045512.2	5598	A	G	12523	11090	48	2	2	80	0.000159668	12526	0.24999	FALSE	NA	NA	NA	NA	NA	NA
NC_045512.2	5598	A	C	12523	11090	48	1	1	40	7.98339e-05	12526	0.74999	FALSE	NA	NA	NA	NA	NA	NA
NC_045512.2	5599	A	G	12539	11088	48	1	1	24	7.97448e-05	12540	1	FALSE	NA	NA	NA	NA	NA	NA
NC_045512.2	5601	T	C	12475	11025	48	1	1	40	8.01539e-05	12476	0.75003	FALSE	NA	NA	NA	NA	NA	NA
NC_045512.2	5602	T	G	12479	11050	48	5	5	27	0.000400481	12485	1	FALSE	NA	NA	NA	NA	NA	NA
NC_045512.2	5602	T	C	12479	11050	48	1	1	40	8.00961e-05	12485	0.74993	FALSE	NA	NA	NA	NA	NA	NA
NC_045512.2	5605	G	T	11803	10386	44	38	38	25	0.00320919	11841	1	FALSE	NA	NA	NA	NA	NA	NA
NC_045512.2	5605	G	-A	11803	10386	44	1	0	20	8.44523e-05	11841	1	FALSE	NA	NA	NA	NA	NA	NA
NC_045512.2	5606	A	G	12507	11139	48	1	1	24	7.99488e-05	12508	1	FALSE	NA	NA	NA	NA	NA	NA
NC_045512.2	5607	A	G	12498	11143	48	1	1	40	8.00064e-05	12499	0.75003	FALSE	NA	NA	NA	NA	NA	NA
NC_045512.2	5609	G	T	12361	11022	48	2	2	40	0.000161773	12363	0.50003	FALSE	NA	NA	NA	NA	NA	NA
NC_045512.2	5611	T	G	12285	10956	48	1	1	40	8.13935e-05	12286	0.750031	FALSE	NA	NA	NA	NA	NA	NA
NC_045512.2	5612	G	T	12367	11096	48	1	0	80	8.08538e-05	12368	0.50002	FALSE	NA	NA	NA	NA	NA	NA
NC_045512.2	5613	T	G	12292	11025	47	2	2	24	0.000162681	12294	1	FALSE	NA	NA	NA	NA	NA	NA
NC_045512.2	5614	T	G	12289	11027	47	1	1	24	8.1367e-05	12290	1	FALSE	NA	NA	NA	NA	NA	NA
NC_045512.2	5616	A	G	12328	11070	47	1	1	24	8.10964e-05	12331	1	FALSE	NA	NA	NA	NA	NA	NA
NC_045512.2	5616	A	C	12328	11070	47	2	2	28	0.000162193	12331	1	FALSE	NA	NA	NA	NA	NA	NA
NC_045512.2	5617	G	A	12354	11105	47	1	1	24	8.09389e-05	12355	1	FALSE	NA	NA	NA	NA	NA	NA
NC_045512.2	5618	A	G	12289	11045	47	2	2	32	0.000162721	12291	0.999087	FALSE	NA	NA	NA	NA	NA	NA
NC_045512.2	5619	T	G	12153	10906	47	1	1	24	8.22774e-05	12154	1	FALSE	NA	NA	NA	NA	NA	NA
NC_045512.2	5620	A	G	12187	11000	47	2	2	52	0.000164082	12189	0.25001	FALSE	NA	NA	NA	NA	NA	NA
NC_045512.2	5623	T	G	11867	10717	47	3	3	29	0.000252695	11872	1	FALSE	NA	NA	NA	NA	NA	NA
NC_045512.2	5623	T	C	11867	10717	47	2	2	32	0.000168464	11872	0.998293	FALSE	NA	NA	NA	NA	NA	NA
NC_045512.2	5624	T	G	11739	10599	47	1	1	40	8.51716e-05	11741	0.750011	FALSE	NA	NA	NA	NA	NA	NA
NC_045512.2	5624	T	C	11739	10599	47	1	0	64	8.51716e-05	11741	0.5	FALSE	NA	NA	NA	NA	NA	NA
NC_045512.2	5626	T	G	11539	10407	44	4	4	28	0.00034653	11543	1	FALSE	NA	NA	NA	NA	NA	NA
NC_045512.2	5628	C	T	11688	10562	47	1	1	40	8.55359e-05	11691	0.749989	FALSE	NA	NA	NA	NA	NA	NA
NC_045512.2	5628	C	G	11688	10562	47	2	2	40	0.000171072	11691	0.5	FALSE	NA	NA	NA	NA	NA	NA
NC_045512.2	5629	G	A	11626	10504	47	2	2	40	0.000171999	11628	0.500032	FALSE	NA	NA	NA	NA	NA	NA
NC_045512.2	5630	T	G	11029	9939	47	1	1	24	9.06454e-05	11032	1	FALSE	NA	NA	NA	NA	NA	NA
NC_045512.2	5630	T	C	11029	9939	47	2	2	60	0.000181291	11032	0.249989	FALSE	NA	NA	NA	NA	NA	NA
NC_045512.2	5632	T	G	10950	9866	47	1	1	24	9.13075e-05	10952	1	FALSE	NA	NA	NA	NA	NA	NA
NC_045512.2	5632	T	A	10950	9866	47	1	1	40	9.13075e-05	10952	0.750011	FALSE	NA	NA	NA	NA	NA	NA
NC_045512.2	5633	G	T	10984	9902	47	1	1	40	9.10167e-05	10987	0.749989	FALSE	NA	NA	NA	NA	NA	NA
NC_045512.2	5633	G	A	10984	9902	47	2	2	40	0.000182033	10987	0.5	FALSE	NA	NA	NA	NA	NA	NA
NC_045512.2	5635	T	G	10838	9832	46	1	1	40	9.22424e-05	10841	0.749988	FALSE	NA	NA	NA	NA	NA	NA
NC_045512.2	5635	T	C	10838	9832	46	2	2	40	0.000184485	10841	0.5	FALSE	NA	NA	NA	NA	NA	NA
NC_045512.2	5639	C	T	10900	9899	47	1	1	40	9.17095e-05	10904	0.749966	FALSE	NA	NA	NA	NA	NA	NA
NC_045512.2	5639	C	G	10900	9899	47	2	2	36	0.000183419	10904	0.996831	FALSE	NA	NA	NA	NA	NA	NA
NC_045512.2	5639	C	A	10900	9899	47	1	1	40	9.17095e-05	10904	0.749966	FALSE	NA	NA	NA	NA	NA	NA
NC_045512.2	5640	A	G	10742	9747	47	2	2	24	0.00018615	10744	1	FALSE	NA	NA	NA	NA	NA	NA
NC_045512.2	5641	A	T	10719	9725	47	2	2	60	0.000186532	10722	0.249988	FALSE	NA	NA	NA	NA	NA	NA
NC_045512.2	5641	A	G	10719	9725	47	1	1	40	9.32662e-05	10722	0.749988	FALSE	NA	NA	NA	NA	NA	NA
NC_045512.2	5642	G	C	10719	9725	47	1	1	32	9.32836e-05	10720	0.999513	FALSE	NA	NA	NA	NA	NA	NA
NC_045512.2	5643	C	G	10670	9702	46	1	1	24	9.37119e-05	10671	1	FALSE	NA	NA	NA	NA	NA	NA
NC_045512.2	5644	T	G	10470	9502	44	3	3	24	0.000286451	10473	1	FALSE	NA	NA	NA	NA	NA	NA
NC_045512.2	5645	A	C	10646	9679	47	1	1	40	9.39232e-05	10647	0.750035	FALSE	NA	NA	NA	NA	NA	NA
NC_045512.2	5646	C	A	10631	9686	45	1	0	24	9.40557e-05	10632	1	FALSE	NA	NA	NA	NA	NA	NA
NC_045512.2	5647	A	G	10637	9673	47	2	2	32	0.00018797	10640	0.996833	FALSE	NA	NA	NA	NA	NA	NA
NC_045512.2	5647	A	C	10637	9673	47	1	1	40	9.3985e-05	10640	0.749988	FALSE	NA	NA	NA	NA	NA	NA
NC_045512.2	5649	A	G	10638	9676	47	2	2	32	0.00018797	10640	0.996834	FALSE	NA	NA	NA	NA	NA	NA
NC_045512.2	5651	T	G	10546	9589	46	2	2	24	0.000189591	10549	1	FALSE	NA	NA	NA	NA	NA	NA
NC_045512.2	5651	T	C	10546	9589	46	1	1	24	9.47957e-05	10549	1	FALSE	NA	NA	NA	NA	NA	NA
NC_045512.2	5653	T	C	10466	9518	46	2	2	40	0.000191058	10468	0.500036	FALSE	NA	NA	NA	NA	NA	NA
NC_045512.2	5655	T	G	10346	9526	45	3	3	29	0.000289855	10350	1	FALSE	NA	NA	NA	NA	NA	NA
NC_045512.2	5655	T	C	10346	9526	45	1	1	40	9.66184e-05	10350	0.749964	FALSE	NA	NA	NA	NA	NA	NA
NC_045512.2	5656	A	G	10377	9560	45	1	1	40	9.63577e-05	10378	0.750036	FALSE	NA	NA	NA	NA	NA	NA
NC_045512.2	5658	T	G	10248	9444	44	3	3	24	0.000292654	10251	1	FALSE	NA	NA	NA	NA	NA	NA
NC_045512.2	5660	C	T	10288	9515	45	1	1	40	9.71817e-05	10290	0.750012	FALSE	NA	NA	NA	NA	NA	NA
NC_045512.2	5660	C	A	10288	9515	45	1	1	24	9.71817e-05	10290	1	FALSE	NA	NA	NA	NA	NA	NA
NC_045512.2	5661	A	G	9997	9240	45	2	2	40	0.00020002	9999	0.250013	FALSE	NA	NA	NA	NA	NA	NA
NC_045512.2	5663	C	A	9976	9227	45	1	0	32	0.000100231	9977	0.999026	FALSE	NA	NA	NA	NA	NA	NA
NC_045512.2	5664	A	G	9963	9206	45	2	2	40	0.000200702	9965	0.250013	FALSE	NA	NA	NA	NA	NA	NA
NC_045512.2	5664	A	+G	9963	9206	45	1	0	20	0.000100351	9965	1	FALSE	NA	NA	NA	NA	NA	NA
NC_045512.2	5665	G	A	9902	9147	45	1	1	40	0.00010098	9903	0.500025	FALSE	NA	NA	NA	NA	NA	NA
NC_045512.2	5666	G	T	9534	8795	45	2	2	32	0.000209732	9536	0.994155	FALSE	NA	NA	NA	NA	NA	NA
NC_045512.2	5668	G	T	9547	8818	45	2	2	24	0.000209424	9550	1	FALSE	NA	NA	NA	NA	NA	NA
NC_045512.2	5668	G	A	9547	8818	45	1	1	40	0.000104712	9550	0.499974	FALSE	NA	NA	NA	NA	NA	NA
NC_045512.2	5669	T	G	9176	8556	44	1	1	24	0.000108968	9177	1	FALSE	NA	NA	NA	NA	NA	NA
NC_045512.2	5672	C	A	9170	8552	45	1	1	40	0.000109039	9171	0.500027	FALSE	NA	NA	NA	NA	NA	NA
NC_045512.2	5673	C	G	9148	8526	45	2	2	24	0.000218555	9151	1	FALSE	NA	NA	NA	NA	NA	NA
NC_045512.2	5673	C	A	9148	8526	45	1	1	24	0.000109278	9151	1	FALSE	NA	NA	NA	NA	NA	NA
NC_045512.2	5673	C	-T	9148	8526	45	2	0	20	0.000218555	9151	1	FALSE	NA	NA	NA	NA	NA	NA
NC_045512.2	5674	T	G	9014	8400	44	1	1	24	0.000110902	9017	1	FALSE	NA	NA	NA	NA	NA	NA
NC_045512.2	5674	T	C	9014	8400	44	2	2	32	0.000221803	9017	0.994147	FALSE	NA	NA	NA	NA	NA	NA
NC_045512.2	5675	T	G	8934	8322	45	1	1	24	0.000111919	8935	1	FALSE	NA	NA	NA	NA	NA	NA
NC_045512.2	5677	T	G	8922	8322	45	1	1	24	0.00011207	8923	1	FALSE	NA	NA	NA	NA	NA	NA
NC_045512.2	5680	T	G	8805	8220	44	1	1	40	0.000113533	8808	0.499972	FALSE	NA	NA	NA	NA	NA	NA
NC_045512.2	5680	T	C	8805	8220	44	2	2	40	0.000227066	8808	0.249986	FALSE	NA	NA	NA	NA	NA	NA
NC_045512.2	5681	A	G	8816	8234	45	1	1	24	0.000113417	8817	1	FALSE	NA	NA	NA	NA	NA	NA
NC_045512.2	5684	A	G	8741	8174	44	2	2	24	0.000228728	8744	1	FALSE	NA	NA	NA	NA	NA	NA
NC_045512.2	5684	A	C	8741	8174	44	1	1	24	0.000114364	8744	1	FALSE	NA	NA	NA	NA	NA	NA
NC_045512.2	5685	T	G	8685	8131	44	2	2	24	0.000230203	8688	1	FALSE	NA	NA	NA	NA	NA	NA
NC_045512.2	5685	T	A	8685	8131	44	1	1	24	0.000115101	8688	1	FALSE	NA	NA	NA	NA	NA	NA
NC_045512.2	5687	T	G	8329	7825	44	1	1	40	0.000120048	8330	0.50003	FALSE	NA	NA	NA	NA	NA	NA
NC_045512.2	5689	A	G	8330	7834	44	1	1	24	0.000120034	8331	1	FALSE	NA	NA	NA	NA	NA	NA
NC_045512.2	5690	G	T	8321	7834	44	1	1	40	0.000120149	8323	0.5	FALSE	NA	NA	NA	NA	NA	NA
NC_045512.2	5690	G	C	8321	7834	44	1	1	24	0.000120149	8323	1	FALSE	NA	NA	NA	NA	NA	NA
NC_045512.2	5691	C	G	8331	7851	44	1	1	40	0.000120019	8332	0.50003	FALSE	NA	NA	NA	NA	NA	NA
NC_045512.2	5692	A	G	8292	7813	44	2	2	40	0.000241138	8294	0.250015	FALSE	NA	NA	NA	NA	NA	NA
NC_045512.2	5695	A	T	7754	7306	44	1	1	40	0.000128932	7756	0.5	FALSE	NA	NA	NA	NA	NA	NA
NC_045512.2	5695	A	G	7754	7306	44	1	0	24	0.000128932	7756	1	FALSE	NA	NA	NA	NA	NA	NA
NC_045512.2	5698	T	G	7395	7120	42	4	4	28	0.000540614	7399	1	FALSE	NA	NA	NA	NA	NA	NA
NC_045512.2	5699	G	T	7371	7096	42	1	1	24	0.000135593	7375	1	FALSE	NA	NA	NA	NA	NA	NA
NC_045512.2	5699	G	C	7371	7096	42	1	1	24	0.000135593	7375	1	FALSE	NA	NA	NA	NA	NA	NA
NC_045512.2	5699	G	A	7371	7096	42	2	0	80	0.000271186	7375	0.249949	FALSE	NA	NA	NA	NA	NA	NA
NC_045512.2	5701	T	G	9047	7204	42	5	5	27	0.000552242	9054	1	FALSE	NA	NA	NA	NA	NA	NA
NC_045512.2	5701	T	C	9047	7204	42	2	2	24	0.000220897	9054	1	FALSE	NA	NA	NA	NA	NA	NA
NC_045512.2	5702	C	G	9087	7238	42	2	2	24	0.000220046	9089	1	FALSE	NA	NA	NA	NA	NA	NA
NC_045512.2	5703	A	G	8569	6739	42	1	1	40	0.000116686	8570	0.500029	FALSE	NA	NA	NA	NA	NA	NA
NC_045512.2	5704	G	C	9575	6782	42	2	0	32	0.000208834	9577	0.994155	FALSE	NA	NA	NA	NA	NA	NA
NC_045512.2	5705	T	G	9489	6722	42	4	2	36	0.000421363	9493	0.953931	FALSE	NA	NA	NA	NA	NA	NA
NC_045512.2	5706	A	G	9516	6768	42	1	1	40	0.000105075	9517	0.500026	FALSE	NA	NA	NA	NA	NA	NA
NC_045512.2	5707	T	G	9468	6739	41	4	2	24	0.000422253	9473	1	FALSE	NA	NA	NA	NA	NA	NA
NC_045512.2	5707	T	C	9468	6739	41	1	1	24	0.000105563	9473	1	FALSE	NA	NA	NA	NA	NA	NA
NC_045512.2	5707	T	-G	9468	6739	41	1	0	20	0.000105563	9473	1	FALSE	NA	NA	NA	NA	NA	NA
NC_045512.2	5708	G	A	9196	6426	41	1	1	24	0.000108731	9197	1	FALSE	NA	NA	NA	NA	NA	NA
NC_045512.2	5709	A	G	9329	6427	42	2	1	40	0.000214316	9332	0.249987	FALSE	NA	NA	NA	NA	NA	NA
NC_045512.2	5709	A	C	9329	6427	42	1	0	40	0.000107158	9332	0.499973	FALSE	NA	NA	NA	NA	NA	NA
NC_045512.2	5710	A	C	9376	6428	42	1	0	24	0.000106644	9377	1	FALSE	NA	NA	NA	NA	NA	NA
NC_045512.2	5711	C	T	9458	6413	42	1	1	40	0.000105708	9460	0.5	FALSE	NA	NA	NA	NA	NA	NA
NC_045512.2	5711	C	A	9458	6413	42	1	1	24	0.000105708	9460	1	FALSE	NA	NA	NA	NA	NA	NA
NC_045512.2	5712	T	G	9411	6372	42	2	2	32	0.000212472	9413	0.994155	FALSE	NA	NA	NA	NA	NA	NA
NC_045512.2	5713	T	G	7198	4209	41	3	3	24	0.000416609	7201	1	FALSE	NA	NA	NA	NA	NA	NA
NC_045512.2	5714	A	C	3050	232	41	1	0	24	0.000327761	3051	1	FALSE	NA	NA	NA	NA	NA	NA
NC_045512.2	5715	A	G	3069	232	41	1	0	24	0.000325521	3072	1	FALSE	NA	NA	NA	NA	NA	NA
NC_045512.2	5715	A	C	3069	232	41	2	0	24	0.000651042	3072	1	FALSE	NA	NA	NA	NA	NA	NA
NC_045512.2	5717	C	G	3152	239	41	1	0	32	0.000317158	3153	0.937599	FALSE	NA	NA	NA	NA	NA	NA
NC_045512.2	5722	T	G	3385	242	42	1	0	24	0.000295247	3387	1	FALSE	NA	NA	NA	NA	NA	NA
NC_045512.2	5722	T	C	3385	242	42	1	0	24	0.000295247	3387	1	FALSE	NA	NA	NA	NA	NA	NA
NC_045512.2	5723	A	T	3514	247	42	1	0	40	0.000284414	3516	0.5	FALSE	NA	NA	NA	NA	NA	NA
NC_045512.2	5723	A	C	3514	247	42	1	0	24	0.000284414	3516	1	FALSE	NA	NA	NA	NA	NA	NA
NC_045512.2	5725	A	C	3582	253	41	2	0	24	0.000558036	3584	1	FALSE	NA	NA	NA	NA	NA	NA
NC_045512.2	5727	T	C	3601	252	42	2	0	32	0.000555093	3603	0.812674	FALSE	NA	NA	NA	NA	NA	NA
NC_045512.2	5728	T	C	3628	251	42	2	0	40	0.000550964	3630	0.250034	FALSE	NA	NA	NA	NA	NA	NA
NC_045512.2	5729	A	G	3596	254	41	1	0	40	0.000277778	3600	0.499861	FALSE	NA	NA	NA	NA	NA	NA
NC_045512.2	5729	A	C	3596	254	41	3	0	29	0.000833333	3600	1	FALSE	NA	NA	NA	NA	NA	NA
NC_045512.2	5730	C	G	3635	252	42	1	0	40	0.000275028	3636	0.500069	FALSE	NA	NA	NA	NA	NA	NA
NC_045512.2	5734	T	C	3902	269	42	1	0	24	0.000256213	3903	1	FALSE	NA	NA	NA	NA	NA	NA
NC_045512.2	5735	G	A	3901	271	42	1	0	24	0.000256279	3902	1	FALSE	NA	NA	NA	NA	NA	NA
NC_045512.2	5737	T	C	3930	300	43	1	0	24	0.000254388	3931	1	FALSE	NA	NA	NA	NA	NA	NA
NC_045512.2	5741	G	A	4335	338	43	1	1	24	0.000230627	4336	1	FALSE	NA	NA	NA	NA	NA	NA
NC_045512.2	5743	G	C	4445	348	43	1	0	40	0.000224921	4446	0.500056	FALSE	NA	NA	NA	NA	NA	NA
NC_045512.2	5744	T	C	4443	368	43	1	0	40	0.000225023	4444	0.500056	FALSE	NA	NA	NA	NA	NA	NA
NC_045512.2	5746	C	G	4522	378	43	1	0	24	0.000221092	4523	1	FALSE	NA	NA	NA	NA	NA	NA
NC_045512.2	5747	A	C	4497	379	43	1	0	24	0.000222321	4498	1	FALSE	NA	NA	NA	NA	NA	NA
NC_045512.2	5748	C	G	4524	376	43	1	0	24	0.000220994	4525	1	FALSE	NA	NA	NA	NA	NA	NA
NC_045512.2	5751	G	C	4922	431	44	3	0	34	0.000609137	4925	0.773604	FALSE	NA	NA	NA	NA	NA	NA
NC_045512.2	5754	A	G	4918	458	44	1	0	24	0.000203252	4920	1	FALSE	NA	NA	NA	NA	NA	NA
NC_045512.2	5754	A	C	4918	458	44	1	0	40	0.000203252	4920	0.5	FALSE	NA	NA	NA	NA	NA	NA
NC_045512.2	5754	A	-T	4918	458	44	2	0	20	0.000406504	4920	1	FALSE	NA	NA	NA	NA	NA	NA
NC_045512.2	5756	T	C	5092	465	44	1	0	40	0.000196348	5093	0.500049	FALSE	NA	NA	NA	NA	NA	NA
NC_045512.2	5758	C	A	5096	473	44	1	0	24	0.000196194	5097	1	FALSE	NA	NA	NA	NA	NA	NA
NC_045512.2	5760	A	G	5087	467	44	1	0	64	0.000196502	5089	0.5	FALSE	NA	NA	NA	NA	NA	NA
NC_045512.2	5760	A	C	5087	467	44	1	0	24	0.000196502	5089	1	FALSE	NA	NA	NA	NA	NA	NA
NC_045512.2	5761	G	A	5179	470	44	2	0	40	0.000386026	5181	0.250024	FALSE	NA	NA	NA	NA	NA	NA
NC_045512.2	5763	G	A	5174	472	44	3	0	29	0.000579486	5177	1	FALSE	NA	NA	NA	NA	NA	NA
NC_045512.2	5765	G	A	5222	470	44	3	1	53	0.000574163	5225	0.125	FALSE	NA	NA	NA	NA	NA	NA
NC_045512.2	5766	G	C	5219	529	45	3	1	53	0.000574493	5222	0.125	FALSE	NA	NA	NA	NA	NA	NA
NC_045512.2	5767	T	C	5215	531	45	1	0	40	0.000191718	5216	0.500048	FALSE	NA	NA	NA	NA	NA	NA
NC_045512.2	5768	C	A	5222	533	45	1	0	40	0.000191461	5223	0.500048	FALSE	NA	NA	NA	NA	NA	NA
NC_045512.2	5771	T	C	5666	556	45	1	0	40	0.00017646	5667	0.500044	FALSE	NA	NA	NA	NA	NA	NA
NC_045512.2	5772	A	G	5638	570	45	1	1	52	0.000177305	5640	0.5	FALSE	NA	NA	NA	NA	NA	NA
NC_045512.2	5772	A	C	5638	570	45	1	0	24	0.000177305	5640	1	FALSE	NA	NA	NA	NA	NA	NA
NC_045512.2	5773	T	C	5664	564	45	1	0	80	0.000176523	5665	0.500044	FALSE	NA	NA	NA	NA	NA	NA
NC_045512.2	5774	A	G	5644	568	45	1	0	40	0.000177148	5645	0.500044	FALSE	NA	NA	NA	NA	NA	NA
NC_045512.2	5778	A	C	5807	605	46	1	0	40	0.000172176	5808	0.500043	FALSE	NA	NA	NA	NA	NA	NA
NC_045512.2	5779	T	C	5837	617	46	1	0	40	0.000171292	5838	0.500043	FALSE	NA	NA	NA	NA	NA	NA
NC_045512.2	5780	A	C	5818	689	47	2	0	24	0.000343643	5820	1	FALSE	NA	NA	NA	NA	NA	NA
NC_045512.2	5781	T	C	5844	700	47	2	0	32	0.000342114	5846	0.937584	FALSE	NA	NA	NA	NA	NA	NA
NC_045512.2	5782	A	C	5804	710	47	4	0	24	0.000688705	5808	1	FALSE	NA	NA	NA	NA	NA	NA
NC_045512.2	5789	A	C	5799	774	47	7	0	24	0.00120565	5806	1	FALSE	NA	NA	NA	NA	NA	NA
NC_045512.2	5790	A	C	5849	782	48	4	0	24	0.00068341	5853	1	FALSE	NA	NA	NA	NA	NA	NA
NC_045512.2	5791	A	C	5875	782	48	1	0	24	0.000170184	5876	1	FALSE	NA	NA	NA	NA	NA	NA
NC_045512.2	5792	G	C	5899	776	48	2	2	32	0.000338926	5901	0.937583	FALSE	NA	NA	NA	NA	NA	NA
NC_045512.2	5794	A	G	5885	823	49	1	0	40	0.000169895	5886	0.500042	FALSE	NA	NA	NA	NA	NA	NA
NC_045512.2	5795	A	G	5915	824	49	1	1	80	0.000169005	5917	0.5	FALSE	NA	NA	NA	NA	NA	NA
NC_045512.2	5795	A	C	5915	824	49	1	0	24	0.000169005	5917	1	FALSE	NA	NA	NA	NA	NA	NA
NC_045512.2	5799	T	C	5956	837	49	4	0	40	0.000671141	5960	0.0624895	FALSE	NA	NA	NA	NA	NA	NA
NC_045512.2	5801	T	G	6059	903	50	1	1	40	0.000165017	6060	0.500041	FALSE	NA	NA	NA	NA	NA	NA
NC_045512.2	5802	A	C	5992	912	49	1	0	24	0.000166861	5993	1	FALSE	NA	NA	NA	NA	NA	NA
NC_045512.2	5803	T	C	6051	904	50	1	0	40	0.000165235	6052	0.500041	FALSE	NA	NA	NA	NA	NA	NA
NC_045512.2	5804	T	C	6045	896	50	1	1	80	0.000165399	6046	0.500041	FALSE	NA	NA	NA	NA	NA	NA
NC_045512.2	5806	C	T	6189	970	50	1	0	80	0.000161551	6190	0.50004	FALSE	NA	NA	NA	NA	NA	NA
NC_045512.2	5807	A	C	6152	966	50	3	0	24	0.000487409	6155	1	FALSE	NA	NA	NA	NA	NA	NA
NC_045512.2	5808	T	A	6196	969	50	1	0	40	0.000161368	6197	0.50004	FALSE	NA	NA	NA	NA	NA	NA
NC_045512.2	5809	A	C	6136	957	50	1	0	24	0.000162946	6137	1	FALSE	NA	NA	NA	NA	NA	NA
NC_045512.2	5811	A	G	6174	975	51	1	0	40	0.000161917	6176	0.5	FALSE	NA	NA	NA	NA	NA	NA
NC_045512.2	5811	A	C	6174	975	51	1	0	24	0.000161917	6176	1	FALSE	NA	NA	NA	NA	NA	NA
NC_045512.2	5813	G	T	6173	970	51	1	0	40	0.00016197	6174	0.50004	FALSE	NA	NA	NA	NA	NA	NA
NC_045512.2	5814	G	C	6303	974	51	1	1	80	0.000158629	6304	0.50004	FALSE	NA	NA	NA	NA	NA	NA
NC_045512.2	5817	C	T	6283	1021	51	1	0	24	0.000159134	6284	1	FALSE	NA	NA	NA	NA	NA	NA
NC_045512.2	5818	T	G	6291	1020	51	1	0	40	0.000158907	6293	0.5	FALSE	NA	NA	NA	NA	NA	NA
NC_045512.2	5818	T	C	6291	1020	51	1	0	24	0.000158907	6293	1	FALSE	NA	NA	NA	NA	NA	NA
NC_045512.2	5821	A	C	6254	1045	51	1	0	24	0.000159872	6255	1	FALSE	NA	NA	NA	NA	NA	NA
NC_045512.2	5822	C	A	6195	1050	50	13	0	25	0.00209407	6208	1	FALSE	NA	NA	NA	NA	NA	NA
NC_045512.2	5823	T	C	6300	1010	51	1	0	40	0.000158705	6301	0.50004	FALSE	NA	NA	NA	NA	NA	NA
NC_045512.2	5824	T	C	6309	1020	51	2	0	52	0.000316907	6311	0.25002	FALSE	NA	NA	NA	NA	NA	NA
NC_045512.2	5825	A	C	6239	1032	51	5	0	27	0.000800769	6244	1	FALSE	NA	NA	NA	NA	NA	NA
NC_045512.2	5827	A	G	6229	1038	51	1	0	40	0.000160411	6234	0.49988	FALSE	NA	NA	NA	NA	NA	NA
NC_045512.2	5827	A	C	6229	1038	51	4	0	28	0.000641643	6234	1	FALSE	NA	NA	NA	NA	NA	NA
NC_045512.2	5828	A	G	6283	1033	51	1	0	40	0.000159109	6285	0.5	FALSE	NA	NA	NA	NA	NA	NA
NC_045512.2	5828	A	C	6283	1033	51	1	0	24	0.000159109	6285	1	FALSE	NA	NA	NA	NA	NA	NA
NC_045512.2	5829	A	T	6211	1053	51	1	0	40	0.000160901	6215	0.49992	FALSE	NA	NA	NA	NA	NA	NA
NC_045512.2	5829	A	C	6211	1053	51	3	0	29	0.000482703	6215	1	FALSE	NA	NA	NA	NA	NA	NA
NC_045512.2	5831	T	C	6282	1091	52	1	0	24	0.00015916	6283	1	FALSE	NA	NA	NA	NA	NA	NA
NC_045512.2	5832	C	A	6261	1109	52	2	0	32	0.000319336	6263	0.964905	FALSE	NA	NA	NA	NA	NA	NA
NC_045512.2	5835	C	A	5834	1233	49	11	0	27	0.00188195	5845	1	FALSE	NA	NA	NA	NA	NA	NA
NC_045512.2	5838	A	C	6130	1317	52	1	0	24	0.000163106	6131	1	FALSE	NA	NA	NA	NA	NA	NA
NC_045512.2	5841	A	G	6014	1346	51	1	0	40	0.000166196	6017	0.499958	FALSE	NA	NA	NA	NA	NA	NA
NC_045512.2	5841	A	C	6014	1346	51	2	0	24	0.000332392	6017	1	FALSE	NA	NA	NA	NA	NA	NA
NC_045512.2	5843	A	G	6005	1396	52	1	1	80	0.000166445	6008	0.499958	FALSE	NA	NA	NA	NA	NA	NA
NC_045512.2	5843	A	C	6005	1396	52	2	0	24	0.000332889	6008	1	FALSE	NA	NA	NA	NA	NA	NA
NC_045512.2	5844	A	G	5942	1423	51	1	0	40	0.000168265	5943	0.500042	FALSE	NA	NA	NA	NA	NA	NA
NC_045512.2	5849	C	A	5703	1600	51	4	0	24	0.000700894	5707	1	FALSE	NA	NA	NA	NA	NA	NA
NC_045512.2	5850	C	G	5758	1637	52	1	1	24	0.000173641	5759	1	FALSE	NA	NA	NA	NA	NA	NA
NC_045512.2	5855	A	G	5346	2091	52	1	0	40	0.000187021	5347	0.500047	FALSE	NA	NA	NA	NA	NA	NA
NC_045512.2	5856	C	T	5308	2104	51	1	0	80	0.000188288	5311	0.499953	FALSE	NA	NA	NA	NA	NA	NA
NC_045512.2	5856	C	A	5308	2104	51	2	0	24	0.000376577	5311	1	FALSE	NA	NA	NA	NA	NA	NA
NC_045512.2	5859	A	C	5331	2107	52	1	0	24	0.000187547	5332	1	FALSE	NA	NA	NA	NA	NA	NA
NC_045512.2	5860	T	G	5260	2126	51	2	1	32	0.000380084	5262	0.937594	FALSE	NA	NA	NA	NA	NA	NA
NC_045512.2	5861	G	A	5264	2153	52	2	2	80	0.000379795	5266	0.250024	FALSE	NA	NA	NA	NA	NA	NA
NC_045512.2	5863	T	G	5403	2523	53	1	1	24	0.000185048	5404	1	FALSE	NA	NA	NA	NA	NA	NA
NC_045512.2	5864	T	G	5402	2522	53	1	1	24	0.000185082	5403	1	FALSE	NA	NA	NA	NA	NA	NA
NC_045512.2	5865	T	G	5399	2525	53	2	2	24	0.000370165	5403	1	FALSE	NA	NA	NA	NA	NA	NA
NC_045512.2	5865	T	C	5399	2525	53	2	0	52	0.000370165	5403	0.249931	FALSE	NA	NA	NA	NA	NA	NA
NC_045512.2	5866	C	A	5513	2851	53	1	0	40	0.000181357	5514	0.500045	FALSE	NA	NA	NA	NA	NA	NA
NC_045512.2	5867	T	G	5515	2820	53	1	1	24	0.000181291	5516	1	FALSE	NA	NA	NA	NA	NA	NA
NC_045512.2	5868	A	C	5520	2853	54	3	0	24	0.000543183	5523	1	FALSE	NA	NA	NA	NA	NA	NA
NC_045512.2	5869	C	A	5367	2888	51	10	0	24	0.00185977	5377	1	FALSE	NA	NA	NA	NA	NA	NA
NC_045512.2	5871	A	C	5559	2979	54	1	0	24	0.000179856	5560	1	FALSE	NA	NA	NA	NA	NA	NA
NC_045512.2	5872	A	C	5504	3032	54	1	0	40	0.000181653	5505	0.500045	FALSE	NA	NA	NA	NA	NA	NA
NC_045512.2	5875	A	G	5541	3198	54	1	0	40	0.00018044	5542	0.500045	FALSE	NA	NA	NA	NA	NA	NA
NC_045512.2	5877	A	C	5575	3304	54	1	1	24	0.00017934	5576	1	FALSE	NA	NA	NA	NA	NA	NA
NC_045512.2	5879	A	G	5602	3327	54	1	1	64	0.000178444	5604	0.5	FALSE	NA	NA	NA	NA	NA	NA
NC_045512.2	5879	A	C	5602	3327	54	1	0	24	0.000178444	5604	1	FALSE	NA	NA	NA	NA	NA	NA
NC_045512.2	5880	G	A	5638	3344	54	1	1	40	0.000177336	5639	0.500044	FALSE	NA	NA	NA	NA	NA	NA
NC_045512.2	5880	G	-T	5638	3344	54	1	0	20	0.000177336	5639	1	FALSE	NA	NA	NA	NA	NA	NA
NC_045512.2	5882	T	G	6007	3970	53	4	4	24	0.000665447	6011	1	FALSE	NA	NA	NA	NA	NA	NA
NC_045512.2	5883	A	G	6149	4171	57	1	1	40	0.000162602	6150	0.500041	FALSE	NA	NA	NA	NA	NA	NA
NC_045512.2	5884	C	T	6122	4262	55	1	1	40	0.000163292	6124	0.5	FALSE	NA	NA	NA	NA	NA	NA
NC_045512.2	5884	C	A	6122	4262	55	1	0	24	0.000163292	6124	1	FALSE	NA	NA	NA	NA	NA	NA
NC_045512.2	5886	C	A	6130	4275	56	1	1	24	0.000163106	6131	1	FALSE	NA	NA	NA	NA	NA	NA
NC_045512.2	5887	A	C	6072	4239	56	1	0	24	0.000164663	6073	1	FALSE	NA	NA	NA	NA	NA	NA
NC_045512.2	5889	C	A	6047	4406	54	1	1	80	0.000165344	6048	0.500041	FALSE	NA	NA	NA	NA	NA	NA
NC_045512.2	5890	A	C	6063	4416	55	1	1	40	0.000164908	6064	0.500041	FALSE	NA	NA	NA	NA	NA	NA
NC_045512.2	5891	A	G	6026	4438	54	1	1	24	0.00016592	6027	1	FALSE	NA	NA	NA	NA	NA	NA
NC_045512.2	5894	A	T	6019	4525	54	1	1	40	0.000166113	6020	0.500042	FALSE	NA	NA	NA	NA	NA	NA
NC_045512.2	5895	T	G	6014	4528	53	1	1	40	0.000166251	6015	0.500042	FALSE	NA	NA	NA	NA	NA	NA
NC_045512.2	5896	A	G	6047	4573	54	2	2	24	0.000330633	6049	1	FALSE	NA	NA	NA	NA	NA	NA
NC_045512.2	5897	A	C	6042	4594	54	1	0	24	0.000165481	6043	1	FALSE	NA	NA	NA	NA	NA	NA
NC_045512.2	5898	A	G	6034	4591	53	1	1	40	0.0001657	6035	0.500041	FALSE	NA	NA	NA	NA	NA	NA
NC_045512.2	5899	A	G	6023	4583	53	1	1	24	0.000166003	6024	1	FALSE	NA	NA	NA	NA	NA	NA
NC_045512.2	5902	A	G	5807	4605	51	1	1	24	0.000172176	5808	1	FALSE	NA	NA	NA	NA	NA	NA
NC_045512.2	5903	G	T	5567	4352	47	2	2	32	0.000359131	5569	0.937588	FALSE	NA	NA	NA	NA	NA	NA
NC_045512.2	5904	T	G	6080	4997	51	2	2	40	0.000328839	6082	0.250021	FALSE	NA	NA	NA	NA	NA	NA
NC_045512.2	5905	T	G	6164	5086	52	1	1	24	0.000162206	6165	1	FALSE	NA	NA	NA	NA	NA	NA
NC_045512.2	5907	C	G	6179	5177	52	1	0	24	0.000161812	6180	1	FALSE	NA	NA	NA	NA	NA	NA
NC_045512.2	5908	T	C	6128	5128	51	1	1	40	0.000163159	6129	0.500041	FALSE	NA	NA	NA	NA	NA	NA
NC_045512.2	5909	T	G	6136	5136	52	1	1	24	0.000162946	6137	1	FALSE	NA	NA	NA	NA	NA	NA
NC_045512.2	5915	T	G	6128	5165	51	1	1	24	0.000163159	6129	1	FALSE	NA	NA	NA	NA	NA	NA
NC_045512.2	5916	T	C	5951	5016	51	1	1	40	0.000168011	5952	0.500042	FALSE	NA	NA	NA	NA	NA	NA
NC_045512.2	5917	G	T	5915	4981	50	2	2	24	0.000338009	5917	1	FALSE	NA	NA	NA	NA	NA	NA
NC_045512.2	5918	G	T	5954	5017	51	2	2	24	0.000335796	5956	1	FALSE	NA	NA	NA	NA	NA	NA
NC_045512.2	5920	T	A	5959	5036	51	1	1	40	0.000167785	5960	0.500042	FALSE	NA	NA	NA	NA	NA	NA
NC_045512.2	5922	G	T	5921	5181	48	1	1	24	0.000168862	5922	1	FALSE	NA	NA	NA	NA	NA	NA
NC_045512.2	5925	T	G	5864	5134	48	1	1	24	0.000170503	5865	1	FALSE	NA	NA	NA	NA	NA	NA
NC_045512.2	5926	T	G	5831	5103	48	4	4	24	0.000685401	5836	1	FALSE	NA	NA	NA	NA	NA	NA
NC_045512.2	5926	T	C	5831	5103	48	1	1	40	0.00017135	5836	0.499871	FALSE	NA	NA	NA	NA	NA	NA
NC_045512.2	5927	G	C	15745	5785	43	1	0	24	6.35082e-05	15746	1	FALSE	NA	NA	NA	NA	NA	NA
NC_045512.2	5928	T	G	15709	5762	42	1	1	24	6.36416e-05	15713	1	FALSE	NA	NA	NA	NA	NA	NA
NC_045512.2	5928	T	C	15709	5762	42	3	1	53	0.000190925	15713	0.124988	FALSE	NA	NA	NA	NA	NA	NA
NC_045512.2	5929	T	G	15677	5723	42	2	2	32	0.000127543	15681	0.999863	FALSE	NA	NA	NA	NA	NA	NA
NC_045512.2	5929	T	C	15677	5723	42	2	2	40	0.000127543	15681	0.499976	FALSE	NA	NA	NA	NA	NA	NA
NC_045512.2	5929	T	+C	15677	5723	42	1	0	20	6.37714e-05	15681	1	FALSE	NA	NA	NA	NA	NA	NA
NC_045512.2	5930	T	G	15636	5692	43	2	2	24	0.000127836	15645	1	FALSE	NA	NA	NA	NA	NA	NA
NC_045512.2	5930	T	C	15636	5692	43	7	0	26	0.000447427	15645	1	FALSE	NA	NA	NA	NA	NA	NA
NC_045512.2	5931	G	C	9839	5385	44	5915	239	37	0.37546	15754	0	TRUE	NA	NA	NA	NA	NA	NA
NC_045512.2	5932	T	G	15697	5487	42	1	1	24	6.37024e-05	15698	1	FALSE	NA	NA	NA	NA	NA	NA
NC_045512.2	5933	A	G	15717	5584	42	1	0	24	6.36011e-05	15723	1	FALSE	NA	NA	NA	NA	NA	NA
NC_045512.2	5933	A	C	15717	5584	42	5	0	27	0.000318005	15723	1	FALSE	NA	NA	NA	NA	NA	NA
NC_045512.2	5934	C	A	15726	5590	41	1	0	24	6.35849e-05	15727	1	FALSE	NA	NA	NA	NA	NA	NA
NC_045512.2	5935	A	G	15628	5536	42	6	0	37	0.000383509	15645	0.986673	FALSE	NA	NA	NA	NA	NA	NA
NC_045512.2	5935	A	C	15628	5536	42	11	0	24	0.0007031	15645	1	FALSE	NA	NA	NA	NA	NA	NA
NC_045512.2	5936	G	C	16030	5542	42	3	0	34	0.000187114	16033	0.999637	FALSE	NA	NA	NA	NA	NA	NA
NC_045512.2	5937	A	G	16023	5540	42	7	3	40	0.000436627	16032	0.0351324	FALSE	NA	NA	NA	NA	NA	NA
NC_045512.2	5937	A	C	16023	5540	42	2	0	24	0.00012475	16032	1	FALSE	NA	NA	NA	NA	NA	NA
NC_045512.2	5938	A	G	16214	5540	42	2	0	40	0.000123335	16216	0.500023	FALSE	NA	NA	NA	NA	NA	NA
NC_045512.2	5939	A	C	16208	5541	42	2	0	40	0.000123381	16210	0.500023	FALSE	NA	NA	NA	NA	NA	NA
NC_045512.2	5940	T	G	16122	5414	42	3	2	29	0.000185989	16130	1	FALSE	NA	NA	NA	NA	NA	NA
NC_045512.2	5940	T	C	16122	5414	42	5	1	27	0.000309981	16130	1	FALSE	NA	NA	NA	NA	NA	NA
NC_045512.2	5941	T	G	16151	5442	42	1	0	52	6.1885e-05	16159	0.499907	FALSE	NA	NA	NA	NA	NA	NA
NC_045512.2	5941	T	C	16151	5442	42	7	4	43	0.000433195	16159	0.0351393	FALSE	NA	NA	NA	NA	NA	NA
NC_045512.2	5942	G	A	16272	5489	42	1	0	24	6.14515e-05	16273	1	FALSE	NA	NA	NA	NA	NA	NA
NC_045512.2	5943	A	G	16815	5577	42	3	1	34	0.00017837	16819	0.999637	FALSE	NA	NA	NA	NA	NA	NA
NC_045512.2	5943	A	C	16815	5577	42	1	0	24	5.94566e-05	16819	1	FALSE	NA	NA	NA	NA	NA	NA
NC_045512.2	5944	C	G	16930	5573	42	1	0	40	5.90563e-05	16933	0.749993	FALSE	NA	NA	NA	NA	NA	NA
NC_045512.2	5944	C	A	16930	5573	42	2	0	24	0.000118113	16933	1	FALSE	NA	NA	NA	NA	NA	NA
NC_045512.2	5945	C	G	16931	5516	42	1	1	40	5.90528e-05	16934	0.749993	FALSE	NA	NA	NA	NA	NA	NA
NC_045512.2	5945	C	A	16931	5516	42	2	0	24	0.000118106	16934	1	FALSE	NA	NA	NA	NA	NA	NA
NC_045512.2	5946	C	A	16725	5517	41	3	0	24	0.00017934	16728	1	FALSE	NA	NA	NA	NA	NA	NA
NC_045512.2	5947	T	G	16861	5423	42	1	0	24	5.92979e-05	16864	1	FALSE	NA	NA	NA	NA	NA	NA
NC_045512.2	5947	T	C	16861	5423	42	2	1	36	0.000118596	16864	0.999928	FALSE	NA	NA	NA	NA	NA	NA
NC_045512.2	5948	A	T	17437	5502	42	1	0	80	5.73362e-05	17441	0.499971	FALSE	NA	NA	NA	NA	NA	NA
NC_045512.2	5948	A	G	17437	5502	42	2	0	32	0.000114672	17441	0.999962	FALSE	NA	NA	NA	NA	NA	NA
NC_045512.2	5948	A	C	17437	5502	42	1	0	24	5.73362e-05	17441	1	FALSE	NA	NA	NA	NA	NA	NA
NC_045512.2	5949	A	G	17445	5511	42	1	0	40	5.73e-05	17452	0.749936	FALSE	NA	NA	NA	NA	NA	NA
NC_045512.2	5949	A	C	17445	5511	42	6	0	32	0.0003438	17452	0.994701	FALSE	NA	NA	NA	NA	NA	NA
NC_045512.2	5950	G	T	17591	5464	42	1	1	24	5.6844e-05	17592	1	FALSE	NA	NA	NA	NA	NA	NA
NC_045512.2	5951	T	G	17531	5545	42	2	2	24	0.000114064	17534	1	FALSE	NA	NA	NA	NA	NA	NA
NC_045512.2	5951	T	C	17531	5545	42	1	0	40	5.70321e-05	17534	0.749993	FALSE	NA	NA	NA	NA	NA	NA
NC_045512.2	5952	T	G	17455	5461	43	2	1	24	0.000114561	17458	1	FALSE	NA	NA	NA	NA	NA	NA
NC_045512.2	5952	T	C	17455	5461	43	1	1	40	5.72803e-05	17458	0.749993	FALSE	NA	NA	NA	NA	NA	NA
NC_045512.2	5953	G	C	17673	5506	43	1	0	40	5.65803e-05	17674	0.750021	FALSE	NA	NA	NA	NA	NA	NA
NC_045512.2	5954	G	T	17689	5484	43	1	1	24	5.65259e-05	17691	1	FALSE	NA	NA	NA	NA	NA	NA
NC_045512.2	5954	G	C	17689	5484	43	1	0	40	5.65259e-05	17691	0.750007	FALSE	NA	NA	NA	NA	NA	NA
NC_045512.2	5955	A	G	17647	5508	43	2	0	32	0.000113314	17650	0.999962	FALSE	NA	NA	NA	NA	NA	NA
NC_045512.2	5955	A	C	17647	5508	43	1	0	24	5.66572e-05	17650	1	FALSE	NA	NA	NA	NA	NA	NA
NC_045512.2	5956	C	A	17745	5545	42	2	0	32	0.000112695	17747	0.999962	FALSE	NA	NA	NA	NA	NA	NA
NC_045512.2	5957	A	G	17652	5453	42	6	1	44	0.00033977	17659	0.0624814	FALSE	NA	NA	NA	NA	NA	NA
NC_045512.2	5957	A	C	17652	5453	42	1	0	24	5.66283e-05	17659	1	FALSE	NA	NA	NA	NA	NA	NA
NC_045512.2	5958	A	G	17822	5454	42	1	1	24	5.6101e-05	17825	1	FALSE	NA	NA	NA	NA	NA	NA
NC_045512.2	5958	A	C	17822	5454	42	2	0	40	0.000112202	17825	0.5	FALSE	NA	NA	NA	NA	NA	NA
NC_045512.2	5959	T	G	17863	5595	43	1	1	24	5.59722e-05	17866	1	FALSE	NA	NA	NA	NA	NA	NA
NC_045512.2	5959	T	C	17863	5595	43	2	2	24	0.000111944	17866	1	FALSE	NA	NA	NA	NA	NA	NA
NC_045512.2	5960	T	C	17892	5618	43	2	1	40	0.000111769	17894	0.500021	FALSE	NA	NA	NA	NA	NA	NA
NC_045512.2	5961	A	G	17859	5669	43	3	1	40	0.000167926	17865	0.312448	FALSE	NA	NA	NA	NA	NA	NA
NC_045512.2	5961	A	C	17859	5669	43	3	0	24	0.000167926	17865	1	FALSE	NA	NA	NA	NA	NA	NA
NC_045512.2	5962	T	G	17935	5570	43	3	2	29	0.000167233	17939	1	FALSE	NA	NA	NA	NA	NA	NA
NC_045512.2	5962	T	C	17935	5570	43	1	0	40	5.57445e-05	17939	0.749979	FALSE	NA	NA	NA	NA	NA	NA
NC_045512.2	5963	T	G	17904	5544	43	1	1	24	5.58347e-05	17910	1	FALSE	NA	NA	NA	NA	NA	NA
NC_045512.2	5963	T	C	17904	5544	43	3	2	34	0.000167504	17910	0.999799	FALSE	NA	NA	NA	NA	NA	NA
NC_045512.2	5963	T	A	17904	5544	43	2	1	40	0.000111669	17910	0.499937	FALSE	NA	NA	NA	NA	NA	NA
NC_045512.2	5964	A	G	17895	5704	43	2	1	28	0.000111738	17899	1	FALSE	NA	NA	NA	NA	NA	NA
NC_045512.2	5964	A	C	17895	5704	43	2	0	24	0.000111738	17899	1	FALSE	NA	NA	NA	NA	NA	NA
NC_045512.2	5965	T	G	17879	5611	43	1	1	24	5.59284e-05	17880	1	FALSE	NA	NA	NA	NA	NA	NA
NC_045512.2	5966	A	G	17992	5704	43	1	1	40	5.55679e-05	17996	0.749979	FALSE	NA	NA	NA	NA	NA	NA
NC_045512.2	5966	A	C	17992	5704	43	3	0	24	0.000166704	17996	1	FALSE	NA	NA	NA	NA	NA	NA
NC_045512.2	5967	A	G	17945	5680	43	3	1	53	0.000167131	17950	0.124979	FALSE	NA	NA	NA	NA	NA	NA
NC_045512.2	5967	A	C	17945	5680	43	2	0	24	0.000111421	17950	1	FALSE	NA	NA	NA	NA	NA	NA
NC_045512.2	5968	G	T	17872	5486	42	1	1	24	5.59472e-05	17874	1	FALSE	NA	NA	NA	NA	NA	NA
NC_045512.2	5968	G	A	17872	5486	42	1	0	24	5.59472e-05	17874	1	FALSE	NA	NA	NA	NA	NA	NA
NC_045512.2	5969	A	G	17984	5670	43	4	3	36	0.000222333	17991	0.999257	FALSE	NA	NA	NA	NA	NA	NA
NC_045512.2	5969	A	C	17984	5670	43	3	0	29	0.00016675	17991	1	FALSE	NA	NA	NA	NA	NA	NA
NC_045512.2	5970	A	G	17971	5656	43	2	0	40	0.000111272	17974	0.5	FALSE	NA	NA	NA	NA	NA	NA
NC_045512.2	5970	A	C	17971	5656	43	1	0	24	5.56359e-05	17974	1	FALSE	NA	NA	NA	NA	NA	NA
NC_045512.2	5971	A	G	18274	5652	43	2	1	24	0.000109433	18276	1	FALSE	NA	NA	NA	NA	NA	NA
NC_045512.2	5972	G	C	18309	5640	43	2	0	40	0.000109224	18311	0.50002	FALSE	NA	NA	NA	NA	NA	NA
NC_045512.2	5973	A	G	18301	5723	43	4	1	40	0.000218484	18308	0.187449	FALSE	NA	NA	NA	NA	NA	NA
NC_045512.2	5973	A	C	18301	5723	43	3	1	26	0.000163863	18308	1	FALSE	NA	NA	NA	NA	NA	NA
NC_045512.2	5975	A	G	18356	5869	44	3	0	29	0.000163408	18359	1	FALSE	NA	NA	NA	NA	NA	NA
NC_045512.2	5976	A	G	18323	5851	43	4	3	32	0.000218198	18332	0.999573	FALSE	NA	NA	NA	NA	NA	NA
NC_045512.2	5976	A	C	18323	5851	43	5	0	27	0.000272747	18332	1	FALSE	NA	NA	NA	NA	NA	NA
NC_045512.2	5977	T	G	18451	5813	44	2	1	24	0.000108354	18458	1	FALSE	NA	NA	NA	NA	NA	NA
NC_045512.2	5977	T	C	18451	5813	44	5	0	44	0.000270885	18458	0.109343	FALSE	NA	NA	NA	NA	NA	NA
NC_045512.2	5978	T	C	18451	5794	44	3	0	40	0.000162566	18454	0.31251	FALSE	NA	NA	NA	NA	NA	NA
NC_045512.2	5979	C	A	18637	5897	44	1	0	24	5.36538e-05	18638	1	FALSE	NA	NA	NA	NA	NA	NA
NC_045512.2	5980	T	C	18563	5764	44	3	0	40	0.000161586	18566	0.31251	FALSE	NA	NA	NA	NA	NA	NA
NC_045512.2	5981	T	G	18590	5771	44	1	1	24	5.37837e-05	18593	1	FALSE	NA	NA	NA	NA	NA	NA
NC_045512.2	5981	T	C	18590	5771	44	2	0	32	0.000107567	18593	0.99998	FALSE	NA	NA	NA	NA	NA	NA
NC_045512.2	5982	A	G	18548	5793	43	3	1	34	0.000161699	18553	0.99989	FALSE	NA	NA	NA	NA	NA	NA
NC_045512.2	5982	A	C	18548	5793	43	2	0	24	0.000107799	18553	1	FALSE	NA	NA	NA	NA	NA	NA
NC_045512.2	5983	T	C	18619	5749	44	1	0	24	5.37057e-05	18620	1	FALSE	NA	NA	NA	NA	NA	NA
NC_045512.2	5984	T	G	18589	5733	44	6	5	26	0.00032265	18596	1	FALSE	NA	NA	NA	NA	NA	NA
NC_045512.2	5984	T	C	18589	5733	44	1	0	80	5.3775e-05	18596	0.499933	FALSE	NA	NA	NA	NA	NA	NA
NC_045512.2	5985	T	G	18755	5832	44	4	3	32	0.000213208	18761	0.999573	FALSE	NA	NA	NA	NA	NA	NA
NC_045512.2	5985	T	C	18755	5832	44	2	2	40	0.000106604	18761	0.49994	FALSE	NA	NA	NA	NA	NA	NA
NC_045512.2	5985	T	+C	18755	5832	44	1	0	20	5.33021e-05	18761	1	FALSE	NA	NA	NA	NA	NA	NA
NC_045512.2	5986	C	A	18089	5870	40	11	0	24	0.000607735	18100	1	FALSE	NA	NA	NA	NA	NA	NA
NC_045512.2	5987	A	G	18578	5864	43	2	0	32	0.000107619	18584	0.99998	FALSE	NA	NA	NA	NA	NA	NA
NC_045512.2	5987	A	C	18578	5864	43	4	0	28	0.000215239	18584	1	FALSE	NA	NA	NA	NA	NA	NA
NC_045512.2	5988	C	A	18559	5893	43	5	0	24	0.000269339	18564	1	FALSE	NA	NA	NA	NA	NA	NA
NC_045512.2	5989	A	G	18583	5821	44	4	1	36	0.000215169	18590	0.999573	FALSE	NA	NA	NA	NA	NA	NA
NC_045512.2	5989	A	C	18583	5821	44	3	0	34	0.000161377	18590	0.99989	FALSE	NA	NA	NA	NA	NA	NA
NC_045512.2	5990	G	C	19049	5881	44	2	0	40	0.000104981	19051	0.50002	FALSE	NA	NA	NA	NA	NA	NA
NC_045512.2	5991	A	G	18940	5888	44	5	1	33	0.000263894	18947	0.998703	FALSE	NA	NA	NA	NA	NA	NA
NC_045512.2	5991	A	C	18940	5888	44	2	0	32	0.000105558	18947	0.99998	FALSE	NA	NA	NA	NA	NA	NA
NC_045512.2	5992	G	C	19153	5892	44	1	1	40	5.22002e-05	19157	0.74998	FALSE	NA	NA	NA	NA	NA	NA
NC_045512.2	5992	G	A	19153	5892	44	3	1	24	0.000156601	19157	1	FALSE	NA	NA	NA	NA	NA	NA
NC_045512.2	5993	C	A	19157	5919	44	1	0	80	5.21975e-05	19158	0.500013	FALSE	NA	NA	NA	NA	NA	NA
NC_045512.2	5994	A	G	19018	5855	44	4	2	39	0.000210272	19023	0.999757	FALSE	NA	NA	NA	NA	NA	NA
NC_045512.2	5994	A	C	19018	5855	44	1	0	24	5.25679e-05	19023	1	FALSE	NA	NA	NA	NA	NA	NA
NC_045512.2	5995	A	T	19130	5860	44	1	0	40	5.22657e-05	19133	0.749993	FALSE	NA	NA	NA	NA	NA	NA
NC_045512.2	5995	A	G	19130	5860	44	2	1	32	0.000104531	19133	0.99999	FALSE	NA	NA	NA	NA	NA	NA
NC_045512.2	5996	C	T	19142	5886	44	1	0	40	5.2233e-05	19145	0.749993	FALSE	NA	NA	NA	NA	NA	NA
NC_045512.2	5996	C	A	19142	5886	44	2	0	24	0.000104466	19145	1	FALSE	NA	NA	NA	NA	NA	NA
NC_045512.2	5997	C	A	19724	5951	44	1	0	40	5.06971e-05	19725	0.750019	FALSE	NA	NA	NA	NA	NA	NA
NC_045512.2	5998	A	G	19607	5908	44	5	3	33	0.000254907	19615	0.99923	FALSE	NA	NA	NA	NA	NA	NA
NC_045512.2	5998	A	C	19607	5908	44	3	0	24	0.000152944	19615	1	FALSE	NA	NA	NA	NA	NA	NA
NC_045512.2	5999	A	G	19447	5758	44	1	1	24	5.14139e-05	19450	1	FALSE	NA	NA	NA	NA	NA	NA
NC_045512.2	5999	A	C	19447	5758	44	2	0	40	0.000102828	19450	0.5	FALSE	NA	NA	NA	NA	NA	NA
NC_045512.2	6001	T	G	19433	5639	44	1	1	24	5.14509e-05	19436	1	FALSE	NA	NA	NA	NA	NA	NA
NC_045512.2	6001	T	C	19433	5639	44	2	0	32	0.000102902	19436	0.99999	FALSE	NA	NA	NA	NA	NA	NA
NC_045512.2	6003	A	G	20074	5697	44	2	1	32	9.96115e-05	20078	0.999995	FALSE	NA	NA	NA	NA	NA	NA
NC_045512.2	6003	A	C	20074	5697	44	2	0	32	9.96115e-05	20078	0.999995	FALSE	NA	NA	NA	NA	NA	NA
NC_045512.2	6004	T	G	20138	5632	44	2	2	24	9.92999e-05	20141	1	FALSE	NA	NA	NA	NA	NA	NA
NC_045512.2	6004	T	C	20138	5632	44	1	0	40	4.965e-05	20141	0.875	FALSE	NA	NA	NA	NA	NA	NA
NC_045512.2	6005	C	T	20147	5641	44	1	0	24	4.96278e-05	20150	1	FALSE	NA	NA	NA	NA	NA	NA
NC_045512.2	6005	C	G	20147	5641	44	2	0	40	9.92556e-05	20150	0.687509	FALSE	NA	NA	NA	NA	NA	NA
NC_045512.2	6006	T	C	19835	5321	44	2	0	32	0.000100822	19837	0.99999	FALSE	NA	NA	NA	NA	NA	NA
NC_045512.2	6007	T	C	19785	5392	45	1	1	40	5.05408e-05	19786	0.750019	FALSE	NA	NA	NA	NA	NA	NA
NC_045512.2	6008	G	A	20319	5466	45	2	0	32	9.84204e-05	20321	0.999995	FALSE	NA	NA	NA	NA	NA	NA
NC_045512.2	6009	T	G	20281	5603	45	1	1	24	4.92902e-05	20288	1	FALSE	NA	NA	NA	NA	NA	NA
NC_045512.2	6009	T	C	20281	5603	45	6	2	44	0.000295741	20288	0.144507	FALSE	NA	NA	NA	NA	NA	NA
NC_045512.2	6010	A	G	20093	5700	44	2	2	40	9.95025e-05	20100	0.687435	FALSE	NA	NA	NA	NA	NA	NA
NC_045512.2	6010	A	C	20093	5700	44	5	0	30	0.000248756	20100	0.999546	FALSE	NA	NA	NA	NA	NA	NA
NC_045512.2	6011	C	T	20323	5701	46	1	0	40	4.92029e-05	20324	0.875018	FALSE	NA	NA	NA	NA	NA	NA
NC_045512.2	6012	C	-A	19806	5181	46	1	0	20	5.04898e-05	19806	1	FALSE	NA	NA	NA	NA	NA	NA
NC_045512.2	6013	A	T	19818	5153	46	1	0	40	5.04465e-05	19823	0.749956	FALSE	NA	NA	NA	NA	NA	NA
NC_045512.2	6013	A	G	19818	5153	46	3	0	40	0.000151339	19823	0.312453	FALSE	NA	NA	NA	NA	NA	NA
NC_045512.2	6013	A	C	19818	5153	46	1	0	24	5.04465e-05	19823	1	FALSE	NA	NA	NA	NA	NA	NA
NC_045512.2	6014	A	G	19908	5166	46	6	4	34	0.00030125	19917	0.997965	FALSE	NA	NA	NA	NA	NA	NA
NC_045512.2	6014	A	C	19908	5166	46	3	0	29	0.000150625	19917	1	FALSE	NA	NA	NA	NA	NA	NA
NC_045512.2	6015	A	C	20010	5194	46	2	0	24	9.994e-05	20012	1	FALSE	NA	NA	NA	NA	NA	NA
NC_045512.2	6016	C	G	19986	5198	46	2	0	40	0.000100035	19993	0.499925	FALSE	NA	NA	NA	NA	NA	NA
NC_045512.2	6016	C	A	19986	5198	46	5	0	27	0.000250088	19993	1	FALSE	NA	NA	NA	NA	NA	NA
NC_045512.2	6017	C	T	19684	4989	47	1	0	40	5.07949e-05	19687	0.749994	FALSE	NA	NA	NA	NA	NA	NA
NC_045512.2	6017	C	A	19684	4989	47	2	0	32	0.00010159	19687	0.99999	FALSE	NA	NA	NA	NA	NA	NA
NC_045512.2	6018	A	T	19697	4978	47	3	0	40	0.000152238	19706	0.312395	FALSE	NA	NA	NA	NA	NA	NA
NC_045512.2	6018	A	G	19697	4978	47	3	2	53	0.000152238	19706	0.124943	FALSE	NA	NA	NA	NA	NA	NA
NC_045512.2	6018	A	C	19697	4978	47	3	0	24	0.000152238	19706	1	FALSE	NA	NA	NA	NA	NA	NA
NC_045512.2	6019	A	C	20261	5020	46	7	0	27	0.000345372	20268	1	FALSE	NA	NA	NA	NA	NA	NA
NC_045512.2	6020	C	A	20345	5041	47	2	1	32	9.82946e-05	20347	0.999995	FALSE	NA	NA	NA	NA	NA	NA
NC_045512.2	6022	A	G	20121	4986	47	4	1	50	0.000198748	20126	0.0624907	FALSE	NA	NA	NA	NA	NA	NA
NC_045512.2	6022	A	C	20121	4986	47	1	0	24	4.9687e-05	20126	1	FALSE	NA	NA	NA	NA	NA	NA
NC_045512.2	6023	T	C	13442	2966	47	6719	1893	47	0.333267	20161	0	TRUE	NA	NA	NA	NA	NA	NA
NC_045512.2	6024	A	G	20133	4863	47	1	0	64	4.96574e-05	20138	0.499963	FALSE	NA	NA	NA	NA	NA	NA
NC_045512.2	6024	A	C	20133	4863	47	4	0	28	0.000198629	20138	1	FALSE	NA	NA	NA	NA	NA	NA
NC_045512.2	6025	T	C	20201	4831	47	4	1	32	0.000197971	20205	0.999862	FALSE	NA	NA	NA	NA	NA	NA
NC_045512.2	6026	C	T	20262	4863	47	3	1	40	0.000148038	20265	0.500023	FALSE	NA	NA	NA	NA	NA	NA
NC_045512.2	6028	A	G	18955	3890	47	3	2	40	0.000158228	18960	0.31247	FALSE	NA	NA	NA	NA	NA	NA
NC_045512.2	6028	A	C	18955	3890	47	2	0	32	0.000105485	18960	0.99998	FALSE	NA	NA	NA	NA	NA	NA
NC_045512.2	6029	A	C	16830	2326	47	3	0	24	0.000178221	16833	1	FALSE	NA	NA	NA	NA	NA	NA
NC_045512.2	6030	A	G	16889	2328	48	1	0	24	5.92066e-05	16890	1	FALSE	NA	NA	NA	NA	NA	NA
NC_045512.2	6031	C	T	17110	2387	49	1	0	80	5.84419e-05	17111	0.500015	FALSE	NA	NA	NA	NA	NA	NA
NC_045512.2	6032	G	C	17061	2383	49	5	0	33	0.000292877	17072	0.99783	FALSE	NA	NA	NA	NA	NA	NA
NC_045512.2	6032	G	A	17061	2383	49	6	0	46	0.000351453	17072	0.0624423	FALSE	NA	NA	NA	NA	NA	NA
NC_045512.2	6033	C	T	17027	2425	49	2	0	40	0.00011744	17030	0.5	FALSE	NA	NA	NA	NA	NA	NA
NC_045512.2	6033	C	A	17027	2425	49	1	0	24	5.87199e-05	17030	1	FALSE	NA	NA	NA	NA	NA	NA
NC_045512.2	6034	A	C	17034	2442	49	1	0	24	5.87027e-05	17035	1	FALSE	NA	NA	NA	NA	NA	NA
NC_045512.2	6037	C	T	16809	2797	47	2	0	24	0.000118948	16814	1	FALSE	NA	NA	NA	NA	NA	NA
NC_045512.2	6037	C	A	16809	2797	47	3	0	40	0.000178423	16814	0.312467	FALSE	NA	NA	NA	NA	NA	NA
NC_045512.2	6038	T	C	17119	2798	50	1	0	24	5.84112e-05	17120	1	FALSE	NA	NA	NA	NA	NA	NA
NC_045512.2	6040	C	T	16619	2887	49	3	0	40	0.000180256	16643	0.312038	FALSE	NA	NA	NA	NA	NA	NA
NC_045512.2	6040	C	A	16619	2887	49	21	0	24	0.00126179	16643	1	FALSE	NA	NA	NA	NA	NA	NA
NC_045512.2	6043	T	C	17183	3220	52	3	0	34	0.000174561	17186	0.9998	FALSE	NA	NA	NA	NA	NA	NA
NC_045512.2	6045	A	T	17197	3466	53	1	0	40	5.81362e-05	17201	0.749978	FALSE	NA	NA	NA	NA	NA	NA
NC_045512.2	6045	A	C	17197	3466	53	3	0	24	0.000174408	17201	1	FALSE	NA	NA	NA	NA	NA	NA
NC_045512.2	6047	T	C	17364	3740	54	1	0	40	5.75871e-05	17365	0.750022	FALSE	NA	NA	NA	NA	NA	NA
NC_045512.2	6048	T	G	17358	3752	55	1	0	24	5.7607e-05	17359	1	FALSE	NA	NA	NA	NA	NA	NA
NC_045512.2	6049	T	G	17375	3663	53	1	1	32	5.7544e-05	17378	0.999996	FALSE	NA	NA	NA	NA	NA	NA
NC_045512.2	6049	T	C	17375	3663	53	2	1	58	0.000115088	17378	0.249993	FALSE	NA	NA	NA	NA	NA	NA
NC_045512.2	6050	A	C	17085	3858	54	12	0	25	0.000701878	17097	1	FALSE	NA	NA	NA	NA	NA	NA
NC_045512.2	6051	A	G	17069	3858	54	2	1	40	0.000117151	17072	0.5	FALSE	NA	NA	NA	NA	NA	NA
NC_045512.2	6051	A	C	17069	3858	54	1	0	24	5.85754e-05	17072	1	FALSE	NA	NA	NA	NA	NA	NA
NC_045512.2	6052	G	T	17289	3890	54	1	0	24	5.78336e-05	17291	1	FALSE	NA	NA	NA	NA	NA	NA
NC_045512.2	6052	G	A	17289	3890	54	1	0	40	5.78336e-05	17291	0.750007	FALSE	NA	NA	NA	NA	NA	NA
NC_045512.2	6053	T	C	17260	3937	54	1	0	40	5.79341e-05	17261	0.750022	FALSE	NA	NA	NA	NA	NA	NA
NC_045512.2	6054	T	G	17220	3957	54	1	1	24	5.80653e-05	17222	1	FALSE	NA	NA	NA	NA	NA	NA
NC_045512.2	6054	T	C	17220	3957	54	1	0	40	5.80653e-05	17222	0.750007	FALSE	NA	NA	NA	NA	NA	NA
NC_045512.2	6055	T	G	17220	3950	54	1	1	32	5.80619e-05	17223	0.999996	FALSE	NA	NA	NA	NA	NA	NA
NC_045512.2	6055	T	C	17220	3950	54	2	0	32	0.000116124	17223	0.999962	FALSE	NA	NA	NA	NA	NA	NA
NC_045512.2	6056	G	T	17500	4042	55	3	2	80	0.000171399	17503	0.125	FALSE	NA	NA	NA	NA	NA	NA
NC_045512.2	6057	T	G	17474	4141	54	3	3	29	0.000171654	17477	1	FALSE	NA	NA	NA	NA	NA	NA
NC_045512.2	6058	A	G	16035	4779	52	1	1	48	6.23325e-05	16043	0.749914	FALSE	NA	NA	NA	NA	NA	NA
NC_045512.2	6058	A	C	16035	4779	52	7	0	29	0.000436327	16043	1	FALSE	NA	NA	NA	NA	NA	NA
NC_045512.2	6060	G	T	15656	4243	49	34	34	26	0.00216699	15690	1	FALSE	NA	NA	NA	NA	NA	NA
NC_045512.2	6061	T	G	16204	4791	52	6	6	25	0.000370119	16211	1	FALSE	NA	NA	NA	NA	NA	NA
NC_045512.2	6061	T	C	16204	4791	52	1	1	40	6.16865e-05	16211	0.749931	FALSE	NA	NA	NA	NA	NA	NA
NC_045512.2	6063	A	G	16155	5114	53	3	1	48	0.000185632	16161	0.312442	FALSE	NA	NA	NA	NA	NA	NA
NC_045512.2	6063	A	C	16155	5114	53	3	0	29	0.000185632	16161	1	FALSE	NA	NA	NA	NA	NA	NA
NC_045512.2	6064	T	G	16090	4926	52	1	1	32	6.21465e-05	16091	0.999992	FALSE	NA	NA	NA	NA	NA	NA
NC_045512.2	6066	A	G	16078	5189	53	1	1	24	6.21929e-05	16079	1	FALSE	NA	NA	NA	NA	NA	NA
NC_045512.2	6067	T	G	16155	5121	53	1	1	40	6.18888e-05	16158	0.749992	FALSE	NA	NA	NA	NA	NA	NA
NC_045512.2	6067	T	C	16155	5121	53	2	0	30	0.000123778	16158	0.999928	FALSE	NA	NA	NA	NA	NA	NA
NC_045512.2	6068	A	G	16027	5460	52	2	0	44	0.000124758	16031	0.499977	FALSE	NA	NA	NA	NA	NA	NA
NC_045512.2	6068	A	C	16027	5460	52	2	0	24	0.000124758	16031	1	FALSE	NA	NA	NA	NA	NA	NA
NC_045512.2	6069	T	G	16038	5469	53	1	0	40	6.23441e-05	16040	0.750008	FALSE	NA	NA	NA	NA	NA	NA
NC_045512.2	6069	T	C	16038	5469	53	1	1	24	6.23441e-05	16040	1	FALSE	NA	NA	NA	NA	NA	NA
NC_045512.2	6071	A	C	15999	5683	54	1	0	24	6.25e-05	16000	1	FALSE	NA	NA	NA	NA	NA	NA
NC_045512.2	6072	A	G	15890	5727	54	2	1	40	0.000125842	15893	0.5	FALSE	NA	NA	NA	NA	NA	NA
NC_045512.2	6072	A	C	15890	5727	54	1	0	24	6.29208e-05	15893	1	FALSE	NA	NA	NA	NA	NA	NA
NC_045512.2	6073	A	G	14617	6206	50	2	1	52	0.00013679	14621	0.249974	FALSE	NA	NA	NA	NA	NA	NA
NC_045512.2	6073	A	C	14617	6206	50	2	0	40	0.00013679	14621	0.499974	FALSE	NA	NA	NA	NA	NA	NA
NC_045512.2	6074	T	G	14826	6413	51	4	4	28	0.000269724	14830	1	FALSE	NA	NA	NA	NA	NA	NA
NC_045512.2	6075	T	G	14780	6388	51	1	1	24	6.76498e-05	14782	1	FALSE	NA	NA	NA	NA	NA	NA
NC_045512.2	6075	T	C	14780	6388	51	1	0	40	6.76498e-05	14782	0.750008	FALSE	NA	NA	NA	NA	NA	NA
NC_045512.2	6076	T	G	14533	6161	50	7	7	24	0.000481431	14540	1	FALSE	NA	NA	NA	NA	NA	NA
NC_045512.2	6078	C	T	13834	6706	49	2	1	40	0.00014454	13837	0.5	FALSE	NA	NA	NA	NA	NA	NA
NC_045512.2	6078	C	A	13834	6706	49	1	1	40	7.227e-05	13837	0.749991	FALSE	NA	NA	NA	NA	NA	NA
NC_045512.2	6079	T	G	13679	6516	49	9	9	27	0.000657366	13691	1	FALSE	NA	NA	NA	NA	NA	NA
NC_045512.2	6079	T	C	13679	6516	49	3	3	40	0.000219122	13691	0.312267	FALSE	NA	NA	NA	NA	NA	NA
NC_045512.2	6080	G	A	13979	6876	50	1	1	40	7.15308e-05	13980	0.750027	FALSE	NA	NA	NA	NA	NA	NA
NC_045512.2	6081	A	C	14025	7060	50	1	0	24	7.12962e-05	14026	1	FALSE	NA	NA	NA	NA	NA	NA
NC_045512.2	6082	T	G	13695	6856	49	20	20	25	0.00145815	13716	1	FALSE	NA	NA	NA	NA	NA	NA
NC_045512.2	6082	T	C	13695	6856	49	1	1	48	7.29076e-05	13716	0.749662	FALSE	NA	NA	NA	NA	NA	NA
NC_045512.2	6084	A	G	14215	7220	49	2	1	52	0.000140677	14217	0.250009	FALSE	NA	NA	NA	NA	NA	NA
NC_045512.2	6085	T	C	14433	7427	50	3	1	29	0.000207814	14436	1	FALSE	NA	NA	NA	NA	NA	NA
NC_045512.2	6086	T	G	14986	8280	51	2	2	32	0.000133431	14989	0.999741	FALSE	NA	NA	NA	NA	NA	NA
NC_045512.2	6086	T	C	14986	8280	51	1	1	80	6.67156e-05	14989	0.499983	FALSE	NA	NA	NA	NA	NA	NA
NC_045512.2	6087	T	G	13883	7238	48	54	54	28	0.00387458	13937	1	FALSE	NA	NA	NA	NA	NA	NA
NC_045512.2	6088	A	G	14901	8701	47	1	1	40	6.70916e-05	14905	0.749975	FALSE	NA	NA	NA	NA	NA	NA
NC_045512.2	6088	A	C	14901	8701	47	3	0	29	0.000201275	14905	1	FALSE	NA	NA	NA	NA	NA	NA
NC_045512.2	6089	A	G	14987	8769	51	3	2	61	0.000200107	14992	0.124975	FALSE	NA	NA	NA	NA	NA	NA
NC_045512.2	6089	A	C	14987	8769	51	2	0	28	0.000133404	14992	1	FALSE	NA	NA	NA	NA	NA	NA
NC_045512.2	6090	A	C	14762	8563	50	1	0	24	6.77369e-05	14763	1	FALSE	NA	NA	NA	NA	NA	NA
NC_045512.2	6092	C	G	14936	8656	50	1	1	40	6.69478e-05	14937	0.750025	FALSE	NA	NA	NA	NA	NA	NA
NC_045512.2	6093	A	G	14609	8357	50	1	1	24	6.84463e-05	14610	1	FALSE	NA	NA	NA	NA	NA	NA
NC_045512.2	6094	G	T	14324	8387	49	6	6	26	0.000418702	14330	1	FALSE	NA	NA	NA	NA	NA	NA
NC_045512.2	6095	T	G	14736	8946	50	1	1	24	6.78564e-05	14737	1	FALSE	NA	NA	NA	NA	NA	NA
NC_045512.2	6096	T	G	13942	8099	48	9	9	25	0.000645069	13952	1	FALSE	NA	NA	NA	NA	NA	NA
NC_045512.2	6096	T	A	13942	8099	48	1	1	40	7.16743e-05	13952	0.749866	FALSE	NA	NA	NA	NA	NA	NA
NC_045512.2	6097	A	G	14803	9035	51	2	2	60	0.00013508	14806	0.249992	FALSE	NA	NA	NA	NA	NA	NA
NC_045512.2	6097	A	C	14803	9035	51	1	0	24	6.75402e-05	14806	1	FALSE	NA	NA	NA	NA	NA	NA
NC_045512.2	6098	A	G	14525	8784	49	1	1	40	6.88421e-05	14526	0.750026	FALSE	NA	NA	NA	NA	NA	NA
NC_045512.2	6099	C	T	14051	8722	48	4	4	24	0.000284596	14055	1	FALSE	NA	NA	NA	NA	NA	NA
NC_045512.2	6100	T	G	14119	8871	48	17	17	24	0.00120243	14138	1	FALSE	NA	NA	NA	NA	NA	NA
NC_045512.2	6100	T	C	14119	8871	48	2	1	36	0.000141463	14138	0.999739	FALSE	NA	NA	NA	NA	NA	NA
NC_045512.2	6102	G	T	13986	8523	48	35	35	27	0.00249608	14022	1	FALSE	NA	NA	NA	NA	NA	NA
NC_045512.2	6102	G	C	13986	8523	48	1	0	32	7.13165e-05	14022	0.999969	FALSE	NA	NA	NA	NA	NA	NA
NC_045512.2	6103	T	G	14893	9560	50	1	1	40	6.71366e-05	14895	0.750008	FALSE	NA	NA	NA	NA	NA	NA
NC_045512.2	6103	T	C	14893	9560	50	1	1	40	6.71366e-05	14895	0.750008	FALSE	NA	NA	NA	NA	NA	NA
NC_045512.2	6104	T	G	13916	8663	48	34	34	26	0.00243693	13952	1	FALSE	NA	NA	NA	NA	NA	NA
NC_045512.2	6104	T	C	13916	8663	48	2	2	40	0.000143349	13952	0.499112	FALSE	NA	NA	NA	NA	NA	NA
NC_045512.2	6106	T	G	13291	7924	46	103	103	25	0.00769001	13394	0.978804	FALSE	NA	NA	NA	NA	NA	NA
NC_045512.2	6107	A	G	15085	10030	50	5	4	51	0.000331345	15090	0.0312448	FALSE	NA	NA	NA	NA	NA	NA
NC_045512.2	6109	G	T	15049	10093	50	1	0	40	6.64452e-05	15050	0.750025	FALSE	NA	NA	NA	NA	NA	NA
NC_045512.2	6112	A	G	14517	9761	49	2	1	40	0.000137751	14519	0.500026	FALSE	NA	NA	NA	NA	NA	NA
NC_045512.2	6114	C	T	14293	9623	48	2	2	24	0.000139889	14297	1	FALSE	NA	NA	NA	NA	NA	NA
NC_045512.2	6114	C	G	14293	9623	48	1	1	40	6.99447e-05	14297	0.749974	FALSE	NA	NA	NA	NA	NA	NA
NC_045512.2	6114	C	A	14293	9623	48	1	0	24	6.99447e-05	14297	1	FALSE	NA	NA	NA	NA	NA	NA
NC_045512.2	6115	T	G	14056	9385	49	7	7	24	0.000497725	14064	1	FALSE	NA	NA	NA	NA	NA	NA
NC_045512.2	6115	T	C	14056	9385	49	1	1	40	7.11035e-05	14064	0.749902	FALSE	NA	NA	NA	NA	NA	NA
NC_045512.2	6116	G	T	14188	9515	48	1	1	24	7.04771e-05	14189	1	FALSE	NA	NA	NA	NA	NA	NA
NC_045512.2	6117	C	T	14481	9868	48	2	2	24	0.000138093	14483	1	FALSE	NA	NA	NA	NA	NA	NA
NC_045512.2	6118	T	G	15446	11059	50	1	1	32	6.47375e-05	15447	0.999985	FALSE	NA	NA	NA	NA	NA	NA
NC_045512.2	6119	T	G	15478	11103	50	2	2	24	0.000129191	15481	1	FALSE	NA	NA	NA	NA	NA	NA
NC_045512.2	6119	T	C	15478	11103	50	1	1	40	6.45953e-05	15481	0.749992	FALSE	NA	NA	NA	NA	NA	NA
NC_045512.2	6120	C	A	14605	10421	45	2	1	24	0.000136921	14607	1	FALSE	NA	NA	NA	NA	NA	NA
NC_045512.2	6121	A	G	15603	11269	51	2	1	60	0.000128164	15605	0.250008	FALSE	NA	NA	NA	NA	NA	NA
NC_045512.2	6122	A	G	14969	10826	49	3	2	29	0.000200334	14975	1	FALSE	NA	NA	NA	NA	NA	NA
NC_045512.2	6122	A	C	14969	10826	49	3	2	34	0.000200334	14975	0.998827	FALSE	NA	NA	NA	NA	NA	NA
NC_045512.2	6123	G	T	15339	11184	49	1	1	24	6.5189e-05	15340	1	FALSE	NA	NA	NA	NA	NA	NA
NC_045512.2	6124	A	G	15327	11206	50	2	2	24	0.000130463	15330	1	FALSE	NA	NA	NA	NA	NA	NA
NC_045512.2	6124	A	C	15327	11206	50	1	0	24	6.52316e-05	15330	1	FALSE	NA	NA	NA	NA	NA	NA
NC_045512.2	6125	G	A	15289	11186	49	1	0	40	6.54022e-05	15290	0.750025	FALSE	NA	NA	NA	NA	NA	NA
NC_045512.2	6126	A	G	15295	11361	50	2	2	32	0.000130745	15297	0.999863	FALSE	NA	NA	NA	NA	NA	NA
NC_045512.2	6127	G	T	14322	10356	47	1	1	24	6.98129e-05	14324	1	FALSE	NA	NA	NA	NA	NA	NA
NC_045512.2	6127	G	C	14322	10356	47	1	1	24	6.98129e-05	14324	1	FALSE	NA	NA	NA	NA	NA	NA
NC_045512.2	6128	C	T	15042	11269	48	3	3	24	0.000199402	15045	1	FALSE	NA	NA	NA	NA	NA	NA
NC_045512.2	6129	T	G	16711	13468	52	4	4	24	0.000239292	16716	1	FALSE	NA	NA	NA	NA	NA	NA
NC_045512.2	6129	T	C	16711	13468	52	1	0	36	5.98229e-05	16716	0.999992	FALSE	NA	NA	NA	NA	NA	NA
NC_045512.2	6130	T	G	12975	9338	46	237	237	27	0.0179369	13213	2.03662e-08	TRUE	NA	NA	NA	NA	NA	NA
NC_045512.2	6130	T	A	12975	9338	46	1	1	80	7.5683e-05	13213	0.495494	FALSE	NA	NA	NA	NA	NA	NA
NC_045512.2	6132	A	G	17038	13881	52	1	1	24	5.86889e-05	17039	1	FALSE	NA	NA	NA	NA	NA	NA
NC_045512.2	6133	A	G	16346	13209	50	1	0	80	6.11733e-05	16347	0.500015	FALSE	NA	NA	NA	NA	NA	NA
NC_045512.2	6134	G	T	15599	12367	49	44	44	28	0.00281276	15643	1	FALSE	NA	NA	NA	NA	NA	NA
NC_045512.2	6135	T	C	16836	13705	52	2	2	40	0.000118779	16838	0.500022	FALSE	NA	NA	NA	NA	NA	NA
NC_045512.2	6136	T	G	14951	11859	48	45	45	25	0.0030006	14997	1	FALSE	NA	NA	NA	NA	NA	NA
NC_045512.2	6136	T	C	14951	11859	48	1	1	24	6.668e-05	14997	1	FALSE	NA	NA	NA	NA	NA	NA
NC_045512.2	6137	A	G	16731	13717	51	2	2	40	0.000119524	16733	0.500022	FALSE	NA	NA	NA	NA	NA	NA
NC_045512.2	6139	A	G	15978	12968	48	1	0	64	6.25743e-05	15981	0.499984	FALSE	NA	NA	NA	NA	NA	NA
NC_045512.2	6139	A	C	15978	12968	48	2	0	28	0.000125149	15981	1	FALSE	NA	NA	NA	NA	NA	NA
NC_045512.2	6139	A	-T	15978	12968	48	5	0	20	0.000312872	15981	1	FALSE	NA	NA	NA	NA	NA	NA
NC_045512.2	6140	T	G	16727	13715	52	1	1	24	5.978e-05	16728	1	FALSE	NA	NA	NA	NA	NA	NA
NC_045512.2	6141	T	C	16635	13797	51	2	2	40	0.000120214	16637	0.500023	FALSE	NA	NA	NA	NA	NA	NA
NC_045512.2	6143	T	G	16547	13775	51	2	2	24	0.000120831	16552	1	FALSE	NA	NA	NA	NA	NA	NA
NC_045512.2	6143	T	C	16547	13775	51	3	3	40	0.000181247	16552	0.312466	FALSE	NA	NA	NA	NA	NA	NA
NC_045512.2	6145	C	T	16594	13890	49	1	1	64	6.02591e-05	16595	0.500015	FALSE	NA	NA	NA	NA	NA	NA
NC_045512.2	6146	C	T	16575	13900	50	1	1	24	6.03245e-05	16577	1	FALSE	NA	NA	NA	NA	NA	NA
NC_045512.2	6146	C	A	16575	13900	50	1	1	24	6.03245e-05	16577	1	FALSE	NA	NA	NA	NA	NA	NA
NC_045512.2	6147	C	T	16262	13920	46	1	1	24	6.14893e-05	16263	1	FALSE	NA	NA	NA	NA	NA	NA
NC_045512.2	6148	T	G	15509	13079	47	11	11	24	0.000708717	15521	1	FALSE	NA	NA	NA	NA	NA	NA
NC_045512.2	6148	T	C	15509	13079	47	1	1	24	6.44288e-05	15521	1	FALSE	NA	NA	NA	NA	NA	NA
NC_045512.2	6149	G	T	15742	13303	46	2	2	24	0.000127024	15745	1	FALSE	NA	NA	NA	NA	NA	NA
NC_045512.2	6149	G	A	15742	13303	46	1	1	24	6.35122e-05	15745	1	FALSE	NA	NA	NA	NA	NA	NA
NC_045512.2	6151	C	T	16042	13555	47	2	2	24	0.000124657	16044	1	FALSE	NA	NA	NA	NA	NA	NA
NC_045512.2	6152	T	G	16474	14003	50	6	6	26	0.000364056	16481	1	FALSE	NA	NA	NA	NA	NA	NA
NC_045512.2	6152	T	C	16474	14003	50	1	1	40	6.06759e-05	16481	0.749932	FALSE	NA	NA	NA	NA	NA	NA
NC_045512.2	6153	T	G	13071	10412	44	109	109	25	0.00826948	13181	0.93216	FALSE	NA	NA	NA	NA	NA	NA
NC_045512.2	6153	T	C	13071	10412	44	1	1	64	7.58668e-05	13181	0.497943	FALSE	NA	NA	NA	NA	NA	NA
NC_045512.2	6154	A	T	16647	14526	49	1	1	40	6.00637e-05	16649	0.750008	FALSE	NA	NA	NA	NA	NA	NA
NC_045512.2	6154	A	C	16647	14526	49	1	0	40	6.00637e-05	16649	0.750008	FALSE	NA	NA	NA	NA	NA	NA
NC_045512.2	6155	A	G	16609	14502	48	2	1	52	0.000120402	16611	0.250008	FALSE	NA	NA	NA	NA	NA	NA
NC_045512.2	6156	A	C	14738	12623	43	5	5	24	0.000339144	14743	1	FALSE	NA	NA	NA	NA	NA	NA
NC_045512.2	6156	A	+TG	14738	12623	43	1	0	20	6.78288e-05	14743	1	FALSE	NA	NA	NA	NA	NA	NA
NC_045512.2	6157	T	G	15653	13516	46	12	12	24	0.00076599	15666	1	FALSE	NA	NA	NA	NA	NA	NA
NC_045512.2	6157	T	C	15653	13516	46	1	1	80	6.38325e-05	15666	0.499824	FALSE	NA	NA	NA	NA	NA	NA
NC_045512.2	6158	G	T	16239	14153	48	1	1	24	6.15726e-05	16241	1	FALSE	NA	NA	NA	NA	NA	NA
NC_045512.2	6158	G	A	16239	14153	48	1	1	40	6.15726e-05	16241	0.750008	FALSE	NA	NA	NA	NA	NA	NA
NC_045512.2	6159	G	T	10412	8340	39	166	166	26	0.0156929	10578	0.000115945	TRUE	NA	NA	NA	NA	NA	NA
NC_045512.2	6160	T	G	13153	11246	44	77	77	26	0.00581967	13231	0.999954	FALSE	NA	NA	NA	NA	NA	NA
NC_045512.2	6160	T	C	13153	11246	44	1	0	52	7.55801e-05	13231	0.49856	FALSE	NA	NA	NA	NA	NA	NA
NC_045512.2	6163	T	G	15162	13317	46	15	15	25	0.000988338	15177	1	FALSE	NA	NA	NA	NA	NA	NA
NC_045512.2	6164	G	T	14398	12599	44	26	26	27	0.00180255	14424	1	FALSE	NA	NA	NA	NA	NA	NA
NC_045512.2	6165	T	G	14071	12328	44	50	50	24	0.00354057	14122	1	FALSE	NA	NA	NA	NA	NA	NA
NC_045512.2	6165	T	C	14071	12328	44	1	1	40	7.08115e-05	14122	0.749139	FALSE	NA	NA	NA	NA	NA	NA
NC_045512.2	6166	G	T	15692	14008	47	2	2	32	0.000127429	15695	0.999863	FALSE	NA	NA	NA	NA	NA	NA
NC_045512.2	6166	G	C	15692	14008	47	1	1	40	6.37146e-05	15695	0.749992	FALSE	NA	NA	NA	NA	NA	NA
NC_045512.2	6166	G	-GT	15692	14008	47	1	0	20	6.37146e-05	15695	1	FALSE	NA	NA	NA	NA	NA	NA
NC_045512.2	6167	G	T	12714	10933	41	89	89	26	0.0069515	12803	0.996868	FALSE	NA	NA	NA	NA	NA	NA
NC_045512.2	6168	T	G	14498	12817	46	12	12	24	0.000826959	14511	1	FALSE	NA	NA	NA	NA	NA	NA
NC_045512.2	6168	T	C	14498	12817	46	1	1	24	6.89132e-05	14511	1	FALSE	NA	NA	NA	NA	NA	NA
NC_045512.2	6169	G	T	15066	13429	46	3	3	24	0.000199058	15071	1	FALSE	NA	NA	NA	NA	NA	NA
NC_045512.2	6169	G	A	15066	13429	46	2	2	40	0.000132705	15071	0.49995	FALSE	NA	NA	NA	NA	NA	NA
NC_045512.2	6170	G	A	15051	13699	44	1	1	40	6.64364e-05	15052	0.750025	FALSE	NA	NA	NA	NA	NA	NA
NC_045512.2	6171	C	T	14684	13348	43	4	4	32	0.000272313	14689	0.99624	FALSE	NA	NA	NA	NA	NA	NA
NC_045512.2	6171	C	A	14684	13348	43	1	0	32	6.80782e-05	14689	0.99997	FALSE	NA	NA	NA	NA	NA	NA
NC_045512.2	6172	T	G	13664	12305	42	18	18	26	0.0013156	13682	1	FALSE	NA	NA	NA	NA	NA	NA
NC_045512.2	6173	A	T	13972	12638	41	1	1	80	7.15615e-05	13974	0.5	FALSE	NA	NA	NA	NA	NA	NA
NC_045512.2	6173	A	G	13972	12638	41	1	1	24	7.15615e-05	13974	1	FALSE	NA	NA	NA	NA	NA	NA
NC_045512.2	6174	T	G	14827	13526	45	7	7	35	0.000471857	14835	0.960875	FALSE	NA	NA	NA	NA	NA	NA
NC_045512.2	6174	T	C	14827	13526	45	1	1	40	6.74082e-05	14835	0.749907	FALSE	NA	NA	NA	NA	NA	NA
NC_045512.2	6175	T	G	13047	11738	41	54	54	26	0.00412119	13103	1	FALSE	NA	NA	NA	NA	NA	NA
NC_045512.2	6175	T	C	13047	11738	41	1	0	52	7.63184e-05	13103	0.498967	FALSE	NA	NA	NA	NA	NA	NA
NC_045512.2	6175	T	A	13047	11738	41	1	1	40	7.63184e-05	13103	0.748976	FALSE	NA	NA	NA	NA	NA	NA
NC_045512.2	6176	G	T	14752	13504	44	2	2	32	0.000135556	14754	0.999742	FALSE	NA	NA	NA	NA	NA	NA
NC_045512.2	6177	A	G	14403	13155	42	3	3	24	0.000208232	14407	1	FALSE	NA	NA	NA	NA	NA	NA
NC_045512.2	6177	A	C	14403	13155	42	1	1	24	6.94107e-05	14407	1	FALSE	NA	NA	NA	NA	NA	NA
NC_045512.2	6178	T	G	14812	13566	45	1	1	32	6.74992e-05	14815	0.99997	FALSE	NA	NA	NA	NA	NA	NA
NC_045512.2	6178	T	C	14812	13566	45	2	2	60	0.000134998	14815	0.249992	FALSE	NA	NA	NA	NA	NA	NA
NC_045512.2	6179	T	G	13577	12303	41	28	28	25	0.00205761	13608	1	FALSE	NA	NA	NA	NA	NA	NA
NC_045512.2	6179	T	C	13577	12303	41	3	3	32	0.000220459	13608	0.997889	FALSE	NA	NA	NA	NA	NA	NA
NC_045512.2	6180	A	G	14413	13183	42	1	1	24	6.9377e-05	14414	1	FALSE	NA	NA	NA	NA	NA	NA
NC_045512.2	6181	T	G	12714	11414	39	86	86	24	0.00671823	12801	0.998465	FALSE	NA	NA	NA	NA	NA	NA
NC_045512.2	6181	T	A	12714	11414	39	1	1	40	7.81189e-05	12801	0.748341	FALSE	NA	NA	NA	NA	NA	NA
NC_045512.2	6182	A	G	14499	13314	44	4	4	40	0.000275786	14504	0.187478	FALSE	NA	NA	NA	NA	NA	NA
NC_045512.2	6182	A	C	14499	13314	44	1	1	24	6.89465e-05	14504	1	FALSE	NA	NA	NA	NA	NA	NA
NC_045512.2	6183	A	T	1	1	40	2	2	32	0.00013836	14455	3.44291e-06	TRUE	NA	NA	NA	NA	NA	NA
NC_045512.2	6183	A	G	1	1	40	14452	13261	43	0.999792	14455	0	TRUE	NA	NA	NA	NA	NA	NA
NC_045512.2	6184	A	G	14425	13239	43	1	1	40	6.93145e-05	14427	0.750009	FALSE	NA	NA	NA	NA	NA	NA
NC_045512.2	6184	A	C	14425	13239	43	1	1	24	6.93145e-05	14427	1	FALSE	NA	NA	NA	NA	NA	NA
NC_045512.2	6185	C	G	14550	13387	45	1	1	40	6.87238e-05	14551	0.750026	FALSE	NA	NA	NA	NA	NA	NA
NC_045512.2	6186	A	G	13818	12682	45	2	2	40	0.000144718	13820	0.500027	FALSE	NA	NA	NA	NA	NA	NA
NC_045512.2	6188	T	G	13710	12582	45	1	1	40	7.29341e-05	13711	0.750027	FALSE	NA	NA	NA	NA	NA	NA
NC_045512.2	6189	A	G	13741	12622	45	2	2	32	0.000145529	13743	0.999513	FALSE	NA	NA	NA	NA	NA	NA
NC_045512.2	6191	A	G	13581	12463	45	1	1	40	7.36269e-05	13582	0.750028	FALSE	NA	NA	NA	NA	NA	NA
NC_045512.2	6192	C	T	13581	12463	45	1	1	40	7.36269e-05	13582	0.750028	FALSE	NA	NA	NA	NA	NA	NA
NC_045512.2	6193	A	C	12863	11780	45	1	1	40	7.77363e-05	12864	0.750029	FALSE	NA	NA	NA	NA	NA	NA
NC_045512.2	6195	C	T	12787	11750	45	2	2	32	0.000156384	12789	0.999087	FALSE	NA	NA	NA	NA	NA	NA
NC_045512.2	6196	C	T	11790	10817	45	1	1	40	8.48033e-05	11792	0.750011	FALSE	NA	NA	NA	NA	NA	NA
NC_045512.2	6196	C	A	11790	10817	45	1	1	40	8.48033e-05	11792	0.750011	FALSE	NA	NA	NA	NA	NA	NA
NC_045512.2	6197	T	G	11652	10689	45	1	1	24	8.58074e-05	11654	1	FALSE	NA	NA	NA	NA	NA	NA
NC_045512.2	6197	T	C	11652	10689	45	1	1	40	8.58074e-05	11654	0.750011	FALSE	NA	NA	NA	NA	NA	NA
NC_045512.2	6198	C	G	11607	10649	45	1	1	40	8.61475e-05	11608	0.750032	FALSE	NA	NA	NA	NA	NA	NA
NC_045512.2	6200	T	G	11531	10571	45	1	1	24	8.67152e-05	11532	1	FALSE	NA	NA	NA	NA	NA	NA
NC_045512.2	6201	T	G	11516	10562	45	1	0	32	8.68206e-05	11518	0.999757	FALSE	NA	NA	NA	NA	NA	NA
NC_045512.2	6201	T	C	11516	10562	45	1	1	40	8.68206e-05	11518	0.750011	FALSE	NA	NA	NA	NA	NA	NA
NC_045512.2	6202	T	G	11469	10517	45	2	2	24	0.000174307	11474	1	FALSE	NA	NA	NA	NA	NA	NA
NC_045512.2	6202	T	C	11469	10517	45	3	3	34	0.000261461	11474	0.99354	FALSE	NA	NA	NA	NA	NA	NA
NC_045512.2	6203	A	G	11464	10592	45	1	1	40	8.72144e-05	11466	0.750011	FALSE	NA	NA	NA	NA	NA	NA
NC_045512.2	6203	A	C	11464	10592	45	1	0	24	8.72144e-05	11466	1	FALSE	NA	NA	NA	NA	NA	NA
NC_045512.2	6205	G	T	11261	10379	43	4	4	24	0.000355051	11266	1	FALSE	NA	NA	NA	NA	NA	NA
NC_045512.2	6205	G	A	11261	10379	43	1	1	32	8.87626e-05	11266	0.999756	FALSE	NA	NA	NA	NA	NA	NA
NC_045512.2	6206	A	G	11376	10498	45	2	2	40	0.000175778	11378	0.500033	FALSE	NA	NA	NA	NA	NA	NA
NC_045512.2	6207	A	G	10913	10155	44	3	3	40	0.000274826	10916	0.312517	FALSE	NA	NA	NA	NA	NA	NA
NC_045512.2	6208	A	G	10920	10167	44	1	1	40	9.15667e-05	10921	0.750034	FALSE	NA	NA	NA	NA	NA	NA
NC_045512.2	6211	A	T	10823	10092	44	1	1	40	9.23702e-05	10826	0.749988	FALSE	NA	NA	NA	NA	NA	NA
NC_045512.2	6211	A	G	10823	10092	44	2	1	64	0.00018474	10826	0.249988	FALSE	NA	NA	NA	NA	NA	NA
NC_045512.2	6214	T	G	10443	9724	37	5	5	24	0.00047856	10448	1	FALSE	NA	NA	NA	NA	NA	NA
NC_045512.2	6215	A	G	10783	10071	44	1	1	80	9.27128e-05	10786	0.499977	FALSE	NA	NA	NA	NA	NA	NA
NC_045512.2	6215	A	C	10783	10071	44	2	2	40	0.000185426	10786	0.5	FALSE	NA	NA	NA	NA	NA	NA
NC_045512.2	6216	A	T	10791	10074	44	1	1	40	9.26612e-05	10792	0.750035	FALSE	NA	NA	NA	NA	NA	NA
NC_045512.2	6217	A	G	10780	10080	44	2	2	40	0.000185494	10782	0.500035	FALSE	NA	NA	NA	NA	NA	NA
NC_045512.2	6219	T	G	10296	9649	44	1	1	40	9.71062e-05	10298	0.750012	FALSE	NA	NA	NA	NA	NA	NA
NC_045512.2	6219	T	C	10296	9649	44	1	1	40	9.71062e-05	10298	0.750012	FALSE	NA	NA	NA	NA	NA	NA
NC_045512.2	6220	G	C	10352	9706	44	2	2	32	0.000193162	10354	0.996835	FALSE	NA	NA	NA	NA	NA	NA
NC_045512.2	6222	T	G	10041	9398	42	2	2	24	0.000199124	10044	1	FALSE	NA	NA	NA	NA	NA	NA
NC_045512.2	6222	T	C	10041	9398	42	1	1	40	9.95619e-05	10044	0.749988	FALSE	NA	NA	NA	NA	NA	NA
NC_045512.2	6223	A	G	10147	9511	44	1	1	24	9.85222e-05	10150	1	FALSE	NA	NA	NA	NA	NA	NA
NC_045512.2	6223	A	C	10147	9511	44	2	2	32	0.000197044	10150	0.996833	FALSE	NA	NA	NA	NA	NA	NA
NC_045512.2	6225	A	G	10106	9478	44	3	3	29	0.000296765	10109	1	FALSE	NA	NA	NA	NA	NA	NA
NC_045512.2	6226	T	G	10026	9393	43	2	2	24	0.000199422	10029	1	FALSE	NA	NA	NA	NA	NA	NA
NC_045512.2	6226	T	C	10026	9393	43	1	1	40	9.97108e-05	10029	0.749988	FALSE	NA	NA	NA	NA	NA	NA
NC_045512.2	6229	A	G	9873	9249	44	1	1	24	0.000101276	9874	1	FALSE	NA	NA	NA	NA	NA	NA
NC_045512.2	6231	C	G	9837	9216	44	3	3	37	0.000304878	9840	0.98075	FALSE	NA	NA	NA	NA	NA	NA
NC_045512.2	6232	T	C	9275	8679	44	3	3	48	0.000323346	9278	0.125	FALSE	NA	NA	NA	NA	NA	NA
NC_045512.2	6233	A	G	9254	8660	44	1	1	24	0.00010805	9255	1	FALSE	NA	NA	NA	NA	NA	NA
NC_045512.2	6234	T	G	9220	8648	43	1	1	24	0.000108448	9221	1	FALSE	NA	NA	NA	NA	NA	NA
NC_045512.2	6235	T	G	9178	8684	43	4	4	24	0.000435635	9182	1	FALSE	NA	NA	NA	NA	NA	NA
NC_045512.2	6237	T	G	7813	7367	43	3	3	24	0.000383828	7816	1	FALSE	NA	NA	NA	NA	NA	NA
NC_045512.2	6238	T	G	7564	7121	42	5	5	30	0.000660502	7570	0.806248	FALSE	NA	NA	NA	NA	NA	NA
NC_045512.2	6238	T	C	7564	7121	42	1	1	80	0.0001321	7570	0.499868	FALSE	NA	NA	NA	NA	NA	NA
NC_045512.2	6239	T	C	7498	7061	43	1	1	80	0.000133351	7499	0.500033	FALSE	NA	NA	NA	NA	NA	NA
NC_045512.2	6241	G	T	15022	7596	42	1	0	40	6.65292e-05	15031	0.749892	FALSE	NA	NA	NA	NA	NA	NA
NC_045512.2	6241	G	C	15022	7596	42	5	1	30	0.000332646	15031	0.994097	FALSE	NA	NA	NA	NA	NA	NA
NC_045512.2	6241	G	A	15022	7596	42	3	3	40	0.000199588	15031	0.312363	FALSE	NA	NA	NA	NA	NA	NA
NC_045512.2	6242	C	T	15178	7546	41	1	1	80	6.58675e-05	15182	0.499967	FALSE	NA	NA	NA	NA	NA	NA
NC_045512.2	6242	C	G	15178	7546	41	2	1	32	0.000131735	15182	0.999863	FALSE	NA	NA	NA	NA	NA	NA
NC_045512.2	6242	C	A	15178	7546	41	1	0	24	6.58675e-05	15182	1	FALSE	NA	NA	NA	NA	NA	NA
NC_045512.2	6243	A	G	15134	7527	41	3	1	34	0.000198151	15140	0.999345	FALSE	NA	NA	NA	NA	NA	NA
NC_045512.2	6243	A	C	15134	7527	41	3	0	24	0.000198151	15140	1	FALSE	NA	NA	NA	NA	NA	NA
NC_045512.2	6244	T	G	15266	7460	41	2	2	32	0.00013095	15273	0.999863	FALSE	NA	NA	NA	NA	NA	NA
NC_045512.2	6244	T	C	15266	7460	41	5	2	36	0.000327375	15273	0.994102	FALSE	NA	NA	NA	NA	NA	NA
NC_045512.2	6245	G	T	14008	7347	41	1291	73	40	0.0843791	15300	0	TRUE	NA	NA	NA	NA	NA	NA
NC_045512.2	6245	G	A	14008	7347	41	1	1	40	6.53595e-05	15300	0.727517	FALSE	NA	NA	NA	NA	NA	NA
NC_045512.2	6246	T	G	15203	7319	41	3	2	29	0.000197278	15207	1	FALSE	NA	NA	NA	NA	NA	NA
NC_045512.2	6246	T	C	15203	7319	41	1	0	40	6.57592e-05	15207	0.749975	FALSE	NA	NA	NA	NA	NA	NA
NC_045512.2	6247	T	G	15427	7372	41	2	2	24	0.000129601	15432	1	FALSE	NA	NA	NA	NA	NA	NA
NC_045512.2	6247	T	C	15427	7372	41	3	1	53	0.000194401	15432	0.124976	FALSE	NA	NA	NA	NA	NA	NA
NC_045512.2	6248	A	G	15419	7424	41	3	1	44	0.000194489	15425	0.312439	FALSE	NA	NA	NA	NA	NA	NA
NC_045512.2	6248	A	C	15419	7424	41	3	0	29	0.000194489	15425	1	FALSE	NA	NA	NA	NA	NA	NA
NC_045512.2	6249	A	G	15388	7388	41	1	1	40	6.49688e-05	15392	0.749976	FALSE	NA	NA	NA	NA	NA	NA
NC_045512.2	6249	A	C	15388	7388	41	3	1	24	0.000194906	15392	1	FALSE	NA	NA	NA	NA	NA	NA
NC_045512.2	6250	C	G	15563	7383	41	6	6	32	0.000385356	15570	0.986723	FALSE	NA	NA	NA	NA	NA	NA
NC_045512.2	6250	C	A	15563	7383	41	1	1	24	6.42261e-05	15570	1	FALSE	NA	NA	NA	NA	NA	NA
NC_045512.2	6251	A	G	15074	7057	42	2	1	40	0.000132635	15079	0.49995	FALSE	NA	NA	NA	NA	NA	NA
NC_045512.2	6251	A	C	15074	7057	42	3	0	29	0.000198952	15079	1	FALSE	NA	NA	NA	NA	NA	NA
NC_045512.2	6252	A	C	15179	7178	41	2	0	32	0.000131744	15181	0.999863	FALSE	NA	NA	NA	NA	NA	NA
NC_045512.2	6253	T	G	14972	6911	41	2	1	24	0.000133556	14975	1	FALSE	NA	NA	NA	NA	NA	NA
NC_045512.2	6253	T	C	14972	6911	41	1	0	24	6.6778e-05	14975	1	FALSE	NA	NA	NA	NA	NA	NA
NC_045512.2	6254	G	C	14878	6816	41	3	2	29	0.000201572	14883	1	FALSE	NA	NA	NA	NA	NA	NA
NC_045512.2	6254	G	A	14878	6816	41	2	2	60	0.000134382	14883	0.249958	FALSE	NA	NA	NA	NA	NA	NA
NC_045512.2	6256	A	G	8597	731	41	2	0	40	0.000232531	8601	0.249956	FALSE	NA	NA	NA	NA	NA	NA
NC_045512.2	6256	A	C	8597	731	41	2	0	32	0.000232531	8601	0.989271	FALSE	NA	NA	NA	NA	NA	NA
NC_045512.2	6257	A	C	8576	734	41	6	0	29	0.000699138	8582	1	FALSE	NA	NA	NA	NA	NA	NA
NC_045512.2	6259	T	C	9273	755	42	4	0	36	0.000431174	9277	0.953933	FALSE	NA	NA	NA	NA	NA	NA
NC_045512.2	6260	A	C	9331	766	41	2	0	24	0.000214293	9333	1	FALSE	NA	NA	NA	NA	NA	NA
NC_045512.2	6261	A	G	9364	771	41	1	0	40	0.000106769	9366	0.5	FALSE	NA	NA	NA	NA	NA	NA
NC_045512.2	6261	A	C	9364	771	41	1	0	40	0.000106769	9366	0.5	FALSE	NA	NA	NA	NA	NA	NA
NC_045512.2	6263	A	G	9405	783	42	2	0	24	0.000212585	9408	1	FALSE	NA	NA	NA	NA	NA	NA
NC_045512.2	6263	A	C	9405	783	42	1	0	40	0.000106293	9408	0.499973	FALSE	NA	NA	NA	NA	NA	NA
NC_045512.2	6265	A	G	9444	787	42	2	0	32	0.000211663	9449	0.994146	FALSE	NA	NA	NA	NA	NA	NA
NC_045512.2	6265	A	C	9444	787	42	3	0	34	0.000317494	9449	0.980734	FALSE	NA	NA	NA	NA	NA	NA
NC_045512.2	6268	C	T	9763	841	42	1	0	40	0.000102417	9764	0.500026	FALSE	NA	NA	NA	NA	NA	NA
NC_045512.2	6269	A	G	9750	850	42	1	0	40	0.000102554	9751	0.500026	FALSE	NA	NA	NA	NA	NA	NA
NC_045512.2	6270	C	G	10265	870	42	1	0	40	9.73899e-05	10268	0.749988	FALSE	NA	NA	NA	NA	NA	NA
NC_045512.2	6270	C	A	10265	870	42	2	0	24	0.00019478	10268	1	FALSE	NA	NA	NA	NA	NA	NA
NC_045512.2	6271	G	C	10993	879	42	1	0	24	9.09587e-05	10994	1	FALSE	NA	NA	NA	NA	NA	NA
NC_045512.2	6272	T	G	11004	890	42	3	0	29	0.00027248	11010	1	FALSE	NA	NA	NA	NA	NA	NA
NC_045512.2	6272	T	C	11004	890	42	3	0	53	0.00027248	11010	0.124949	FALSE	NA	NA	NA	NA	NA	NA
NC_045512.2	6273	A	C	10927	901	42	1	0	24	9.15081e-05	10928	1	FALSE	NA	NA	NA	NA	NA	NA
NC_045512.2	6275	A	C	10962	925	42	3	0	29	0.000273598	10965	1	FALSE	NA	NA	NA	NA	NA	NA
NC_045512.2	6276	A	G	10988	926	42	4	0	42	0.000363736	10997	0.187358	FALSE	NA	NA	NA	NA	NA	NA
NC_045512.2	6276	A	C	10988	926	42	5	0	24	0.000454669	10997	1	FALSE	NA	NA	NA	NA	NA	NA
NC_045512.2	6277	A	G	11490	955	42	1	0	24	8.70246e-05	11491	1	FALSE	NA	NA	NA	NA	NA	NA
NC_045512.2	6278	C	A	11769	987	42	3	0	24	0.000254842	11772	1	FALSE	NA	NA	NA	NA	NA	NA
NC_045512.2	6279	C	A	11870	1007	43	1	0	24	8.42389e-05	11871	1	FALSE	NA	NA	NA	NA	NA	NA
NC_045512.2	6280	A	G	11823	1003	42	3	0	34	0.000253635	11828	0.99354	FALSE	NA	NA	NA	NA	NA	NA
NC_045512.2	6280	A	C	11823	1003	42	2	0	24	0.00016909	11828	1	FALSE	NA	NA	NA	NA	NA	NA
NC_045512.2	6281	A	G	11828	1008	42	2	0	40	0.000169033	11832	0.499968	FALSE	NA	NA	NA	NA	NA	NA
NC_045512.2	6281	A	C	11828	1008	42	2	0	32	0.000169033	11832	0.998294	FALSE	NA	NA	NA	NA	NA	NA
NC_045512.2	6282	A	C	11874	1018	43	2	0	24	0.000168407	11876	1	FALSE	NA	NA	NA	NA	NA	NA
NC_045512.2	6283	T	C	12225	1032	43	3	0	29	0.000245339	12228	1	FALSE	NA	NA	NA	NA	NA	NA
NC_045512.2	6284	A	G	12178	1070	43	1	0	40	8.20614e-05	12186	0.749887	FALSE	NA	NA	NA	NA	NA	NA
NC_045512.2	6284	A	C	12178	1070	43	7	0	26	0.00057443	12186	1	FALSE	NA	NA	NA	NA	NA	NA
NC_045512.2	6287	T	C	12324	1110	43	1	0	40	8.11293e-05	12326	0.75001	FALSE	NA	NA	NA	NA	NA	NA
NC_045512.2	6287	T	A	12324	1110	43	1	0	40	8.11293e-05	12326	0.75001	FALSE	NA	NA	NA	NA	NA	NA
NC_045512.2	6288	G	C	13477	1150	43	1	0	40	7.4195e-05	13478	0.750028	FALSE	NA	NA	NA	NA	NA	NA
NC_045512.2	6289	G	C	15280	1204	43	2	0	40	0.000130873	15282	0.500025	FALSE	NA	NA	NA	NA	NA	NA
NC_045512.2	6290	T	G	15278	1253	43	3	0	34	0.000196284	15284	0.999345	FALSE	NA	NA	NA	NA	NA	NA
NC_045512.2	6290	T	C	15278	1253	43	2	0	32	0.000130856	15284	0.999863	FALSE	NA	NA	NA	NA	NA	NA
NC_045512.2	6290	T	A	15278	1253	43	1	0	40	6.54279e-05	15284	0.749943	FALSE	NA	NA	NA	NA	NA	NA
NC_045512.2	6291	G	C	15330	1259	43	1	0	24	6.52231e-05	15332	1	FALSE	NA	NA	NA	NA	NA	NA
NC_045512.2	6291	G	A	15330	1259	43	1	0	40	6.52231e-05	15332	0.750008	FALSE	NA	NA	NA	NA	NA	NA
NC_045512.2	6292	T	G	15345	1277	43	1	0	40	6.51636e-05	15346	0.750024	FALSE	NA	NA	NA	NA	NA	NA
NC_045512.2	6293	A	G	15277	1292	43	1	0	24	6.54236e-05	15285	1	FALSE	NA	NA	NA	NA	NA	NA
NC_045512.2	6293	A	C	15277	1292	43	7	0	26	0.000457965	15285	1	FALSE	NA	NA	NA	NA	NA	NA
NC_045512.2	6294	T	C	15467	1310	43	1	0	24	6.46496e-05	15468	1	FALSE	NA	NA	NA	NA	NA	NA
NC_045512.2	6295	A	C	15419	1346	43	1	0	40	6.48508e-05	15420	0.750024	FALSE	NA	NA	NA	NA	NA	NA
NC_045512.2	6296	C	G	15513	1362	44	1	0	24	6.44579e-05	15514	1	FALSE	NA	NA	NA	NA	NA	NA
NC_045512.2	6297	G	T	15524	1360	44	1	0	40	6.44039e-05	15527	0.749992	FALSE	NA	NA	NA	NA	NA	NA
NC_045512.2	6297	G	A	15524	1360	44	2	0	40	0.000128808	15527	0.5	FALSE	NA	NA	NA	NA	NA	NA
NC_045512.2	6298	T	C	15537	1376	44	1	0	24	6.43583e-05	15538	1	FALSE	NA	NA	NA	NA	NA	NA
NC_045512.2	6299	T	C	15574	1380	44	2	0	40	0.000128403	15576	0.500024	FALSE	NA	NA	NA	NA	NA	NA
NC_045512.2	6300	G	A	15803	1393	44	1	0	40	6.32751e-05	15804	0.750024	FALSE	NA	NA	NA	NA	NA	NA
NC_045512.2	6301	T	C	15828	1400	44	7	0	33	0.000442059	15835	0.97381	FALSE	NA	NA	NA	NA	NA	NA
NC_045512.2	6302	C	T	15842	1460	44	2	0	40	0.000126183	15850	0.499882	FALSE	NA	NA	NA	NA	NA	NA
NC_045512.2	6302	C	G	15842	1460	44	1	0	40	6.30915e-05	15850	0.749913	FALSE	NA	NA	NA	NA	NA	NA
NC_045512.2	6302	C	A	15842	1460	44	5	0	24	0.000315457	15850	1	FALSE	NA	NA	NA	NA	NA	NA
NC_045512.2	6303	T	C	15925	1476	44	1	0	40	6.27904e-05	15926	0.750024	FALSE	NA	NA	NA	NA	NA	NA
NC_045512.2	6304	T	C	15944	1547	44	2	0	32	0.000125423	15946	0.999863	FALSE	NA	NA	NA	NA	NA	NA
NC_045512.2	6305	T	C	15964	1555	45	1	0	40	6.2637e-05	15965	0.750023	FALSE	NA	NA	NA	NA	NA	NA
NC_045512.2	6307	G	A	15945	1599	45	1	0	40	6.27117e-05	15946	0.750024	FALSE	NA	NA	NA	NA	NA	NA
NC_045512.2	6308	A	G	15870	1684	45	1	0	40	6.30001e-05	15873	0.749992	FALSE	NA	NA	NA	NA	NA	NA
NC_045512.2	6308	A	C	15870	1684	45	2	0	24	0.000126	15873	1	FALSE	NA	NA	NA	NA	NA	NA
NC_045512.2	6311	A	G	16134	1760	45	1	0	40	6.19655e-05	16138	0.749977	FALSE	NA	NA	NA	NA	NA	NA
NC_045512.2	6311	A	C	16134	1760	45	3	0	24	0.000185897	16138	1	FALSE	NA	NA	NA	NA	NA	NA
NC_045512.2	6312	C	T	16264	1817	46	2	0	40	0.000122956	16266	0.500023	FALSE	NA	NA	NA	NA	NA	NA
NC_045512.2	6312	C	-A	16264	1817	46	3	0	20	0.000184434	16266	1	FALSE	NA	NA	NA	NA	NA	NA
NC_045512.2	6313	A	C	16145	1824	46	8	0	34	0.000495264	16153	0.96807	FALSE	NA	NA	NA	NA	NA	NA
NC_045512.2	6314	A	G	16186	1831	46	1	0	40	6.17703e-05	16189	0.749992	FALSE	NA	NA	NA	NA	NA	NA
NC_045512.2	6314	A	C	16186	1831	46	2	0	24	0.000123541	16189	1	FALSE	NA	NA	NA	NA	NA	NA
NC_045512.2	6315	A	G	16205	1829	45	3	1	48	0.000185082	16209	0.312488	FALSE	NA	NA	NA	NA	NA	NA
NC_045512.2	6315	A	C	16205	1829	45	1	0	40	6.16941e-05	16209	0.749977	FALSE	NA	NA	NA	NA	NA	NA
NC_045512.2	6316	A	C	16259	1839	46	1	0	24	6.15006e-05	16260	1	FALSE	NA	NA	NA	NA	NA	NA
NC_045512.2	6317	C	T	15876	1853	42	2	0	40	0.000125881	15888	0.499787	FALSE	NA	NA	NA	NA	NA	NA
NC_045512.2	6317	C	A	15876	1853	42	10	0	25	0.000629406	15888	1	FALSE	NA	NA	NA	NA	NA	NA
NC_045512.2	6318	C	G	16310	1848	46	1	0	24	6.13083e-05	16311	1	FALSE	NA	NA	NA	NA	NA	NA
NC_045512.2	6319	A	C	16282	1851	46	2	0	32	0.00012282	16284	0.999928	FALSE	NA	NA	NA	NA	NA	NA
NC_045512.2	6321	T	C	16350	1928	46	1	0	40	6.11583e-05	16351	0.750023	FALSE	NA	NA	NA	NA	NA	NA
NC_045512.2	6322	T	G	16375	1934	46	1	0	40	6.10612e-05	16377	0.750008	FALSE	NA	NA	NA	NA	NA	NA
NC_045512.2	6322	T	C	16375	1934	46	1	0	40	6.10612e-05	16377	0.750008	FALSE	NA	NA	NA	NA	NA	NA
NC_045512.2	6323	G	T	16349	1893	45	1	1	24	6.11583e-05	16351	1	FALSE	NA	NA	NA	NA	NA	NA
NC_045512.2	6323	G	C	16349	1893	45	1	0	40	6.11583e-05	16351	0.750008	FALSE	NA	NA	NA	NA	NA	NA
NC_045512.2	6324	A	C	16302	1947	46	1	0	40	6.13384e-05	16303	0.750023	FALSE	NA	NA	NA	NA	NA	NA
NC_045512.2	6325	A	G	16291	1956	46	1	0	40	6.13761e-05	16293	0.750008	FALSE	NA	NA	NA	NA	NA	NA
NC_045512.2	6325	A	C	16291	1956	46	1	0	24	6.13761e-05	16293	1	FALSE	NA	NA	NA	NA	NA	NA
NC_045512.2	6326	A	C	16335	2006	46	1	0	40	6.12145e-05	16336	0.750023	FALSE	NA	NA	NA	NA	NA	NA
NC_045512.2	6327	C	T	16541	2010	47	1	0	40	6.04485e-05	16543	0.750008	FALSE	NA	NA	NA	NA	NA	NA
NC_045512.2	6327	C	A	16541	2010	47	1	0	24	6.04485e-05	16543	1	FALSE	NA	NA	NA	NA	NA	NA
NC_045512.2	6328	A	G	16468	2018	46	2	0	52	0.000121418	16472	0.249977	FALSE	NA	NA	NA	NA	NA	NA
NC_045512.2	6328	A	C	16468	2018	46	2	0	24	0.000121418	16472	1	FALSE	NA	NA	NA	NA	NA	NA
NC_045512.2	6331	A	G	16449	2023	46	1	0	64	6.07903e-05	16450	0.500015	FALSE	NA	NA	NA	NA	NA	NA
NC_045512.2	6332	A	G	16476	2058	47	1	0	40	6.0687e-05	16478	0.750008	FALSE	NA	NA	NA	NA	NA	NA
NC_045512.2	6332	A	C	16476	2058	47	1	0	24	6.0687e-05	16478	1	FALSE	NA	NA	NA	NA	NA	NA
NC_045512.2	6333	A	C	16494	2100	47	4	0	42	0.000242454	16498	0.1875	FALSE	NA	NA	NA	NA	NA	NA
NC_045512.2	6334	T	C	16505	2132	47	2	1	80	0.000121161	16507	0.250008	FALSE	NA	NA	NA	NA	NA	NA
NC_045512.2	6337	G	A	16618	2179	47	2	0	40	0.000120337	16620	0.500023	FALSE	NA	NA	NA	NA	NA	NA
NC_045512.2	6338	T	G	16548	2268	47	1	0	24	6.04193e-05	16551	1	FALSE	NA	NA	NA	NA	NA	NA
NC_045512.2	6338	T	C	16548	2268	47	2	0	60	0.000120839	16551	0.249992	FALSE	NA	NA	NA	NA	NA	NA
NC_045512.2	6339	T	C	16605	2269	47	4	1	46	0.000240819	16610	0.187481	FALSE	NA	NA	NA	NA	NA	NA
NC_045512.2	6339	T	A	16605	2269	47	1	0	80	6.02047e-05	16610	0.499955	FALSE	NA	NA	NA	NA	NA	NA
NC_045512.2	6340	T	C	16667	2281	48	2	0	32	0.000119983	16669	0.999928	FALSE	NA	NA	NA	NA	NA	NA
NC_045512.2	6341	G	T	16747	2286	48	1	0	40	5.97015e-05	16750	0.749993	FALSE	NA	NA	NA	NA	NA	NA
NC_045512.2	6341	G	C	16747	2286	48	2	2	32	0.000119403	16750	0.999928	FALSE	NA	NA	NA	NA	NA	NA
NC_045512.2	6342	A	G	16690	2305	47	1	0	24	5.99089e-05	16692	1	FALSE	NA	NA	NA	NA	NA	NA
NC_045512.2	6342	A	C	16690	2305	47	1	0	24	5.99089e-05	16692	1	FALSE	NA	NA	NA	NA	NA	NA
NC_045512.2	6345	T	C	17124	2844	50	2	1	60	0.000116782	17126	0.250007	FALSE	NA	NA	NA	NA	NA	NA
NC_045512.2	6346	A	G	17120	2898	48	1	1	32	5.83703e-05	17132	0.999996	FALSE	NA	NA	NA	NA	NA	NA
NC_045512.2	6346	A	C	17120	2898	48	11	0	24	0.000642073	17132	1	FALSE	NA	NA	NA	NA	NA	NA
NC_045512.2	6347	C	T	17396	2889	49	1	0	40	5.74746e-05	17399	0.749993	FALSE	NA	NA	NA	NA	NA	NA
NC_045512.2	6347	C	G	17396	2889	49	2	2	32	0.000114949	17399	0.999962	FALSE	NA	NA	NA	NA	NA	NA
NC_045512.2	6348	T	C	17401	2887	50	1	0	40	5.74647e-05	17402	0.750022	FALSE	NA	NA	NA	NA	NA	NA
NC_045512.2	6349	G	A	17431	2895	50	1	0	40	5.73658e-05	17432	0.750022	FALSE	NA	NA	NA	NA	NA	NA
NC_045512.2	6350	A	G	17289	2949	50	1	0	24	5.78302e-05	17292	1	FALSE	NA	NA	NA	NA	NA	NA
NC_045512.2	6350	A	C	17289	2949	50	2	0	24	0.00011566	17292	1	FALSE	NA	NA	NA	NA	NA	NA
NC_045512.2	6351	A	G	17348	2954	49	3	2	61	0.000172841	17357	0.124935	FALSE	NA	NA	NA	NA	NA	NA
NC_045512.2	6351	A	C	17348	2954	49	6	0	26	0.000345682	17357	1	FALSE	NA	NA	NA	NA	NA	NA
NC_045512.2	6353	T	C	17625	3074	51	3	1	40	0.000170184	17628	0.312511	FALSE	NA	NA	NA	NA	NA	NA
NC_045512.2	6354	C	A	17597	3086	51	2	0	52	0.000113643	17599	0.250007	FALSE	NA	NA	NA	NA	NA	NA
NC_045512.2	6355	A	G	17410	3040	50	6	0	44	0.000344491	17417	0.0624812	FALSE	NA	NA	NA	NA	NA	NA
NC_045512.2	6355	A	C	17410	3040	50	1	0	24	5.74152e-05	17417	1	FALSE	NA	NA	NA	NA	NA	NA
NC_045512.2	6356	G	T	17524	3030	51	1	1	24	5.70581e-05	17526	1	FALSE	NA	NA	NA	NA	NA	NA
NC_045512.2	6356	G	A	17524	3030	51	1	0	40	5.70581e-05	17526	0.750007	FALSE	NA	NA	NA	NA	NA	NA
NC_045512.2	6357	A	G	17479	3053	51	1	0	40	5.7205e-05	17481	0.750007	FALSE	NA	NA	NA	NA	NA	NA
NC_045512.2	6357	A	C	17479	3053	51	1	0	24	5.7205e-05	17481	1	FALSE	NA	NA	NA	NA	NA	NA
NC_045512.2	6358	G	A	17541	3042	51	3	0	34	0.000170999	17544	0.9998	FALSE	NA	NA	NA	NA	NA	NA
NC_045512.2	6359	G	C	17538	3043	51	2	1	28	0.000114025	17540	1	FALSE	NA	NA	NA	NA	NA	NA
NC_045512.2	6360	A	C	17443	3049	51	1	0	24	5.73263e-05	17444	1	FALSE	NA	NA	NA	NA	NA	NA
NC_045512.2	6361	C	T	17294	3148	52	35	5	50	0.00201974	17329	2.86369e-11	TRUE	NA	NA	NA	NA	NA	NA
NC_045512.2	6362	G	C	17367	3151	52	1	0	40	5.75705e-05	17370	0.749993	FALSE	NA	NA	NA	NA	NA	NA
NC_045512.2	6362	G	A	17367	3151	52	2	0	32	0.000115141	17370	0.999962	FALSE	NA	NA	NA	NA	NA	NA
NC_045512.2	6364	G	C	17162	3346	52	1	0	40	5.82581e-05	17165	0.749993	FALSE	NA	NA	NA	NA	NA	NA
NC_045512.2	6364	G	A	17162	3346	52	2	0	40	0.000116516	17165	0.5	FALSE	NA	NA	NA	NA	NA	NA
NC_045512.2	6365	C	G	16998	3385	52	2	0	40	0.000117633	17002	0.499978	FALSE	NA	NA	NA	NA	NA	NA
NC_045512.2	6365	C	A	16998	3385	52	2	0	24	0.000117633	17002	1	FALSE	NA	NA	NA	NA	NA	NA
NC_045512.2	6366	A	T	16940	3387	52	1	0	40	5.90214e-05	16943	0.749993	FALSE	NA	NA	NA	NA	NA	NA
NC_045512.2	6366	A	G	16940	3387	52	1	0	40	5.90214e-05	16943	0.749993	FALSE	NA	NA	NA	NA	NA	NA
NC_045512.2	6366	A	C	16940	3387	52	1	0	24	5.90214e-05	16943	1	FALSE	NA	NA	NA	NA	NA	NA
NC_045512.2	6367	G	T	17237	3402	52	2	1	24	0.000116016	17239	1	FALSE	NA	NA	NA	NA	NA	NA
NC_045512.2	6369	G	A	16969	3513	51	2	2	42	0.000117848	16971	0.500022	FALSE	NA	NA	NA	NA	NA	NA
NC_045512.2	6371	A	G	16891	3527	51	3	0	40	0.000177567	16895	0.312489	FALSE	NA	NA	NA	NA	NA	NA
NC_045512.2	6371	A	C	16891	3527	51	1	0	24	5.91891e-05	16895	1	FALSE	NA	NA	NA	NA	NA	NA
NC_045512.2	6372	T	G	16907	3505	51	2	2	32	0.000118273	16910	0.999928	FALSE	NA	NA	NA	NA	NA	NA
NC_045512.2	6372	T	C	16907	3505	51	1	0	24	5.91366e-05	16910	1	FALSE	NA	NA	NA	NA	NA	NA
NC_045512.2	6373	G	A	17306	3568	51	2	0	32	0.000115554	17308	0.999962	FALSE	NA	NA	NA	NA	NA	NA
NC_045512.2	6375	A	C	16522	3801	51	1	0	24	6.05217e-05	16523	1	FALSE	NA	NA	NA	NA	NA	NA
NC_045512.2	6375	A	-T	16522	3801	51	1	0	20	6.05217e-05	16523	1	FALSE	NA	NA	NA	NA	NA	NA
NC_045512.2	6377	A	G	16442	3726	51	1	0	40	6.08125e-05	16444	0.750008	FALSE	NA	NA	NA	NA	NA	NA
NC_045512.2	6377	A	C	16442	3726	51	1	0	24	6.08125e-05	16444	1	FALSE	NA	NA	NA	NA	NA	NA
NC_045512.2	6378	A	G	16429	3716	51	2	0	40	0.000121699	16434	0.499954	FALSE	NA	NA	NA	NA	NA	NA
NC_045512.2	6378	A	C	16429	3716	51	3	0	34	0.000182548	16434	0.999637	FALSE	NA	NA	NA	NA	NA	NA
NC_045512.2	6379	T	G	15166	4164	50	1	1	24	6.59109e-05	15172	1	FALSE	NA	NA	NA	NA	NA	NA
NC_045512.2	6379	T	C	15166	4164	50	5	2	44	0.000329554	15172	0.109352	FALSE	NA	NA	NA	NA	NA	NA
NC_045512.2	6380	C	T	14925	4437	50	1	0	24	6.69927e-05	14927	1	FALSE	NA	NA	NA	NA	NA	NA
NC_045512.2	6380	C	G	14925	4437	50	1	0	40	6.69927e-05	14927	0.750008	FALSE	NA	NA	NA	NA	NA	NA
NC_045512.2	6381	T	G	14914	4419	50	1	1	24	6.70376e-05	14917	1	FALSE	NA	NA	NA	NA	NA	NA
NC_045512.2	6381	T	C	14914	4419	50	2	0	60	0.000134075	14917	0.249992	FALSE	NA	NA	NA	NA	NA	NA
NC_045512.2	6382	T	G	14750	4296	50	1	1	24	6.77874e-05	14752	1	FALSE	NA	NA	NA	NA	NA	NA
NC_045512.2	6382	T	C	14750	4296	50	1	1	80	6.77874e-05	14752	0.5	FALSE	NA	NA	NA	NA	NA	NA
NC_045512.2	6383	G	T	14752	4319	50	1	1	40	6.77782e-05	14754	0.750008	FALSE	NA	NA	NA	NA	NA	NA
NC_045512.2	6383	G	C	14752	4319	50	1	0	40	6.77782e-05	14754	0.750008	FALSE	NA	NA	NA	NA	NA	NA
NC_045512.2	6384	C	T	14716	4426	49	4	2	60	0.000271721	14721	0.0624873	FALSE	NA	NA	NA	NA	NA	NA
NC_045512.2	6384	C	A	14716	4426	49	1	0	24	6.79302e-05	14721	1	FALSE	NA	NA	NA	NA	NA	NA
NC_045512.2	6385	C	A	14182	4525	47	18	0	27	0.00126761	14200	1	FALSE	NA	NA	NA	NA	NA	NA
NC_045512.2	6386	T	C	14589	4449	49	2	0	40	0.000137071	14591	0.500026	FALSE	NA	NA	NA	NA	NA	NA
NC_045512.2	6388	C	G	14676	4576	50	1	1	24	6.81338e-05	14677	1	FALSE	NA	NA	NA	NA	NA	NA
NC_045512.2	6389	G	A	14670	4578	50	1	0	24	6.81617e-05	14671	1	FALSE	NA	NA	NA	NA	NA	NA
NC_045512.2	6391	A	G	14706	4716	50	1	1	40	6.79948e-05	14707	0.750025	FALSE	NA	NA	NA	NA	NA	NA
NC_045512.2	6393	A	G	14616	5265	50	1	0	40	6.84135e-05	14617	0.750026	FALSE	NA	NA	NA	NA	NA	NA
NC_045512.2	6395	C	-T	14677	5455	50	4	0	20	0.000272535	14677	1	FALSE	NA	NA	NA	NA	NA	NA
NC_045512.2	6396	T	G	14604	5402	50	1	1	24	6.84556e-05	14608	1	FALSE	NA	NA	NA	NA	NA	NA
NC_045512.2	6396	T	C	14604	5402	50	3	0	40	0.000205367	14608	0.312487	FALSE	NA	NA	NA	NA	NA	NA
NC_045512.2	6396	T	-A	14604	5402	50	2953	0	20	0.20215	14608	0	TRUE	NA	NA	NA	NA	NA	NA
NC_045512.2	6397	A	T	11622	4405	49	1	1	40	8.60215e-05	11625	0.690325	FALSE	NA	NA	NA	NA	NA	NA
NC_045512.2	6397	A	G	11622	4405	49	2	1	40	0.000172043	11625	0.41565	FALSE	NA	NA	NA	NA	NA	NA
NC_045512.2	6398	A	G	14684	5715	50	3	1	40	0.000204262	14687	0.312513	FALSE	NA	NA	NA	NA	NA	NA
NC_045512.2	6399	A	G	14727	5790	50	3	0	66	0.000203666	14730	0.125	FALSE	NA	NA	NA	NA	NA	NA
NC_045512.2	6400	A	G	14564	5687	50	1	0	40	6.79763e-05	14711	0.747526	FALSE	NA	NA	NA	NA	NA	NA
NC_045512.2	6400	A	C	14564	5687	50	146	117	51	0.00992455	14711	7.80888e-45	TRUE	NA	NA	NA	NA	NA	NA
NC_045512.2	6401	C	A	14510	5798	49	3	0	24	0.000206711	14513	1	FALSE	NA	NA	NA	NA	NA	NA
NC_045512.2	6403	A	G	14197	5537	50	3	1	28	0.000211208	14204	1	FALSE	NA	NA	NA	NA	NA	NA
NC_045512.2	6403	A	C	14197	5537	50	4	0	24	0.000281611	14204	1	FALSE	NA	NA	NA	NA	NA	NA
NC_045512.2	6404	G	T	14157	5485	49	3	3	29	0.000211849	14161	1	FALSE	NA	NA	NA	NA	NA	NA
NC_045512.2	6404	G	A	14157	5485	49	1	0	40	7.06165e-05	14161	0.749974	FALSE	NA	NA	NA	NA	NA	NA
NC_045512.2	6405	T	C	15471	7872	54	4	3	38	0.000258481	15475	0.997794	FALSE	NA	NA	NA	NA	NA	NA
NC_045512.2	6406	C	A	15535	7989	55	1	1	80	6.43666e-05	15536	0.500016	FALSE	NA	NA	NA	NA	NA	NA
NC_045512.2	6407	T	G	15486	7930	55	1	1	40	6.45661e-05	15488	0.750008	FALSE	NA	NA	NA	NA	NA	NA
NC_045512.2	6407	T	C	15486	7930	55	1	1	24	6.45661e-05	15488	1	FALSE	NA	NA	NA	NA	NA	NA
NC_045512.2	6408	C	A	15219	8228	52	4	0	24	0.00026276	15223	1	FALSE	NA	NA	NA	NA	NA	NA
NC_045512.2	6409	T	G	15277	8121	54	2	2	28	0.000130856	15284	1	FALSE	NA	NA	NA	NA	NA	NA
NC_045512.2	6409	T	C	15277	8121	54	5	3	41	0.000327139	15284	0.109337	FALSE	NA	NA	NA	NA	NA	NA
NC_045512.2	6410	G	T	14967	7800	50	1	1	24	6.68092e-05	14968	1	FALSE	NA	NA	NA	NA	NA	NA
NC_045512.2	6412	A	G	15357	8274	54	1	0	80	6.51084e-05	15359	0.5	FALSE	NA	NA	NA	NA	NA	NA
NC_045512.2	6412	A	C	15357	8274	54	1	0	24	6.51084e-05	15359	1	FALSE	NA	NA	NA	NA	NA	NA
NC_045512.2	6413	G	T	15315	8196	53	1	1	24	6.52912e-05	15316	1	FALSE	NA	NA	NA	NA	NA	NA
NC_045512.2	6414	A	G	15427	8404	54	1	0	64	6.48172e-05	15428	0.500016	FALSE	NA	NA	NA	NA	NA	NA
NC_045512.2	6416	G	T	15395	8335	54	2	2	24	0.000129895	15397	1	FALSE	NA	NA	NA	NA	NA	NA
NC_045512.2	6417	T	G	15227	8405	54	4	4	30	0.000262571	15234	0.997791	FALSE	NA	NA	NA	NA	NA	NA
NC_045512.2	6417	T	C	15227	8405	54	3	1	53	0.000196928	15234	0.124951	FALSE	NA	NA	NA	NA	NA	NA
NC_045512.2	6418	A	C	15239	8493	54	1	0	24	6.56168e-05	15240	1	FALSE	NA	NA	NA	NA	NA	NA
NC_045512.2	6419	G	A	15282	8482	54	1	0	24	6.54322e-05	15283	1	FALSE	NA	NA	NA	NA	NA	NA
NC_045512.2	6420	T	G	15486	8920	54	3	3	24	0.000193673	15490	1	FALSE	NA	NA	NA	NA	NA	NA
NC_045512.2	6420	T	A	15486	8920	54	1	1	40	6.45578e-05	15490	0.749976	FALSE	NA	NA	NA	NA	NA	NA
NC_045512.2	6422	G	C	15330	9427	54	1	1	24	6.52273e-05	15331	1	FALSE	NA	NA	NA	NA	NA	NA
NC_045512.2	6423	A	G	15395	9668	54	1	1	40	6.49477e-05	15397	0.750008	FALSE	NA	NA	NA	NA	NA	NA
NC_045512.2	6423	A	C	15395	9668	54	1	0	40	6.49477e-05	15397	0.750008	FALSE	NA	NA	NA	NA	NA	NA
NC_045512.2	6427	T	G	15541	9912	54	1	1	24	6.43335e-05	15544	1	FALSE	NA	NA	NA	NA	NA	NA
NC_045512.2	6427	T	C	15541	9912	54	2	2	24	0.000128667	15544	1	FALSE	NA	NA	NA	NA	NA	NA
NC_045512.2	6429	C	G	17498	13409	56	1	1	24	5.71461e-05	17499	1	FALSE	NA	NA	NA	NA	NA	NA
NC_045512.2	6430	T	G	17360	13261	56	3	3	24	0.000172761	17365	1	FALSE	NA	NA	NA	NA	NA	NA
NC_045512.2	6430	T	C	17360	13261	56	1	0	24	5.75871e-05	17365	1	FALSE	NA	NA	NA	NA	NA	NA
NC_045512.2	6430	T	A	17360	13261	56	1	1	40	5.75871e-05	17365	0.749964	FALSE	NA	NA	NA	NA	NA	NA
NC_045512.2	6430	T	-A	17360	13261	56	1	0	20	5.75871e-05	17365	1	FALSE	NA	NA	NA	NA	NA	NA
NC_045512.2	6431	A	T	17533	13436	56	1	1	40	5.70288e-05	17535	0.749993	FALSE	NA	NA	NA	NA	NA	NA
NC_045512.2	6431	A	C	17533	13436	56	1	0	40	5.70288e-05	17535	0.749993	FALSE	NA	NA	NA	NA	NA	NA
NC_045512.2	6432	C	T	17461	13514	52	1	1	80	5.72475e-05	17468	0.499928	FALSE	NA	NA	NA	NA	NA	NA
NC_045512.2	6432	C	A	17461	13514	52	6	0	29	0.000343485	17468	1	FALSE	NA	NA	NA	NA	NA	NA
NC_045512.2	6433	C	T	17521	13584	56	1	1	40	5.70646e-05	17524	0.749993	FALSE	NA	NA	NA	NA	NA	NA
NC_045512.2	6433	C	G	17521	13584	56	2	2	24	0.000114129	17524	1	FALSE	NA	NA	NA	NA	NA	NA
NC_045512.2	6434	A	T	17684	13825	56	1	1	80	5.65451e-05	17685	0.500014	FALSE	NA	NA	NA	NA	NA	NA
NC_045512.2	6435	T	G	17452	13631	55	2	2	24	0.00011458	17455	1	FALSE	NA	NA	NA	NA	NA	NA
NC_045512.2	6435	T	C	17452	13631	55	1	1	40	5.72902e-05	17455	0.749993	FALSE	NA	NA	NA	NA	NA	NA
NC_045512.2	6437	C	T	17637	13836	56	1	0	80	5.66958e-05	17638	0.500014	FALSE	NA	NA	NA	NA	NA	NA
NC_045512.2	6438	A	G	17561	13786	56	2	1	64	0.000113876	17563	0.250007	FALSE	NA	NA	NA	NA	NA	NA
NC_045512.2	6439	G	T	17193	13825	53	14	14	25	0.000813622	17207	1	FALSE	NA	NA	NA	NA	NA	NA
NC_045512.2	6440	A	G	17507	14962	51	1	1	24	5.71167e-05	17508	1	FALSE	NA	NA	NA	NA	NA	NA
NC_045512.2	6441	A	G	17474	15089	50	1	1	24	5.72181e-05	17477	1	FALSE	NA	NA	NA	NA	NA	NA
NC_045512.2	6441	A	C	17474	15089	50	2	2	40	0.000114436	17477	0.5	FALSE	NA	NA	NA	NA	NA	NA
NC_045512.2	6442	A	G	17457	15099	50	2	1	52	0.000114554	17459	0.250007	FALSE	NA	NA	NA	NA	NA	NA
NC_045512.2	6443	G	T	17148	14795	48	2	2	28	0.000116618	17150	1	FALSE	NA	NA	NA	NA	NA	NA
NC_045512.2	6444	A	C	17417	15065	49	1	1	40	5.74119e-05	17418	0.750022	FALSE	NA	NA	NA	NA	NA	NA
NC_045512.2	6446	G	C	16934	14612	46	1	1	40	5.90423e-05	16937	0.749993	FALSE	NA	NA	NA	NA	NA	NA
NC_045512.2	6446	G	A	16934	14612	46	2	2	52	0.000118085	16937	0.249993	FALSE	NA	NA	NA	NA	NA	NA
NC_045512.2	6447	T	G	17315	15008	49	1	1	40	5.77501e-05	17316	0.750022	FALSE	NA	NA	NA	NA	NA	NA
NC_045512.2	6448	T	G	17257	14954	49	1	1	24	5.79341e-05	17261	1	FALSE	NA	NA	NA	NA	NA	NA
NC_045512.2	6448	T	C	17257	14954	49	2	1	80	0.000115868	17261	0.249978	FALSE	NA	NA	NA	NA	NA	NA
NC_045512.2	6448	T	A	17257	14954	49	1	1	40	5.79341e-05	17261	0.749978	FALSE	NA	NA	NA	NA	NA	NA
NC_045512.2	6449	C	T	17421	15177	49	1	1	24	5.73954e-05	17423	1	FALSE	NA	NA	NA	NA	NA	NA
NC_045512.2	6449	C	G	17421	15177	49	1	1	24	5.73954e-05	17423	1	FALSE	NA	NA	NA	NA	NA	NA
NC_045512.2	6450	T	G	17227	14982	49	6	6	26	0.000348169	17233	1	FALSE	NA	NA	NA	NA	NA	NA
NC_045512.2	6451	T	G	17232	14979	49	11	11	25	0.000637866	17245	1	FALSE	NA	NA	NA	NA	NA	NA
NC_045512.2	6451	T	C	17232	14979	49	2	1	60	0.000115976	17245	0.249848	FALSE	NA	NA	NA	NA	NA	NA
NC_045512.2	6453	A	G	17334	15140	49	4	4	36	0.000230707	17338	0.999258	FALSE	NA	NA	NA	NA	NA	NA
NC_045512.2	6455	T	G	16980	14776	49	4	4	28	0.000235488	16986	1	FALSE	NA	NA	NA	NA	NA	NA
NC_045512.2	6455	T	C	16980	14776	49	2	2	52	0.000117744	16986	0.249948	FALSE	NA	NA	NA	NA	NA	NA
NC_045512.2	6456	G	T	16460	14239	46	27	27	24	0.00163755	16488	1	FALSE	NA	NA	NA	NA	NA	NA
NC_045512.2	6456	G	A	16460	14239	46	1	1	40	6.06502e-05	16488	0.749613	FALSE	NA	NA	NA	NA	NA	NA
NC_045512.2	6457	T	G	17060	14855	49	4	4	24	0.000234398	17065	1	FALSE	NA	NA	NA	NA	NA	NA
NC_045512.2	6457	T	C	17060	14855	49	1	1	40	5.85995e-05	17065	0.749963	FALSE	NA	NA	NA	NA	NA	NA
NC_045512.2	6458	A	G	16936	14753	49	4	4	40	0.000236128	16940	0.1875	FALSE	NA	NA	NA	NA	NA	NA
NC_045512.2	6460	T	G	16780	14683	49	5	5	27	0.000297867	16786	1	FALSE	NA	NA	NA	NA	NA	NA
NC_045512.2	6460	T	A	16780	14683	49	1	1	40	5.95735e-05	16786	0.749948	FALSE	NA	NA	NA	NA	NA	NA
NC_045512.2	6461	G	T	16860	14785	49	1	1	24	5.93085e-05	16861	1	FALSE	NA	NA	NA	NA	NA	NA
NC_045512.2	6462	T	G	16610	14541	48	3	3	24	0.000180571	16614	1	FALSE	NA	NA	NA	NA	NA	NA
NC_045512.2	6462	T	C	16610	14541	48	1	1	80	6.01902e-05	16614	0.49997	FALSE	NA	NA	NA	NA	NA	NA
NC_045512.2	6463	G	A	16692	14647	49	1	1	40	5.99053e-05	16693	0.750022	FALSE	NA	NA	NA	NA	NA	NA
NC_045512.2	6464	A	G	16674	14631	49	3	3	33	0.000179888	16677	0.999637	FALSE	NA	NA	NA	NA	NA	NA
NC_045512.2	6467	A	G	16631	14608	49	1	1	40	6.01251e-05	16632	0.750023	FALSE	NA	NA	NA	NA	NA	NA
NC_045512.2	6469	T	G	16441	14436	48	1	1	24	6.08199e-05	16442	1	FALSE	NA	NA	NA	NA	NA	NA
NC_045512.2	6470	A	G	16469	14479	48	3	3	34	0.000182127	16472	0.999637	FALSE	NA	NA	NA	NA	NA	NA
NC_045512.2	6471	C	G	16421	14467	47	2	2	32	0.00012178	16423	0.999928	FALSE	NA	NA	NA	NA	NA	NA
NC_045512.2	6472	C	G	16411	14426	49	1	1	40	6.0931e-05	16412	0.750023	FALSE	NA	NA	NA	NA	NA	NA
NC_045512.2	6473	G	T	16136	14153	48	7	7	24	0.000433598	16144	1	FALSE	NA	NA	NA	NA	NA	NA
NC_045512.2	6473	G	A	16136	14153	48	1	1	40	6.19425e-05	16144	0.749915	FALSE	NA	NA	NA	NA	NA	NA
NC_045512.2	6474	A	G	16436	14454	49	1	1	24	6.08347e-05	16438	1	FALSE	NA	NA	NA	NA	NA	NA
NC_045512.2	6474	A	C	16436	14454	49	1	1	24	6.08347e-05	16438	1	FALSE	NA	NA	NA	NA	NA	NA
NC_045512.2	6475	A	G	16433	14452	49	3	3	48	0.000182526	16436	0.312511	FALSE	NA	NA	NA	NA	NA	NA
NC_045512.2	6476	G	C	16432	14452	49	1	1	40	6.08532e-05	16433	0.750023	FALSE	NA	NA	NA	NA	NA	NA
NC_045512.2	6477	T	G	16080	14106	48	1	1	24	6.21852e-05	16081	1	FALSE	NA	NA	NA	NA	NA	NA
NC_045512.2	6478	T	G	16119	14191	48	2	2	24	0.000124054	16122	1	FALSE	NA	NA	NA	NA	NA	NA
NC_045512.2	6478	T	C	16119	14191	48	1	1	40	6.2027e-05	16122	0.749992	FALSE	NA	NA	NA	NA	NA	NA
NC_045512.2	6479	G	T	15985	14068	47	2	2	24	0.000125102	15987	1	FALSE	NA	NA	NA	NA	NA	NA
NC_045512.2	6480	T	G	15957	14042	47	4	4	28	0.000250564	15964	1	FALSE	NA	NA	NA	NA	NA	NA
NC_045512.2	6480	T	C	15957	14042	47	3	3	40	0.000187923	15964	0.312418	FALSE	NA	NA	NA	NA	NA	NA
NC_045512.2	6481	A	G	16254	14349	48	2	2	40	0.000123024	16257	0.5	FALSE	NA	NA	NA	NA	NA	NA
NC_045512.2	6481	A	C	16254	14349	48	1	1	24	6.1512e-05	16257	1	FALSE	NA	NA	NA	NA	NA	NA
NC_045512.2	6482	G	A	15878	13964	46	1	1	40	6.29763e-05	15879	0.750024	FALSE	NA	NA	NA	NA	NA	NA
NC_045512.2	6483	G	T	6403	3905	39	798	798	24	0.110818	7201	1.82531e-164	TRUE	NA	NA	NA	NA	NA	NA
NC_045512.2	6484	A	G	16109	14221	48	2	1	52	0.000124139	16111	0.250008	FALSE	NA	NA	NA	NA	NA	NA
NC_045512.2	6487	C	T	15893	14056	48	4	4	36	0.00025162	15897	0.997794	FALSE	NA	NA	NA	NA	NA	NA
NC_045512.2	6490	T	G	15574	13753	48	6	6	24	0.000385109	15580	1	FALSE	NA	NA	NA	NA	NA	NA
NC_045512.2	6492	T	G	15530	13758	48	4	4	24	0.0002575	15534	1	FALSE	NA	NA	NA	NA	NA	NA
NC_045512.2	6493	A	G	15640	13904	48	1	1	24	6.39304e-05	15642	1	FALSE	NA	NA	NA	NA	NA	NA
NC_045512.2	6493	A	C	15640	13904	48	1	0	24	6.39304e-05	15642	1	FALSE	NA	NA	NA	NA	NA	NA
NC_045512.2	6495	T	G	14496	12952	47	2	2	24	0.000137941	14499	1	FALSE	NA	NA	NA	NA	NA	NA
NC_045512.2	6495	T	C	14496	12952	47	1	1	40	6.89703e-05	14499	0.749991	FALSE	NA	NA	NA	NA	NA	NA
NC_045512.2	6496	T	G	14111	12587	44	5	5	27	0.000354208	14116	1	FALSE	NA	NA	NA	NA	NA	NA
NC_045512.2	6497	A	G	14422	12992	47	1	1	40	6.93337e-05	14423	0.750026	FALSE	NA	NA	NA	NA	NA	NA
NC_045512.2	6498	A	G	14412	13017	47	2	2	32	0.000138744	14415	0.999741	FALSE	NA	NA	NA	NA	NA	NA
NC_045512.2	6498	A	C	14412	13017	47	1	1	40	6.93722e-05	14415	0.749991	FALSE	NA	NA	NA	NA	NA	NA
NC_045512.2	6500	C	T	14294	12950	46	1	0	80	6.99545e-05	14295	0.500017	FALSE	NA	NA	NA	NA	NA	NA
NC_045512.2	6501	C	T	14259	12943	46	1	1	40	7.01213e-05	14261	0.750009	FALSE	NA	NA	NA	NA	NA	NA
NC_045512.2	6501	C	G	14259	12943	46	1	1	40	7.01213e-05	14261	0.750009	FALSE	NA	NA	NA	NA	NA	NA
NC_045512.2	6502	A	G	13873	12581	46	1	1	40	7.20773e-05	13874	0.750027	FALSE	NA	NA	NA	NA	NA	NA
NC_045512.2	6503	G	A	13888	12661	46	2	2	40	0.000143988	13890	0.500027	FALSE	NA	NA	NA	NA	NA	NA
NC_045512.2	6504	C	T	13839	12640	46	1	1	40	7.22543e-05	13840	0.750027	FALSE	NA	NA	NA	NA	NA	NA
NC_045512.2	6505	A	G	13859	12664	46	3	3	34	0.000216419	13862	0.997916	FALSE	NA	NA	NA	NA	NA	NA
NC_045512.2	6506	A	G	13859	12661	46	1	1	40	7.21449e-05	13861	0.750009	FALSE	NA	NA	NA	NA	NA	NA
NC_045512.2	6506	A	C	13859	12661	46	1	0	80	7.21449e-05	13861	0.5	FALSE	NA	NA	NA	NA	NA	NA
NC_045512.2	6508	T	G	13725	12541	45	5	5	27	0.00036414	13731	1	FALSE	NA	NA	NA	NA	NA	NA
NC_045512.2	6508	T	C	13725	12541	45	1	0	80	7.28279e-05	13731	0.499927	FALSE	NA	NA	NA	NA	NA	NA
NC_045512.2	6510	A	G	13808	12637	46	2	2	32	0.000144823	13810	0.999513	FALSE	NA	NA	NA	NA	NA	NA
NC_045512.2	6511	T	G	13689	12521	45	4	4	24	0.000292099	13694	1	FALSE	NA	NA	NA	NA	NA	NA
NC_045512.2	6511	T	C	13689	12521	45	1	1	40	7.30247e-05	13694	0.749954	FALSE	NA	NA	NA	NA	NA	NA
NC_045512.2	6512	A	G	13447	12317	46	3	2	48	0.000223048	13450	0.312514	FALSE	NA	NA	NA	NA	NA	NA
NC_045512.2	6514	T	G	13201	12078	46	2	2	24	0.000151469	13204	1	FALSE	NA	NA	NA	NA	NA	NA
NC_045512.2	6514	T	C	13201	12078	46	1	1	40	7.57346e-05	13204	0.749991	FALSE	NA	NA	NA	NA	NA	NA
NC_045512.2	6515	T	G	13200	12086	46	1	1	24	7.57404e-05	13203	1	FALSE	NA	NA	NA	NA	NA	NA
NC_045512.2	6515	T	C	13200	12086	46	2	2	40	0.000151481	13203	0.5	FALSE	NA	NA	NA	NA	NA	NA
NC_045512.2	6516	T	G	13018	11906	44	4	4	30	0.000307149	13023	0.993651	FALSE	NA	NA	NA	NA	NA	NA
NC_045512.2	6516	T	C	13018	11906	44	1	1	24	7.67872e-05	13023	1	FALSE	NA	NA	NA	NA	NA	NA
NC_045512.2	6518	A	G	13278	12251	45	1	1	40	7.53069e-05	13279	0.750028	FALSE	NA	NA	NA	NA	NA	NA
NC_045512.2	6519	A	G	13270	12266	45	3	3	29	0.000226023	13273	1	FALSE	NA	NA	NA	NA	NA	NA
NC_045512.2	6520	A	G	13276	12298	45	1	1	40	7.53125e-05	13278	0.750009	FALSE	NA	NA	NA	NA	NA	NA
NC_045512.2	6520	A	C	13276	12298	45	1	1	40	7.53125e-05	13278	0.750009	FALSE	NA	NA	NA	NA	NA	NA
NC_045512.2	6522	T	G	13053	12091	44	1	1	24	7.6599e-05	13055	1	FALSE	NA	NA	NA	NA	NA	NA
NC_045512.2	6522	T	A	13053	12091	44	1	1	24	7.6599e-05	13055	1	FALSE	NA	NA	NA	NA	NA	NA
NC_045512.2	6523	T	G	13048	12092	44	6	6	24	0.000459594	13055	1	FALSE	NA	NA	NA	NA	NA	NA
NC_045512.2	6523	T	C	13048	12092	44	1	1	24	7.6599e-05	13055	1	FALSE	NA	NA	NA	NA	NA	NA
NC_045512.2	6524	A	G	13184	12367	44	7	7	28	0.000530625	13192	1	FALSE	NA	NA	NA	NA	NA	NA
NC_045512.2	6524	A	C	13184	12367	44	1	0	24	7.58035e-05	13192	1	FALSE	NA	NA	NA	NA	NA	NA
NC_045512.2	6525	C	T	13156	12398	43	3	3	40	0.000227981	13159	0.312514	FALSE	NA	NA	NA	NA	NA	NA
NC_045512.2	6526	A	G	13189	12417	44	4	4	36	0.000303191	13193	0.993654	FALSE	NA	NA	NA	NA	NA	NA
NC_045512.2	6527	G	T	12455	11683	40	19	19	27	0.00152305	12475	1	FALSE	NA	NA	NA	NA	NA	NA
NC_045512.2	6527	G	A	12455	11683	40	1	1	40	8.01603e-05	12475	0.749649	FALSE	NA	NA	NA	NA	NA	NA
NC_045512.2	6529	A	G	13152	12429	43	1	1	40	7.60283e-05	13153	0.750029	FALSE	NA	NA	NA	NA	NA	NA
NC_045512.2	6530	G	T	12957	12234	42	5	5	30	0.000385743	12962	0.975525	FALSE	NA	NA	NA	NA	NA	NA
NC_045512.2	6531	A	G	12863	12153	43	1	0	80	7.77363e-05	12864	0.500019	FALSE	NA	NA	NA	NA	NA	NA
NC_045512.2	6532	G	T	12726	12015	42	1	1	40	7.85669e-05	12728	0.75001	FALSE	NA	NA	NA	NA	NA	NA
NC_045512.2	6532	G	C	12726	12015	42	1	1	24	7.85669e-05	12728	1	FALSE	NA	NA	NA	NA	NA	NA
NC_045512.2	6535	T	G	12629	11930	43	2	2	32	0.000158316	12633	0.999086	FALSE	NA	NA	NA	NA	NA	NA
NC_045512.2	6535	T	C	12629	11930	43	2	2	40	0.000158316	12633	0.49997	FALSE	NA	NA	NA	NA	NA	NA
NC_045512.2	6536	G	A	12569	11870	43	1	1	40	7.95545e-05	12570	0.75003	FALSE	NA	NA	NA	NA	NA	NA
NC_045512.2	6537	G	T	12595	11897	43	2	2	24	0.000158755	12598	1	FALSE	NA	NA	NA	NA	NA	NA
NC_045512.2	6537	G	A	12595	11897	43	1	1	40	7.93777e-05	12598	0.74999	FALSE	NA	NA	NA	NA	NA	NA
NC_045512.2	6538	C	A	12613	11932	43	2	1	32	0.000158541	12615	0.999087	FALSE	NA	NA	NA	NA	NA	NA
NC_045512.2	6539	C	G	12515	11835	43	1	1	40	7.98977e-05	12516	0.75003	FALSE	NA	NA	NA	NA	NA	NA
NC_045512.2	6540	A	T	12259	11586	43	1	1	24	8.15062e-05	12269	1	FALSE	NA	NA	NA	NA	NA	NA
NC_045512.2	6540	A	G	12259	11586	43	6	6	29	0.000489037	12269	1	FALSE	NA	NA	NA	NA	NA	NA
NC_045512.2	6540	A	C	12259	11586	43	3	3	29	0.000244519	12269	1	FALSE	NA	NA	NA	NA	NA	NA
NC_045512.2	6541	C	T	12238	11564	43	2	2	40	0.000163385	12241	0.5	FALSE	NA	NA	NA	NA	NA	NA
NC_045512.2	6541	C	A	12238	11564	43	1	1	24	8.16927e-05	12241	1	FALSE	NA	NA	NA	NA	NA	NA
NC_045512.2	6542	A	G	12204	11546	43	7	7	30	0.000573066	12215	0.916466	FALSE	NA	NA	NA	NA	NA	NA
NC_045512.2	6542	A	C	12204	11546	43	4	4	36	0.000327466	12215	0.989358	FALSE	NA	NA	NA	NA	NA	NA
NC_045512.2	6544	A	T	11767	11248	42	1	1	40	8.49473e-05	11772	0.749947	FALSE	NA	NA	NA	NA	NA	NA
NC_045512.2	6544	A	G	11767	11248	42	2	2	32	0.000169895	11772	0.998293	FALSE	NA	NA	NA	NA	NA	NA
NC_045512.2	6544	A	C	11767	11248	42	2	2	36	0.000169895	11772	0.998293	FALSE	NA	NA	NA	NA	NA	NA
NC_045512.2	6545	G	A	11673	11207	41	2	2	40	0.000171306	11675	0.500032	FALSE	NA	NA	NA	NA	NA	NA
NC_045512.2	6546	A	G	14978	11389	41	2	2	40	0.000133476	14984	0.499925	FALSE	NA	NA	NA	NA	NA	NA
NC_045512.2	6546	A	C	14978	11389	41	4	0	28	0.000266951	14984	1	FALSE	NA	NA	NA	NA	NA	NA
NC_045512.2	6547	T	G	15254	11292	41	3	3	34	0.000196605	15259	0.999346	FALSE	NA	NA	NA	NA	NA	NA
NC_045512.2	6547	T	C	15254	11292	41	2	0	40	0.00013107	15259	0.499951	FALSE	NA	NA	NA	NA	NA	NA
NC_045512.2	6548	C	G	15351	11400	41	1	0	24	6.51381e-05	15352	1	FALSE	NA	NA	NA	NA	NA	NA
NC_045512.2	6549	T	G	14908	10962	41	8	8	29	0.000536301	14917	1	FALSE	NA	NA	NA	NA	NA	NA
NC_045512.2	6549	T	C	14908	10962	41	1	1	40	6.70376e-05	14917	0.749891	FALSE	NA	NA	NA	NA	NA	NA
NC_045512.2	6550	A	G	14907	11002	41	1	1	24	6.70601e-05	14912	1	FALSE	NA	NA	NA	NA	NA	NA
NC_045512.2	6550	A	C	14907	11002	41	4	1	28	0.00026824	14912	1	FALSE	NA	NA	NA	NA	NA	NA
NC_045512.2	6551	A	G	14906	10977	41	2	1	32	0.000134147	14909	0.999741	FALSE	NA	NA	NA	NA	NA	NA
NC_045512.2	6551	A	C	14906	10977	41	1	0	40	6.70736e-05	14909	0.749992	FALSE	NA	NA	NA	NA	NA	NA
NC_045512.2	6552	T	G	14757	10816	41	13	13	28	0.000880103	14771	1	FALSE	NA	NA	NA	NA	NA	NA
NC_045512.2	6552	T	C	14757	10816	41	1	1	40	6.77002e-05	14771	0.749805	FALSE	NA	NA	NA	NA	NA	NA
NC_045512.2	6552	T	-G	14757	10816	41	1	0	20	6.77002e-05	14771	1	FALSE	NA	NA	NA	NA	NA	NA
NC_045512.2	6553	G	T	14752	10813	41	1	1	40	6.77782e-05	14754	0.749992	FALSE	NA	NA	NA	NA	NA	NA
NC_045512.2	6553	G	A	14752	10813	41	1	1	40	6.77782e-05	14754	0.749992	FALSE	NA	NA	NA	NA	NA	NA
NC_045512.2	6555	C	T	11900	8045	41	1	1	40	8.39913e-05	11906	0.749926	FALSE	NA	NA	NA	NA	NA	NA
NC_045512.2	6555	C	G	11900	8045	41	4	4	38	0.000335965	11906	0.982443	FALSE	NA	NA	NA	NA	NA	NA
NC_045512.2	6555	C	A	11900	8045	41	1	1	40	8.39913e-05	11906	0.749926	FALSE	NA	NA	NA	NA	NA	NA
NC_045512.2	6556	T	G	11151	7304	41	2	2	24	0.000179324	11153	1	FALSE	NA	NA	NA	NA	NA	NA
NC_045512.2	6557	G	A	11246	7340	41	1	0	40	8.89126e-05	11247	0.750033	FALSE	NA	NA	NA	NA	NA	NA
NC_045512.2	6558	C	G	11244	7361	41	1	0	40	8.88968e-05	11249	0.749944	FALSE	NA	NA	NA	NA	NA	NA
NC_045512.2	6558	C	A	11244	7361	41	4	0	24	0.000355587	11249	1	FALSE	NA	NA	NA	NA	NA	NA
NC_045512.2	6559	T	G	11200	7283	41	3	3	24	0.000267785	11203	1	FALSE	NA	NA	NA	NA	NA	NA
NC_045512.2	6560	T	C	4222	319	40	1	0	40	0.000236798	4223	0.500059	FALSE	NA	NA	NA	NA	NA	NA
NC_045512.2	6564	T	G	4258	321	40	1	1	24	0.000234742	4260	1	FALSE	NA	NA	NA	NA	NA	NA
NC_045512.2	6564	T	C	4258	321	40	1	0	40	0.000234742	4260	0.5	FALSE	NA	NA	NA	NA	NA	NA
NC_045512.2	6565	A	C	4309	328	40	1	0	40	0.000232019	4310	0.500058	FALSE	NA	NA	NA	NA	NA	NA
NC_045512.2	6566	G	T	4346	328	40	1	0	40	0.000229938	4349	0.499942	FALSE	NA	NA	NA	NA	NA	NA
NC_045512.2	6566	G	C	4346	328	40	2	0	32	0.000459876	4349	0.890706	FALSE	NA	NA	NA	NA	NA	NA
NC_045512.2	6567	A	G	4338	331	40	4	1	40	0.000921234	4342	0.0624856	FALSE	NA	NA	NA	NA	NA	NA
NC_045512.2	6569	A	C	4400	337	41	1	0	24	0.000227221	4401	1	FALSE	NA	NA	NA	NA	NA	NA
NC_045512.2	6570	A	C	5201	362	41	1	0	24	0.000192234	5202	1	FALSE	NA	NA	NA	NA	NA	NA
NC_045512.2	6571	T	G	5216	361	41	2	0	40	0.000383289	5218	0.250024	FALSE	NA	NA	NA	NA	NA	NA
NC_045512.2	6574	T	C	5213	366	41	2	0	32	0.000383509	5215	0.937594	FALSE	NA	NA	NA	NA	NA	NA
NC_045512.2	6575	A	C	5220	368	41	1	0	40	0.000191534	5221	0.500048	FALSE	NA	NA	NA	NA	NA	NA
NC_045512.2	6577	T	C	5322	387	41	1	0	24	0.000187864	5323	1	FALSE	NA	NA	NA	NA	NA	NA
NC_045512.2	6578	C	A	5312	392	41	1	0	24	0.000188218	5313	1	FALSE	NA	NA	NA	NA	NA	NA
NC_045512.2	6580	T	C	5328	397	42	2	1	40	0.000375235	5330	0.250023	FALSE	NA	NA	NA	NA	NA	NA
NC_045512.2	6581	A	G	5280	407	41	4	0	40	0.000756716	5286	0.0624409	FALSE	NA	NA	NA	NA	NA	NA
NC_045512.2	6581	A	C	5280	407	41	2	0	32	0.000378358	5286	0.937469	FALSE	NA	NA	NA	NA	NA	NA
NC_045512.2	6582	C	T	5434	435	42	2	0	40	0.000367918	5436	0.250023	FALSE	NA	NA	NA	NA	NA	NA
NC_045512.2	6583	T	G	5424	436	42	1	0	40	0.000184298	5426	0.5	FALSE	NA	NA	NA	NA	NA	NA
NC_045512.2	6583	T	C	5424	436	42	1	0	40	0.000184298	5426	0.5	FALSE	NA	NA	NA	NA	NA	NA
NC_045512.2	6584	A	C	5478	448	42	1	0	24	0.000182515	5479	1	FALSE	NA	NA	NA	NA	NA	NA
NC_045512.2	6588	A	C	5487	450	41	2	0	24	0.000364365	5489	1	FALSE	NA	NA	NA	NA	NA	NA
NC_045512.2	6592	A	G	5530	560	43	2	0	40	0.000361533	5532	0.250023	FALSE	NA	NA	NA	NA	NA	NA
NC_045512.2	6596	A	C	5610	567	43	2	0	32	0.000356379	5612	0.937588	FALSE	NA	NA	NA	NA	NA	NA
NC_045512.2	6597	A	G	5668	570	44	1	0	24	0.000176398	5669	1	FALSE	NA	NA	NA	NA	NA	NA
NC_045512.2	6599	G	C	5888	583	44	1	0	24	0.000169808	5889	1	FALSE	NA	NA	NA	NA	NA	NA
NC_045512.2	6600	A	C	5872	586	43	1	0	24	0.000170271	5873	1	FALSE	NA	NA	NA	NA	NA	NA
NC_045512.2	6601	A	C	5937	770	46	1	0	24	0.000168407	5938	1	FALSE	NA	NA	NA	NA	NA	NA
NC_045512.2	6605	T	C	6238	836	47	2	0	24	0.000320513	6240	1	FALSE	NA	NA	NA	NA	NA	NA
NC_045512.2	6608	A	C	6147	835	45	4	0	24	0.000650301	6151	1	FALSE	NA	NA	NA	NA	NA	NA
NC_045512.2	6610	A	C	6290	842	47	2	0	24	0.000317864	6292	1	FALSE	NA	NA	NA	NA	NA	NA
NC_045512.2	6612	T	C	6596	908	47	1	0	40	0.000151584	6597	0.500038	FALSE	NA	NA	NA	NA	NA	NA
NC_045512.2	6613	A	C	6553	909	47	1	0	40	0.000152579	6554	0.500038	FALSE	NA	NA	NA	NA	NA	NA
NC_045512.2	6615	T	C	6606	907	47	1	0	40	0.000151355	6607	0.500038	FALSE	NA	NA	NA	NA	NA	NA
NC_045512.2	6617	G	C	6618	909	47	2	0	24	0.000302115	6620	1	FALSE	NA	NA	NA	NA	NA	NA
NC_045512.2	6618	G	C	6648	931	47	1	0	40	0.000150399	6649	0.500038	FALSE	NA	NA	NA	NA	NA	NA
NC_045512.2	6620	T	G	6674	937	47	1	0	40	0.000149813	6675	0.500037	FALSE	NA	NA	NA	NA	NA	NA
NC_045512.2	6621	T	C	6690	940	47	1	0	24	0.000149454	6691	1	FALSE	NA	NA	NA	NA	NA	NA
NC_045512.2	6622	G	C	6680	943	47	1	0	40	0.000149678	6681	0.500037	FALSE	NA	NA	NA	NA	NA	NA
NC_045512.2	6623	A	C	6650	980	47	1	0	24	0.000150353	6651	1	FALSE	NA	NA	NA	NA	NA	NA
NC_045512.2	6624	A	G	6620	1024	48	1	0	32	0.000150989	6623	0.992196	FALSE	NA	NA	NA	NA	NA	NA
NC_045512.2	6624	A	C	6620	1024	48	2	0	24	0.000301978	6623	1	FALSE	NA	NA	NA	NA	NA	NA
NC_045512.2	6625	A	G	6662	1023	48	2	1	64	0.00030012	6664	0.250019	FALSE	NA	NA	NA	NA	NA	NA
NC_045512.2	6626	A	G	6653	1023	48	1	0	40	0.000150286	6654	0.500038	FALSE	NA	NA	NA	NA	NA	NA
NC_045512.2	6631	T	C	6873	1097	49	3	0	40	0.0004363	6876	0.125	FALSE	NA	NA	NA	NA	NA	NA
NC_045512.2	6633	C	T	6859	1096	49	1	0	40	0.000145751	6861	0.5	FALSE	NA	NA	NA	NA	NA	NA
NC_045512.2	6633	C	G	6859	1096	49	1	0	40	0.000145751	6861	0.5	FALSE	NA	NA	NA	NA	NA	NA
NC_045512.2	6636	C	A	6846	1141	47	3	0	24	0.00043802	6849	1	FALSE	NA	NA	NA	NA	NA	NA
NC_045512.2	6637	T	C	7038	1135	49	1	0	80	0.000142066	7039	0.500036	FALSE	NA	NA	NA	NA	NA	NA
NC_045512.2	6642	G	T	7230	1139	49	1	1	24	0.000138293	7231	1	FALSE	NA	NA	NA	NA	NA	NA
NC_045512.2	6646	A	G	7156	1183	49	1	0	32	0.000139723	7157	0.996104	FALSE	NA	NA	NA	NA	NA	NA
NC_045512.2	6649	T	G	7209	1174	50	1	1	24	0.000138619	7214	1	FALSE	NA	NA	NA	NA	NA	NA
NC_045512.2	6649	T	C	7209	1174	50	4	2	40	0.000554477	7214	0.062474	FALSE	NA	NA	NA	NA	NA	NA
NC_045512.2	6651	C	T	7515	1194	49	1	0	40	0.000133049	7516	0.500033	FALSE	NA	NA	NA	NA	NA	NA
NC_045512.2	6655	T	G	7744	1274	50	2	0	32	0.000258198	7746	0.980505	FALSE	NA	NA	NA	NA	NA	NA
NC_045512.2	6656	A	G	7693	1279	50	1	0	40	0.000129938	7696	0.499968	FALSE	NA	NA	NA	NA	NA	NA
NC_045512.2	6656	A	C	7693	1279	50	2	0	24	0.000259875	7696	1	FALSE	NA	NA	NA	NA	NA	NA
NC_045512.2	6657	A	C	7745	1370	51	1	0	24	0.000129099	7746	1	FALSE	NA	NA	NA	NA	NA	NA
NC_045512.2	6658	T	C	7759	1373	51	1	0	36	0.000128866	7760	0.996103	FALSE	NA	NA	NA	NA	NA	NA
NC_045512.2	6659	A	C	7690	1352	51	1	0	24	0.000130022	7691	1	FALSE	NA	NA	NA	NA	NA	NA
NC_045512.2	6663	T	C	7634	1320	51	4	3	52	0.000523697	7638	0.0624918	FALSE	NA	NA	NA	NA	NA	NA
NC_045512.2	6664	C	A	7580	1356	50	4	0	28	0.000527426	7584	1	FALSE	NA	NA	NA	NA	NA	NA
NC_045512.2	6665	C	T	7752	1362	51	1	0	40	0.000128982	7753	0.500032	FALSE	NA	NA	NA	NA	NA	NA
NC_045512.2	6666	C	A	4420	1704	40	561	0	26	0.112628	4981	1.5535e-117	TRUE	NA	NA	NA	NA	NA	NA
NC_045512.2	6668	T	G	7767	1356	51	1	1	24	0.000128733	7768	1	FALSE	NA	NA	NA	NA	NA	NA
NC_045512.2	6669	G	T	7701	1126	45	11	11	30	0.00142635	7712	0.240298	FALSE	NA	NA	NA	NA	NA	NA
NC_045512.2	6670	G	A	7903	1378	51	3	0	40	0.000379459	7906	0.125	FALSE	NA	NA	NA	NA	NA	NA
NC_045512.2	6672	A	G	7886	1377	51	1	0	24	0.000126791	7887	1	FALSE	NA	NA	NA	NA	NA	NA
NC_045512.2	6673	T	C	7856	1402	51	1	0	40	0.000127275	7857	0.500032	FALSE	NA	NA	NA	NA	NA	NA
NC_045512.2	6674	A	G	7814	1397	51	5	1	52	0.000639386	7820	0.03123	FALSE	NA	NA	NA	NA	NA	NA
NC_045512.2	6674	A	C	7814	1397	51	1	0	24	0.000127877	7820	1	FALSE	NA	NA	NA	NA	NA	NA
NC_045512.2	6675	C	T	7874	1443	51	1	0	40	0.000126984	7875	0.500032	FALSE	NA	NA	NA	NA	NA	NA
NC_045512.2	6677	A	G	7853	1481	51	2	1	46	0.000254615	7855	0.250016	FALSE	NA	NA	NA	NA	NA	NA
NC_045512.2	6678	T	C	7810	1530	51	1	0	24	0.000128025	7811	1	FALSE	NA	NA	NA	NA	NA	NA
NC_045512.2	6679	A	C	7714	1494	51	2	0	32	0.000259202	7716	0.980505	FALSE	NA	NA	NA	NA	NA	NA
NC_045512.2	6682	T	C	7618	1543	51	1	0	40	0.000131251	7619	0.500033	FALSE	NA	NA	NA	NA	NA	NA
NC_045512.2	6683	A	G	7561	1541	51	1	0	40	0.000132153	7567	0.499868	FALSE	NA	NA	NA	NA	NA	NA
NC_045512.2	6683	A	C	7561	1541	51	5	0	32	0.000660764	7567	0.806248	FALSE	NA	NA	NA	NA	NA	NA
NC_045512.2	6684	A	C	7525	1555	51	1	0	40	0.000132873	7526	0.500033	FALSE	NA	NA	NA	NA	NA	NA
NC_045512.2	6686	T	G	7431	1603	51	1	1	24	0.000134553	7432	1	FALSE	NA	NA	NA	NA	NA	NA
NC_045512.2	6687	A	C	7382	1620	51	5	0	24	0.000676865	7387	1	FALSE	NA	NA	NA	NA	NA	NA
NC_045512.2	6688	T	C	7427	1625	51	1	0	40	0.000134626	7428	0.500034	FALSE	NA	NA	NA	NA	NA	NA
NC_045512.2	6689	G	T	7427	1628	51	1	0	24	0.000134626	7428	1	FALSE	NA	NA	NA	NA	NA	NA
NC_045512.2	6691	T	G	7296	1743	50	1	1	24	0.000137043	7297	1	FALSE	NA	NA	NA	NA	NA	NA
NC_045512.2	6692	A	C	7255	1754	50	3	0	29	0.000413337	7258	1	FALSE	NA	NA	NA	NA	NA	NA
NC_045512.2	6693	A	C	7275	1755	50	3	0	29	0.000412201	7278	1	FALSE	NA	NA	NA	NA	NA	NA
NC_045512.2	6694	G	T	7320	1763	50	1	0	24	0.000136593	7321	1	FALSE	NA	NA	NA	NA	NA	NA
NC_045512.2	6696	C	A	6071	2118	47	3	0	24	0.000493908	6074	1	FALSE	NA	NA	NA	NA	NA	NA
NC_045512.2	6696	C	-T	6071	2118	47	2	0	20	0.000329272	6074	1	FALSE	NA	NA	NA	NA	NA	NA
NC_045512.2	6699	T	C	6282	2348	49	3	1	29	0.000477327	6285	1	FALSE	NA	NA	NA	NA	NA	NA
NC_045512.2	6701	C	A	6271	2381	49	1	0	24	0.000159439	6272	1	FALSE	NA	NA	NA	NA	NA	NA
NC_045512.2	6703	T	C	6309	2418	49	1	0	24	0.000158479	6310	1	FALSE	NA	NA	NA	NA	NA	NA
NC_045512.2	6705	A	G	6300	2474	49	2	1	60	0.000317309	6303	0.24998	FALSE	NA	NA	NA	NA	NA	NA
NC_045512.2	6705	A	C	6300	2474	49	1	0	24	0.000158655	6303	1	FALSE	NA	NA	NA	NA	NA	NA
NC_045512.2	6707	A	G	6265	2479	49	1	0	24	0.000159541	6268	1	FALSE	NA	NA	NA	NA	NA	NA
NC_045512.2	6707	A	C	6265	2479	49	2	0	32	0.000319081	6268	0.964887	FALSE	NA	NA	NA	NA	NA	NA
NC_045512.2	6708	A	C	6326	2619	49	2	0	24	0.000316056	6328	1	FALSE	NA	NA	NA	NA	NA	NA
NC_045512.2	6709	A	G	6317	2627	49	1	0	40	0.000158278	6318	0.50004	FALSE	NA	NA	NA	NA	NA	NA
NC_045512.2	6710	G	T	6320	2600	49	1	1	24	0.000158203	6321	1	FALSE	NA	NA	NA	NA	NA	NA
NC_045512.2	6711	T	G	6398	2968	50	1	1	24	0.000156274	6399	1	FALSE	NA	NA	NA	NA	NA	NA
NC_045512.2	6713	G	A	6408	2999	50	1	0	24	0.000156031	6409	1	FALSE	NA	NA	NA	NA	NA	NA
NC_045512.2	6714	T	G	6540	3220	51	1	1	24	0.000152882	6541	1	FALSE	NA	NA	NA	NA	NA	NA
NC_045512.2	6715	T	C	6568	3267	51	1	0	80	0.00015223	6569	0.500038	FALSE	NA	NA	NA	NA	NA	NA
NC_045512.2	6716	A	G	6529	3297	51	2	0	40	0.000306232	6531	0.250019	FALSE	NA	NA	NA	NA	NA	NA
NC_045512.2	6718	T	G	6629	3380	51	2	2	24	0.000301614	6631	1	FALSE	NA	NA	NA	NA	NA	NA
NC_045512.2	6719	A	G	6587	3418	51	1	1	40	0.000151768	6589	0.5	FALSE	NA	NA	NA	NA	NA	NA
NC_045512.2	6719	A	C	6587	3418	51	1	0	24	0.000151768	6589	1	FALSE	NA	NA	NA	NA	NA	NA
NC_045512.2	6721	A	G	6326	3728	50	1	1	24	0.000158053	6327	1	FALSE	NA	NA	NA	NA	NA	NA
NC_045512.2	6722	A	G	6361	3752	50	1	1	40	0.000157183	6362	0.500039	FALSE	NA	NA	NA	NA	NA	NA
NC_045512.2	6724	T	G	6670	4139	51	2	2	32	0.000299715	6673	0.964885	FALSE	NA	NA	NA	NA	NA	NA
NC_045512.2	6724	T	C	6670	4139	51	1	1	40	0.000149858	6673	0.499963	FALSE	NA	NA	NA	NA	NA	NA
NC_045512.2	6725	A	C	6775	4313	51	1	0	24	0.00014758	6776	1	FALSE	NA	NA	NA	NA	NA	NA
NC_045512.2	6727	T	G	6761	4351	51	1	1	40	0.000147885	6762	0.500037	FALSE	NA	NA	NA	NA	NA	NA
NC_045512.2	6729	A	G	7472	5400	53	1	1	24	0.000133779	7475	1	FALSE	NA	NA	NA	NA	NA	NA
NC_045512.2	6729	A	C	7472	5400	53	2	2	32	0.000267559	7475	0.980497	FALSE	NA	NA	NA	NA	NA	NA
NC_045512.2	6733	A	T	7523	5498	54	1	1	40	0.000132908	7524	0.500033	FALSE	NA	NA	NA	NA	NA	NA
NC_045512.2	6735	T	G	7552	5536	53	1	1	24	0.000132363	7555	1	FALSE	NA	NA	NA	NA	NA	NA
NC_045512.2	6735	T	C	7552	5536	53	1	1	40	0.000132363	7555	0.499967	FALSE	NA	NA	NA	NA	NA	NA
NC_045512.2	6735	T	A	7552	5536	53	1	1	40	0.000132363	7555	0.499967	FALSE	NA	NA	NA	NA	NA	NA
NC_045512.2	6736	T	G	7539	5526	54	2	2	32	0.000265217	7541	0.980506	FALSE	NA	NA	NA	NA	NA	NA
NC_045512.2	6739	A	G	7540	5566	54	3	3	29	0.00039772	7543	1	FALSE	NA	NA	NA	NA	NA	NA
NC_045512.2	6741	G	T	7392	5420	54	2	2	32	0.00027049	7394	0.980507	FALSE	NA	NA	NA	NA	NA	NA
NC_045512.2	6744	G	A	7552	5551	54	1	1	40	0.000132398	7553	0.500033	FALSE	NA	NA	NA	NA	NA	NA
NC_045512.2	6746	T	G	7531	5545	54	1	1	24	0.000132767	7532	1	FALSE	NA	NA	NA	NA	NA	NA
NC_045512.2	6747	T	G	7624	5719	54	1	1	32	0.000131148	7625	0.996103	FALSE	NA	NA	NA	NA	NA	NA
NC_045512.2	6749	A	G	7668	5783	55	1	0	80	0.000130395	7669	0.500033	FALSE	NA	NA	NA	NA	NA	NA
NC_045512.2	6750	A	G	7642	5857	53	4	4	40	0.000523149	7646	0.0624918	FALSE	NA	NA	NA	NA	NA	NA
NC_045512.2	6751	C	T	7664	5913	54	2	2	40	0.000260892	7666	0.250016	FALSE	NA	NA	NA	NA	NA	NA
NC_045512.2	6754	T	G	7382	5785	55	2	2	24	0.000270856	7384	1	FALSE	NA	NA	NA	NA	NA	NA
NC_045512.2	6756	T	G	7384	5896	54	1	1	24	0.000135391	7386	1	FALSE	NA	NA	NA	NA	NA	NA
NC_045512.2	6756	T	C	7384	5896	54	1	1	40	0.000135391	7386	0.5	FALSE	NA	NA	NA	NA	NA	NA
NC_045512.2	6757	T	G	7374	5896	54	1	1	40	0.000135593	7375	0.500034	FALSE	NA	NA	NA	NA	NA	NA
NC_045512.2	6758	T	G	7378	5905	54	2	2	24	0.000271003	7380	1	FALSE	NA	NA	NA	NA	NA	NA
NC_045512.2	6760	T	G	7437	6012	54	2	2	24	0.000268853	7439	1	FALSE	NA	NA	NA	NA	NA	NA
NC_045512.2	6763	T	G	7324	6037	52	3	2	26	0.000409445	7327	1	FALSE	NA	NA	NA	NA	NA	NA
NC_045512.2	6768	A	C	7340	6069	53	1	0	24	0.000136221	7341	1	FALSE	NA	NA	NA	NA	NA	NA
NC_045512.2	6769	T	G	7300	6026	53	1	1	24	0.000136968	7301	1	FALSE	NA	NA	NA	NA	NA	NA
NC_045512.2	6773	C	T	7329	6065	53	1	1	24	0.000136426	7330	1	FALSE	NA	NA	NA	NA	NA	NA
NC_045512.2	6774	C	A	7276	6031	52	1	0	32	0.000137419	7277	0.996103	FALSE	NA	NA	NA	NA	NA	NA
NC_045512.2	6775	T	G	7162	5910	53	2	2	40	0.000279174	7164	0.250017	FALSE	NA	NA	NA	NA	NA	NA
NC_045512.2	6778	T	G	7142	5949	51	1	1	52	0.000139997	7143	0.500035	FALSE	NA	NA	NA	NA	NA	NA
NC_045512.2	6779	T	C	7168	5980	52	2	1	56	0.00027894	7170	0.250017	FALSE	NA	NA	NA	NA	NA	NA
NC_045512.2	6780	T	G	7169	5980	52	1	1	32	0.00013947	7170	0.996104	FALSE	NA	NA	NA	NA	NA	NA
NC_045512.2	6781	C	T	7171	6000	52	2	2	40	0.000278823	7173	0.250017	FALSE	NA	NA	NA	NA	NA	NA
NC_045512.2	6783	T	C	7001	5836	51	1	1	40	0.000142816	7002	0.500036	FALSE	NA	NA	NA	NA	NA	NA
NC_045512.2	6784	T	G	7029	5867	52	2	2	28	0.000284414	7032	1	FALSE	NA	NA	NA	NA	NA	NA
NC_045512.2	6784	T	C	7029	5867	52	1	1	52	0.000142207	7032	0.499964	FALSE	NA	NA	NA	NA	NA	NA
NC_045512.2	6785	A	C	7069	5926	51	1	0	24	0.000141443	7070	1	FALSE	NA	NA	NA	NA	NA	NA
NC_045512.2	6788	T	G	6956	5860	52	1	1	24	0.00014374	6957	1	FALSE	NA	NA	NA	NA	NA	NA
NC_045512.2	6789	T	C	6958	5867	52	1	1	40	0.000143699	6959	0.500036	FALSE	NA	NA	NA	NA	NA	NA
NC_045512.2	6790	A	G	6965	5884	51	1	1	40	0.000143554	6966	0.500036	FALSE	NA	NA	NA	NA	NA	NA
NC_045512.2	6792	T	G	6926	5889	51	2	2	32	0.000288684	6928	0.964899	FALSE	NA	NA	NA	NA	NA	NA
NC_045512.2	6793	G	A	6960	5965	51	2	1	80	0.000287274	6962	0.250018	FALSE	NA	NA	NA	NA	NA	NA
NC_045512.2	6794	C	T	6917	5923	51	1	1	40	0.000144509	6920	0.499964	FALSE	NA	NA	NA	NA	NA	NA
NC_045512.2	6794	C	G	6917	5923	51	1	1	40	0.000144509	6920	0.499964	FALSE	NA	NA	NA	NA	NA	NA
NC_045512.2	6794	C	A	6917	5923	51	1	1	24	0.000144509	6920	1	FALSE	NA	NA	NA	NA	NA	NA
NC_045512.2	6795	T	G	6855	5865	50	1	1	24	0.000145836	6857	1	FALSE	NA	NA	NA	NA	NA	NA
NC_045512.2	6795	T	C	6855	5865	50	1	1	40	0.000145836	6857	0.5	FALSE	NA	NA	NA	NA	NA	NA
NC_045512.2	6796	A	G	6916	5928	51	2	2	32	0.000289101	6918	0.964899	FALSE	NA	NA	NA	NA	NA	NA
NC_045512.2	6797	C	T	6870	5891	49	1	1	24	0.000145412	6877	1	FALSE	NA	NA	NA	NA	NA	NA
NC_045512.2	6797	C	G	6870	5891	49	6	6	46	0.000872473	6877	0.015608	FALSE	NA	NA	NA	NA	NA	NA
NC_045512.2	6798	A	G	6890	5906	51	1	1	40	0.000145117	6891	0.500036	FALSE	NA	NA	NA	NA	NA	NA
NC_045512.2	6800	T	G	6852	5867	50	1	1	24	0.0001459	6854	1	FALSE	NA	NA	NA	NA	NA	NA
NC_045512.2	6800	T	C	6852	5867	50	1	1	40	0.0001459	6854	0.5	FALSE	NA	NA	NA	NA	NA	NA
NC_045512.2	6801	T	G	6850	5964	49	1	1	40	0.000145964	6851	0.500036	FALSE	NA	NA	NA	NA	NA	NA
NC_045512.2	6802	G	T	5132	4495	49	1731	1536	49	0.252185	6864	0	TRUE	NA	NA	NA	NA	NA	NA
NC_045512.2	6802	G	A	5132	4495	49	1	0	80	0.000145688	6864	0.427893	FALSE	NA	NA	NA	NA	NA	NA
NC_045512.2	6803	T	G	6689	5887	49	1	1	32	0.000149477	6690	0.992204	FALSE	NA	NA	NA	NA	NA	NA
NC_045512.2	6804	G	A	6717	5986	48	1	1	40	0.000148854	6718	0.500037	FALSE	NA	NA	NA	NA	NA	NA
NC_045512.2	6805	T	G	6695	5965	48	1	1	24	0.000149343	6696	1	FALSE	NA	NA	NA	NA	NA	NA
NC_045512.2	6807	C	T	6689	5984	48	1	0	80	0.000149477	6690	0.500037	FALSE	NA	NA	NA	NA	NA	NA
NC_045512.2	6814	T	G	6317	5673	46	2	2	40	0.000316506	6319	0.25002	FALSE	NA	NA	NA	NA	NA	NA
NC_045512.2	6816	G	T	6201	5573	45	4	4	28	0.000644538	6206	1	FALSE	NA	NA	NA	NA	NA	NA
NC_045512.2	6816	G	C	6201	5573	45	1	1	40	0.000161134	6206	0.499879	FALSE	NA	NA	NA	NA	NA	NA
NC_045512.2	6818	A	G	6335	5723	47	1	1	40	0.000157803	6337	0.5	FALSE	NA	NA	NA	NA	NA	NA
NC_045512.2	6818	A	C	6335	5723	47	1	1	40	0.000157803	6337	0.5	FALSE	NA	NA	NA	NA	NA	NA
NC_045512.2	6820	T	G	6268	5663	46	3	3	29	0.000478393	6271	1	FALSE	NA	NA	NA	NA	NA	NA
NC_045512.2	6823	A	C	6316	5776	46	1	1	24	0.000158303	6317	1	FALSE	NA	NA	NA	NA	NA	NA
NC_045512.2	6824	A	G	6321	5788	46	1	1	40	0.000158178	6322	0.50004	FALSE	NA	NA	NA	NA	NA	NA
NC_045512.2	6825	A	G	6296	5785	46	2	2	32	0.000317561	6298	0.964905	FALSE	NA	NA	NA	NA	NA	NA
NC_045512.2	6827	T	G	6262	5794	45	1	1	32	0.000159668	6263	0.992205	FALSE	NA	NA	NA	NA	NA	NA
NC_045512.2	6829	T	G	6054	5604	44	2	2	32	0.000330251	6056	0.964907	FALSE	NA	NA	NA	NA	NA	NA
NC_045512.2	6830	A	G	6161	5714	45	1	1	24	0.000162285	6162	1	FALSE	NA	NA	NA	NA	NA	NA
NC_045512.2	6833	A	G	6160	5725	45	1	1	24	0.000162311	6161	1	FALSE	NA	NA	NA	NA	NA	NA
NC_045512.2	6834	T	G	6105	5676	45	4	4	24	0.000654664	6110	1	FALSE	NA	NA	NA	NA	NA	NA
NC_045512.2	6834	T	C	6105	5676	45	1	1	40	0.000163666	6110	0.499877	FALSE	NA	NA	NA	NA	NA	NA
NC_045512.2	6835	T	G	5983	5556	43	1	1	32	0.000167112	5984	0.984402	FALSE	NA	NA	NA	NA	NA	NA
NC_045512.2	6836	A	G	6092	5668	45	1	1	24	0.000164123	6093	1	FALSE	NA	NA	NA	NA	NA	NA
NC_045512.2	6837	A	G	6090	5669	45	1	0	80	0.00016415	6092	0.5	FALSE	NA	NA	NA	NA	NA	NA
NC_045512.2	6837	A	C	6090	5669	45	1	1	24	0.00016415	6092	1	FALSE	NA	NA	NA	NA	NA	NA
NC_045512.2	6838	A	G	6088	5686	45	2	2	32	0.000328407	6090	0.964907	FALSE	NA	NA	NA	NA	NA	NA
NC_045512.2	6840	C	A	6003	5632	44	1	1	24	0.000166556	6004	1	FALSE	NA	NA	NA	NA	NA	NA
NC_045512.2	6842	T	G	5960	5588	44	1	1	24	0.000167729	5962	1	FALSE	NA	NA	NA	NA	NA	NA
NC_045512.2	6842	T	C	5960	5588	44	1	1	40	0.000167729	5962	0.5	FALSE	NA	NA	NA	NA	NA	NA
NC_045512.2	6844	T	G	5933	5584	44	1	1	24	0.000168464	5936	1	FALSE	NA	NA	NA	NA	NA	NA
NC_045512.2	6844	T	C	5933	5584	44	2	2	40	0.000336927	5936	0.249979	FALSE	NA	NA	NA	NA	NA	NA
NC_045512.2	6846	T	G	5922	5573	44	2	2	24	0.00033761	5924	1	FALSE	NA	NA	NA	NA	NA	NA
NC_045512.2	6847	G	T	5919	5570	44	2	2	24	0.000337724	5922	1	FALSE	NA	NA	NA	NA	NA	NA
NC_045512.2	6847	G	C	5919	5570	44	1	1	40	0.000168862	5922	0.499958	FALSE	NA	NA	NA	NA	NA	NA
NC_045512.2	6848	C	G	5948	5609	44	1	1	40	0.000168095	5949	0.500042	FALSE	NA	NA	NA	NA	NA	NA
NC_045512.2	6852	C	T	5516	5202	44	1	0	80	0.000181258	5517	0.500045	FALSE	NA	NA	NA	NA	NA	NA
NC_045512.2	6855	C	G	5389	5085	44	1	1	40	0.000185529	5390	0.500046	FALSE	NA	NA	NA	NA	NA	NA
NC_045512.2	6856	T	G	5285	4982	44	2	2	24	0.000378286	5287	1	FALSE	NA	NA	NA	NA	NA	NA
NC_045512.2	6857	A	G	5315	5013	44	3	3	24	0.000564016	5319	1	FALSE	NA	NA	NA	NA	NA	NA
NC_045512.2	6857	A	C	5315	5013	44	1	1	32	0.000188005	5319	0.984379	FALSE	NA	NA	NA	NA	NA	NA
NC_045512.2	6858	T	G	39779	7080	40	2	0	40	5.02689e-05	39786	0.812476	FALSE	NA	NA	NA	NA	NA	NA
NC_045512.2	6858	T	C	39779	7080	40	5	0	40	0.000125672	39786	0.363261	FALSE	NA	NA	NA	NA	NA	NA
NC_045512.2	6859	A	G	39560	6962	40	3	1	34	7.5815e-05	39570	1	FALSE	NA	NA	NA	NA	NA	NA
NC_045512.2	6859	A	C	39560	6962	40	7	0	26	0.000176902	39570	1	FALSE	NA	NA	NA	NA	NA	NA
NC_045512.2	6860	G	T	41037	7006	40	1	0	40	2.43611e-05	41049	0.968735	FALSE	NA	NA	NA	NA	NA	NA
NC_045512.2	6860	G	C	41037	7006	40	5	1	30	0.000121806	41049	1	FALSE	NA	NA	NA	NA	NA	NA
NC_045512.2	6860	G	A	41037	7006	40	6	2	37	0.000146167	41049	1	FALSE	NA	NA	NA	NA	NA	NA
NC_045512.2	6861	C	T	40942	6634	40	1	0	40	2.44206e-05	40949	0.968744	FALSE	NA	NA	NA	NA	NA	NA
NC_045512.2	6861	C	G	40942	6634	40	5	0	33	0.000122103	40949	1	FALSE	NA	NA	NA	NA	NA	NA
NC_045512.2	6861	C	A	40942	6634	40	1	0	40	2.44206e-05	40949	0.968744	FALSE	NA	NA	NA	NA	NA	NA
NC_045512.2	6862	A	G	42187	6641	40	3	1	40	7.10951e-05	42197	0.773389	FALSE	NA	NA	NA	NA	NA	NA
NC_045512.2	6862	A	C	42187	6641	40	7	1	28	0.000165889	42197	1	FALSE	NA	NA	NA	NA	NA	NA
NC_045512.2	6863	A	G	42191	6672	40	17	1	38	0.000402548	42231	0.999707	FALSE	NA	NA	NA	NA	NA	NA
NC_045512.2	6863	A	C	42191	6672	40	23	0	27	0.000544624	42231	1	FALSE	NA	NA	NA	NA	NA	NA
NC_045512.2	6864	A	G	42100	6300	40	1	0	24	2.37473e-05	42110	1	FALSE	NA	NA	NA	NA	NA	NA
NC_045512.2	6864	A	C	42100	6300	40	9	0	24	0.000213726	42110	1	FALSE	NA	NA	NA	NA	NA	NA
NC_045512.2	6865	G	T	46819	6420	40	4	0	28	8.54044e-05	46836	1	FALSE	NA	NA	NA	NA	NA	NA
NC_045512.2	6865	G	C	46819	6420	40	12	0	29	0.000256213	46836	1	FALSE	NA	NA	NA	NA	NA	NA
NC_045512.2	6865	G	A	46819	6420	40	1	0	40	2.13511e-05	46836	0.968728	FALSE	NA	NA	NA	NA	NA	NA
NC_045512.2	6866	A	G	46643	6382	40	7	3	35	0.000149993	46669	1	FALSE	NA	NA	NA	NA	NA	NA
NC_045512.2	6866	A	C	46643	6382	40	19	2	25	0.000407123	46669	1	FALSE	NA	NA	NA	NA	NA	NA
NC_045512.2	6867	A	G	48042	6555	40	3	0	34	6.24363e-05	48049	1	FALSE	NA	NA	NA	NA	NA	NA
NC_045512.2	6867	A	C	48042	6555	40	4	0	32	8.32484e-05	48049	1	FALSE	NA	NA	NA	NA	NA	NA
NC_045512.2	6868	T	G	48123	6687	41	11	4	37	0.000228481	48144	1	FALSE	NA	NA	NA	NA	NA	NA
NC_045512.2	6868	T	C	48123	6687	41	9	0	36	0.000186939	48144	1	FALSE	NA	NA	NA	NA	NA	NA
NC_045512.2	6868	T	A	48123	6687	41	1	0	40	2.0771e-05	48144	0.968722	FALSE	NA	NA	NA	NA	NA	NA
NC_045512.2	6868	T	-AC	48123	6687	41	1	0	20	2.0771e-05	48144	1	FALSE	NA	NA	NA	NA	NA	NA
NC_045512.2	6869	A	G	48813	6680	41	17	1	26	0.000348061	48842	1	FALSE	NA	NA	NA	NA	NA	NA
NC_045512.2	6869	A	C	48813	6680	41	12	0	36	0.00024569	48842	1	FALSE	NA	NA	NA	NA	NA	NA
NC_045512.2	6870	C	T	58504	7033	41	3	0	40	5.12742e-05	58509	0.855466	FALSE	NA	NA	NA	NA	NA	NA
NC_045512.2	6870	C	G	58504	7033	41	2	0	40	3.41828e-05	58509	0.937497	FALSE	NA	NA	NA	NA	NA	NA
NC_045512.2	6871	T	G	58495	6808	41	4	1	30	6.83679e-05	58507	1	FALSE	NA	NA	NA	NA	NA	NA
NC_045512.2	6871	T	C	58495	6808	41	8	0	34	0.000136736	58507	1	FALSE	NA	NA	NA	NA	NA	NA
NC_045512.2	6871	T	+GACAG	58495	6808	41	1	0	20	1.7092e-05	58507	1	FALSE	NA	NA	NA	NA	NA	NA
NC_045512.2	6872	G	T	60170	6857	41	2	1	32	3.32358e-05	60176	1	FALSE	NA	NA	NA	NA	NA	NA
NC_045512.2	6872	G	A	60170	6857	41	4	2	32	6.64717e-05	60176	1	FALSE	NA	NA	NA	NA	NA	NA
NC_045512.2	6873	T	G	60196	6833	41	9	3	29	0.000149477	60210	1	FALSE	NA	NA	NA	NA	NA	NA
NC_045512.2	6873	T	C	60196	6833	41	5	0	38	8.30427e-05	60210	1	FALSE	NA	NA	NA	NA	NA	NA
NC_045512.2	6874	T	G	59697	6243	41	4	4	28	6.69905e-05	59710	1	FALSE	NA	NA	NA	NA	NA	NA
NC_045512.2	6874	T	C	59697	6243	41	8	0	32	0.000133981	59710	1	FALSE	NA	NA	NA	NA	NA	NA
NC_045512.2	6874	T	A	59697	6243	41	1	0	24	1.67476e-05	59710	1	FALSE	NA	NA	NA	NA	NA	NA
NC_045512.2	6874	T	-A	59697	6243	41	1	0	20	1.67476e-05	59710	1	FALSE	NA	NA	NA	NA	NA	NA
NC_045512.2	6875	A	T	59441	6393	41	3	1	34	5.04498e-05	59465	1	FALSE	NA	NA	NA	NA	NA	NA
NC_045512.2	6875	A	G	59441	6393	41	5	0	30	8.40831e-05	59465	1	FALSE	NA	NA	NA	NA	NA	NA
NC_045512.2	6875	A	C	59441	6393	41	16	0	29	0.000269066	59465	1	FALSE	NA	NA	NA	NA	NA	NA
NC_045512.2	6876	A	G	59263	6197	41	8	1	36	0.000134937	59287	1	FALSE	NA	NA	NA	NA	NA	NA
NC_045512.2	6876	A	C	59263	6197	41	16	0	29	0.000269874	59287	1	FALSE	NA	NA	NA	NA	NA	NA
NC_045512.2	6877	G	T	59819	6222	41	1	0	40	1.67157e-05	59824	0.984375	FALSE	NA	NA	NA	NA	NA	NA
NC_045512.2	6877	G	C	59819	6222	41	1	0	40	1.67157e-05	59824	0.984375	FALSE	NA	NA	NA	NA	NA	NA
NC_045512.2	6877	G	A	59819	6222	41	3	0	40	5.01471e-05	59824	0.855471	FALSE	NA	NA	NA	NA	NA	NA
NC_045512.2	6878	A	T	59401	6319	41	1	0	24	1.68245e-05	59437	1	FALSE	NA	NA	NA	NA	NA	NA
NC_045512.2	6878	A	G	59401	6319	41	13	0	33	0.000218719	59437	1	FALSE	NA	NA	NA	NA	NA	NA
NC_045512.2	6878	A	C	59401	6319	41	22	0	31	0.00037014	59437	0.999992	FALSE	NA	NA	NA	NA	NA	NA
NC_045512.2	6879	G	C	59801	6285	41	6	0	37	0.000100321	59808	1	FALSE	NA	NA	NA	NA	NA	NA
NC_045512.2	6879	G	A	59801	6285	41	1	0	24	1.67202e-05	59808	1	FALSE	NA	NA	NA	NA	NA	NA
NC_045512.2	6880	T	G	57012	3558	41	5	1	32	8.76885e-05	57020	1	FALSE	NA	NA	NA	NA	NA	NA
NC_045512.2	6880	T	C	57012	3558	41	3	0	34	5.26131e-05	57020	1	FALSE	NA	NA	NA	NA	NA	NA
NC_045512.2	6881	G	T	56932	3564	41	2	0	40	3.51173e-05	56952	0.937457	FALSE	NA	NA	NA	NA	NA	NA
NC_045512.2	6881	G	C	56932	3564	41	16	0	35	0.000280938	56952	1	FALSE	NA	NA	NA	NA	NA	NA
NC_045512.2	6881	G	A	56932	3564	41	2	0	32	3.51173e-05	56952	1	FALSE	NA	NA	NA	NA	NA	NA
NC_045512.2	6882	T	C	57103	3556	41	4	0	34	7.0044e-05	57107	1	FALSE	NA	NA	NA	NA	NA	NA
NC_045512.2	6883	C	T	56862	3591	41	3	0	40	5.27306e-05	56893	0.855322	FALSE	NA	NA	NA	NA	NA	NA
NC_045512.2	6883	C	G	56862	3591	41	17	0	34	0.000298807	56893	0.999999	FALSE	NA	NA	NA	NA	NA	NA
NC_045512.2	6883	C	A	56862	3591	41	11	0	34	0.000193345	56893	1	FALSE	NA	NA	NA	NA	NA	NA
NC_045512.2	6884	G	C	57476	3605	41	4	0	40	6.95882e-05	57481	0.746102	FALSE	NA	NA	NA	NA	NA	NA
NC_045512.2	6884	G	A	57476	3605	41	1	0	24	1.73971e-05	57481	1	FALSE	NA	NA	NA	NA	NA	NA
NC_045512.2	6885	G	T	57545	3619	41	1	0	24	1.73741e-05	57557	1	FALSE	NA	NA	NA	NA	NA	NA
NC_045512.2	6885	G	C	57545	3619	41	5	0	33	8.68704e-05	57557	1	FALSE	NA	NA	NA	NA	NA	NA
NC_045512.2	6885	G	A	57545	3619	41	6	0	34	0.000104244	57557	1	FALSE	NA	NA	NA	NA	NA	NA
NC_045512.2	6886	T	G	57663	3772	41	1	0	40	1.734e-05	57670	0.984373	FALSE	NA	NA	NA	NA	NA	NA
NC_045512.2	6886	T	C	57663	3772	41	6	0	36	0.00010404	57670	1	FALSE	NA	NA	NA	NA	NA	NA
NC_045512.2	6887	A	G	57388	3815	41	6	0	40	0.000104526	57402	0.499917	FALSE	NA	NA	NA	NA	NA	NA
NC_045512.2	6887	A	C	57388	3815	41	8	0	24	0.000139368	57402	1	FALSE	NA	NA	NA	NA	NA	NA
NC_045512.2	6888	A	T	57076	3824	41	1	0	40	1.75156e-05	57092	0.984366	FALSE	NA	NA	NA	NA	NA	NA
NC_045512.2	6888	A	G	57076	3824	41	11	1	41	0.000192671	57092	0.105015	FALSE	NA	NA	NA	NA	NA	NA
NC_045512.2	6888	A	C	57076	3824	41	4	0	32	7.00624e-05	57092	1	FALSE	NA	NA	NA	NA	NA	NA
NC_045512.2	6889	A	G	58366	3992	42	5	0	33	8.56546e-05	58374	1	FALSE	NA	NA	NA	NA	NA	NA
NC_045512.2	6889	A	C	58366	3992	42	3	0	34	5.13927e-05	58374	1	FALSE	NA	NA	NA	NA	NA	NA
NC_045512.2	6890	T	C	58544	4026	42	3	0	29	5.12391e-05	58549	1	FALSE	NA	NA	NA	NA	NA	NA
NC_045512.2	6890	T	A	58544	4026	42	2	0	40	3.41594e-05	58549	0.9375	FALSE	NA	NA	NA	NA	NA	NA
NC_045512.2	6891	T	G	58621	4020	42	2	1	24	3.41087e-05	58636	1	FALSE	NA	NA	NA	NA	NA	NA
NC_045512.2	6891	T	C	58621	4020	42	13	2	43	0.000221707	58636	0.0481099	FALSE	NA	NA	NA	NA	NA	NA
NC_045512.2	6892	T	G	58652	4024	42	1	0	24	1.70483e-05	58657	1	FALSE	NA	NA	NA	NA	NA	NA
NC_045512.2	6892	T	C	58652	4024	42	4	0	32	6.81931e-05	58657	1	FALSE	NA	NA	NA	NA	NA	NA
NC_045512.2	6893	T	C	58680	4027	42	8	0	38	0.000136314	58688	1	FALSE	NA	NA	NA	NA	NA	NA
NC_045512.2	6894	G	C	60181	4091	42	6	0	32	9.9686e-05	60189	1	FALSE	NA	NA	NA	NA	NA	NA
NC_045512.2	6894	G	A	60181	4091	42	2	0	32	3.32287e-05	60189	1	FALSE	NA	NA	NA	NA	NA	NA
NC_045512.2	6895	T	G	60373	4197	42	2	1	28	3.3123e-05	60381	1	FALSE	NA	NA	NA	NA	NA	NA
NC_045512.2	6895	T	C	60373	4197	42	6	0	34	9.9369e-05	60381	1	FALSE	NA	NA	NA	NA	NA	NA
NC_045512.2	6896	C	G	60370	4219	41	1	0	40	1.65642e-05	60371	0.992189	FALSE	NA	NA	NA	NA	NA	NA
NC_045512.2	6897	T	G	60450	4200	42	1	1	24	1.6541e-05	60456	1	FALSE	NA	NA	NA	NA	NA	NA
NC_045512.2	6897	T	C	60450	4200	42	5	0	30	8.27048e-05	60456	1	FALSE	NA	NA	NA	NA	NA	NA
NC_045512.2	6898	A	G	59164	4244	39	1	0	40	1.68945e-05	59191	0.984357	FALSE	NA	NA	NA	NA	NA	NA
NC_045512.2	6898	A	C	59164	4244	39	26	0	25	0.000439256	59191	1	FALSE	NA	NA	NA	NA	NA	NA
NC_045512.2	6899	G	T	60061	4015	41	9	9	26	0.00014979	60084	1	FALSE	NA	NA	NA	NA	NA	NA
NC_045512.2	6899	G	C	60061	4015	41	10	0	32	0.000166434	60084	1	FALSE	NA	NA	NA	NA	NA	NA
NC_045512.2	6899	G	A	60061	4015	41	4	0	32	6.65735e-05	60084	1	FALSE	NA	NA	NA	NA	NA	NA
NC_045512.2	6900	A	G	60235	4274	42	3	1	42	4.98008e-05	60240	0.91016	FALSE	NA	NA	NA	NA	NA	NA
NC_045512.2	6900	A	C	60235	4274	42	2	0	24	3.32005e-05	60240	1	FALSE	NA	NA	NA	NA	NA	NA
NC_045512.2	6901	G	T	61051	4226	42	2	1	36	3.27568e-05	61056	1	FALSE	NA	NA	NA	NA	NA	NA
NC_045512.2	6901	G	C	61051	4226	42	3	0	40	4.91352e-05	61056	0.91016	FALSE	NA	NA	NA	NA	NA	NA
NC_045512.2	6902	G	T	61193	5053	43	1	0	24	1.63407e-05	61197	1	FALSE	NA	NA	NA	NA	NA	NA
NC_045512.2	6902	G	C	61193	5053	43	3	0	24	4.9022e-05	61197	1	FALSE	NA	NA	NA	NA	NA	NA
NC_045512.2	6903	C	T	61106	5223	43	1	0	40	1.63647e-05	61107	0.992189	FALSE	NA	NA	NA	NA	NA	NA
NC_045512.2	6904	T	C	61307	5235	43	13	1	35	0.000211996	61322	1	FALSE	NA	NA	NA	NA	NA	NA
NC_045512.2	6904	T	A	61307	5235	43	2	0	40	3.26147e-05	61322	0.964827	FALSE	NA	NA	NA	NA	NA	NA
NC_045512.2	6905	T	G	61733	5263	43	2	1	24	3.23908e-05	61746	1	FALSE	NA	NA	NA	NA	NA	NA
NC_045512.2	6905	T	C	61733	5263	43	9	1	39	0.000145758	61746	1	FALSE	NA	NA	NA	NA	NA	NA
NC_045512.2	6905	T	A	61733	5263	43	2	1	40	3.23908e-05	61746	0.96483	FALSE	NA	NA	NA	NA	NA	NA
NC_045512.2	6906	C	T	61906	5895	44	3	0	34	4.84567e-05	61911	1	FALSE	NA	NA	NA	NA	NA	NA
NC_045512.2	6906	C	A	61906	5895	44	2	0	24	3.23044e-05	61911	1	FALSE	NA	NA	NA	NA	NA	NA
NC_045512.2	6907	A	T	62020	5935	44	2	0	32	3.22357e-05	62043	1	FALSE	NA	NA	NA	NA	NA	NA
NC_045512.2	6907	A	G	62020	5935	44	3	0	24	4.83536e-05	62043	1	FALSE	NA	NA	NA	NA	NA	NA
NC_045512.2	6907	A	C	62020	5935	44	18	0	29	0.000290121	62043	1	FALSE	NA	NA	NA	NA	NA	NA
NC_045512.2	6907	A	+ACAG	62020	5935	44	2	0	20	3.22357e-05	62043	1	FALSE	NA	NA	NA	NA	NA	NA
NC_045512.2	6908	T	G	62463	5939	44	2	2	24	3.20164e-05	62468	1	FALSE	NA	NA	NA	NA	NA	NA
NC_045512.2	6908	T	C	62463	5939	44	3	0	29	4.80246e-05	62468	1	FALSE	NA	NA	NA	NA	NA	NA
NC_045512.2	6909	T	C	62518	6164	44	3	0	34	4.79839e-05	62521	1	FALSE	NA	NA	NA	NA	NA	NA
NC_045512.2	6910	T	G	62534	6149	44	2	1	32	3.19795e-05	62540	1	FALSE	NA	NA	NA	NA	NA	NA
NC_045512.2	6910	T	C	62534	6149	44	3	0	34	4.79693e-05	62540	1	FALSE	NA	NA	NA	NA	NA	NA
NC_045512.2	6910	T	A	62534	6149	44	1	0	40	1.59898e-05	62540	0.992187	FALSE	NA	NA	NA	NA	NA	NA
NC_045512.2	6911	A	T	61801	6825	44	2	0	44	3.23483e-05	61827	0.964807	FALSE	NA	NA	NA	NA	NA	NA
NC_045512.2	6911	A	G	61801	6825	44	3	0	40	4.85225e-05	61827	0.910077	FALSE	NA	NA	NA	NA	NA	NA
NC_045512.2	6911	A	C	61801	6825	44	21	0	26	0.000339657	61827	1	FALSE	NA	NA	NA	NA	NA	NA
NC_045512.2	6912	A	G	62297	6817	45	6	0	46	9.62927e-05	62310	0.612733	FALSE	NA	NA	NA	NA	NA	NA
NC_045512.2	6912	A	C	62297	6817	45	7	0	28	0.000112342	62310	1	FALSE	NA	NA	NA	NA	NA	NA
NC_045512.2	6913	T	G	62541	6919	45	1	1	32	1.5988e-05	62547	1	FALSE	NA	NA	NA	NA	NA	NA
NC_045512.2	6913	T	C	62541	6919	45	5	2	44	7.99399e-05	62547	0.725595	FALSE	NA	NA	NA	NA	NA	NA
NC_045512.2	6914	T	G	63043	6950	45	2	2	32	3.17209e-05	63050	1	FALSE	NA	NA	NA	NA	NA	NA
NC_045512.2	6914	T	C	63043	6950	45	5	1	41	7.93021e-05	63050	0.725586	FALSE	NA	NA	NA	NA	NA	NA
NC_045512.2	6915	A	G	62906	7365	46	2	0	60	3.17859e-05	62921	0.24995	FALSE	NA	NA	NA	NA	NA	NA
NC_045512.2	6915	A	C	62906	7365	46	13	0	24	0.000206608	62921	1	FALSE	NA	NA	NA	NA	NA	NA
NC_045512.2	6916	T	G	63420	7618	46	2	1	36	3.15338e-05	63424	1	FALSE	NA	NA	NA	NA	NA	NA
NC_045512.2	6916	T	C	63420	7618	46	2	0	28	3.15338e-05	63424	1	FALSE	NA	NA	NA	NA	NA	NA
NC_045512.2	6917	T	G	63432	7946	46	1	1	32	1.57642e-05	63435	1	FALSE	NA	NA	NA	NA	NA	NA
NC_045512.2	6917	T	C	63432	7946	46	2	0	32	3.15283e-05	63435	1	FALSE	NA	NA	NA	NA	NA	NA
NC_045512.2	6918	T	G	63424	8033	47	2	1	28	3.15288e-05	63434	1	FALSE	NA	NA	NA	NA	NA	NA
NC_045512.2	6918	T	C	63424	8033	47	7	0	40	0.000110351	63434	0.499977	FALSE	NA	NA	NA	NA	NA	NA
NC_045512.2	6918	T	A	63424	8033	47	1	0	40	1.57644e-05	63434	0.992185	FALSE	NA	NA	NA	NA	NA	NA
NC_045512.2	6919	G	T	63418	8042	46	3	0	34	4.73029e-05	63421	1	FALSE	NA	NA	NA	NA	NA	NA
NC_045512.2	6920	A	G	63085	8085	46	5	0	44	7.92318e-05	63106	0.725461	FALSE	NA	NA	NA	NA	NA	NA
NC_045512.2	6920	A	C	63085	8085	46	16	0	26	0.000253542	63106	1	FALSE	NA	NA	NA	NA	NA	NA
NC_045512.2	6921	A	G	62988	8087	46	5	0	44	7.93575e-05	63006	0.725487	FALSE	NA	NA	NA	NA	NA	NA
NC_045512.2	6921	A	C	62988	8087	46	13	0	25	0.00020633	63006	1	FALSE	NA	NA	NA	NA	NA	NA
NC_045512.2	6922	G	T	63489	8050	46	2	0	60	3.14971e-05	63498	0.249974	FALSE	NA	NA	NA	NA	NA	NA
NC_045512.2	6922	G	A	63489	8050	46	7	1	54	0.00011024	63498	0.00781078	TRUE	NA	NA	NA	NA	NA	NA
NC_045512.2	6923	T	C	63577	8252	47	9	3	51	0.000141541	63586	0.00195271	TRUE	NA	NA	NA	NA	NA	NA
NC_045512.2	6924	C	T	64141	8318	47	1	0	40	1.55904e-05	64142	0.992189	FALSE	NA	NA	NA	NA	NA	NA
NC_045512.2	6924	C	-A	64141	8318	47	1	0	20	1.55904e-05	64142	1	FALSE	NA	NA	NA	NA	NA	NA
NC_045512.2	6925	A	G	63842	8353	47	2	0	60	3.13234e-05	63850	0.249975	FALSE	NA	NA	NA	NA	NA	NA
NC_045512.2	6925	A	C	63842	8353	47	6	0	34	9.39702e-05	63850	1	FALSE	NA	NA	NA	NA	NA	NA
NC_045512.2	6926	C	T	63786	8363	46	3	0	40	4.70219e-05	63800	0.910125	FALSE	NA	NA	NA	NA	NA	NA
NC_045512.2	6926	C	A	63786	8363	46	11	0	26	0.000172414	63800	1	FALSE	NA	NA	NA	NA	NA	NA
NC_045512.2	6927	C	T	64370	8381	47	2	0	40	3.1068e-05	64375	0.964845	FALSE	NA	NA	NA	NA	NA	NA
NC_045512.2	6927	C	G	64370	8381	47	2	0	36	3.1068e-05	64375	1	FALSE	NA	NA	NA	NA	NA	NA
NC_045512.2	6927	C	A	64370	8381	47	1	0	24	1.5534e-05	64375	1	FALSE	NA	NA	NA	NA	NA	NA
NC_045512.2	6928	T	C	64314	8558	47	7	2	51	0.000108829	64321	0.00781165	TRUE	NA	NA	NA	NA	NA	NA
NC_045512.2	6928	T	-A	64314	8558	47	1	0	20	1.5547e-05	64321	1	FALSE	NA	NA	NA	NA	NA	NA
NC_045512.2	6929	A	G	63797	8626	47	3	0	34	4.70116e-05	63814	1	FALSE	NA	NA	NA	NA	NA	NA
NC_045512.2	6929	A	C	63797	8626	47	14	0	26	0.000219388	63814	1	FALSE	NA	NA	NA	NA	NA	NA
NC_045512.2	6930	A	G	64074	8618	47	1	0	40	1.56055e-05	64080	0.992187	FALSE	NA	NA	NA	NA	NA	NA
NC_045512.2	6930	A	C	64074	8618	47	5	0	27	7.80275e-05	64080	1	FALSE	NA	NA	NA	NA	NA	NA
NC_045512.2	6930	A	-T	64074	8618	47	2	0	20	3.1211e-05	64080	1	FALSE	NA	NA	NA	NA	NA	NA
NC_045512.2	6930	A	+T	64074	8618	47	1	0	20	1.56055e-05	64080	1	FALSE	NA	NA	NA	NA	NA	NA
NC_045512.2	6931	T	C	64392	8704	47	3	0	40	4.65875e-05	64395	0.91016	FALSE	NA	NA	NA	NA	NA	NA
NC_045512.2	6932	T	C	64419	8848	48	1	0	40	1.55231e-05	64420	0.992189	FALSE	NA	NA	NA	NA	NA	NA
NC_045512.2	6933	T	G	65075	8921	48	1	1	40	1.53659e-05	65079	0.992188	FALSE	NA	NA	NA	NA	NA	NA
NC_045512.2	6933	T	C	65075	8921	48	3	1	53	4.60978e-05	65079	0.124997	FALSE	NA	NA	NA	NA	NA	NA
NC_045512.2	6934	T	G	65064	8923	48	2	2	32	3.07352e-05	65072	1	FALSE	NA	NA	NA	NA	NA	NA
NC_045512.2	6934	T	C	65064	8923	48	6	1	44	9.22056e-05	65072	0.612788	FALSE	NA	NA	NA	NA	NA	NA
NC_045512.2	6935	T	G	65054	8928	48	2	1	32	3.07399e-05	65062	1	FALSE	NA	NA	NA	NA	NA	NA
NC_045512.2	6935	T	C	65054	8928	48	6	0	40	9.22197e-05	65062	0.612788	FALSE	NA	NA	NA	NA	NA	NA
NC_045512.2	6936	C	A	63729	9032	44	7	1	26	0.000109828	63736	1	FALSE	NA	NA	NA	NA	NA	NA
NC_045512.2	6937	T	G	65086	8999	48	3	1	34	4.60879e-05	65093	1	FALSE	NA	NA	NA	NA	NA	NA
NC_045512.2	6937	T	C	65086	8999	48	4	1	46	6.14505e-05	65093	0.828122	FALSE	NA	NA	NA	NA	NA	NA
NC_045512.2	6937	T	-A	65086	8999	48	1	0	20	1.53626e-05	65093	1	FALSE	NA	NA	NA	NA	NA	NA
NC_045512.2	6938	A	G	64356	9065	47	4	0	40	6.21379e-05	64373	0.828052	FALSE	NA	NA	NA	NA	NA	NA
NC_045512.2	6938	A	C	64356	9065	47	13	0	26	0.000201948	64373	1	FALSE	NA	NA	NA	NA	NA	NA
NC_045512.2	6939	A	G	64693	9192	48	7	1	41	0.00010817	64713	0.499864	FALSE	NA	NA	NA	NA	NA	NA
NC_045512.2	6939	A	C	64693	9192	48	13	0	25	0.000200887	64713	1	FALSE	NA	NA	NA	NA	NA	NA
NC_045512.2	6940	A	G	64719	9200	48	2	0	40	3.08985e-05	64728	0.964838	FALSE	NA	NA	NA	NA	NA	NA
NC_045512.2	6940	A	C	64719	9200	48	7	0	26	0.000108145	64728	1	FALSE	NA	NA	NA	NA	NA	NA
NC_045512.2	6941	C	T	65830	10745	50	3	0	42	4.55664e-05	65838	0.910149	FALSE	NA	NA	NA	NA	NA	NA
NC_045512.2	6941	C	G	65830	10745	50	1	0	40	1.51888e-05	65838	0.992186	FALSE	NA	NA	NA	NA	NA	NA
NC_045512.2	6941	C	A	65830	10745	50	4	0	36	6.07552e-05	65838	1	FALSE	NA	NA	NA	NA	NA	NA
NC_045512.2	6943	G	C	66690	10858	50	2	0	24	2.99873e-05	66695	1	FALSE	NA	NA	NA	NA	NA	NA
NC_045512.2	6943	G	A	66690	10858	50	3	0	53	4.49809e-05	66695	0.124994	FALSE	NA	NA	NA	NA	NA	NA
NC_045512.2	6944	A	G	66323	10903	49	6	4	53	9.04336e-05	66347	0.0156112	FALSE	NA	NA	NA	NA	NA	NA
NC_045512.2	6944	A	C	66323	10903	49	18	0	25	0.000271301	66347	1	FALSE	NA	NA	NA	NA	NA	NA
NC_045512.2	6945	T	C	66761	10872	50	3	1	48	4.49337e-05	66765	0.910164	FALSE	NA	NA	NA	NA	NA	NA
NC_045512.2	6945	T	A	66761	10872	50	1	0	40	1.49779e-05	66765	0.992188	FALSE	NA	NA	NA	NA	NA	NA
NC_045512.2	6946	A	G	66520	11036	50	8	2	40	0.000120241	66533	0.395214	FALSE	NA	NA	NA	NA	NA	NA
NC_045512.2	6946	A	C	66520	11036	50	5	0	24	7.51507e-05	66533	1	FALSE	NA	NA	NA	NA	NA	NA
NC_045512.2	6947	A	G	66506	11037	50	9	2	46	0.000135304	66517	0.303599	FALSE	NA	NA	NA	NA	NA	NA
NC_045512.2	6947	A	C	66506	11037	50	2	0	32	3.00675e-05	66517	1	FALSE	NA	NA	NA	NA	NA	NA
NC_045512.2	6948	A	G	67787	11296	50	5	3	52	7.37539e-05	67793	0.0312477	FALSE	NA	NA	NA	NA	NA	NA
NC_045512.2	6948	A	C	67787	11296	50	1	0	24	1.47508e-05	67793	1	FALSE	NA	NA	NA	NA	NA	NA
NC_045512.2	6949	T	G	68157	11305	50	1	1	32	1.46703e-05	68165	1	FALSE	NA	NA	NA	NA	NA	NA
NC_045512.2	6949	T	C	68157	11305	50	7	1	47	0.000102692	68165	0.5	FALSE	NA	NA	NA	NA	NA	NA
NC_045512.2	6950	A	G	68019	11357	50	2	0	60	2.93992e-05	68029	0.249972	FALSE	NA	NA	NA	NA	NA	NA
NC_045512.2	6950	A	C	68019	11357	50	8	1	28	0.000117597	68029	1	FALSE	NA	NA	NA	NA	NA	NA
NC_045512.2	6951	T	C	68243	11417	50	5	0	36	7.32622e-05	68248	1	FALSE	NA	NA	NA	NA	NA	NA
NC_045512.2	6952	T	C	68276	11419	50	9	0	45	0.000131801	68285	0.303619	FALSE	NA	NA	NA	NA	NA	NA
NC_045512.2	6953	A	G	67993	11570	50	5	2	41	7.35197e-05	68009	0.725511	FALSE	NA	NA	NA	NA	NA	NA
NC_045512.2	6953	A	C	67993	11570	50	11	0	26	0.000161743	68009	1	FALSE	NA	NA	NA	NA	NA	NA
NC_045512.2	6953	A	-T	67993	11570	50	2	0	20	2.94079e-05	68009	1	FALSE	NA	NA	NA	NA	NA	NA
NC_045512.2	6954	T	G	68303	11653	50	4	2	34	5.8554e-05	68313	1	FALSE	NA	NA	NA	NA	NA	NA
NC_045512.2	6954	T	C	68303	11653	50	6	0	29	8.7831e-05	68313	1	FALSE	NA	NA	NA	NA	NA	NA
NC_045512.2	6955	A	G	68055	11929	50	1	0	40	1.46908e-05	68070	0.992183	FALSE	NA	NA	NA	NA	NA	NA
NC_045512.2	6955	A	C	68055	11929	50	14	0	26	0.000205671	68070	1	FALSE	NA	NA	NA	NA	NA	NA
NC_045512.2	6956	A	G	67776	12036	50	3	0	29	4.42589e-05	67783	1	FALSE	NA	NA	NA	NA	NA	NA
NC_045512.2	6956	A	C	67776	12036	50	4	0	34	5.90118e-05	67783	1	FALSE	NA	NA	NA	NA	NA	NA
NC_045512.2	6957	T	G	68228	12007	50	1	0	32	1.46557e-05	68233	1	FALSE	NA	NA	NA	NA	NA	NA
NC_045512.2	6957	T	C	68228	12007	50	4	1	46	5.86227e-05	68233	0.828134	FALSE	NA	NA	NA	NA	NA	NA
NC_045512.2	6958	T	C	68305	12034	51	3	0	42	4.39187e-05	68308	0.910167	FALSE	NA	NA	NA	NA	NA	NA
NC_045512.2	6959	T	G	68367	12039	51	1	0	24	1.46261e-05	68371	1	FALSE	NA	NA	NA	NA	NA	NA
NC_045512.2	6959	T	C	68367	12039	51	3	0	29	4.38783e-05	68371	1	FALSE	NA	NA	NA	NA	NA	NA
NC_045512.2	6960	G	A	68588	12079	51	1	0	24	1.45796e-05	68589	1	FALSE	NA	NA	NA	NA	NA	NA
NC_045512.2	6961	G	T	68515	12078	51	2	1	80	2.91873e-05	68523	0.24998	FALSE	NA	NA	NA	NA	NA	NA
NC_045512.2	6961	G	C	68515	12078	51	4	0	32	5.83746e-05	68523	1	FALSE	NA	NA	NA	NA	NA	NA
NC_045512.2	6961	G	A	68515	12078	51	2	0	24	2.91873e-05	68523	1	FALSE	NA	NA	NA	NA	NA	NA
NC_045512.2	6961	G	-T	68515	12078	51	1	0	20	1.45936e-05	68523	1	FALSE	NA	NA	NA	NA	NA	NA
NC_045512.2	6962	T	G	68645	12210	51	1	1	32	1.45666e-05	68650	1	FALSE	NA	NA	NA	NA	NA	NA
NC_045512.2	6962	T	C	68645	12210	51	3	2	66	4.36999e-05	68650	0.124992	FALSE	NA	NA	NA	NA	NA	NA
NC_045512.2	6962	T	A	68645	12210	51	1	0	24	1.45666e-05	68650	1	FALSE	NA	NA	NA	NA	NA	NA
NC_045512.2	6963	T	G	68650	13530	52	1	0	40	1.45641e-05	68662	0.992185	FALSE	NA	NA	NA	NA	NA	NA
NC_045512.2	6963	T	C	68650	13530	52	11	0	41	0.000160205	68662	0.166138	FALSE	NA	NA	NA	NA	NA	NA
NC_045512.2	6964	T	G	68670	13519	52	4	2	34	5.82437e-05	68677	1	FALSE	NA	NA	NA	NA	NA	NA
NC_045512.2	6964	T	C	68670	13519	52	3	1	40	4.36827e-05	68677	0.910153	FALSE	NA	NA	NA	NA	NA	NA
NC_045512.2	6965	T	G	68736	13792	53	1	0	24	1.45469e-05	68743	1	FALSE	NA	NA	NA	NA	NA	NA
NC_045512.2	6965	T	C	68736	13792	53	5	1	52	7.27347e-05	68743	0.0312466	FALSE	NA	NA	NA	NA	NA	NA
NC_045512.2	6965	T	A	68736	13792	53	1	1	80	1.45469e-05	68743	0.499982	FALSE	NA	NA	NA	NA	NA	NA
NC_045512.2	6966	T	G	68714	14472	53	2	1	32	2.91045e-05	68718	1	FALSE	NA	NA	NA	NA	NA	NA
NC_045512.2	6966	T	C	68714	14472	53	2	1	60	2.91045e-05	68718	0.249995	FALSE	NA	NA	NA	NA	NA	NA
NC_045512.2	6967	A	G	67885	15011	52	6	3	46	8.8347e-05	67914	0.612579	FALSE	NA	NA	NA	NA	NA	NA
NC_045512.2	6967	A	C	67885	15011	52	23	0	25	0.000338664	67914	1	FALSE	NA	NA	NA	NA	NA	NA
NC_045512.2	6968	C	T	69541	15839	55	5	2	60	7.18938e-05	69547	0.0312478	FALSE	NA	NA	NA	NA	NA	NA
NC_045512.2	6968	C	A	69541	15839	55	1	0	80	1.43788e-05	69547	0.499986	FALSE	NA	NA	NA	NA	NA	NA
NC_045512.2	6969	T	G	69482	16967	56	3	3	29	4.31742e-05	69486	1	FALSE	NA	NA	NA	NA	NA	NA
NC_045512.2	6969	T	C	69482	16967	56	1	0	40	1.43914e-05	69486	0.992188	FALSE	NA	NA	NA	NA	NA	NA
NC_045512.2	6970	A	G	69720	17278	56	2	0	32	2.86784e-05	69739	1	FALSE	NA	NA	NA	NA	NA	NA
NC_045512.2	6970	A	C	69720	17278	56	17	0	27	0.000243766	69739	1	FALSE	NA	NA	NA	NA	NA	NA
NC_045512.2	6970	A	-T	69720	17278	56	1	0	20	1.43392e-05	69739	1	FALSE	NA	NA	NA	NA	NA	NA
NC_045512.2	6971	T	C	70201	17282	56	3	0	34	4.2732e-05	70205	1	FALSE	NA	NA	NA	NA	NA	NA
NC_045512.2	6971	T	A	70201	17282	56	1	0	40	1.4244e-05	70205	0.996094	FALSE	NA	NA	NA	NA	NA	NA
NC_045512.2	6972	T	G	70147	16971	55	11	11	29	0.000156778	70163	1	FALSE	NA	NA	NA	NA	NA	NA
NC_045512.2	6972	T	C	70147	16971	55	4	0	28	5.70101e-05	70163	1	FALSE	NA	NA	NA	NA	NA	NA
NC_045512.2	6972	T	A	70147	16971	55	1	0	40	1.42525e-05	70163	0.996091	FALSE	NA	NA	NA	NA	NA	NA
NC_045512.2	6973	A	T	69645	17342	56	1	1	80	1.4353e-05	69672	0.49991	FALSE	NA	NA	NA	NA	NA	NA
NC_045512.2	6973	A	G	69645	17342	56	5	2	55	7.17648e-05	69672	0.0312242	FALSE	NA	NA	NA	NA	NA	NA
NC_045512.2	6973	A	C	69645	17342	56	21	0	24	0.000301412	69672	1	FALSE	NA	NA	NA	NA	NA	NA
NC_045512.2	6974	A	G	69566	17329	56	3	1	40	4.31115e-05	69587	0.910103	FALSE	NA	NA	NA	NA	NA	NA
NC_045512.2	6974	A	C	69566	17329	56	18	1	27	0.000258669	69587	1	FALSE	NA	NA	NA	NA	NA	NA
NC_045512.2	6974	A	+GT	69566	17329	56	1	0	20	1.43705e-05	69587	1	FALSE	NA	NA	NA	NA	NA	NA
NC_045512.2	6975	G	T	70869	17427	56	4	3	40	5.64374e-05	70875	0.886723	FALSE	NA	NA	NA	NA	NA	NA
NC_045512.2	6975	G	A	70869	17427	56	2	2	60	2.82187e-05	70875	0.249988	FALSE	NA	NA	NA	NA	NA	NA
NC_045512.2	6976	T	G	70744	20603	59	3	3	29	4.24028e-05	70750	1	FALSE	NA	NA	NA	NA	NA	NA
NC_045512.2	6976	T	C	70744	20603	59	3	0	34	4.24028e-05	70750	1	FALSE	NA	NA	NA	NA	NA	NA
NC_045512.2	6977	G	C	70651	20993	61	1	0	40	1.41531e-05	70656	0.996094	FALSE	NA	NA	NA	NA	NA	NA
NC_045512.2	6977	G	A	70651	20993	61	4	3	66	5.66123e-05	70656	0.0624973	FALSE	NA	NA	NA	NA	NA	NA
NC_045512.2	6978	T	C	70368	20840	61	7	2	40	9.94671e-05	70375	0.604752	FALSE	NA	NA	NA	NA	NA	NA
NC_045512.2	6979	T	C	69891	20809	61	7	1	48	0.000100146	69898	0.50001	FALSE	NA	NA	NA	NA	NA	NA
NC_045512.2	6980	T	C	70017	20697	60	8	3	51	0.000114245	70025	0.00390569	TRUE	NA	NA	NA	NA	NA	NA
NC_045512.2	6981	G	T	70053	20848	60	5	5	33	7.13654e-05	70062	1	FALSE	NA	NA	NA	NA	NA	NA
NC_045512.2	6981	G	C	70053	20848	60	2	1	60	2.85461e-05	70062	0.249977	FALSE	NA	NA	NA	NA	NA	NA
NC_045512.2	6981	G	A	70053	20848	60	2	0	24	2.85461e-05	70062	1	FALSE	NA	NA	NA	NA	NA	NA
NC_045512.2	6982	C	A	68999	23223	61	2	0	36	2.89851e-05	69001	1	FALSE	NA	NA	NA	NA	NA	NA
NC_045512.2	6983	C	T	68181	23727	59	6	5	65	8.79675e-05	68207	0.0156102	FALSE	NA	NA	NA	NA	NA	NA
NC_045512.2	6983	C	A	68181	23727	59	20	0	26	0.000293225	68207	1	FALSE	NA	NA	NA	NA	NA	NA
NC_045512.2	6984	T	G	67862	22572	58	34	34	28	0.000500677	67908	1	FALSE	NA	NA	NA	NA	NA	NA
NC_045512.2	6984	T	C	67862	22572	58	11	3	43	0.000161984	67908	0.165878	FALSE	NA	NA	NA	NA	NA	NA
NC_045512.2	6984	T	A	67862	22572	58	1	1	80	1.47258e-05	67908	0.499838	FALSE	NA	NA	NA	NA	NA	NA
NC_045512.2	6985	A	T	67748	23475	60	1	1	80	1.47556e-05	67771	0.499923	FALSE	NA	NA	NA	NA	NA	NA
NC_045512.2	6985	A	G	67748	23475	60	4	2	32	5.90223e-05	67771	1	FALSE	NA	NA	NA	NA	NA	NA
NC_045512.2	6985	A	C	67748	23475	60	18	0	26	0.0002656	67771	1	FALSE	NA	NA	NA	NA	NA	NA
NC_045512.2	6986	G	A	68200	23573	62	1	0	80	1.46625e-05	68201	0.500004	FALSE	NA	NA	NA	NA	NA	NA
NC_045512.2	6987	G	A	68239	23643	61	1	0	80	1.46542e-05	68240	0.500004	FALSE	NA	NA	NA	NA	NA	NA
NC_045512.2	6988	T	G	68211	23683	62	1	1	24	1.46589e-05	68218	1	FALSE	NA	NA	NA	NA	NA	NA
NC_045512.2	6988	T	C	68211	23683	62	6	1	49	8.79533e-05	68218	0.612798	FALSE	NA	NA	NA	NA	NA	NA
NC_045512.2	6989	T	G	68663	24568	62	1	0	40	1.4563e-05	68667	0.992188	FALSE	NA	NA	NA	NA	NA	NA
NC_045512.2	6989	T	C	68663	24568	62	3	1	46	4.36891e-05	68667	0.910163	FALSE	NA	NA	NA	NA	NA	NA
NC_045512.2	6990	C	T	65709	27698	59	2	0	60	3.04363e-05	65711	0.250002	FALSE	NA	NA	NA	NA	NA	NA
NC_045512.2	6991	T	G	65760	27937	60	2	2	32	3.04118e-05	65764	1	FALSE	NA	NA	NA	NA	NA	NA
NC_045512.2	6991	T	C	65760	27937	60	2	0	46	3.04118e-05	65764	0.964846	FALSE	NA	NA	NA	NA	NA	NA
NC_045512.2	6992	T	G	65747	27894	60	1	1	32	1.52073e-05	65758	1	FALSE	NA	NA	NA	NA	NA	NA
NC_045512.2	6992	T	C	65747	27894	60	10	8	50	0.000152073	65758	0.000976228	TRUE	NA	NA	NA	NA	NA	NA
NC_045512.2	6993	T	G	64831	27157	57	31	30	26	0.000477901	64867	1	FALSE	NA	NA	NA	NA	NA	NA
NC_045512.2	6993	T	C	64831	27157	57	5	1	60	7.70808e-05	64867	0.0312115	FALSE	NA	NA	NA	NA	NA	NA
NC_045512.2	6994	A	G	65507	28334	59	5	1	57	7.63068e-05	65525	0.0312333	FALSE	NA	NA	NA	NA	NA	NA
NC_045512.2	6994	A	C	65507	28334	59	13	1	27	0.000198398	65525	1	FALSE	NA	NA	NA	NA	NA	NA
NC_045512.2	6995	A	T	65458	28299	59	1	0	80	1.52723e-05	65478	0.499931	FALSE	NA	NA	NA	NA	NA	NA
NC_045512.2	6995	A	G	65458	28299	59	6	4	34	9.16338e-05	65478	1	FALSE	NA	NA	NA	NA	NA	NA
NC_045512.2	6995	A	C	65458	28299	59	13	1	28	0.00019854	65478	1	FALSE	NA	NA	NA	NA	NA	NA
NC_045512.2	6996	T	G	65361	29492	59	3	3	29	4.5887e-05	65378	1	FALSE	NA	NA	NA	NA	NA	NA
NC_045512.2	6996	T	C	65361	29492	59	13	2	54	0.000198844	65378	0.000121961	TRUE	NA	NA	NA	NA	NA	NA
NC_045512.2	6996	T	A	65361	29492	59	1	1	24	1.52957e-05	65378	1	FALSE	NA	NA	NA	NA	NA	NA
NC_045512.2	6997	C	T	65511	30042	59	2	2	60	3.05283e-05	65513	0.250002	FALSE	NA	NA	NA	NA	NA	NA
NC_045512.2	6998	T	G	64771	29375	58	6	6	26	9.26097e-05	64788	1	FALSE	NA	NA	NA	NA	NA	NA
NC_045512.2	6998	T	C	64771	29375	58	10	4	60	0.00015435	64788	0.000975771	TRUE	NA	NA	NA	NA	NA	NA
NC_045512.2	6998	T	A	64771	29375	58	1	1	80	1.5435e-05	64788	0.499942	FALSE	NA	NA	NA	NA	NA	NA
NC_045512.2	6999	A	T	64579	29786	56	1	1	80	1.54811e-05	64595	0.499946	FALSE	NA	NA	NA	NA	NA	NA
NC_045512.2	6999	A	G	64579	29786	56	5	1	48	7.74054e-05	64595	0.725507	FALSE	NA	NA	NA	NA	NA	NA
NC_045512.2	6999	A	C	64579	29786	56	10	1	25	0.000154811	64595	1	FALSE	NA	NA	NA	NA	NA	NA
NC_045512.2	7000	C	T	64167	30719	58	5	1	41	7.79144e-05	64173	0.725595	FALSE	NA	NA	NA	NA	NA	NA
NC_045512.2	7000	C	G	64167	30719	58	1	1	40	1.55829e-05	64173	0.992187	FALSE	NA	NA	NA	NA	NA	NA
NC_045512.2	7001	T	G	64100	30612	58	2	1	28	3.11964e-05	64110	1	FALSE	NA	NA	NA	NA	NA	NA
NC_045512.2	7001	T	C	64100	30612	58	8	4	55	0.000124786	64110	0.00390515	TRUE	NA	NA	NA	NA	NA	NA
NC_045512.2	7001	T	-C	64100	30612	58	1	0	20	1.55982e-05	64110	1	FALSE	NA	NA	NA	NA	NA	NA
NC_045512.2	7002	C	T	62364	32357	56	1	1	24	1.60344e-05	62366	1	FALSE	NA	NA	NA	NA	NA	NA
NC_045512.2	7002	C	G	62364	32357	56	1	0	32	1.60344e-05	62366	1	FALSE	NA	NA	NA	NA	NA	NA
NC_045512.2	7003	A	G	62579	33228	57	7	2	44	0.000111835	62592	0.499941	FALSE	NA	NA	NA	NA	NA	NA
NC_045512.2	7003	A	C	62579	33228	57	6	1	24	9.58589e-05	62592	1	FALSE	NA	NA	NA	NA	NA	NA
NC_045512.2	7004	A	G	62021	32888	55	5	2	40	8.06023e-05	62033	0.72554	FALSE	NA	NA	NA	NA	NA	NA
NC_045512.2	7004	A	C	62021	32888	55	7	1	29	0.000112843	62033	1	FALSE	NA	NA	NA	NA	NA	NA
NC_045512.2	7005	C	T	61487	34993	55	2	0	60	3.2524e-05	61493	0.249986	FALSE	NA	NA	NA	NA	NA	NA
NC_045512.2	7005	C	G	61487	34993	55	3	1	29	4.8786e-05	61493	1	FALSE	NA	NA	NA	NA	NA	NA
NC_045512.2	7005	C	A	61487	34993	55	1	0	24	1.6262e-05	61493	1	FALSE	NA	NA	NA	NA	NA	NA
NC_045512.2	7006	C	T	60974	34483	54	2	2	46	3.27998e-05	60976	0.96485	FALSE	NA	NA	NA	NA	NA	NA
NC_045512.2	7007	G	T	60363	33783	53	1	0	40	1.65601e-05	60386	0.992179	FALSE	NA	NA	NA	NA	NA	NA
NC_045512.2	7007	G	C	60363	33783	53	3	2	37	4.96804e-05	60386	1	FALSE	NA	NA	NA	NA	NA	NA
NC_045512.2	7007	G	A	60363	33783	53	19	14	54	0.000314642	60386	1.90375e-06	TRUE	NA	NA	NA	NA	NA	NA
NC_045512.2	7008	C	T	60373	35075	54	4	2	32	6.62504e-05	60377	1	FALSE	NA	NA	NA	NA	NA	NA
NC_045512.2	7009	T	G	59991	34607	54	16	16	27	0.000266622	60010	1	FALSE	NA	NA	NA	NA	NA	NA
NC_045512.2	7009	T	C	59991	34607	54	3	2	48	4.99917e-05	60010	0.910103	FALSE	NA	NA	NA	NA	NA	NA
NC_045512.2	7010	G	T	56781	32714	54	4566	2609	55	0.0744266	61349	0	TRUE	NA	NA	NA	NA	NA	NA
NC_045512.2	7010	G	C	56781	32714	54	2	2	60	3.26004e-05	61349	0.231049	FALSE	NA	NA	NA	NA	NA	NA
NC_045512.2	7011	C	T	60592	35716	53	3	2	48	4.95082e-05	60596	0.910164	FALSE	NA	NA	NA	NA	NA	NA
NC_045512.2	7011	C	A	60592	35716	53	1	0	24	1.65027e-05	60596	1	FALSE	NA	NA	NA	NA	NA	NA
NC_045512.2	7011	C	-T	60592	35716	53	2	0	20	3.30055e-05	60596	1	FALSE	NA	NA	NA	NA	NA	NA
NC_045512.2	7012	T	G	60953	36121	53	3	3	24	4.9215e-05	60957	1	FALSE	NA	NA	NA	NA	NA	NA
NC_045512.2	7012	T	C	60953	36121	53	1	0	32	1.6405e-05	60957	1	FALSE	NA	NA	NA	NA	NA	NA
NC_045512.2	7013	T	G	61020	36258	54	7	7	24	0.000114694	61032	1	FALSE	NA	NA	NA	NA	NA	NA
NC_045512.2	7013	T	C	61020	36258	54	5	3	48	8.19242e-05	61032	0.72554	FALSE	NA	NA	NA	NA	NA	NA
NC_045512.2	7014	T	G	59006	34110	52	92	92	25	0.00155666	59101	1	FALSE	NA	NA	NA	NA	NA	NA
NC_045512.2	7014	T	C	59006	34110	52	3	1	37	5.07606e-05	59101	1	FALSE	NA	NA	NA	NA	NA	NA
NC_045512.2	7015	A	T	60679	36393	53	1	0	80	1.64756e-05	60696	0.499938	FALSE	NA	NA	NA	NA	NA	NA
NC_045512.2	7015	A	G	60679	36393	53	8	7	40	0.000131804	60696	0.395161	FALSE	NA	NA	NA	NA	NA	NA
NC_045512.2	7015	A	C	60679	36393	53	8	1	24	0.000131804	60696	1	FALSE	NA	NA	NA	NA	NA	NA
NC_045512.2	7016	G	C	59895	38283	52	1	1	40	1.66953e-05	59897	0.984377	FALSE	NA	NA	NA	NA	NA	NA
NC_045512.2	7016	G	A	59895	38283	52	1	1	40	1.66953e-05	59897	0.984377	FALSE	NA	NA	NA	NA	NA	NA
NC_045512.2	7017	G	T	59362	37759	51	11	11	29	0.000185263	59375	1	FALSE	NA	NA	NA	NA	NA	NA
NC_045512.2	7017	G	C	59362	37759	51	1	1	40	1.68421e-05	59375	0.984368	FALSE	NA	NA	NA	NA	NA	NA
NC_045512.2	7017	G	A	59362	37759	51	1	0	36	1.68421e-05	59375	1	FALSE	NA	NA	NA	NA	NA	NA
NC_045512.2	7018	T	G	58711	37916	51	31	30	27	0.000527704	58745	1	FALSE	NA	NA	NA	NA	NA	NA
NC_045512.2	7018	T	C	58711	37916	51	3	2	40	5.10682e-05	58745	0.855309	FALSE	NA	NA	NA	NA	NA	NA
NC_045512.2	7019	G	T	59104	38225	51	7	7	26	0.000118411	59116	1	FALSE	NA	NA	NA	NA	NA	NA
NC_045512.2	7019	G	A	59104	38225	51	5	3	52	8.45795e-05	59116	0.0312394	FALSE	NA	NA	NA	NA	NA	NA
NC_045512.2	7019	G	-T	59104	38225	51	2	0	20	3.38318e-05	59116	1	FALSE	NA	NA	NA	NA	NA	NA
NC_045512.2	7020	T	G	60062	40342	51	3	3	42	4.99442e-05	60067	0.910152	FALSE	NA	NA	NA	NA	NA	NA
NC_045512.2	7020	T	C	60062	40342	51	2	2	52	3.32962e-05	60067	0.249981	FALSE	NA	NA	NA	NA	NA	NA
NC_045512.2	7021	T	G	57544	43243	47	7	7	24	0.000121623	57555	1	FALSE	NA	NA	NA	NA	NA	NA
NC_045512.2	7021	T	C	57544	43243	47	4	2	40	6.94987e-05	57555	0.746051	FALSE	NA	NA	NA	NA	NA	NA
NC_045512.2	7022	T	G	57737	43667	48	11	11	32	0.000190466	57753	1	FALSE	NA	NA	NA	NA	NA	NA
NC_045512.2	7022	T	C	57737	43667	48	5	5	30	8.65756e-05	57753	1	FALSE	NA	NA	NA	NA	NA	NA
NC_045512.2	7023	T	G	55426	42401	46	90	90	26	0.00162098	55522	1	FALSE	NA	NA	NA	NA	NA	NA
NC_045512.2	7023	T	C	55426	42401	46	5	2	27	9.00544e-05	55522	1	FALSE	NA	NA	NA	NA	NA	NA
NC_045512.2	7023	T	A	55426	42401	46	1	1	24	1.80109e-05	55522	1	FALSE	NA	NA	NA	NA	NA	NA
NC_045512.2	7024	A	G	58320	45573	47	1	0	36	1.71453e-05	58325	1	FALSE	NA	NA	NA	NA	NA	NA
NC_045512.2	7024	A	C	58320	45573	47	4	2	32	6.85812e-05	58325	1	FALSE	NA	NA	NA	NA	NA	NA
NC_045512.2	7025	A	G	57610	44856	46	4	4	35	6.94264e-05	57615	1	FALSE	NA	NA	NA	NA	NA	NA
NC_045512.2	7025	A	C	57610	44856	46	1	0	24	1.73566e-05	57615	1	FALSE	NA	NA	NA	NA	NA	NA
NC_045512.2	7026	T	G	57231	44412	47	20	20	26	0.000349302	57257	1	FALSE	NA	NA	NA	NA	NA	NA
NC_045512.2	7026	T	C	57231	44412	47	6	3	50	0.000104791	57257	0.0156074	FALSE	NA	NA	NA	NA	NA	NA
NC_045512.2	7027	G	T	57821	44851	47	20	20	24	0.000345746	57846	1	FALSE	NA	NA	NA	NA	NA	NA
NC_045512.2	7027	G	A	57821	44851	47	5	4	42	8.64364e-05	57846	0.62285	FALSE	NA	NA	NA	NA	NA	NA
NC_045512.2	7028	T	C	57615	44846	47	4	3	43	6.94203e-05	57620	0.746102	FALSE	NA	NA	NA	NA	NA	NA
NC_045512.2	7028	T	A	57615	44846	47	1	0	24	1.73551e-05	57620	1	FALSE	NA	NA	NA	NA	NA	NA
NC_045512.2	7029	C	T	57584	44938	47	3	2	24	5.20915e-05	57591	1	FALSE	NA	NA	NA	NA	NA	NA
NC_045512.2	7029	C	G	57584	44938	47	1	1	40	1.73638e-05	57591	0.984373	FALSE	NA	NA	NA	NA	NA	NA
NC_045512.2	7029	C	A	57584	44938	47	3	0	26	5.20915e-05	57591	1	FALSE	NA	NA	NA	NA	NA	NA
NC_045512.2	7030	T	G	55238	42481	45	81	81	25	0.00146408	55325	1	FALSE	NA	NA	NA	NA	NA	NA
NC_045512.2	7030	T	C	55238	42481	45	6	3	48	0.00010845	55325	0.499021	FALSE	NA	NA	NA	NA	NA	NA
NC_045512.2	7031	A	T	58426	45778	47	1	1	32	1.7111e-05	58442	1	FALSE	NA	NA	NA	NA	NA	NA
NC_045512.2	7031	A	G	58426	45778	47	8	7	39	0.000136888	58442	1	FALSE	NA	NA	NA	NA	NA	NA
NC_045512.2	7031	A	C	58426	45778	47	7	2	26	0.000119777	58442	1	FALSE	NA	NA	NA	NA	NA	NA
NC_045512.2	7032	A	G	57747	45074	46	9	7	32	0.000155814	57761	1	FALSE	NA	NA	NA	NA	NA	NA
NC_045512.2	7032	A	C	57747	45074	46	5	0	25	8.65636e-05	57761	1	FALSE	NA	NA	NA	NA	NA	NA
NC_045512.2	7033	T	C	58469	45756	47	3	2	24	5.13066e-05	58472	1	FALSE	NA	NA	NA	NA	NA	NA
NC_045512.2	7034	T	G	58204	45571	47	11	11	25	0.000188932	58222	1	FALSE	NA	NA	NA	NA	NA	NA
NC_045512.2	7034	T	C	58204	45571	47	6	3	38	0.000103054	58222	1	FALSE	NA	NA	NA	NA	NA	NA
NC_045512.2	7034	T	A	58204	45571	47	1	1	24	1.71756e-05	58222	1	FALSE	NA	NA	NA	NA	NA	NA
NC_045512.2	7035	T	G	54396	41800	44	122	122	26	0.00223763	54522	1	FALSE	NA	NA	NA	NA	NA	NA
NC_045512.2	7035	T	C	54396	41800	44	4	4	36	7.33649e-05	54522	1	FALSE	NA	NA	NA	NA	NA	NA
NC_045512.2	7036	A	G	57311	45008	46	9	9	45	0.000157011	57321	0.211961	FALSE	NA	NA	NA	NA	NA	NA
NC_045512.2	7036	A	C	57311	45008	46	1	1	40	1.74456e-05	57321	0.984371	FALSE	NA	NA	NA	NA	NA	NA
NC_045512.2	7037	G	T	56766	44326	44	5	5	24	8.80716e-05	56772	1	FALSE	NA	NA	NA	NA	NA	NA
NC_045512.2	7037	G	A	56766	44326	44	1	1	40	1.76143e-05	56772	0.984374	FALSE	NA	NA	NA	NA	NA	NA
NC_045512.2	7038	G	T	58378	46084	47	1	1	40	1.71271e-05	58387	0.984371	FALSE	NA	NA	NA	NA	NA	NA
NC_045512.2	7038	G	C	58378	46084	47	6	6	38	0.000102763	58387	1	FALSE	NA	NA	NA	NA	NA	NA
NC_045512.2	7038	G	A	58378	46084	47	2	1	60	3.42542e-05	58387	0.249972	FALSE	NA	NA	NA	NA	NA	NA
NC_045512.2	7039	C	T	58017	46272	46	4	1	40	6.89382e-05	58023	0.746094	FALSE	NA	NA	NA	NA	NA	NA
NC_045512.2	7039	C	A	58017	46272	46	2	2	32	3.44691e-05	58023	1	FALSE	NA	NA	NA	NA	NA	NA
NC_045512.2	7040	A	T	60005	49011	46	1	0	80	1.66617e-05	60018	0.499954	FALSE	NA	NA	NA	NA	NA	NA
NC_045512.2	7040	A	G	60005	49011	46	8	7	39	0.000133293	60018	1	FALSE	NA	NA	NA	NA	NA	NA
NC_045512.2	7040	A	C	60005	49011	46	4	3	34	6.66467e-05	60018	1	FALSE	NA	NA	NA	NA	NA	NA
NC_045512.2	7041	T	G	58137	47113	45	41	41	25	0.00070471	58180	1	FALSE	NA	NA	NA	NA	NA	NA
NC_045512.2	7041	T	C	58137	47113	45	1	1	40	1.7188e-05	58180	0.984344	FALSE	NA	NA	NA	NA	NA	NA
NC_045512.2	7041	T	A	58137	47113	45	1	1	40	1.7188e-05	58180	0.984344	FALSE	NA	NA	NA	NA	NA	NA
NC_045512.2	7042	G	T	61020	49975	47	5	4	27	8.19309e-05	61027	1	FALSE	NA	NA	NA	NA	NA	NA
NC_045512.2	7042	G	A	61020	49975	47	2	2	40	3.27724e-05	61027	0.964841	FALSE	NA	NA	NA	NA	NA	NA
NC_045512.2	7043	C	T	62179	50874	47	3	2	34	4.82416e-05	62187	1	FALSE	NA	NA	NA	NA	NA	NA
NC_045512.2	7043	C	G	62179	50874	47	4	4	36	6.43221e-05	62187	1	FALSE	NA	NA	NA	NA	NA	NA
NC_045512.2	7043	C	A	62179	50874	47	1	1	40	1.60805e-05	62187	0.992186	FALSE	NA	NA	NA	NA	NA	NA
NC_045512.2	7044	C	T	61154	50768	46	3	3	29	4.90541e-05	61157	1	FALSE	NA	NA	NA	NA	NA	NA
NC_045512.2	7045	T	G	62086	51672	47	4	3	32	6.44164e-05	62096	1	FALSE	NA	NA	NA	NA	NA	NA
NC_045512.2	7045	T	C	62086	51672	47	6	5	36	9.66246e-05	62096	1	FALSE	NA	NA	NA	NA	NA	NA
NC_045512.2	7046	T	G	60608	50203	45	1	1	24	1.64954e-05	60623	1	FALSE	NA	NA	NA	NA	NA	NA
NC_045512.2	7046	T	C	60608	50203	45	14	12	37	0.000230935	60623	1	FALSE	NA	NA	NA	NA	NA	NA
NC_045512.2	7047	C	T	62005	51769	46	1	1	24	1.61272e-05	62007	1	FALSE	NA	NA	NA	NA	NA	NA
NC_045512.2	7047	C	G	62005	51769	46	1	1	40	1.61272e-05	62007	0.992189	FALSE	NA	NA	NA	NA	NA	NA
NC_045512.2	7047	C	-T	62005	51769	46	2	0	20	3.22544e-05	62007	1	FALSE	NA	NA	NA	NA	NA	NA
NC_045512.2	7048	T	G	62321	51790	46	7	7	28	0.000112289	62339	1	FALSE	NA	NA	NA	NA	NA	NA
NC_045512.2	7048	T	C	62321	51790	46	11	11	34	0.000176455	62339	1	FALSE	NA	NA	NA	NA	NA	NA
NC_045512.2	7048	T	+TACTG	62321	51790	46	2	0	20	3.20816e-05	62341	1	FALSE	NA	NA	NA	NA	NA	NA
NC_045512.2	7049	T	G	61149	50623	46	24	24	26	0.000392324	61174	1	FALSE	NA	NA	NA	NA	NA	NA
NC_045512.2	7049	T	C	61149	50623	46	1	1	24	1.63468e-05	61174	1	FALSE	NA	NA	NA	NA	NA	NA
NC_045512.2	7050	A	T	62567	52224	46	1	1	24	1.59801e-05	62578	1	FALSE	NA	NA	NA	NA	NA	NA
NC_045512.2	7050	A	G	62567	52224	46	7	6	40	0.00011186	62578	0.499965	FALSE	NA	NA	NA	NA	NA	NA
NC_045512.2	7050	A	C	62567	52224	46	3	1	24	4.79402e-05	62578	1	FALSE	NA	NA	NA	NA	NA	NA
NC_045512.2	7051	C	T	62250	52146	46	5	4	44	8.03135e-05	62256	0.725595	FALSE	NA	NA	NA	NA	NA	NA
NC_045512.2	7051	C	A	62250	52146	46	1	1	40	1.60627e-05	62256	0.992187	FALSE	NA	NA	NA	NA	NA	NA
NC_045512.2	7052	T	G	60194	50220	46	28	28	28	0.000464892	60229	1	FALSE	NA	NA	NA	NA	NA	NA
NC_045512.2	7052	T	C	60194	50220	46	7	5	33	0.000116223	60229	1	FALSE	NA	NA	NA	NA	NA	NA
NC_045512.2	7053	G	T	60477	50239	46	26	26	25	0.000429702	60507	1	FALSE	NA	NA	NA	NA	NA	NA
NC_045512.2	7053	G	C	60477	50239	46	3	3	40	4.9581e-05	60507	0.910059	FALSE	NA	NA	NA	NA	NA	NA
NC_045512.2	7053	G	A	60477	50239	46	1	1	40	1.6527e-05	60507	0.992176	FALSE	NA	NA	NA	NA	NA	NA
NC_045512.2	7054	T	G	60016	49908	46	33	31	26	0.000549487	60056	1	FALSE	NA	NA	NA	NA	NA	NA
NC_045512.2	7054	T	C	60016	49908	46	7	5	41	0.000116558	60056	0.499609	FALSE	NA	NA	NA	NA	NA	NA
NC_045512.2	7055	A	T	61556	51543	46	1	1	24	1.62446e-05	61559	1	FALSE	NA	NA	NA	NA	NA	NA
NC_045512.2	7055	A	G	61556	51543	46	2	2	32	3.24892e-05	61559	1	FALSE	NA	NA	NA	NA	NA	NA
NC_045512.2	7056	C	T	61035	51519	46	1	0	40	1.63827e-05	61040	0.992188	FALSE	NA	NA	NA	NA	NA	NA
NC_045512.2	7056	C	G	61035	51519	46	4	1	34	6.55308e-05	61040	1	FALSE	NA	NA	NA	NA	NA	NA
NC_045512.2	7057	T	G	58323	48797	45	47	47	26	0.000805167	58373	1	FALSE	NA	NA	NA	NA	NA	NA
NC_045512.2	7057	T	C	58323	48797	45	3	2	37	5.13936e-05	58373	1	FALSE	NA	NA	NA	NA	NA	NA
NC_045512.2	7057	T	-G	58323	48797	45	1	0	20	1.71312e-05	58373	1	FALSE	NA	NA	NA	NA	NA	NA
NC_045512.2	7058	G	T	60837	51061	46	1	1	24	1.64357e-05	60843	1	FALSE	NA	NA	NA	NA	NA	NA
NC_045512.2	7058	G	C	60837	51061	46	1	0	40	1.64357e-05	60843	0.992187	FALSE	NA	NA	NA	NA	NA	NA
NC_045512.2	7058	G	A	60837	51061	46	4	4	40	6.5743e-05	60843	0.828122	FALSE	NA	NA	NA	NA	NA	NA
NC_045512.2	7059	G	T	55327	45381	43	200	200	26	0.00360185	55527	1	FALSE	NA	NA	NA	NA	NA	NA
NC_045512.2	7059	G	-T	55327	45381	43	2	0	20	3.60185e-05	55527	1	FALSE	NA	NA	NA	NA	NA	NA
NC_045512.2	7060	T	G	60208	50406	47	13	12	29	0.00021585	60227	1	FALSE	NA	NA	NA	NA	NA	NA
NC_045512.2	7060	T	C	60208	50406	47	6	5	41	9.96231e-05	60227	0.612641	FALSE	NA	NA	NA	NA	NA	NA
NC_045512.2	7061	T	G	57600	47761	45	89	88	25	0.00154265	57693	1	FALSE	NA	NA	NA	NA	NA	NA
NC_045512.2	7061	T	C	57600	47761	45	4	3	50	6.93325e-05	57693	0.0623062	FALSE	NA	NA	NA	NA	NA	NA
NC_045512.2	7062	A	G	59227	49639	47	8	7	39	0.000135051	59237	1	FALSE	NA	NA	NA	NA	NA	NA
NC_045512.2	7062	A	C	59227	49639	47	2	0	32	3.37627e-05	59237	1	FALSE	NA	NA	NA	NA	NA	NA
NC_045512.2	7063	C	T	58253	48573	46	2	1	52	3.43289e-05	58260	0.249981	FALSE	NA	NA	NA	NA	NA	NA
NC_045512.2	7063	C	A	58253	48573	46	5	5	27	8.58222e-05	58260	1	FALSE	NA	NA	NA	NA	NA	NA
NC_045512.2	7064	A	G	58476	48853	46	6	4	42	0.00010259	58485	0.499977	FALSE	NA	NA	NA	NA	NA	NA
NC_045512.2	7064	A	C	58476	48853	46	3	0	32	5.12952e-05	58485	1	FALSE	NA	NA	NA	NA	NA	NA
NC_045512.2	7065	G	T	58635	49168	46	5	5	30	8.52631e-05	58642	1	FALSE	NA	NA	NA	NA	NA	NA
NC_045512.2	7065	G	C	58635	49168	46	1	1	40	1.70526e-05	58642	0.984373	FALSE	NA	NA	NA	NA	NA	NA
NC_045512.2	7065	G	A	58635	49168	46	1	1	40	1.70526e-05	58642	0.984373	FALSE	NA	NA	NA	NA	NA	NA
NC_045512.2	7066	A	G	58093	48927	46	5	4	33	8.60615e-05	58098	1	FALSE	NA	NA	NA	NA	NA	NA
NC_045512.2	7067	G	C	58022	48874	47	1	0	40	1.72345e-05	58023	0.984378	FALSE	NA	NA	NA	NA	NA	NA
NC_045512.2	7068	A	G	57418	48390	47	3	3	34	5.2243e-05	57424	1	FALSE	NA	NA	NA	NA	NA	NA
NC_045512.2	7068	A	C	57418	48390	47	3	3	29	5.2243e-05	57424	1	FALSE	NA	NA	NA	NA	NA	NA
NC_045512.2	7069	A	G	56446	47415	46	14	13	34	0.000247963	56460	1	FALSE	NA	NA	NA	NA	NA	NA
NC_045512.2	7070	G	T	57176	48092	46	1	1	24	1.74883e-05	57181	1	FALSE	NA	NA	NA	NA	NA	NA
NC_045512.2	7070	G	C	57176	48092	46	1	1	40	1.74883e-05	57181	0.984375	FALSE	NA	NA	NA	NA	NA	NA
NC_045512.2	7070	G	A	57176	48092	46	3	0	56	5.2465e-05	57181	0.124993	FALSE	NA	NA	NA	NA	NA	NA
NC_045512.2	7071	G	T	57337	48302	47	2	2	24	3.48791e-05	57341	1	FALSE	NA	NA	NA	NA	NA	NA
NC_045512.2	7071	G	A	57337	48302	47	2	2	40	3.48791e-05	57341	0.937503	FALSE	NA	NA	NA	NA	NA	NA
NC_045512.2	7072	C	T	60488	52946	47	3	3	42	4.95933e-05	60492	0.910164	FALSE	NA	NA	NA	NA	NA	NA
NC_045512.2	7072	C	A	60488	52946	47	1	1	40	1.65311e-05	60492	0.992188	FALSE	NA	NA	NA	NA	NA	NA
NC_045512.2	7073	T	G	57640	50091	46	62	62	25	0.00107439	57707	1	FALSE	NA	NA	NA	NA	NA	NA
NC_045512.2	7073	T	C	57640	50091	46	4	4	50	6.93157e-05	57707	0.0623625	FALSE	NA	NA	NA	NA	NA	NA
NC_045512.2	7073	T	A	57640	50091	46	1	1	40	1.73289e-05	57707	0.984324	FALSE	NA	NA	NA	NA	NA	NA
NC_045512.2	7074	A	T	60017	52560	47	1	1	40	1.66578e-05	60032	0.992183	FALSE	NA	NA	NA	NA	NA	NA
NC_045512.2	7074	A	G	60017	52560	47	14	14	29	0.000233209	60032	1	FALSE	NA	NA	NA	NA	NA	NA
NC_045512.2	7075	T	G	60512	53262	47	6	6	26	9.91408e-05	60520	1	FALSE	NA	NA	NA	NA	NA	NA
NC_045512.2	7075	T	A	60512	53262	47	2	1	60	3.30469e-05	60520	0.249973	FALSE	NA	NA	NA	NA	NA	NA
NC_045512.2	7076	T	G	59763	52543	46	21	21	25	0.000351241	59788	1	FALSE	NA	NA	NA	NA	NA	NA
NC_045512.2	7076	T	C	59763	52543	46	3	2	37	5.01773e-05	59788	1	FALSE	NA	NA	NA	NA	NA	NA
NC_045512.2	7076	T	A	59763	52543	46	1	1	80	1.67258e-05	59788	0.499904	FALSE	NA	NA	NA	NA	NA	NA
NC_045512.2	7077	T	G	54371	46936	44	269	269	26	0.00492259	54646	1	FALSE	NA	NA	NA	NA	NA	NA
NC_045512.2	7077	T	C	54371	46936	44	6	5	50	0.000109798	54646	0.0153938	FALSE	NA	NA	NA	NA	NA	NA
NC_045512.2	7078	G	C	60766	53616	47	10	10	36	0.000164539	60776	1	FALSE	NA	NA	NA	NA	NA	NA
NC_045512.2	7079	A	T	60723	53627	48	1	1	40	1.64661e-05	60731	0.992186	FALSE	NA	NA	NA	NA	NA	NA
NC_045512.2	7079	A	G	60723	53627	48	5	5	38	8.23303e-05	60731	1	FALSE	NA	NA	NA	NA	NA	NA
NC_045512.2	7079	A	C	60723	53627	48	2	2	24	3.29321e-05	60731	1	FALSE	NA	NA	NA	NA	NA	NA
NC_045512.2	7080	A	G	59805	52729	47	18	17	36	0.000300873	59826	1	FALSE	NA	NA	NA	NA	NA	NA
NC_045512.2	7080	A	C	59805	52729	47	3	2	29	5.01454e-05	59826	1	FALSE	NA	NA	NA	NA	NA	NA
NC_045512.2	7081	C	T	60040	52938	47	6	6	29	9.99234e-05	60046	1	FALSE	NA	NA	NA	NA	NA	NA
NC_045512.2	7082	T	G	60009	52924	48	9	8	34	0.000149935	60026	1	FALSE	NA	NA	NA	NA	NA	NA
NC_045512.2	7082	T	C	60009	52924	48	8	5	35	0.000133276	60026	1	FALSE	NA	NA	NA	NA	NA	NA
NC_045512.2	7083	C	T	59827	52788	47	3	3	42	5.01421e-05	59830	0.855482	FALSE	NA	NA	NA	NA	NA	NA
NC_045512.2	7084	T	G	57180	50077	46	91	91	25	0.00158883	57275	1	FALSE	NA	NA	NA	NA	NA	NA
NC_045512.2	7084	T	C	57180	50077	46	3	3	53	5.23789e-05	57275	0.124699	FALSE	NA	NA	NA	NA	NA	NA
NC_045512.2	7084	T	A	57180	50077	46	1	1	40	1.74596e-05	57275	0.984301	FALSE	NA	NA	NA	NA	NA	NA
NC_045512.2	7084	T	-A	57180	50077	46	1	0	20	1.74596e-05	57275	1	FALSE	NA	NA	NA	NA	NA	NA
NC_045512.2	7085	A	G	60341	53374	47	1	1	40	1.65714e-05	60345	0.992188	FALSE	NA	NA	NA	NA	NA	NA
NC_045512.2	7085	A	C	60341	53374	47	3	1	32	4.97141e-05	60345	1	FALSE	NA	NA	NA	NA	NA	NA
NC_045512.2	7086	C	T	59656	52678	47	6	6	32	0.000100561	59665	1	FALSE	NA	NA	NA	NA	NA	NA
NC_045512.2	7086	C	G	59656	52678	47	3	3	34	5.02807e-05	59665	1	FALSE	NA	NA	NA	NA	NA	NA
NC_045512.2	7086	C	-T	59656	52678	47	1	0	20	1.67602e-05	59665	1	FALSE	NA	NA	NA	NA	NA	NA
NC_045512.2	7087	T	G	56225	49104	45	107	107	25	0.00189925	56338	1	FALSE	NA	NA	NA	NA	NA	NA
NC_045512.2	7087	T	C	56225	49104	45	6	5	33	0.0001065	56338	1	FALSE	NA	NA	NA	NA	NA	NA
NC_045512.2	7088	A	T	60375	53381	48	1	0	80	1.65615e-05	60381	0.499983	FALSE	NA	NA	NA	NA	NA	NA
NC_045512.2	7088	A	G	60375	53381	48	4	4	36	6.6246e-05	60381	1	FALSE	NA	NA	NA	NA	NA	NA
NC_045512.2	7088	A	C	60375	53381	48	1	1	40	1.65615e-05	60381	0.992187	FALSE	NA	NA	NA	NA	NA	NA
NC_045512.2	7089	A	G	58525	51558	46	10	9	34	0.000170826	58539	1	FALSE	NA	NA	NA	NA	NA	NA
NC_045512.2	7089	A	C	58525	51558	46	4	3	24	6.83305e-05	58539	1	FALSE	NA	NA	NA	NA	NA	NA
NC_045512.2	7090	T	G	58869	51868	47	40	40	28	0.000678933	58916	1	FALSE	NA	NA	NA	NA	NA	NA
NC_045512.2	7090	T	C	58869	51868	47	7	7	26	0.000118813	58916	1	FALSE	NA	NA	NA	NA	NA	NA
NC_045512.2	7091	G	T	56834	49699	45	113	113	25	0.00198423	56949	1	FALSE	NA	NA	NA	NA	NA	NA
NC_045512.2	7091	G	A	56834	49699	45	2	1	52	3.51191e-05	56949	0.249506	FALSE	NA	NA	NA	NA	NA	NA
NC_045512.2	7092	T	G	55536	48996	46	5	5	30	9.00009e-05	55555	1	FALSE	NA	NA	NA	NA	NA	NA
NC_045512.2	7092	T	C	55536	48996	46	13	12	43	0.000234002	55555	0.0480937	FALSE	NA	NA	NA	NA	NA	NA
NC_045512.2	7092	T	A	55536	48996	46	1	1	40	1.80002e-05	55555	0.984363	FALSE	NA	NA	NA	NA	NA	NA
NC_045512.2	7093	C	T	56408	50213	47	1	1	24	1.77277e-05	56409	1	FALSE	NA	NA	NA	NA	NA	NA
NC_045512.2	7094	A	G	56570	50406	47	2	2	32	3.53519e-05	56574	1	FALSE	NA	NA	NA	NA	NA	NA
NC_045512.2	7094	A	C	56570	50406	47	2	1	32	3.53519e-05	56574	1	FALSE	NA	NA	NA	NA	NA	NA
NC_045512.2	7095	C	T	55961	49906	46	5	5	27	8.93192e-05	55979	1	FALSE	NA	NA	NA	NA	NA	NA
NC_045512.2	7095	C	G	55961	49906	46	12	12	31	0.000214366	55979	1	FALSE	NA	NA	NA	NA	NA	NA
NC_045512.2	7095	C	A	55961	49906	46	1	0	32	1.78638e-05	55979	1	FALSE	NA	NA	NA	NA	NA	NA
NC_045512.2	7096	T	G	55082	48873	45	20	20	27	0.000362937	55106	1	FALSE	NA	NA	NA	NA	NA	NA
NC_045512.2	7096	T	C	55082	48873	45	4	1	42	7.25874e-05	55106	0.745933	FALSE	NA	NA	NA	NA	NA	NA
NC_045512.2	7097	A	G	55644	49473	46	4	4	32	7.18778e-05	55650	1	FALSE	NA	NA	NA	NA	NA	NA
NC_045512.2	7097	A	C	55644	49473	46	2	1	24	3.59389e-05	55650	1	FALSE	NA	NA	NA	NA	NA	NA
NC_045512.2	7098	T	G	56279	50093	48	5	5	24	8.88241e-05	56291	1	FALSE	NA	NA	NA	NA	NA	NA
NC_045512.2	7098	T	C	56279	50093	48	7	7	35	0.000124354	56291	1	FALSE	NA	NA	NA	NA	NA	NA
NC_045512.2	7099	T	G	54115	48427	45	86	86	25	0.00158663	54203	1	FALSE	NA	NA	NA	NA	NA	NA
NC_045512.2	7099	T	C	54115	48427	45	2	2	40	3.68983e-05	54203	0.937248	FALSE	NA	NA	NA	NA	NA	NA
NC_045512.2	7100	G	T	55275	49682	45	4	4	26	7.23484e-05	55288	1	FALSE	NA	NA	NA	NA	NA	NA
NC_045512.2	7100	G	C	55275	49682	45	6	6	37	0.000108523	55288	1	FALSE	NA	NA	NA	NA	NA	NA
NC_045512.2	7100	G	A	55275	49682	45	3	3	48	5.42613e-05	55288	0.855424	FALSE	NA	NA	NA	NA	NA	NA
NC_045512.2	7101	C	T	55699	50144	46	4	3	52	7.18081e-05	55704	0.0624966	FALSE	NA	NA	NA	NA	NA	NA
NC_045512.2	7101	C	A	55699	50144	46	1	1	24	1.7952e-05	55704	1	FALSE	NA	NA	NA	NA	NA	NA
NC_045512.2	7102	A	G	55953	50445	47	8	8	38	0.000142954	55962	1	FALSE	NA	NA	NA	NA	NA	NA
NC_045512.2	7102	A	C	55953	50445	47	1	1	24	1.78693e-05	55962	1	FALSE	NA	NA	NA	NA	NA	NA
NC_045512.2	7103	A	G	55541	50023	46	5	5	33	9.00009e-05	55555	1	FALSE	NA	NA	NA	NA	NA	NA
NC_045512.2	7103	A	C	55541	50023	46	9	7	27	0.000162002	55555	1	FALSE	NA	NA	NA	NA	NA	NA
NC_045512.2	7104	C	T	55649	50178	47	1	1	40	1.79678e-05	55655	0.984374	FALSE	NA	NA	NA	NA	NA	NA
NC_045512.2	7104	C	G	55649	50178	47	4	4	36	7.18714e-05	55655	1	FALSE	NA	NA	NA	NA	NA	NA
NC_045512.2	7104	C	A	55649	50178	47	1	0	32	1.79678e-05	55655	1	FALSE	NA	NA	NA	NA	NA	NA
NC_045512.2	7105	C	T	55350	49877	47	2	2	40	3.61252e-05	55363	0.937476	FALSE	NA	NA	NA	NA	NA	NA
NC_045512.2	7105	C	G	55350	49877	47	10	10	35	0.000180626	55363	1	FALSE	NA	NA	NA	NA	NA	NA
NC_045512.2	7105	C	A	55350	49877	47	1	1	24	1.80626e-05	55363	1	FALSE	NA	NA	NA	NA	NA	NA
NC_045512.2	7106	T	G	54603	49171	47	18	17	31	0.000329507	54627	0.999996	FALSE	NA	NA	NA	NA	NA	NA
NC_045512.2	7106	T	C	54603	49171	47	6	6	32	0.000109836	54627	1	FALSE	NA	NA	NA	NA	NA	NA
NC_045512.2	7107	A	G	54612	49206	47	12	12	37	0.000219676	54626	1	FALSE	NA	NA	NA	NA	NA	NA
NC_045512.2	7107	A	C	54612	49206	47	2	2	32	3.66126e-05	54626	1	FALSE	NA	NA	NA	NA	NA	NA
NC_045512.2	7108	C	T	54618	49341	47	2	1	80	3.66126e-05	54626	0.249975	FALSE	NA	NA	NA	NA	NA	NA
NC_045512.2	7108	C	G	54618	49341	47	6	6	37	0.000109838	54626	1	FALSE	NA	NA	NA	NA	NA	NA
NC_045512.2	7109	T	G	54326	49048	47	3	3	29	5.52161e-05	54332	1	FALSE	NA	NA	NA	NA	NA	NA
NC_045512.2	7109	T	C	54326	49048	47	3	3	40	5.52161e-05	54332	0.855466	FALSE	NA	NA	NA	NA	NA	NA
NC_045512.2	7110	G	T	53334	48021	45	26	26	24	0.000487238	53362	1	FALSE	NA	NA	NA	NA	NA	NA
NC_045512.2	7110	G	A	53334	48021	45	2	2	32	3.74799e-05	53362	1	FALSE	NA	NA	NA	NA	NA	NA
NC_045512.2	7111	T	G	54043	48760	47	23	23	33	0.000425288	54081	0.999892	FALSE	NA	NA	NA	NA	NA	NA
NC_045512.2	7111	T	C	54043	48760	47	15	14	40	0.000277362	54081	0.0206404	FALSE	NA	NA	NA	NA	NA	NA
NC_045512.2	7112	A	G	54114	48875	47	6	6	37	0.000110861	54122	1	FALSE	NA	NA	NA	NA	NA	NA
NC_045512.2	7112	A	C	54114	48875	47	2	1	28	3.69535e-05	54122	1	FALSE	NA	NA	NA	NA	NA	NA
NC_045512.2	7112	A	-C	54114	48875	47	2	0	20	3.69535e-05	54122	1	FALSE	NA	NA	NA	NA	NA	NA
NC_045512.2	7113	C	T	22639	20457	47	31344	28288	47	0.580477	53997	0	TRUE	NA	NA	NA	NA	NA	NA
NC_045512.2	7113	C	G	22639	20457	47	14	14	33	0.000259274	53997	0.958199	FALSE	NA	NA	NA	NA	NA	NA
NC_045512.2	7114	T	G	51154	46004	47	8	8	28	0.000156357	51165	1	FALSE	NA	NA	NA	NA	NA	NA
NC_045512.2	7114	T	C	51154	46004	47	3	2	34	5.86338e-05	51165	1	FALSE	NA	NA	NA	NA	NA	NA
NC_045512.2	7116	G	T	50373	45273	47	6	6	32	0.000119088	50383	1	FALSE	NA	NA	NA	NA	NA	NA
NC_045512.2	7116	G	C	50373	45273	47	1	1	40	1.9848e-05	50383	0.98437	FALSE	NA	NA	NA	NA	NA	NA
NC_045512.2	7116	G	A	50373	45273	47	3	2	61	5.95439e-05	50383	0.124974	FALSE	NA	NA	NA	NA	NA	NA
NC_045512.2	7117	T	G	48825	43817	47	7	7	30	0.000143328	48839	1	FALSE	NA	NA	NA	NA	NA	NA
NC_045512.2	7117	T	C	48825	43817	47	6	6	40	0.000122853	48839	0.376859	FALSE	NA	NA	NA	NA	NA	NA
NC_045512.2	7117	T	A	48825	43817	47	1	0	64	2.04754e-05	48839	0.499939	FALSE	NA	NA	NA	NA	NA	NA
NC_045512.2	7118	T	G	48071	43155	47	15	15	32	0.000311889	48094	0.999994	FALSE	NA	NA	NA	NA	NA	NA
NC_045512.2	7118	T	C	48071	43155	47	8	8	36	0.000166341	48094	1	FALSE	NA	NA	NA	NA	NA	NA
NC_045512.2	7119	C	T	46416	42189	47	1	0	80	2.15434e-05	46418	0.5	FALSE	NA	NA	NA	NA	NA	NA
NC_045512.2	7119	C	A	46416	42189	47	1	0	24	2.15434e-05	46418	1	FALSE	NA	NA	NA	NA	NA	NA
NC_045512.2	7120	T	G	43079	38969	47	6	6	33	0.000139227	43095	1	FALSE	NA	NA	NA	NA	NA	NA
NC_045512.2	7120	T	C	43079	38969	47	10	9	34	0.000232045	43095	0.999999	FALSE	NA	NA	NA	NA	NA	NA
NC_045512.2	7121	A	G	43249	39157	47	1	1	40	2.31214e-05	43250	0.968755	FALSE	NA	NA	NA	NA	NA	NA
NC_045512.2	7122	T	G	43109	39005	47	9	9	25	0.000208725	43119	1	FALSE	NA	NA	NA	NA	NA	NA
NC_045512.2	7122	T	C	43109	39005	47	1	1	40	2.31916e-05	43119	0.968739	FALSE	NA	NA	NA	NA	NA	NA
NC_045512.2	7123	A	G	43263	39168	47	1	1	24	2.31134e-05	43265	1	FALSE	NA	NA	NA	NA	NA	NA
NC_045512.2	7123	A	C	43263	39168	47	1	0	32	2.31134e-05	43265	1	FALSE	NA	NA	NA	NA	NA	NA
NC_045512.2	7124	C	G	43191	39091	47	2	2	32	4.63027e-05	43194	1	FALSE	NA	NA	NA	NA	NA	NA
NC_045512.2	7124	C	A	43191	39091	47	1	0	24	2.31514e-05	43194	1	FALSE	NA	NA	NA	NA	NA	NA
NC_045512.2	7125	C	T	35526	31935	47	1	0	80	2.8146e-05	35529	0.499993	FALSE	NA	NA	NA	NA	NA	NA
NC_045512.2	7125	C	G	35526	31935	47	2	2	36	5.6292e-05	35529	1	FALSE	NA	NA	NA	NA	NA	NA
NC_045512.2	7126	T	G	35173	31590	47	6	6	32	0.000170532	35184	1	FALSE	NA	NA	NA	NA	NA	NA
NC_045512.2	7126	T	C	35173	31590	47	5	4	44	0.00014211	35184	0.363196	FALSE	NA	NA	NA	NA	NA	NA
NC_045512.2	7127	T	G	35136	31554	47	5	5	30	0.000142284	35141	1	FALSE	NA	NA	NA	NA	NA	NA
NC_045512.2	7128	G	T	30904	27216	41	269	269	25	0.0086276	31179	0.963471	FALSE	NA	NA	NA	NA	NA	NA
NC_045512.2	7128	G	C	30904	27216	41	4	4	40	0.000128291	31179	0.495243	FALSE	NA	NA	NA	NA	NA	NA
NC_045512.2	7128	G	A	30904	27216	41	2	2	60	6.41457e-05	31179	0.24781	FALSE	NA	NA	NA	NA	NA	NA
NC_045512.2	7129	T	G	35017	31438	47	1	1	40	2.85551e-05	35020	0.937502	FALSE	NA	NA	NA	NA	NA	NA
NC_045512.2	7129	T	C	35017	31438	47	2	2	32	5.71102e-05	35020	1	FALSE	NA	NA	NA	NA	NA	NA
NC_045512.2	7130	A	G	34677	31155	47	4	4	36	0.000115334	34682	1	FALSE	NA	NA	NA	NA	NA	NA
NC_045512.2	7130	A	C	34677	31155	47	1	0	24	2.88334e-05	34682	1	FALSE	NA	NA	NA	NA	NA	NA
NC_045512.2	7131	G	T	34598	31093	47	1	1	24	2.89009e-05	34601	1	FALSE	NA	NA	NA	NA	NA	NA
NC_045512.2	7131	G	A	34598	31093	47	2	2	40	5.78018e-05	34601	0.812509	FALSE	NA	NA	NA	NA	NA	NA
NC_045512.2	7132	T	G	32129	28779	47	4	4	28	0.000124471	32136	1	FALSE	NA	NA	NA	NA	NA	NA
NC_045512.2	7132	T	C	32129	28779	47	1	0	80	3.11177e-05	32136	0.499961	FALSE	NA	NA	NA	NA	NA	NA
NC_045512.2	7132	T	A	32129	28779	47	2	1	80	6.22355e-05	32136	0.249965	FALSE	NA	NA	NA	NA	NA	NA
NC_045512.2	7133	G	T	32226	28916	47	1	1	40	3.1026e-05	32231	0.937494	FALSE	NA	NA	NA	NA	NA	NA
NC_045512.2	7133	G	C	32226	28916	47	3	3	40	9.30781e-05	32231	0.656243	FALSE	NA	NA	NA	NA	NA	NA
NC_045512.2	7133	G	A	32226	28916	47	1	1	40	3.1026e-05	32231	0.937494	FALSE	NA	NA	NA	NA	NA	NA
NC_045512.2	7134	T	G	31355	28072	47	4	4	24	0.000127547	31361	1	FALSE	NA	NA	NA	NA	NA	NA
NC_045512.2	7134	T	C	31355	28072	47	2	1	36	6.37735e-05	31361	1	FALSE	NA	NA	NA	NA	NA	NA
NC_045512.2	7135	T	G	31088	27807	47	3	3	29	9.64847e-05	31093	1	FALSE	NA	NA	NA	NA	NA	NA
NC_045512.2	7135	T	C	31088	27807	47	2	1	40	6.43232e-05	31093	0.81249	FALSE	NA	NA	NA	NA	NA	NA
NC_045512.2	7136	T	G	31175	27925	47	2	2	24	6.41437e-05	31180	1	FALSE	NA	NA	NA	NA	NA	NA
NC_045512.2	7136	T	C	31175	27925	47	3	3	40	9.62155e-05	31180	0.656242	FALSE	NA	NA	NA	NA	NA	NA
NC_045512.2	7137	G	T	31072	27861	47	1	1	24	3.21802e-05	31075	1	FALSE	NA	NA	NA	NA	NA	NA
NC_045512.2	7137	G	A	31072	27861	47	2	1	60	6.43604e-05	31075	0.249996	FALSE	NA	NA	NA	NA	NA	NA
NC_045512.2	7138	T	G	30921	27730	47	7	7	24	0.00022631	30931	1	FALSE	NA	NA	NA	NA	NA	NA
NC_045512.2	7138	T	C	30921	27730	47	3	3	40	9.69901e-05	30931	0.656167	FALSE	NA	NA	NA	NA	NA	NA
NC_045512.2	7139	C	G	31019	28070	47	1	1	40	3.22362e-05	31021	0.937506	FALSE	NA	NA	NA	NA	NA	NA
NC_045512.2	7139	C	A	31019	28070	47	1	1	40	3.22362e-05	31021	0.937506	FALSE	NA	NA	NA	NA	NA	NA
NC_045512.2	7140	T	G	29164	26259	47	10	9	28	0.000342724	29178	1	FALSE	NA	NA	NA	NA	NA	NA
NC_045512.2	7140	T	C	29164	26259	47	4	3	52	0.00013709	29178	0.062455	FALSE	NA	NA	NA	NA	NA	NA
NC_045512.2	7141	T	G	29147	26228	47	4	4	36	0.000137207	29153	0.999999	FALSE	NA	NA	NA	NA	NA	NA
NC_045512.2	7141	T	C	29147	26228	47	2	2	40	6.86036e-05	29153	0.687468	FALSE	NA	NA	NA	NA	NA	NA
NC_045512.2	7142	A	G	29001	26164	46	7	6	30	0.000241296	29010	0.999965	FALSE	NA	NA	NA	NA	NA	NA
NC_045512.2	7142	A	C	29001	26164	46	2	0	24	6.89417e-05	29010	1	FALSE	NA	NA	NA	NA	NA	NA
NC_045512.2	7143	G	T	28517	25640	46	9	9	24	0.000315502	28526	1	FALSE	NA	NA	NA	NA	NA	NA
NC_045512.2	7144	T	G	28858	25978	47	2	2	24	6.92929e-05	28863	1	FALSE	NA	NA	NA	NA	NA	NA
NC_045512.2	7144	T	C	28858	25978	47	2	2	32	6.92929e-05	28863	1	FALSE	NA	NA	NA	NA	NA	NA
NC_045512.2	7144	T	A	28858	25978	47	1	1	24	3.46464e-05	28863	1	FALSE	NA	NA	NA	NA	NA	NA
NC_045512.2	7145	G	T	28878	26103	47	2	2	24	6.92473e-05	28882	1	FALSE	NA	NA	NA	NA	NA	NA
NC_045512.2	7145	G	A	28878	26103	47	2	2	32	6.92473e-05	28882	1	FALSE	NA	NA	NA	NA	NA	NA
NC_045512.2	7146	G	T	28591	25830	46	2	2	32	6.99447e-05	28594	1	FALSE	NA	NA	NA	NA	NA	NA
NC_045512.2	7146	G	A	28591	25830	46	1	1	80	3.49724e-05	28594	0.499991	FALSE	NA	NA	NA	NA	NA	NA
NC_045512.2	7146	G	-T	28591	25830	46	1	0	20	3.49724e-05	28594	1	FALSE	NA	NA	NA	NA	NA	NA
NC_045512.2	7147	T	G	27628	24894	47	3	3	24	0.00010857	27632	1	FALSE	NA	NA	NA	NA	NA	NA
NC_045512.2	7147	T	C	27628	24894	47	1	1	80	3.61899e-05	27632	0.499973	FALSE	NA	NA	NA	NA	NA	NA
NC_045512.2	7148	T	G	27639	25040	47	1	1	24	3.61768e-05	27642	1	FALSE	NA	NA	NA	NA	NA	NA
NC_045512.2	7148	T	C	27639	25040	47	2	2	40	7.23537e-05	27642	0.687507	FALSE	NA	NA	NA	NA	NA	NA
NC_045512.2	7149	T	G	27487	24889	45	1	1	24	3.63795e-05	27488	1	FALSE	NA	NA	NA	NA	NA	NA
NC_045512.2	7150	A	T	27662	25192	46	1	1	40	3.61441e-05	27667	0.874986	FALSE	NA	NA	NA	NA	NA	NA
NC_045512.2	7150	A	G	27662	25192	46	3	3	40	0.000108432	27667	0.499983	FALSE	NA	NA	NA	NA	NA	NA
NC_045512.2	7150	A	C	27662	25192	46	1	1	40	3.61441e-05	27667	0.874986	FALSE	NA	NA	NA	NA	NA	NA
NC_045512.2	7151	G	C	27709	25198	46	2	2	40	7.21735e-05	27711	0.68752	FALSE	NA	NA	NA	NA	NA	NA
NC_045512.2	7152	A	G	27632	25124	46	4	3	38	0.000144728	27638	0.999998	FALSE	NA	NA	NA	NA	NA	NA
NC_045512.2	7152	A	C	27632	25124	46	2	2	40	7.23641e-05	27638	0.687466	FALSE	NA	NA	NA	NA	NA	NA
NC_045512.2	7153	T	G	27548	25057	46	2	2	32	7.259e-05	27552	1	FALSE	NA	NA	NA	NA	NA	NA
NC_045512.2	7153	T	C	27548	25057	46	1	1	80	3.6295e-05	27552	0.499982	FALSE	NA	NA	NA	NA	NA	NA
NC_045512.2	7153	T	A	27548	25057	46	1	1	40	3.6295e-05	27552	0.874993	FALSE	NA	NA	NA	NA	NA	NA
NC_045512.2	7154	T	C	26245	23809	47	2	2	40	7.61992e-05	26247	0.687521	FALSE	NA	NA	NA	NA	NA	NA
NC_045512.2	7155	C	A	26059	23698	46	1	1	40	3.8373e-05	26060	0.875014	FALSE	NA	NA	NA	NA	NA	NA
NC_045512.2	7155	C	-T	26059	23698	46	1	0	20	3.8373e-05	26060	1	FALSE	NA	NA	NA	NA	NA	NA
NC_045512.2	7156	T	G	25882	23523	46	2	2	24	7.72648e-05	25885	1	FALSE	NA	NA	NA	NA	NA	NA
NC_045512.2	7156	T	C	25882	23523	46	1	1	40	3.86324e-05	25885	0.874993	FALSE	NA	NA	NA	NA	NA	NA
NC_045512.2	7157	T	G	25828	23462	46	14	14	30	0.000541691	25845	0.973404	FALSE	NA	NA	NA	NA	NA	NA
NC_045512.2	7157	T	C	25828	23462	46	3	3	48	0.000116077	25845	0.499764	FALSE	NA	NA	NA	NA	NA	NA
NC_045512.2	7158	T	G	25784	23419	46	4	4	28	0.000155099	25790	1	FALSE	NA	NA	NA	NA	NA	NA
NC_045512.2	7158	T	C	25784	23419	46	2	2	40	7.75494e-05	25790	0.687464	FALSE	NA	NA	NA	NA	NA	NA
NC_045512.2	7159	A	G	25764	23519	45	5	5	32	0.000194017	25771	0.99997	FALSE	NA	NA	NA	NA	NA	NA
NC_045512.2	7159	A	C	25764	23519	45	2	0	32	7.76066e-05	25771	1	FALSE	NA	NA	NA	NA	NA	NA
NC_045512.2	7160	G	T	25734	23422	46	3	3	34	0.000116564	25737	0.999998	FALSE	NA	NA	NA	NA	NA	NA
NC_045512.2	7161	A	T	25621	23565	46	1	1	80	3.90183e-05	25629	0.499941	FALSE	NA	NA	NA	NA	NA	NA
NC_045512.2	7161	A	G	25621	23565	46	6	6	34	0.00023411	25629	0.999904	FALSE	NA	NA	NA	NA	NA	NA
NC_045512.2	7161	A	C	25621	23565	46	1	1	40	3.90183e-05	25629	0.874963	FALSE	NA	NA	NA	NA	NA	NA
NC_045512.2	7162	C	T	25666	23638	45	3	3	29	0.000116868	25670	1	FALSE	NA	NA	NA	NA	NA	NA
NC_045512.2	7162	C	A	25666	23638	45	1	1	40	3.8956e-05	25670	0.874993	FALSE	NA	NA	NA	NA	NA	NA
NC_045512.2	7163	A	G	25209	23200	46	1	1	80	3.96668e-05	25210	0.50001	FALSE	NA	NA	NA	NA	NA	NA
NC_045512.2	7164	C	T	24805	22817	46	2	2	52	8.06224e-05	24807	0.250005	FALSE	NA	NA	NA	NA	NA	NA
NC_045512.2	7165	C	T	24547	22585	46	1	1	40	4.07282e-05	24553	0.874977	FALSE	NA	NA	NA	NA	NA	NA
NC_045512.2	7165	C	A	24547	22585	46	5	5	40	0.000203641	24553	0.226546	FALSE	NA	NA	NA	NA	NA	NA
NC_045512.2	7166	T	G	23935	22002	45	3	3	29	0.000125298	23943	1	FALSE	NA	NA	NA	NA	NA	NA
NC_045512.2	7166	T	C	23935	22002	45	4	4	36	0.000167063	23943	0.999975	FALSE	NA	NA	NA	NA	NA	NA
NC_045512.2	7166	T	A	23935	22002	45	1	1	40	4.17659e-05	23943	0.874961	FALSE	NA	NA	NA	NA	NA	NA
NC_045512.2	7167	A	G	24018	22107	45	3	3	29	0.000124886	24022	1	FALSE	NA	NA	NA	NA	NA	NA
NC_045512.2	7167	A	C	24018	22107	45	1	0	24	4.16285e-05	24022	1	FALSE	NA	NA	NA	NA	NA	NA
NC_045512.2	7168	T	G	23878	21974	45	3	3	24	0.000125618	23882	1	FALSE	NA	NA	NA	NA	NA	NA
NC_045512.2	7168	T	C	23878	21974	45	1	1	40	4.18725e-05	23882	0.874992	FALSE	NA	NA	NA	NA	NA	NA
NC_045512.2	7169	C	T	23935	22117	45	1	1	40	4.17763e-05	23937	0.875008	FALSE	NA	NA	NA	NA	NA	NA
NC_045512.2	7169	C	G	23935	22117	45	1	1	40	4.17763e-05	23937	0.875008	FALSE	NA	NA	NA	NA	NA	NA
NC_045512.2	7170	C	G	23917	22101	45	1	1	24	4.18078e-05	23919	1	FALSE	NA	NA	NA	NA	NA	NA
NC_045512.2	7170	C	A	23917	22101	45	1	1	40	4.18078e-05	23919	0.875008	FALSE	NA	NA	NA	NA	NA	NA
NC_045512.2	7171	T	G	21221	19544	45	2	2	24	9.42241e-05	21226	1	FALSE	NA	NA	NA	NA	NA	NA
NC_045512.2	7171	T	C	21221	19544	45	3	2	34	0.000141336	21226	0.999982	FALSE	NA	NA	NA	NA	NA	NA
NC_045512.2	7172	T	G	21173	19492	45	2	2	32	9.4451e-05	21175	0.999997	FALSE	NA	NA	NA	NA	NA	NA
NC_045512.2	7174	T	G	19723	18130	45	2	2	40	0.000101394	19725	0.500019	FALSE	NA	NA	NA	NA	NA	NA
NC_045512.2	7175	T	G	19735	18132	45	3	3	24	0.000151991	19738	1	FALSE	NA	NA	NA	NA	NA	NA
NC_045512.2	7176	T	G	19557	17964	45	4	4	24	0.000204468	19563	1	FALSE	NA	NA	NA	NA	NA	NA
NC_045512.2	7176	T	C	19557	17964	45	2	2	40	0.000102234	19563	0.499942	FALSE	NA	NA	NA	NA	NA	NA
NC_045512.2	7177	A	G	19527	18008	44	9	9	32	0.000460499	19544	0.982142	FALSE	NA	NA	NA	NA	NA	NA
NC_045512.2	7177	A	C	19527	18008	44	8	7	32	0.000409333	19544	0.990415	FALSE	NA	NA	NA	NA	NA	NA
NC_045512.2	7178	G	T	19253	17739	43	2	2	24	0.000103869	19255	1	FALSE	NA	NA	NA	NA	NA	NA
NC_045512.2	7179	A	G	19475	17961	45	11	11	29	0.000564305	19493	1	FALSE	NA	NA	NA	NA	NA	NA
NC_045512.2	7179	A	C	19475	17961	45	7	7	37	0.000359103	19493	0.995316	FALSE	NA	NA	NA	NA	NA	NA
NC_045512.2	7180	A	G	19532	18025	45	2	2	32	0.000102386	19534	0.99999	FALSE	NA	NA	NA	NA	NA	NA
NC_045512.2	7181	A	G	19213	17719	46	5	5	36	0.000260173	19218	0.999231	FALSE	NA	NA	NA	NA	NA	NA
NC_045512.2	7182	C	G	19037	17632	45	1	1	40	5.25265e-05	19038	0.75002	FALSE	NA	NA	NA	NA	NA	NA
NC_045512.2	7183	T	G	18818	17272	44	4	4	24	0.000212517	18822	1	FALSE	NA	NA	NA	NA	NA	NA
NC_045512.2	7184	A	G	18888	17363	44	2	2	32	0.000105859	18893	0.99998	FALSE	NA	NA	NA	NA	NA	NA
NC_045512.2	7184	A	C	18888	17363	44	3	1	29	0.000158789	18893	1	FALSE	NA	NA	NA	NA	NA	NA
NC_045512.2	7185	T	G	18736	17183	44	9	9	24	0.000480077	18747	1	FALSE	NA	NA	NA	NA	NA	NA
NC_045512.2	7185	T	C	18736	17183	44	2	2	40	0.000106684	18747	0.49984	FALSE	NA	NA	NA	NA	NA	NA
NC_045512.2	7186	A	G	18861	17321	45	3	2	48	0.000159033	18864	0.31251	FALSE	NA	NA	NA	NA	NA	NA
NC_045512.2	7187	C	T	18844	17311	45	1	1	40	5.30645e-05	18845	0.75002	FALSE	NA	NA	NA	NA	NA	NA
NC_045512.2	7188	A	G	18031	16572	45	3	3	40	0.000166352	18034	0.31251	FALSE	NA	NA	NA	NA	NA	NA
NC_045512.2	7189	A	G	17995	16517	45	2	1	60	0.000111123	17998	0.249993	FALSE	NA	NA	NA	NA	NA	NA
NC_045512.2	7189	A	C	17995	16517	45	1	1	40	5.55617e-05	17998	0.749993	FALSE	NA	NA	NA	NA	NA	NA
NC_045512.2	7190	A	G	17943	16469	45	1	1	40	5.57289e-05	17944	0.750021	FALSE	NA	NA	NA	NA	NA	NA
NC_045512.2	7191	T	G	12868	11679	44	4	4	28	0.000310752	12872	1	FALSE	NA	NA	NA	NA	NA	NA
NC_045512.2	7192	T	G	12850	11657	45	4	4	30	0.000311163	12855	0.989384	FALSE	NA	NA	NA	NA	NA	NA
NC_045512.2	7192	T	C	12850	11657	45	1	1	24	7.77907e-05	12855	1	FALSE	NA	NA	NA	NA	NA	NA
NC_045512.2	7193	A	G	11962	10920	44	2	1	44	0.00016714	11966	0.499969	FALSE	NA	NA	NA	NA	NA	NA
NC_045512.2	7193	A	C	11962	10920	44	2	0	24	0.00016714	11966	1	FALSE	NA	NA	NA	NA	NA	NA
NC_045512.2	7194	C	T	11937	10973	44	2	2	24	0.000167518	11939	1	FALSE	NA	NA	NA	NA	NA	NA
NC_045512.2	7195	C	G	11909	10962	44	2	2	40	0.000167912	11911	0.500031	FALSE	NA	NA	NA	NA	NA	NA
NC_045512.2	7196	A	G	11381	10463	44	1	0	80	8.7858e-05	11382	0.500022	FALSE	NA	NA	NA	NA	NA	NA
NC_045512.2	7201	A	C	200	18	41	1	0	24	0.00497512	201	0.876868	FALSE	NA	NA	NA	NA	NA	NA
NC_045512.2	7218	T	C	226	24	43	1	0	40	0.00440529	227	0.501104	FALSE	NA	NA	NA	NA	NA	NA
NC_045512.2	7228	T	G	235	27	43	1	1	24	0.00423729	236	0.876591	FALSE	NA	NA	NA	NA	NA	NA
NC_045512.2	7248	T	C	261	35	44	1	0	24	0.00381679	262	0.876433	FALSE	NA	NA	NA	NA	NA	NA
NC_045512.2	7252	G	C	263	35	44	1	0	40	0.00378788	264	0.500949	FALSE	NA	NA	NA	NA	NA	NA
NC_045512.2	7281	A	C	281	52	46	1	0	32	0.0035461	282	0.500888	FALSE	NA	NA	NA	NA	NA	NA
NC_045512.2	7351	T	G	231	149	50	1	1	24	0.00431034	232	0.876618	FALSE	NA	NA	NA	NA	NA	NA
NC_045512.2	7370	A	G	250	194	50	1	1	40	0.00398406	251	0.500998	FALSE	NA	NA	NA	NA	NA	NA
NC_045512.2	7443	T	G	219	211	44	1	1	24	0.00454545	220	0.876706	FALSE	NA	NA	NA	NA	NA	NA
NC_045512.2	7449	A	G	217	212	42	1	1	80	0.00458716	218	0.501149	FALSE	NA	NA	NA	NA	NA	NA
NC_045512.2	7476	G	A	157	154	43	1	1	24	0.00632911	158	0.752381	FALSE	NA	NA	NA	NA	NA	NA
NC_045512.2	7487	A	C	131	129	42	1	1	24	0.00757576	132	0.752852	FALSE	NA	NA	NA	NA	NA	NA
NC_045512.2	7501	T	G	101	98	41	1	0	40	0.00980392	102	0.502463	FALSE	NA	NA	NA	NA	NA	NA
NC_045512.2	7507	A	C	90	86	41	1	0	40	0.010989	91	0.502762	FALSE	NA	NA	NA	NA	NA	NA
NC_045512.2	7512	A	G	84	80	42	1	1	40	0.0117647	85	0.502959	FALSE	NA	NA	NA	NA	NA	NA
NC_045512.2	7536	C	A	6	1	46	1	0	40	0.142857	7	0.538462	FALSE	NA	NA	NA	NA	NA	NA
NC_045512.2	7564	C	T	9	5	64	1	0	40	0.1	10	0.526316	FALSE	NA	NA	NA	NA	NA	NA
NC_045512.2	7571	G	-T	10	5	62	2	0	20	0.2	10	0.314286	FALSE	NA	NA	NA	NA	NA	NA
NC_045512.2	7732	C	T	5	4	40	1	0	40	0.166667	6	0.545455	FALSE	NA	NA	NA	NA	NA	NA
NC_045512.2	7803	A	G	1854	83	38	1	0	24	0.000539084	1855	0.999998	FALSE	NA	NA	NA	NA	NA	NA
NC_045512.2	7804	T	C	1865	83	39	2	0	24	0.00107124	1867	0.999981	FALSE	NA	NA	NA	NA	NA	NA
NC_045512.2	7806	A	G	1868	84	39	2	1	32	0.00106952	1870	0.500201	FALSE	NA	NA	NA	NA	NA	NA
NC_045512.2	7810	A	G	2040	97	38	1	0	24	0.000489956	2041	1	FALSE	NA	NA	NA	NA	NA	NA
NC_045512.2	7811	C	T	1816	96	34	1	0	24	0.000550358	1817	0.999998	FALSE	NA	NA	NA	NA	NA	NA
NC_045512.2	7812	A	C	1983	110	37	1	0	24	0.000504032	1984	0.999999	FALSE	NA	NA	NA	NA	NA	NA
NC_045512.2	7814	T	C	2126	111	40	1	0	24	0.000470146	2127	1	FALSE	NA	NA	NA	NA	NA	NA
NC_045512.2	7815	C	T	1905	111	36	6	0	32	0.00313808	1912	0.0623283	FALSE	NA	NA	NA	NA	NA	NA
NC_045512.2	7815	C	G	1905	111	36	1	0	40	0.000523013	1912	0.499345	FALSE	NA	NA	NA	NA	NA	NA
NC_045512.2	7817	C	A	2132	112	38	2	0	32	0.000937207	2134	0.687764	FALSE	NA	NA	NA	NA	NA	NA
NC_045512.2	7818	T	C	2225	122	41	2	0	40	0.000898069	2227	0.250056	FALSE	NA	NA	NA	NA	NA	NA
NC_045512.2	7819	C	A	2107	125	37	2	0	24	0.000948317	2109	0.999997	FALSE	NA	NA	NA	NA	NA	NA
NC_045512.2	7820	T	C	2303	124	41	10	0	40	0.00432339	2313	0.000969185	TRUE	NA	NA	NA	NA	NA	NA
NC_045512.2	7821	C	A	2257	124	39	1	0	24	0.00044287	2258	1	FALSE	NA	NA	NA	NA	NA	NA
NC_045512.2	7824	A	+T	2360	169	41	1	0	20	0.000423729	2360	1	FALSE	NA	NA	NA	NA	NA	NA
NC_045512.2	7826	T	G	2393	198	43	1	0	40	0.000417711	2394	0.500104	FALSE	NA	NA	NA	NA	NA	NA
NC_045512.2	7833	A	C	2834	244	42	3	0	34	0.00105746	2837	0.500165	FALSE	NA	NA	NA	NA	NA	NA
NC_045512.2	7837	A	T	2900	260	43	1	0	40	0.000344353	2904	0.499828	FALSE	NA	NA	NA	NA	NA	NA
NC_045512.2	7837	A	C	2900	260	43	3	0	24	0.00103306	2904	1	FALSE	NA	NA	NA	NA	NA	NA
NC_045512.2	7838	G	A	2959	261	44	1	0	40	0.000337838	2960	0.500084	FALSE	NA	NA	NA	NA	NA	NA
NC_045512.2	7839	A	C	2942	260	44	2	0	24	0.000679348	2944	1	FALSE	NA	NA	NA	NA	NA	NA
NC_045512.2	7840	C	T	2980	261	44	1	0	40	0.000335458	2981	0.500084	FALSE	NA	NA	NA	NA	NA	NA
NC_045512.2	7841	A	C	2956	262	44	1	0	40	0.000338181	2957	0.500085	FALSE	NA	NA	NA	NA	NA	NA
NC_045512.2	7842	A	G	31	0	38	3268	275	44	0.990603	3299	0	TRUE	NA	NA	NA	NA	NA	NA
NC_045512.2	7844	C	A	3193	303	41	6	0	26	0.00187559	3199	0.999997	FALSE	NA	NA	NA	NA	NA	NA
NC_045512.2	7845	T	C	3352	307	45	1	0	24	0.00029824	3353	1	FALSE	NA	NA	NA	NA	NA	NA
NC_045512.2	7849	A	G	3426	329	45	1	0	24	0.000291715	3428	1	FALSE	NA	NA	NA	NA	NA	NA
NC_045512.2	7849	A	C	3426	329	45	1	0	40	0.000291715	3428	0.5	FALSE	NA	NA	NA	NA	NA	NA
NC_045512.2	7852	T	C	3627	349	45	2	0	44	0.000551116	3629	0.250034	FALSE	NA	NA	NA	NA	NA	NA
NC_045512.2	7853	A	C	3572	367	44	1	0	40	0.000279877	3573	0.50007	FALSE	NA	NA	NA	NA	NA	NA
NC_045512.2	7854	A	C	3605	372	45	1	0	24	0.000277316	3606	1	FALSE	NA	NA	NA	NA	NA	NA
NC_045512.2	7855	T	C	3656	369	45	1	0	24	0.000273448	3657	1	FALSE	NA	NA	NA	NA	NA	NA
NC_045512.2	7859	A	C	3938	418	45	4	0	32	0.00101471	3942	0.500139	FALSE	NA	NA	NA	NA	NA	NA
NC_045512.2	7862	A	G	3957	451	46	1	0	24	0.000252525	3960	1	FALSE	NA	NA	NA	NA	NA	NA
NC_045512.2	7862	A	C	3957	451	46	2	0	24	0.000505051	3960	1	FALSE	NA	NA	NA	NA	NA	NA
NC_045512.2	7864	A	T	3970	476	47	1	0	24	0.000251699	3973	1	FALSE	NA	NA	NA	NA	NA	NA
NC_045512.2	7864	A	G	3970	476	47	2	1	60	0.000503398	3973	0.249969	FALSE	NA	NA	NA	NA	NA	NA
NC_045512.2	7866	G	C	4130	487	47	2	0	40	0.000484027	4132	0.25003	FALSE	NA	NA	NA	NA	NA	NA
NC_045512.2	7868	T	C	4144	492	47	1	0	40	0.000241255	4145	0.50006	FALSE	NA	NA	NA	NA	NA	NA
NC_045512.2	7870	A	C	4108	495	47	2	0	24	0.000486618	4110	1	FALSE	NA	NA	NA	NA	NA	NA
NC_045512.2	7872	T	C	4148	512	47	1	0	40	0.000241022	4149	0.50006	FALSE	NA	NA	NA	NA	NA	NA
NC_045512.2	7873	G	C	4185	518	47	1	0	40	0.000238892	4186	0.50006	FALSE	NA	NA	NA	NA	NA	NA
NC_045512.2	7877	A	C	4336	541	46	3	0	34	0.000691404	4339	0.773627	FALSE	NA	NA	NA	NA	NA	NA
NC_045512.2	7880	A	G	4380	545	47	1	0	40	0.000228102	4384	0.499886	FALSE	NA	NA	NA	NA	NA	NA
NC_045512.2	7880	A	C	4380	545	47	3	0	34	0.000684307	4384	0.773531	FALSE	NA	NA	NA	NA	NA	NA
NC_045512.2	7886	A	C	4519	584	47	1	0	24	0.000221239	4520	1	FALSE	NA	NA	NA	NA	NA	NA
NC_045512.2	7890	T	C	4620	585	47	1	0	40	0.000216403	4621	0.500054	FALSE	NA	NA	NA	NA	NA	NA
NC_045512.2	7891	T	A	4622	585	48	1	0	40	0.00021631	4623	0.500054	FALSE	NA	NA	NA	NA	NA	NA
NC_045512.2	7892	T	C	4622	594	48	1	0	40	0.00021631	4623	0.500054	FALSE	NA	NA	NA	NA	NA	NA
NC_045512.2	7893	T	C	4627	612	48	1	0	40	0.000216076	4628	0.500054	FALSE	NA	NA	NA	NA	NA	NA
NC_045512.2	7894	T	C	4621	614	48	1	0	24	0.000216357	4622	1	FALSE	NA	NA	NA	NA	NA	NA
NC_045512.2	7895	G	C	4609	614	48	1	0	24	0.00021692	4610	1	FALSE	NA	NA	NA	NA	NA	NA
NC_045512.2	7896	A	C	4594	614	48	2	0	28	0.000435161	4596	1	FALSE	NA	NA	NA	NA	NA	NA
NC_045512.2	7900	T	C	4649	695	49	1	0	80	0.000215054	4650	0.500054	FALSE	NA	NA	NA	NA	NA	NA
NC_045512.2	7901	A	G	4615	699	49	1	0	24	0.000216638	4616	1	FALSE	NA	NA	NA	NA	NA	NA
NC_045512.2	7902	A	C	4618	701	49	1	0	40	0.000216497	4619	0.500054	FALSE	NA	NA	NA	NA	NA	NA
NC_045512.2	7903	A	C	4645	702	49	1	0	40	0.000215239	4646	0.500054	FALSE	NA	NA	NA	NA	NA	NA
NC_045512.2	7905	C	A	4702	776	51	1	0	40	0.00021263	4703	0.500053	FALSE	NA	NA	NA	NA	NA	NA
NC_045512.2	7906	A	G	4664	786	51	2	0	60	0.000428633	4666	0.250027	FALSE	NA	NA	NA	NA	NA	NA
NC_045512.2	7908	A	C	4643	786	51	1	0	24	0.000215332	4644	1	FALSE	NA	NA	NA	NA	NA	NA
NC_045512.2	7909	A	G	4669	791	51	1	0	40	0.000214087	4671	0.5	FALSE	NA	NA	NA	NA	NA	NA
NC_045512.2	7909	A	C	4669	791	51	1	0	24	0.000214087	4671	1	FALSE	NA	NA	NA	NA	NA	NA
NC_045512.2	7912	T	C	4707	790	51	1	1	80	0.000212404	4708	0.500053	FALSE	NA	NA	NA	NA	NA	NA
NC_045512.2	7914	A	G	4685	800	51	2	1	52	0.000426712	4687	0.250027	FALSE	NA	NA	NA	NA	NA	NA
NC_045512.2	7915	A	G	4692	801	51	1	0	40	0.000213083	4693	0.500053	FALSE	NA	NA	NA	NA	NA	NA
NC_045512.2	7917	A	T	4711	810	51	1	0	40	0.000212224	4712	0.500053	FALSE	NA	NA	NA	NA	NA	NA
NC_045512.2	7919	T	C	4738	814	51	1	0	40	0.000211015	4739	0.500053	FALSE	NA	NA	NA	NA	NA	NA
NC_045512.2	7920	C	T	4735	815	51	1	0	40	0.000211149	4736	0.500053	FALSE	NA	NA	NA	NA	NA	NA
NC_045512.2	7927	A	G	4673	879	51	1	1	32	0.00021395	4674	0.9688	FALSE	NA	NA	NA	NA	NA	NA
NC_045512.2	7928	A	G	4671	892	52	1	0	24	0.000214041	4672	1	FALSE	NA	NA	NA	NA	NA	NA
NC_045512.2	7929	A	G	4654	895	51	1	1	80	0.000214777	4656	0.5	FALSE	NA	NA	NA	NA	NA	NA
NC_045512.2	7929	A	C	4654	895	51	1	0	24	0.000214777	4656	1	FALSE	NA	NA	NA	NA	NA	NA
NC_045512.2	7955	C	T	4254	1525	49	1	0	40	0.000235018	4255	0.500059	FALSE	NA	NA	NA	NA	NA	NA
NC_045512.2	7957	T	C	4262	1540	49	1	1	40	0.000234577	4263	0.500059	FALSE	NA	NA	NA	NA	NA	NA
NC_045512.2	7961	T	G	4247	1690	50	1	1	24	0.000235349	4249	1	FALSE	NA	NA	NA	NA	NA	NA
NC_045512.2	7961	T	C	4247	1690	50	1	1	80	0.000235349	4249	0.5	FALSE	NA	NA	NA	NA	NA	NA
NC_045512.2	7962	G	T	4221	1686	49	1	1	24	0.000236798	4223	1	FALSE	NA	NA	NA	NA	NA	NA
NC_045512.2	7962	G	A	4221	1686	49	1	0	24	0.000236798	4223	1	FALSE	NA	NA	NA	NA	NA	NA
NC_045512.2	7965	A	C	4247	1711	50	1	0	40	0.000235405	4248	0.500059	FALSE	NA	NA	NA	NA	NA	NA
NC_045512.2	7966	A	C	4245	1721	49	1	0	24	0.000235516	4246	1	FALSE	NA	NA	NA	NA	NA	NA
NC_045512.2	7967	C	A	4401	1773	49	2	0	32	0.000454236	4403	0.890758	FALSE	NA	NA	NA	NA	NA	NA
NC_045512.2	7970	A	G	4366	1808	49	1	1	40	0.000228938	4368	0.5	FALSE	NA	NA	NA	NA	NA	NA
NC_045512.2	7970	A	C	4366	1808	49	1	0	24	0.000228938	4368	1	FALSE	NA	NA	NA	NA	NA	NA
NC_045512.2	7971	T	C	4372	1805	49	1	1	40	0.000228676	4373	0.500057	FALSE	NA	NA	NA	NA	NA	NA
NC_045512.2	7973	C	T	4365	1859	49	2	1	32	0.000457875	4368	0.890706	FALSE	NA	NA	NA	NA	NA	NA
NC_045512.2	7973	C	G	4365	1859	49	1	0	24	0.000228938	4368	1	FALSE	NA	NA	NA	NA	NA	NA
NC_045512.2	7978	A	G	4191	1741	49	1	0	24	0.000238493	4193	1	FALSE	NA	NA	NA	NA	NA	NA
NC_045512.2	7978	A	C	4191	1741	49	1	0	24	0.000238493	4193	1	FALSE	NA	NA	NA	NA	NA	NA
NC_045512.2	7980	T	C	4192	1722	49	1	0	40	0.000238493	4193	0.50006	FALSE	NA	NA	NA	NA	NA	NA
NC_045512.2	7981	A	G	4167	1718	49	2	2	58	0.000479616	4170	0.24997	FALSE	NA	NA	NA	NA	NA	NA
NC_045512.2	7981	A	C	4167	1718	49	1	0	40	0.000239808	4170	0.49994	FALSE	NA	NA	NA	NA	NA	NA
NC_045512.2	7983	A	G	4029	1910	48	1	1	80	0.000248139	4030	0.500062	FALSE	NA	NA	NA	NA	NA	NA
NC_045512.2	7985	C	T	3992	1888	48	1	1	80	0.000250438	3993	0.500063	FALSE	NA	NA	NA	NA	NA	NA
NC_045512.2	7986	A	G	3990	1876	48	1	1	80	0.000250564	3991	0.500063	FALSE	NA	NA	NA	NA	NA	NA
NC_045512.2	7987	G	T	3884	1742	46	6	6	24	0.00154242	3890	1	FALSE	NA	NA	NA	NA	NA	NA
NC_045512.2	7990	A	G	4199	2179	50	1	1	24	0.000238039	4201	1	FALSE	NA	NA	NA	NA	NA	NA
NC_045512.2	7990	A	C	4199	2179	50	1	0	24	0.000238039	4201	1	FALSE	NA	NA	NA	NA	NA	NA
NC_045512.2	7991	T	G	4183	2166	50	1	1	24	0.000239006	4184	1	FALSE	NA	NA	NA	NA	NA	NA
NC_045512.2	7993	A	C	4038	2253	49	1	0	24	0.000247586	4039	1	FALSE	NA	NA	NA	NA	NA	NA
NC_045512.2	7994	G	T	4024	2257	49	1	1	24	0.000248447	4025	1	FALSE	NA	NA	NA	NA	NA	NA
NC_045512.2	7997	T	G	4447	2914	53	1	1	24	0.00022482	4448	1	FALSE	NA	NA	NA	NA	NA	NA
NC_045512.2	7998	C	T	4388	3011	52	1	0	40	0.00022779	4390	0.5	FALSE	NA	NA	NA	NA	NA	NA
NC_045512.2	7998	C	G	4388	3011	52	1	1	24	0.00022779	4390	1	FALSE	NA	NA	NA	NA	NA	NA
NC_045512.2	7999	T	G	4396	3005	52	1	1	40	0.000227428	4397	0.500057	FALSE	NA	NA	NA	NA	NA	NA
NC_045512.2	8001	A	G	4444	3070	52	1	1	80	0.000224972	4445	0.500056	FALSE	NA	NA	NA	NA	NA	NA
NC_045512.2	8002	T	G	4557	3266	53	1	1	32	0.000219394	4558	0.968801	FALSE	NA	NA	NA	NA	NA	NA
NC_045512.2	8003	G	T	4601	3292	53	1	1	80	0.000217297	4602	0.500054	FALSE	NA	NA	NA	NA	NA	NA
NC_045512.2	8005	T	C	4554	3259	53	2	2	80	0.000438982	4556	0.250027	FALSE	NA	NA	NA	NA	NA	NA
NC_045512.2	8007	G	T	4253	2961	46	10	10	28	0.00234522	4264	0.999999	FALSE	NA	NA	NA	NA	NA	NA
NC_045512.2	8007	G	A	4253	2961	46	1	1	40	0.000234522	4264	0.499472	FALSE	NA	NA	NA	NA	NA	NA
NC_045512.2	8008	T	G	4892	3797	55	1	1	40	0.000204374	4893	0.500051	FALSE	NA	NA	NA	NA	NA	NA
NC_045512.2	8014	T	C	4884	3982	54	2	2	40	0.000409333	4886	0.250026	FALSE	NA	NA	NA	NA	NA	NA
NC_045512.2	8015	G	T	4906	4012	54	1	1	24	0.000203791	4907	1	FALSE	NA	NA	NA	NA	NA	NA
NC_045512.2	8016	C	T	4898	4058	53	1	1	40	0.000204082	4900	0.5	FALSE	NA	NA	NA	NA	NA	NA
NC_045512.2	8016	C	G	4898	4058	53	1	1	52	0.000204082	4900	0.5	FALSE	NA	NA	NA	NA	NA	NA
NC_045512.2	8018	G	T	4822	3984	52	5	5	24	0.00103584	4827	1	FALSE	NA	NA	NA	NA	NA	NA
NC_045512.2	8022	T	G	4817	3985	53	1	1	24	0.000207512	4819	1	FALSE	NA	NA	NA	NA	NA	NA
NC_045512.2	8022	T	C	4817	3985	53	1	1	40	0.000207512	4819	0.5	FALSE	NA	NA	NA	NA	NA	NA
NC_045512.2	8023	T	C	4818	3986	53	1	1	80	0.000207512	4819	0.500052	FALSE	NA	NA	NA	NA	NA	NA
NC_045512.2	8025	C	T	4824	4091	51	1	1	40	0.000207254	4825	0.500052	FALSE	NA	NA	NA	NA	NA	NA
NC_045512.2	8026	A	G	4833	4104	51	1	0	64	0.000206868	4834	0.500052	FALSE	NA	NA	NA	NA	NA	NA
NC_045512.2	8027	G	T	4831	4098	51	1	1	24	0.000206868	4834	1	FALSE	NA	NA	NA	NA	NA	NA
NC_045512.2	8027	G	A	4831	4098	51	2	1	60	0.000413736	4834	0.249974	FALSE	NA	NA	NA	NA	NA	NA
NC_045512.2	8028	T	G	4807	4081	51	2	2	24	0.000415887	4809	1	FALSE	NA	NA	NA	NA	NA	NA
NC_045512.2	8029	T	G	4781	4051	49	1	1	40	0.000209074	4783	0.5	FALSE	NA	NA	NA	NA	NA	NA
NC_045512.2	8029	T	C	4781	4051	49	1	1	40	0.000209074	4783	0.5	FALSE	NA	NA	NA	NA	NA	NA
NC_045512.2	8030	A	G	4834	4108	51	1	1	40	0.000206825	4835	0.500052	FALSE	NA	NA	NA	NA	NA	NA
NC_045512.2	8032	A	G	4834	4171	50	1	1	40	0.000206825	4835	0.500052	FALSE	NA	NA	NA	NA	NA	NA
NC_045512.2	8033	A	G	4836	4177	50	1	1	24	0.00020674	4837	1	FALSE	NA	NA	NA	NA	NA	NA
NC_045512.2	8036	T	C	4771	4124	50	1	0	64	0.000209556	4772	0.500052	FALSE	NA	NA	NA	NA	NA	NA
NC_045512.2	8037	T	G	4749	4100	50	1	1	24	0.000210526	4750	1	FALSE	NA	NA	NA	NA	NA	NA
NC_045512.2	8038	T	G	4773	4125	50	1	1	40	0.000209424	4775	0.5	FALSE	NA	NA	NA	NA	NA	NA
NC_045512.2	8038	T	C	4773	4125	50	1	1	24	0.000209424	4775	1	FALSE	NA	NA	NA	NA	NA	NA
NC_045512.2	8039	G	A	4787	4141	50	1	1	40	0.000208855	4788	0.500052	FALSE	NA	NA	NA	NA	NA	NA
NC_045512.2	8041	T	G	4761	4133	50	1	1	24	0.000209952	4763	1	FALSE	NA	NA	NA	NA	NA	NA
NC_045512.2	8041	T	A	4761	4133	50	1	0	80	0.000209952	4763	0.5	FALSE	NA	NA	NA	NA	NA	NA
NC_045512.2	8042	G	C	4773	4146	50	1	1	40	0.000209468	4774	0.500052	FALSE	NA	NA	NA	NA	NA	NA
NC_045512.2	8044	T	C	4704	4080	49	1	0	40	0.00021254	4705	0.500053	FALSE	NA	NA	NA	NA	NA	NA
NC_045512.2	8046	A	G	4730	4107	50	1	1	40	0.000211372	4731	0.500053	FALSE	NA	NA	NA	NA	NA	NA
NC_045512.2	8048	G	T	4702	4081	50	1	1	40	0.000212585	4704	0.5	FALSE	NA	NA	NA	NA	NA	NA
NC_045512.2	8048	G	A	4702	4081	50	1	1	40	0.000212585	4704	0.5	FALSE	NA	NA	NA	NA	NA	NA
NC_045512.2	8050	T	G	4575	3959	50	3	3	34	0.000655308	4578	0.773617	FALSE	NA	NA	NA	NA	NA	NA
NC_045512.2	8052	A	G	4557	3944	50	1	1	24	0.000219394	4558	1	FALSE	NA	NA	NA	NA	NA	NA
NC_045512.2	8053	T	G	4544	3931	50	1	1	24	0.000220022	4545	1	FALSE	NA	NA	NA	NA	NA	NA
NC_045512.2	8058	T	C	4347	3771	50	1	0	80	0.000229991	4348	0.500058	FALSE	NA	NA	NA	NA	NA	NA
NC_045512.2	8059	T	G	4344	3768	50	1	1	24	0.00023015	4345	1	FALSE	NA	NA	NA	NA	NA	NA
NC_045512.2	8060	T	C	4333	3759	50	1	1	40	0.000230734	4334	0.500058	FALSE	NA	NA	NA	NA	NA	NA
NC_045512.2	8061	C	G	4349	3792	50	1	1	32	0.000229885	4350	0.968804	FALSE	NA	NA	NA	NA	NA	NA
NC_045512.2	8063	T	C	4323	3764	49	1	1	24	0.000231267	4324	1	FALSE	NA	NA	NA	NA	NA	NA
NC_045512.2	8068	T	G	4293	3754	49	2	2	28	0.000465549	4296	1	FALSE	NA	NA	NA	NA	NA	NA
NC_045512.2	8068	T	C	4293	3754	49	1	0	80	0.000232775	4296	0.499942	FALSE	NA	NA	NA	NA	NA	NA
NC_045512.2	8073	A	G	4297	3766	49	2	1	44	0.000465224	4299	0.250029	FALSE	NA	NA	NA	NA	NA	NA
NC_045512.2	8076	T	C	4102	3586	48	1	1	24	0.000243724	4103	1	FALSE	NA	NA	NA	NA	NA	NA
NC_045512.2	8077	A	G	4149	3634	49	2	2	40	0.000481812	4151	0.25003	FALSE	NA	NA	NA	NA	NA	NA
NC_045512.2	8082	T	+G	4116	3613	49	1	0	20	0.000242954	4116	1	FALSE	NA	NA	NA	NA	NA	NA
NC_045512.2	8085	A	G	4105	3605	49	1	1	40	0.000243546	4106	0.500061	FALSE	NA	NA	NA	NA	NA	NA
NC_045512.2	8086	A	C	4106	3613	49	1	1	40	0.000243487	4107	0.500061	FALSE	NA	NA	NA	NA	NA	NA
NC_045512.2	8088	A	G	4082	3590	49	1	1	40	0.000244918	4083	0.500061	FALSE	NA	NA	NA	NA	NA	NA
NC_045512.2	8090	C	G	4076	3679	47	1	1	24	0.000245278	4077	1	FALSE	NA	NA	NA	NA	NA	NA
NC_045512.2	8091	T	G	3980	3583	47	1	1	24	0.00025113	3982	1	FALSE	NA	NA	NA	NA	NA	NA
NC_045512.2	8091	T	C	3980	3583	47	1	1	40	0.00025113	3982	0.5	FALSE	NA	NA	NA	NA	NA	NA
NC_045512.2	8092	C	G	3987	3600	47	2	2	32	0.000501379	3989	0.812657	FALSE	NA	NA	NA	NA	NA	NA
NC_045512.2	8094	A	G	3969	3589	47	1	1	40	0.000251889	3970	0.500063	FALSE	NA	NA	NA	NA	NA	NA
NC_045512.2	8095	A	G	3957	3578	47	1	1	40	0.000252653	3958	0.500063	FALSE	NA	NA	NA	NA	NA	NA
NC_045512.2	8097	C	A	3966	3591	47	1	1	24	0.00025208	3967	1	FALSE	NA	NA	NA	NA	NA	NA
NC_045512.2	8098	A	G	3881	3510	47	1	1	24	0.000257599	3882	1	FALSE	NA	NA	NA	NA	NA	NA
NC_045512.2	8101	A	G	3819	3462	47	1	1	24	0.00026178	3820	1	FALSE	NA	NA	NA	NA	NA	NA
NC_045512.2	8103	T	G	3762	3415	47	1	1	24	0.000265745	3763	1	FALSE	NA	NA	NA	NA	NA	NA
NC_045512.2	8104	T	G	3749	3403	47	2	2	24	0.000533191	3751	1	FALSE	NA	NA	NA	NA	NA	NA
NC_045512.2	8105	G	T	3746	3430	46	1	1	24	0.00026688	3747	1	FALSE	NA	NA	NA	NA	NA	NA
NC_045512.2	8108	A	G	3579	3268	46	1	1	24	0.00027933	3580	1	FALSE	NA	NA	NA	NA	NA	NA
NC_045512.2	8110	T	G	3355	3074	46	1	1	24	0.000297885	3357	1	FALSE	NA	NA	NA	NA	NA	NA
NC_045512.2	8110	T	C	3355	3074	46	1	0	80	0.000297885	3357	0.5	FALSE	NA	NA	NA	NA	NA	NA
NC_045512.2	8113	A	G	3359	3080	46	1	1	40	0.000297619	3360	0.500074	FALSE	NA	NA	NA	NA	NA	NA
NC_045512.2	8114	G	T	3334	3055	45	1	1	24	0.00029985	3335	1	FALSE	NA	NA	NA	NA	NA	NA
NC_045512.2	8116	A	G	9435	3456	41	1	0	40	0.000105966	9437	0.5	FALSE	NA	NA	NA	NA	NA	NA
NC_045512.2	8116	A	C	9435	3456	41	1	0	24	0.000105966	9437	1	FALSE	NA	NA	NA	NA	NA	NA
NC_045512.2	8117	G	T	9468	3460	41	1	1	40	0.000105608	9469	0.500026	FALSE	NA	NA	NA	NA	NA	NA
NC_045512.2	8118	C	T	9467	3485	41	2	0	40	0.000211216	9469	0.250013	FALSE	NA	NA	NA	NA	NA	NA
NC_045512.2	8119	T	C	9397	3424	41	5	0	30	0.000531802	9402	0.910331	FALSE	NA	NA	NA	NA	NA	NA
NC_045512.2	8120	G	C	9418	3425	41	3	1	34	0.000318438	9421	0.980751	FALSE	NA	NA	NA	NA	NA	NA
NC_045512.2	8121	A	C	9411	3417	41	3	1	34	0.000318674	9414	0.980751	FALSE	NA	NA	NA	NA	NA	NA
NC_045512.2	8122	A	G	7192	3301	41	2240	123	39	0.237464	9433	0	TRUE	NA	NA	NA	NA	NA	NA
NC_045512.2	8122	A	C	7192	3301	41	1	0	24	0.000106011	9433	1	FALSE	NA	NA	NA	NA	NA	NA
NC_045512.2	8123	C	G	9584	3426	41	1	1	40	0.00010433	9585	0.500026	FALSE	NA	NA	NA	NA	NA	NA
NC_045512.2	8124	T	C	9527	3376	41	2	0	40	0.000209886	9529	0.250013	FALSE	NA	NA	NA	NA	NA	NA
NC_045512.2	8125	T	C	9622	3284	41	1	0	24	0.000103918	9623	1	FALSE	NA	NA	NA	NA	NA	NA
NC_045512.2	8126	G	C	9730	3323	41	2	0	32	0.000205508	9732	0.994154	FALSE	NA	NA	NA	NA	NA	NA
NC_045512.2	8127	C	G	9871	3319	41	2	2	24	0.000202573	9873	1	FALSE	NA	NA	NA	NA	NA	NA
NC_045512.2	8128	A	C	9819	3347	40	4	0	32	0.000407208	9823	0.953928	FALSE	NA	NA	NA	NA	NA	NA
NC_045512.2	8129	A	G	9878	3341	41	3	1	29	0.000303582	9882	1	FALSE	NA	NA	NA	NA	NA	NA
NC_045512.2	8129	A	C	9878	3341	41	1	0	40	0.000101194	9882	0.499949	FALSE	NA	NA	NA	NA	NA	NA
NC_045512.2	8130	A	G	9862	3346	41	2	0	32	0.000202716	9866	0.994149	FALSE	NA	NA	NA	NA	NA	NA
NC_045512.2	8130	A	C	9862	3346	41	2	0	40	0.000202716	9866	0.249962	FALSE	NA	NA	NA	NA	NA	NA
NC_045512.2	8132	A	G	11153	3370	41	1	1	40	8.96298e-05	11157	0.749966	FALSE	NA	NA	NA	NA	NA	NA
NC_045512.2	8132	A	C	11153	3370	41	3	0	24	0.000268889	11157	1	FALSE	NA	NA	NA	NA	NA	NA
NC_045512.2	8133	A	G	11140	3364	41	6	6	34	0.000538117	11150	0.928268	FALSE	NA	NA	NA	NA	NA	NA
NC_045512.2	8133	A	C	11140	3364	41	4	0	36	0.000358744	11150	0.982414	FALSE	NA	NA	NA	NA	NA	NA
NC_045512.2	8135	G	C	8266	521	41	1	0	40	0.000120948	8268	0.5	FALSE	NA	NA	NA	NA	NA	NA
NC_045512.2	8135	G	A	8266	521	41	1	0	40	0.000120948	8268	0.5	FALSE	NA	NA	NA	NA	NA	NA
NC_045512.2	8136	T	G	8289	527	41	1	0	32	0.000120613	8291	0.998051	FALSE	NA	NA	NA	NA	NA	NA
NC_045512.2	8136	T	A	8289	527	41	1	0	40	0.000120613	8291	0.5	FALSE	NA	NA	NA	NA	NA	NA
NC_045512.2	8138	T	G	10793	709	42	1	0	40	9.26269e-05	10796	0.749988	FALSE	NA	NA	NA	NA	NA	NA
NC_045512.2	8138	T	C	10793	709	42	2	0	40	0.000185254	10796	0.5	FALSE	NA	NA	NA	NA	NA	NA
NC_045512.2	8139	C	A	10835	758	41	3	0	29	0.000276804	10838	1	FALSE	NA	NA	NA	NA	NA	NA
NC_045512.2	8141	T	C	10955	766	42	2	0	32	0.000182532	10957	0.996834	FALSE	NA	NA	NA	NA	NA	NA
NC_045512.2	8142	T	G	10964	773	42	5	0	33	0.000455789	10970	0.940828	FALSE	NA	NA	NA	NA	NA	NA
NC_045512.2	8142	T	C	10964	773	42	1	0	24	9.11577e-05	10970	1	FALSE	NA	NA	NA	NA	NA	NA
NC_045512.2	8143	A	G	11088	785	42	1	0	24	9.01632e-05	11091	1	FALSE	NA	NA	NA	NA	NA	NA
NC_045512.2	8143	A	C	11088	785	42	2	0	24	0.000180326	11091	1	FALSE	NA	NA	NA	NA	NA	NA
NC_045512.2	8144	G	C	11734	806	42	1	0	40	8.52152e-05	11735	0.750032	FALSE	NA	NA	NA	NA	NA	NA
NC_045512.2	8145	A	G	11706	851	42	2	0	40	0.000170809	11709	0.5	FALSE	NA	NA	NA	NA	NA	NA
NC_045512.2	8145	A	C	11706	851	42	1	0	24	8.54044e-05	11709	1	FALSE	NA	NA	NA	NA	NA	NA
NC_045512.2	8147	A	C	11740	855	42	1	0	24	8.51716e-05	11741	1	FALSE	NA	NA	NA	NA	NA	NA
NC_045512.2	8148	A	G	11807	863	42	2	0	40	0.000169334	11811	0.499968	FALSE	NA	NA	NA	NA	NA	NA
NC_045512.2	8148	A	C	11807	863	42	2	0	24	0.000169334	11811	1	FALSE	NA	NA	NA	NA	NA	NA
NC_045512.2	8149	T	G	11960	946	43	3	0	34	0.000250689	11967	0.993534	FALSE	NA	NA	NA	NA	NA	NA
NC_045512.2	8149	T	C	11960	946	43	4	0	36	0.000334253	11967	0.982436	FALSE	NA	NA	NA	NA	NA	NA
NC_045512.2	8150	G	C	12900	976	43	1	0	40	7.75134e-05	12901	0.750029	FALSE	NA	NA	NA	NA	NA	NA
NC_045512.2	8151	T	G	12866	1024	43	1	0	24	7.77122e-05	12868	1	FALSE	NA	NA	NA	NA	NA	NA
NC_045512.2	8151	T	C	12866	1024	43	1	0	24	7.77122e-05	12868	1	FALSE	NA	NA	NA	NA	NA	NA
NC_045512.2	8152	C	A	12952	1044	42	1	0	24	7.72022e-05	12953	1	FALSE	NA	NA	NA	NA	NA	NA
NC_045512.2	8152	C	-T	12952	1044	42	1	0	20	7.72022e-05	12953	1	FALSE	NA	NA	NA	NA	NA	NA
NC_045512.2	8153	T	G	13125	1047	43	1	0	24	7.61673e-05	13129	1	FALSE	NA	NA	NA	NA	NA	NA
NC_045512.2	8153	T	C	13125	1047	43	3	1	40	0.000228502	13129	0.312457	FALSE	NA	NA	NA	NA	NA	NA
NC_045512.2	8154	T	-A	13176	1065	43	1	0	20	7.58956e-05	13176	1	FALSE	NA	NA	NA	NA	NA	NA
NC_045512.2	8155	A	C	13156	1071	43	3	0	24	0.000227981	13159	1	FALSE	NA	NA	NA	NA	NA	NA
NC_045512.2	8156	T	C	13249	1068	43	4	0	32	0.000301818	13253	0.993654	FALSE	NA	NA	NA	NA	NA	NA
NC_045512.2	8157	C	-T	13266	1075	43	2	0	20	0.000150761	13266	1	FALSE	NA	NA	NA	NA	NA	NA
NC_045512.2	8159	A	C	13376	1088	43	4	0	24	0.000298954	13380	1	FALSE	NA	NA	NA	NA	NA	NA
NC_045512.2	8160	C	T	13547	1091	43	1	0	40	7.38116e-05	13548	0.750028	FALSE	NA	NA	NA	NA	NA	NA
NC_045512.2	8160	C	-T	13547	1091	43	1	0	20	7.38116e-05	13548	1	FALSE	NA	NA	NA	NA	NA	NA
NC_045512.2	8161	T	C	13553	1131	44	1	0	24	7.3779e-05	13554	1	FALSE	NA	NA	NA	NA	NA	NA
NC_045512.2	8162	T	C	13559	1132	44	1	0	40	7.37463e-05	13560	0.750028	FALSE	NA	NA	NA	NA	NA	NA
NC_045512.2	8163	T	G	13548	1131	44	3	0	29	0.000221353	13553	1	FALSE	NA	NA	NA	NA	NA	NA
NC_045512.2	8163	T	C	13548	1131	44	2	0	32	0.000147569	13553	0.999513	FALSE	NA	NA	NA	NA	NA	NA
NC_045512.2	8165	A	C	13574	1151	41	3	0	24	0.000220962	13577	1	FALSE	NA	NA	NA	NA	NA	NA
NC_045512.2	8166	T	C	13824	1169	44	3	0	34	0.000216967	13827	0.997916	FALSE	NA	NA	NA	NA	NA	NA
NC_045512.2	8167	T	C	13782	1168	44	4	1	34	0.000290149	13786	0.993653	FALSE	NA	NA	NA	NA	NA	NA
NC_045512.2	8168	T	C	13825	1266	44	3	0	34	0.000216951	13828	0.997916	FALSE	NA	NA	NA	NA	NA	NA
NC_045512.2	8169	C	A	12551	1271	37	21	0	24	0.00167038	12572	1	FALSE	NA	NA	NA	NA	NA	NA
NC_045512.2	8170	A	G	13746	1272	44	3	0	40	0.000218198	13749	0.312514	FALSE	NA	NA	NA	NA	NA	NA
NC_045512.2	8172	C	T	13890	1318	45	4	0	50	0.000287894	13894	0.0624955	FALSE	NA	NA	NA	NA	NA	NA
NC_045512.2	8175	C	T	14044	1334	45	2	0	32	0.000142379	14047	0.999741	FALSE	NA	NA	NA	NA	NA	NA
NC_045512.2	8175	C	G	14044	1334	45	1	0	24	7.11896e-05	14047	1	FALSE	NA	NA	NA	NA	NA	NA
NC_045512.2	8176	T	C	14080	1406	45	2	1	60	0.000142025	14082	0.250009	FALSE	NA	NA	NA	NA	NA	NA
NC_045512.2	8176	T	-C	14080	1406	45	1	0	20	7.10126e-05	14082	1	FALSE	NA	NA	NA	NA	NA	NA
NC_045512.2	8177	C	T	14300	1566	44	1	0	40	6.9891e-05	14308	0.749886	FALSE	NA	NA	NA	NA	NA	NA
NC_045512.2	8177	C	A	14300	1566	44	7	0	26	0.000489237	14308	1	FALSE	NA	NA	NA	NA	NA	NA
NC_045512.2	8179	G	C	14597	1601	46	2	0	40	0.000136977	14601	0.499974	FALSE	NA	NA	NA	NA	NA	NA
NC_045512.2	8179	G	A	14597	1601	46	2	0	40	0.000136977	14601	0.499974	FALSE	NA	NA	NA	NA	NA	NA
NC_045512.2	8180	C	A	14438	1602	45	6	0	26	0.000415397	14444	1	FALSE	NA	NA	NA	NA	NA	NA
NC_045512.2	8180	C	-A	14438	1602	45	1	0	20	6.92329e-05	14444	1	FALSE	NA	NA	NA	NA	NA	NA
NC_045512.2	8181	A	G	14550	1602	46	2	0	40	0.000137419	14554	0.499948	FALSE	NA	NA	NA	NA	NA	NA
NC_045512.2	8181	A	C	14550	1602	46	2	0	24	0.000137419	14554	1	FALSE	NA	NA	NA	NA	NA	NA
NC_045512.2	8182	A	T	14560	1609	46	1	0	40	6.86719e-05	14562	0.750009	FALSE	NA	NA	NA	NA	NA	NA
NC_045512.2	8182	A	C	14560	1609	46	1	0	24	6.86719e-05	14562	1	FALSE	NA	NA	NA	NA	NA	NA
NC_045512.2	8183	G	T	14944	1610	45	1	1	32	6.6912e-05	14945	0.99997	FALSE	NA	NA	NA	NA	NA	NA
NC_045512.2	8185	G	C	15481	1776	46	2	1	40	0.000129174	15483	0.500024	FALSE	NA	NA	NA	NA	NA	NA
NC_045512.2	8188	T	G	15528	1788	47	1	0	40	6.43874e-05	15531	0.749992	FALSE	NA	NA	NA	NA	NA	NA
NC_045512.2	8188	T	C	15528	1788	47	2	0	32	0.000128775	15531	0.999863	FALSE	NA	NA	NA	NA	NA	NA
NC_045512.2	8189	G	-T	15536	1787	46	1	0	20	6.43666e-05	15536	1	FALSE	NA	NA	NA	NA	NA	NA
NC_045512.2	8190	T	C	15522	1841	47	3	0	53	0.000193237	15525	0.124988	FALSE	NA	NA	NA	NA	NA	NA
NC_045512.2	8191	T	C	15554	1842	47	2	0	32	0.000128568	15556	0.999863	FALSE	NA	NA	NA	NA	NA	NA
NC_045512.2	8192	G	T	15583	1850	47	1	0	40	6.41684e-05	15584	0.750024	FALSE	NA	NA	NA	NA	NA	NA
NC_045512.2	8193	A	G	15627	1893	47	1	0	40	6.39632e-05	15634	0.749928	FALSE	NA	NA	NA	NA	NA	NA
NC_045512.2	8193	A	C	15627	1893	47	6	0	29	0.000383779	15634	1	FALSE	NA	NA	NA	NA	NA	NA
NC_045512.2	8194	T	G	15729	1963	47	1	0	24	6.35647e-05	15732	1	FALSE	NA	NA	NA	NA	NA	NA
NC_045512.2	8194	T	C	15729	1963	47	2	0	32	0.000127129	15732	0.999863	FALSE	NA	NA	NA	NA	NA	NA
NC_045512.2	8195	T	C	15727	2077	48	1	0	24	6.35768e-05	15729	1	FALSE	NA	NA	NA	NA	NA	NA
NC_045512.2	8195	T	A	15727	2077	48	1	0	40	6.35768e-05	15729	0.750008	FALSE	NA	NA	NA	NA	NA	NA
NC_045512.2	8196	C	T	15789	2087	48	1	0	40	6.33232e-05	15792	0.749992	FALSE	NA	NA	NA	NA	NA	NA
NC_045512.2	8196	C	A	15789	2087	48	2	0	32	0.000126646	15792	0.999863	FALSE	NA	NA	NA	NA	NA	NA
NC_045512.2	8197	A	G	15702	2091	48	2	0	40	0.000127316	15709	0.499904	FALSE	NA	NA	NA	NA	NA	NA
NC_045512.2	8197	A	C	15702	2091	48	5	0	40	0.000318289	15709	0.109338	FALSE	NA	NA	NA	NA	NA	NA
NC_045512.2	8198	G	C	16033	2109	48	1	0	24	6.23636e-05	16035	1	FALSE	NA	NA	NA	NA	NA	NA
NC_045512.2	8198	G	A	16033	2109	48	1	1	40	6.23636e-05	16035	0.750008	FALSE	NA	NA	NA	NA	NA	NA
NC_045512.2	8199	A	G	15996	2325	49	1	0	24	6.25e-05	16000	1	FALSE	NA	NA	NA	NA	NA	NA
NC_045512.2	8199	A	C	15996	2325	49	3	0	29	0.0001875	16000	1	FALSE	NA	NA	NA	NA	NA	NA
NC_045512.2	8200	T	G	16095	2324	49	1	1	32	6.21272e-05	16096	0.999992	FALSE	NA	NA	NA	NA	NA	NA
NC_045512.2	8201	G	T	16111	2289	48	2	2	28	0.000124123	16113	1	FALSE	NA	NA	NA	NA	NA	NA
NC_045512.2	8202	T	C	16159	2537	50	1	0	24	6.18812e-05	16160	1	FALSE	NA	NA	NA	NA	NA	NA
NC_045512.2	8203	A	G	16006	2564	49	1	0	24	6.24532e-05	16012	1	FALSE	NA	NA	NA	NA	NA	NA
NC_045512.2	8203	A	C	16006	2564	49	5	1	27	0.000312266	16012	1	FALSE	NA	NA	NA	NA	NA	NA
NC_045512.2	8204	G	T	16159	2556	50	1	0	40	6.18812e-05	16160	0.750023	FALSE	NA	NA	NA	NA	NA	NA
NC_045512.2	8205	A	G	16099	2673	50	1	0	40	6.20964e-05	16104	0.749961	FALSE	NA	NA	NA	NA	NA	NA
NC_045512.2	8205	A	C	16099	2673	50	4	0	24	0.000248385	16104	1	FALSE	NA	NA	NA	NA	NA	NA
NC_045512.2	8206	A	G	16198	2695	50	3	1	66	0.000185094	16208	0.124919	FALSE	NA	NA	NA	NA	NA	NA
NC_045512.2	8206	A	C	16198	2695	50	7	0	27	0.000431885	16208	1	FALSE	NA	NA	NA	NA	NA	NA
NC_045512.2	8207	A	G	16221	2708	50	3	0	48	0.000184888	16226	0.312465	FALSE	NA	NA	NA	NA	NA	NA
NC_045512.2	8207	A	C	16221	2708	50	2	0	24	0.000123259	16226	1	FALSE	NA	NA	NA	NA	NA	NA
NC_045512.2	8208	C	T	16735	2739	50	1	0	40	5.97479e-05	16737	0.750007	FALSE	NA	NA	NA	NA	NA	NA
NC_045512.2	8208	C	A	16735	2739	50	1	0	40	5.97479e-05	16737	0.750007	FALSE	NA	NA	NA	NA	NA	NA
NC_045512.2	8209	T	G	16736	2729	50	1	0	40	5.97479e-05	16737	0.750022	FALSE	NA	NA	NA	NA	NA	NA
NC_045512.2	8209	T	-A	16736	2729	50	1	0	20	5.97479e-05	16737	1	FALSE	NA	NA	NA	NA	NA	NA
NC_045512.2	8210	A	G	16610	2743	50	2	0	60	0.000120351	16618	0.249902	FALSE	NA	NA	NA	NA	NA	NA
NC_045512.2	8210	A	C	16610	2743	50	6	0	26	0.000361054	16618	1	FALSE	NA	NA	NA	NA	NA	NA
NC_045512.2	8211	A	G	16646	2755	50	2	0	32	0.000120113	16651	0.999928	FALSE	NA	NA	NA	NA	NA	NA
NC_045512.2	8211	A	C	16646	2755	50	3	0	24	0.000180169	16651	1	FALSE	NA	NA	NA	NA	NA	NA
NC_045512.2	8212	A	G	16696	2755	50	2	1	52	0.000119768	16699	0.249993	FALSE	NA	NA	NA	NA	NA	NA
NC_045512.2	8212	A	C	16696	2755	50	1	0	40	5.98838e-05	16699	0.749993	FALSE	NA	NA	NA	NA	NA	NA
NC_045512.2	8213	G	C	16774	2760	51	1	0	32	5.96125e-05	16775	0.999992	FALSE	NA	NA	NA	NA	NA	NA
NC_045512.2	8214	A	C	16836	2960	51	1	0	24	5.9393e-05	16837	1	FALSE	NA	NA	NA	NA	NA	NA
NC_045512.2	8215	T	G	16880	2953	51	1	1	40	5.92382e-05	16881	0.750022	FALSE	NA	NA	NA	NA	NA	NA
NC_045512.2	8216	G	A	17006	2979	51	2	0	52	0.000117592	17008	0.250007	FALSE	NA	NA	NA	NA	NA	NA
NC_045512.2	8217	T	C	16910	3147	52	2	0	24	0.000118259	16912	1	FALSE	NA	NA	NA	NA	NA	NA
NC_045512.2	8218	T	G	16956	3154	52	1	0	40	5.89692e-05	16958	0.750007	FALSE	NA	NA	NA	NA	NA	NA
NC_045512.2	8218	T	C	16956	3154	52	1	0	80	5.89692e-05	16958	0.5	FALSE	NA	NA	NA	NA	NA	NA
NC_045512.2	8219	G	C	17065	3163	52	2	0	40	0.000117178	17068	0.5	FALSE	NA	NA	NA	NA	NA	NA
NC_045512.2	8219	G	A	17065	3163	52	1	0	64	5.85892e-05	17068	0.499985	FALSE	NA	NA	NA	NA	NA	NA
NC_045512.2	8221	T	G	17072	3199	52	2	2	24	0.00011713	17075	1	FALSE	NA	NA	NA	NA	NA	NA
NC_045512.2	8221	T	C	17072	3199	52	1	0	40	5.85652e-05	17075	0.749993	FALSE	NA	NA	NA	NA	NA	NA
NC_045512.2	8223	A	G	16903	3234	52	2	0	40	0.000118294	16907	0.499978	FALSE	NA	NA	NA	NA	NA	NA
NC_045512.2	8223	A	C	16903	3234	52	2	0	24	0.000118294	16907	1	FALSE	NA	NA	NA	NA	NA	NA
NC_045512.2	8224	A	G	16992	3226	53	1	1	80	5.88443e-05	16994	0.5	FALSE	NA	NA	NA	NA	NA	NA
NC_045512.2	8224	A	C	16992	3226	53	1	0	24	5.88443e-05	16994	1	FALSE	NA	NA	NA	NA	NA	NA
NC_045512.2	8225	T	G	17035	3205	53	1	0	24	5.86992e-05	17036	1	FALSE	NA	NA	NA	NA	NA	NA
NC_045512.2	8227	T	G	17572	3243	53	2	1	36	0.000113779	17578	0.999962	FALSE	NA	NA	NA	NA	NA	NA
NC_045512.2	8227	T	C	17572	3243	53	4	2	60	0.000227557	17578	0.0624822	FALSE	NA	NA	NA	NA	NA	NA
NC_045512.2	8229	T	G	17608	3291	53	1	0	40	5.67795e-05	17612	0.749979	FALSE	NA	NA	NA	NA	NA	NA
NC_045512.2	8229	T	C	17608	3291	53	3	0	61	0.000170338	17612	0.124989	FALSE	NA	NA	NA	NA	NA	NA
NC_045512.2	8230	T	G	17613	3291	52	2	1	32	0.00011352	17618	0.999962	FALSE	NA	NA	NA	NA	NA	NA
NC_045512.2	8230	T	C	17613	3291	52	2	0	24	0.00011352	17618	1	FALSE	NA	NA	NA	NA	NA	NA
NC_045512.2	8230	T	A	17613	3291	52	1	1	80	5.67601e-05	17618	0.499957	FALSE	NA	NA	NA	NA	NA	NA
NC_045512.2	8231	A	T	17489	3326	52	1	0	40	5.71527e-05	17497	0.749921	FALSE	NA	NA	NA	NA	NA	NA
NC_045512.2	8231	A	G	17489	3326	52	1	1	80	5.71527e-05	17497	0.499914	FALSE	NA	NA	NA	NA	NA	NA
NC_045512.2	8231	A	C	17489	3326	52	6	0	24	0.000342916	17497	1	FALSE	NA	NA	NA	NA	NA	NA
NC_045512.2	8232	A	G	17502	3340	52	2	0	40	0.00011422	17510	0.499893	FALSE	NA	NA	NA	NA	NA	NA
NC_045512.2	8232	A	C	17502	3340	52	6	0	24	0.000342661	17510	1	FALSE	NA	NA	NA	NA	NA	NA
NC_045512.2	8233	A	G	17522	3350	53	1	0	40	5.70581e-05	17526	0.749979	FALSE	NA	NA	NA	NA	NA	NA
NC_045512.2	8233	A	C	17522	3350	53	3	0	29	0.000171174	17526	1	FALSE	NA	NA	NA	NA	NA	NA
NC_045512.2	8234	T	G	17648	3347	53	1	1	24	5.66572e-05	17650	1	FALSE	NA	NA	NA	NA	NA	NA
NC_045512.2	8234	T	C	17648	3347	53	1	0	80	5.66572e-05	17650	0.5	FALSE	NA	NA	NA	NA	NA	NA
NC_045512.2	8235	T	G	17496	3264	53	1	0	40	5.71527e-05	17497	0.750021	FALSE	NA	NA	NA	NA	NA	NA
NC_045512.2	8236	G	A	17509	3272	53	1	0	24	5.71102e-05	17510	1	FALSE	NA	NA	NA	NA	NA	NA
NC_045512.2	8237	T	G	17489	3258	53	1	0	40	5.71625e-05	17494	0.749964	FALSE	NA	NA	NA	NA	NA	NA
NC_045512.2	8237	T	C	17489	3258	53	4	1	31	0.00022865	17494	0.999257	FALSE	NA	NA	NA	NA	NA	NA
NC_045512.2	8238	C	A	17490	3272	53	2	0	32	0.000114338	17492	0.999962	FALSE	NA	NA	NA	NA	NA	NA
NC_045512.2	8239	A	T	17415	3352	53	1	0	24	5.74053e-05	17420	1	FALSE	NA	NA	NA	NA	NA	NA
NC_045512.2	8239	A	G	17415	3352	53	1	0	40	5.74053e-05	17420	0.749964	FALSE	NA	NA	NA	NA	NA	NA
NC_045512.2	8239	A	C	17415	3352	53	3	0	29	0.000172216	17420	1	FALSE	NA	NA	NA	NA	NA	NA
NC_045512.2	8240	C	T	17025	3400	50	1	0	24	5.86545e-05	17049	1	FALSE	NA	NA	NA	NA	NA	NA
NC_045512.2	8240	C	G	17025	3400	50	1	1	40	5.86545e-05	17049	0.749684	FALSE	NA	NA	NA	NA	NA	NA
NC_045512.2	8240	C	A	17025	3400	50	22	0	27	0.0012904	17049	1	FALSE	NA	NA	NA	NA	NA	NA
NC_045512.2	8241	A	G	17523	3408	53	1	0	40	5.70483e-05	17529	0.74995	FALSE	NA	NA	NA	NA	NA	NA
NC_045512.2	8241	A	C	17523	3408	53	5	0	24	0.000285242	17529	1	FALSE	NA	NA	NA	NA	NA	NA
NC_045512.2	8242	T	C	17623	3398	54	2	0	32	0.000113475	17625	0.999962	FALSE	NA	NA	NA	NA	NA	NA
NC_045512.2	8243	C	T	17602	3406	54	1	1	80	5.68053e-05	17604	0.5	FALSE	NA	NA	NA	NA	NA	NA
NC_045512.2	8243	C	A	17602	3406	54	1	1	24	5.68053e-05	17604	1	FALSE	NA	NA	NA	NA	NA	NA
NC_045512.2	8244	A	C	17570	3504	54	2	0	32	0.000113817	17572	0.999962	FALSE	NA	NA	NA	NA	NA	NA
NC_045512.2	8245	A	C	17279	3646	53	6	0	24	0.000347122	17285	1	FALSE	NA	NA	NA	NA	NA	NA
NC_045512.2	8246	T	G	17431	3880	55	2	1	32	0.000114725	17433	0.999962	FALSE	NA	NA	NA	NA	NA	NA
NC_045512.2	8247	C	A	16711	4281	54	1	0	24	5.98372e-05	16712	1	FALSE	NA	NA	NA	NA	NA	NA
NC_045512.2	8248	T	G	16687	4282	54	1	0	40	5.99053e-05	16693	0.749948	FALSE	NA	NA	NA	NA	NA	NA
NC_045512.2	8248	T	C	16687	4282	54	5	2	54	0.000299527	16693	0.0312406	FALSE	NA	NA	NA	NA	NA	NA
NC_045512.2	8249	G	A	16700	4273	54	2	1	80	0.000119746	16702	0.250007	FALSE	NA	NA	NA	NA	NA	NA
NC_045512.2	8250	A	C	16932	4316	54	4	0	24	0.000236183	16936	1	FALSE	NA	NA	NA	NA	NA	NA
NC_045512.2	8251	C	T	15992	4859	51	1	0	80	6.2461e-05	16010	0.49975	FALSE	NA	NA	NA	NA	NA	NA
NC_045512.2	8251	C	A	15992	4859	51	17	0	26	0.00106184	16010	1	FALSE	NA	NA	NA	NA	NA	NA
NC_045512.2	8252	A	G	16278	4905	53	2	2	64	0.000122835	16282	0.249977	FALSE	NA	NA	NA	NA	NA	NA
NC_045512.2	8252	A	C	16278	4905	53	2	0	24	0.000122835	16282	1	FALSE	NA	NA	NA	NA	NA	NA
NC_045512.2	8253	T	G	16256	4841	52	5	4	27	0.000307427	16264	1	FALSE	NA	NA	NA	NA	NA	NA
NC_045512.2	8253	T	C	16256	4841	52	3	1	44	0.000184456	16264	0.312396	FALSE	NA	NA	NA	NA	NA	NA
NC_045512.2	8254	A	C	16249	4931	53	2	0	24	0.000123069	16251	1	FALSE	NA	NA	NA	NA	NA	NA
NC_045512.2	8255	G	A	16289	4933	53	1	0	80	6.13874e-05	16290	0.500015	FALSE	NA	NA	NA	NA	NA	NA
NC_045512.2	8256	A	G	16344	5162	53	3	1	42	0.00018352	16347	0.312511	FALSE	NA	NA	NA	NA	NA	NA
NC_045512.2	8257	A	G	16222	5224	53	1	0	36	6.16333e-05	16225	0.999992	FALSE	NA	NA	NA	NA	NA	NA
NC_045512.2	8257	A	C	16222	5224	53	2	0	24	0.000123267	16225	1	FALSE	NA	NA	NA	NA	NA	NA
NC_045512.2	8258	G	C	16251	5217	53	1	0	24	6.15309e-05	16252	1	FALSE	NA	NA	NA	NA	NA	NA
NC_045512.2	8259	T	G	16049	5097	53	1	0	32	6.23014e-05	16051	0.999992	FALSE	NA	NA	NA	NA	NA	NA
NC_045512.2	8259	T	C	16049	5097	53	1	1	24	6.23014e-05	16051	1	FALSE	NA	NA	NA	NA	NA	NA
NC_045512.2	8260	T	G	15826	5217	53	3	3	24	0.000189502	15831	1	FALSE	NA	NA	NA	NA	NA	NA
NC_045512.2	8260	T	C	15826	5217	53	2	1	32	0.000126334	15831	0.999863	FALSE	NA	NA	NA	NA	NA	NA
NC_045512.2	8261	A	C	15777	5314	53	2	0	24	0.000126751	15779	1	FALSE	NA	NA	NA	NA	NA	NA
NC_045512.2	8262	C	T	15671	5402	53	2	0	40	0.000127608	15673	0.500024	FALSE	NA	NA	NA	NA	NA	NA
NC_045512.2	8263	T	G	15642	5370	52	3	1	32	0.000191742	15646	0.999346	FALSE	NA	NA	NA	NA	NA	NA
NC_045512.2	8263	T	C	15642	5370	52	1	0	24	6.39141e-05	15646	1	FALSE	NA	NA	NA	NA	NA	NA
NC_045512.2	8264	G	T	15632	5275	51	4	4	28	0.000255804	15637	1	FALSE	NA	NA	NA	NA	NA	NA
NC_045512.2	8264	G	A	15632	5275	51	1	1	80	6.39509e-05	15637	0.499952	FALSE	NA	NA	NA	NA	NA	NA
NC_045512.2	8265	G	T	15337	4924	49	38	36	27	0.00247106	15378	1	FALSE	NA	NA	NA	NA	NA	NA
NC_045512.2	8265	G	A	15337	4924	49	3	2	66	0.000195084	15378	0.124537	FALSE	NA	NA	NA	NA	NA	NA
NC_045512.2	8266	C	A	15606	5857	52	1	0	64	6.40738e-05	15607	0.500016	FALSE	NA	NA	NA	NA	NA	NA
NC_045512.2	8268	A	T	15587	5884	53	1	0	40	6.41478e-05	15589	0.750008	FALSE	NA	NA	NA	NA	NA	NA
NC_045512.2	8268	A	G	15587	5884	53	1	0	32	6.41478e-05	15589	0.999985	FALSE	NA	NA	NA	NA	NA	NA
NC_045512.2	8269	T	G	15548	5829	52	6	6	26	0.000385728	15555	1	FALSE	NA	NA	NA	NA	NA	NA
NC_045512.2	8269	T	C	15548	5829	52	1	0	40	6.4288e-05	15555	0.749928	FALSE	NA	NA	NA	NA	NA	NA
NC_045512.2	8270	A	C	15582	5892	53	3	0	29	0.000192493	15585	1	FALSE	NA	NA	NA	NA	NA	NA
NC_045512.2	8271	G	T	15639	5906	53	1	1	24	6.39345e-05	15641	1	FALSE	NA	NA	NA	NA	NA	NA
NC_045512.2	8271	G	C	15639	5906	53	1	0	24	6.39345e-05	15641	1	FALSE	NA	NA	NA	NA	NA	NA
NC_045512.2	8272	T	G	15705	6088	53	2	2	24	0.000127332	15707	1	FALSE	NA	NA	NA	NA	NA	NA
NC_045512.2	8273	T	G	15653	6042	53	1	1	24	6.38733e-05	15656	1	FALSE	NA	NA	NA	NA	NA	NA
NC_045512.2	8273	T	C	15653	6042	53	2	1	40	0.000127747	15656	0.5	FALSE	NA	NA	NA	NA	NA	NA
NC_045512.2	8274	G	T	15529	5929	50	1	1	24	6.43915e-05	15530	1	FALSE	NA	NA	NA	NA	NA	NA
NC_045512.2	8275	T	G	15683	6098	53	3	3	34	0.000191241	15687	0.999346	FALSE	NA	NA	NA	NA	NA	NA
NC_045512.2	8275	T	C	15683	6098	53	1	1	40	6.37471e-05	15687	0.749976	FALSE	NA	NA	NA	NA	NA	NA
NC_045512.2	8276	A	G	15613	6242	52	2	0	40	0.000128082	15615	0.500024	FALSE	NA	NA	NA	NA	NA	NA
NC_045512.2	8277	A	G	15565	6266	52	3	1	40	0.000192703	15568	0.312512	FALSE	NA	NA	NA	NA	NA	NA
NC_045512.2	8278	T	G	15530	6276	52	2	2	24	0.000128758	15533	1	FALSE	NA	NA	NA	NA	NA	NA
NC_045512.2	8278	T	C	15530	6276	52	1	0	80	6.43791e-05	15533	0.499984	FALSE	NA	NA	NA	NA	NA	NA
NC_045512.2	8279	A	G	15543	6328	53	2	1	40	0.000128659	15545	0.500024	FALSE	NA	NA	NA	NA	NA	NA
NC_045512.2	8280	A	C	15875	6542	53	2	0	24	0.000125968	15877	1	FALSE	NA	NA	NA	NA	NA	NA
NC_045512.2	8281	C	T	15492	6889	51	1	1	80	6.45411e-05	15494	0.5	FALSE	NA	NA	NA	NA	NA	NA
NC_045512.2	8281	C	A	15492	6889	51	1	0	24	6.45411e-05	15494	1	FALSE	NA	NA	NA	NA	NA	NA
NC_045512.2	8282	T	G	15409	6787	51	5	4	30	0.000324359	15415	0.994104	FALSE	NA	NA	NA	NA	NA	NA
NC_045512.2	8282	T	C	15409	6787	51	1	1	80	6.48719e-05	15415	0.499935	FALSE	NA	NA	NA	NA	NA	NA
NC_045512.2	8283	A	C	15412	6843	51	3	0	29	0.000194616	15415	1	FALSE	NA	NA	NA	NA	NA	NA
NC_045512.2	8284	T	G	15383	6775	51	1	1	24	6.50026e-05	15384	1	FALSE	NA	NA	NA	NA	NA	NA
NC_045512.2	8285	A	G	15592	7085	52	1	1	40	6.41272e-05	15594	0.750008	FALSE	NA	NA	NA	NA	NA	NA
NC_045512.2	8285	A	C	15592	7085	52	1	0	24	6.41272e-05	15594	1	FALSE	NA	NA	NA	NA	NA	NA
NC_045512.2	8286	T	G	15604	7125	52	4	4	28	0.000256262	15609	1	FALSE	NA	NA	NA	NA	NA	NA
NC_045512.2	8286	T	C	15604	7125	52	1	1	40	6.40656e-05	15609	0.74996	FALSE	NA	NA	NA	NA	NA	NA
NC_045512.2	8287	G	A	15662	7198	52	1	1	24	6.38447e-05	15663	1	FALSE	NA	NA	NA	NA	NA	NA
NC_045512.2	8288	C	T	14626	7949	50	1	0	40	6.83574e-05	14629	0.749991	FALSE	NA	NA	NA	NA	NA	NA
NC_045512.2	8288	C	A	14626	7949	50	2	2	40	0.000136715	14629	0.5	FALSE	NA	NA	NA	NA	NA	NA
NC_045512.2	8290	C	G	14302	7679	50	1	0	40	6.99154e-05	14303	0.750026	FALSE	NA	NA	NA	NA	NA	NA
NC_045512.2	8291	A	T	14234	7665	50	1	0	40	7.02445e-05	14236	0.750009	FALSE	NA	NA	NA	NA	NA	NA
NC_045512.2	8291	A	C	14234	7665	50	1	1	32	7.02445e-05	14236	0.99997	FALSE	NA	NA	NA	NA	NA	NA
NC_045512.2	8292	C	A	14376	7716	49	1	1	24	6.95555e-05	14377	1	FALSE	NA	NA	NA	NA	NA	NA
NC_045512.2	8293	C	T	5115	2895	48	9210	4916	50	0.642797	14328	0	TRUE	NA	NA	NA	NA	NA	NA
NC_045512.2	8293	C	G	5115	2895	48	3	3	26	0.00020938	14328	1	FALSE	NA	NA	NA	NA	NA	NA
NC_045512.2	8294	T	G	14208	7698	49	3	3	26	0.000211089	14212	1	FALSE	NA	NA	NA	NA	NA	NA
NC_045512.2	8294	T	C	14208	7698	49	1	0	40	7.03631e-05	14212	0.749974	FALSE	NA	NA	NA	NA	NA	NA
NC_045512.2	8296	T	G	14048	7815	49	3	3	26	0.000213508	14051	1	FALSE	NA	NA	NA	NA	NA	NA
NC_045512.2	8297	A	G	14129	7948	49	1	1	40	7.07614e-05	14132	0.749991	FALSE	NA	NA	NA	NA	NA	NA
NC_045512.2	8297	A	C	14129	7948	49	2	1	32	0.000141523	14132	0.999741	FALSE	NA	NA	NA	NA	NA	NA
NC_045512.2	8298	A	G	14110	7934	49	1	0	40	7.08617e-05	14112	0.750009	FALSE	NA	NA	NA	NA	NA	NA
NC_045512.2	8298	A	C	14110	7934	49	1	0	80	7.08617e-05	14112	0.5	FALSE	NA	NA	NA	NA	NA	NA
NC_045512.2	8299	C	G	14030	7961	49	2	2	32	0.000142531	14032	0.999742	FALSE	NA	NA	NA	NA	NA	NA
NC_045512.2	8300	A	G	13863	7822	49	1	1	48	7.21293e-05	13864	0.750027	FALSE	NA	NA	NA	NA	NA	NA
NC_045512.2	8303	G	T	13135	7811	47	4	4	24	0.000304414	13140	1	FALSE	NA	NA	NA	NA	NA	NA
NC_045512.2	8303	G	C	13135	7811	47	1	1	40	7.61035e-05	13140	0.749952	FALSE	NA	NA	NA	NA	NA	NA
NC_045512.2	8304	T	G	13424	8161	48	3	3	34	0.000223414	13428	0.997915	FALSE	NA	NA	NA	NA	NA	NA
NC_045512.2	8304	T	C	13424	8161	48	1	1	40	7.44713e-05	13428	0.749972	FALSE	NA	NA	NA	NA	NA	NA
NC_045512.2	8305	T	G	14059	9063	48	3	3	24	0.000213326	14063	1	FALSE	NA	NA	NA	NA	NA	NA
NC_045512.2	8305	T	C	14059	9063	48	1	1	40	7.11086e-05	14063	0.749973	FALSE	NA	NA	NA	NA	NA	NA
NC_045512.2	8307	A	G	14357	9539	49	2	2	36	0.000139276	14360	0.999741	FALSE	NA	NA	NA	NA	NA	NA
NC_045512.2	8307	A	C	14357	9539	49	1	0	24	6.96379e-05	14360	1	FALSE	NA	NA	NA	NA	NA	NA
NC_045512.2	8308	A	G	14408	9570	49	3	2	66	0.000208174	14411	0.125	FALSE	NA	NA	NA	NA	NA	NA
NC_045512.2	8309	A	G	14423	9601	49	1	1	48	6.93241e-05	14425	0.750009	FALSE	NA	NA	NA	NA	NA	NA
NC_045512.2	8309	A	C	14423	9601	49	1	0	40	6.93241e-05	14425	0.750009	FALSE	NA	NA	NA	NA	NA	NA
NC_045512.2	8310	A	G	15142	10635	50	2	2	60	0.000132057	15145	0.249992	FALSE	NA	NA	NA	NA	NA	NA
NC_045512.2	8310	A	C	15142	10635	50	1	0	24	6.60284e-05	15145	1	FALSE	NA	NA	NA	NA	NA	NA
NC_045512.2	8313	T	G	14994	10474	49	2	2	24	0.000133324	15001	1	FALSE	NA	NA	NA	NA	NA	NA
NC_045512.2	8313	T	C	14994	10474	49	5	1	36	0.000333311	15001	0.994102	FALSE	NA	NA	NA	NA	NA	NA
NC_045512.2	8314	G	A	15081	10573	50	2	1	44	0.0001326	15083	0.500025	FALSE	NA	NA	NA	NA	NA	NA
NC_045512.2	8315	A	G	15426	11210	50	1	1	40	6.48172e-05	15428	0.750008	FALSE	NA	NA	NA	NA	NA	NA
NC_045512.2	8315	A	C	15426	11210	50	1	0	24	6.48172e-05	15428	1	FALSE	NA	NA	NA	NA	NA	NA
NC_045512.2	8316	C	T	15399	11215	49	1	1	40	6.49182e-05	15404	0.749959	FALSE	NA	NA	NA	NA	NA	NA
NC_045512.2	8316	C	G	15399	11215	49	1	1	40	6.49182e-05	15404	0.749959	FALSE	NA	NA	NA	NA	NA	NA
NC_045512.2	8316	C	A	15399	11215	49	3	0	29	0.000194755	15404	1	FALSE	NA	NA	NA	NA	NA	NA
NC_045512.2	8317	A	C	15380	11176	50	2	0	32	0.000130022	15382	0.999863	FALSE	NA	NA	NA	NA	NA	NA
NC_045512.2	8318	C	A	15521	11248	50	1	0	24	6.44247e-05	15522	1	FALSE	NA	NA	NA	NA	NA	NA
NC_045512.2	8319	C	T	15359	11062	50	1	0	40	6.50999e-05	15361	0.750008	FALSE	NA	NA	NA	NA	NA	NA
NC_045512.2	8319	C	A	15359	11062	50	1	0	64	6.50999e-05	15361	0.5	FALSE	NA	NA	NA	NA	NA	NA
NC_045512.2	8320	C	A	15691	11589	51	1	0	32	6.37267e-05	15692	0.999985	FALSE	NA	NA	NA	NA	NA	NA
NC_045512.2	8321	C	T	15541	11551	49	1	1	24	6.43211e-05	15547	1	FALSE	NA	NA	NA	NA	NA	NA
NC_045512.2	8321	C	G	15541	11551	49	1	1	40	6.43211e-05	15547	0.749944	FALSE	NA	NA	NA	NA	NA	NA
NC_045512.2	8321	C	A	15541	11551	49	4	0	36	0.000257284	15547	0.997792	FALSE	NA	NA	NA	NA	NA	NA
NC_045512.2	8322	G	T	13347	9084	43	178	177	26	0.0131579	13528	0.00837643	TRUE	NA	NA	NA	NA	NA	NA
NC_045512.2	8322	G	C	13347	9084	43	2	2	40	0.000147842	13528	0.495033	FALSE	NA	NA	NA	NA	NA	NA
NC_045512.2	8322	G	A	13347	9084	43	1	1	40	7.39208e-05	13528	0.746668	FALSE	NA	NA	NA	NA	NA	NA
NC_045512.2	8323	T	G	15641	11579	50	3	3	34	0.000191755	15645	0.999346	FALSE	NA	NA	NA	NA	NA	NA
NC_045512.2	8323	T	A	15641	11579	50	1	0	80	6.39182e-05	15645	0.499968	FALSE	NA	NA	NA	NA	NA	NA
NC_045512.2	8324	G	T	15656	11603	50	4	4	24	0.000255428	15660	1	FALSE	NA	NA	NA	NA	NA	NA
NC_045512.2	8325	A	G	15750	11757	50	2	2	36	0.000126968	15752	0.999863	FALSE	NA	NA	NA	NA	NA	NA
NC_045512.2	8326	C	T	15892	11988	50	1	1	24	6.29168e-05	15894	1	FALSE	NA	NA	NA	NA	NA	NA
NC_045512.2	8326	C	A	15892	11988	50	1	0	32	6.29168e-05	15894	0.999985	FALSE	NA	NA	NA	NA	NA	NA
NC_045512.2	8327	C	G	15594	11925	50	2	2	40	0.000128222	15598	0.499976	FALSE	NA	NA	NA	NA	NA	NA
NC_045512.2	8327	C	A	15594	11925	50	2	1	60	0.000128222	15598	0.249976	FALSE	NA	NA	NA	NA	NA	NA
NC_045512.2	8327	C	+T	15594	11925	50	1	0	20	6.41108e-05	15598	1	FALSE	NA	NA	NA	NA	NA	NA
NC_045512.2	8328	T	G	15639	12109	50	4	4	24	0.000255656	15646	1	FALSE	NA	NA	NA	NA	NA	NA
NC_045512.2	8328	T	C	15639	12109	50	3	1	34	0.000191742	15646	0.999345	FALSE	NA	NA	NA	NA	NA	NA
NC_045512.2	8329	T	G	15566	12030	50	4	3	26	0.000256888	15571	1	FALSE	NA	NA	NA	NA	NA	NA
NC_045512.2	8329	T	C	15566	12030	50	1	0	32	6.4222e-05	15571	0.999985	FALSE	NA	NA	NA	NA	NA	NA
NC_045512.2	8331	G	T	15675	12162	50	1	1	24	6.37836e-05	15678	1	FALSE	NA	NA	NA	NA	NA	NA
NC_045512.2	8331	G	C	15675	12162	50	1	0	32	6.37836e-05	15678	0.999985	FALSE	NA	NA	NA	NA	NA	NA
NC_045512.2	8331	G	A	15675	12162	50	1	0	40	6.37836e-05	15678	0.749992	FALSE	NA	NA	NA	NA	NA	NA
NC_045512.2	8332	T	G	15749	12333	49	9	9	25	0.000571138	15758	1	FALSE	NA	NA	NA	NA	NA	NA
NC_045512.2	8333	G	A	16040	12649	51	1	1	40	6.23403e-05	16041	0.750023	FALSE	NA	NA	NA	NA	NA	NA
NC_045512.2	8334	C	T	15742	12791	49	3	3	53	0.000190525	15746	0.124988	FALSE	NA	NA	NA	NA	NA	NA
NC_045512.2	8334	C	A	15742	12791	49	1	1	24	6.35082e-05	15746	1	FALSE	NA	NA	NA	NA	NA	NA
NC_045512.2	8335	T	G	15628	12677	49	2	2	32	0.000127959	15630	0.999863	FALSE	NA	NA	NA	NA	NA	NA
NC_045512.2	8336	T	G	15573	12582	49	6	6	24	0.000385109	15580	1	FALSE	NA	NA	NA	NA	NA	NA
NC_045512.2	8336	T	C	15573	12582	49	1	1	40	6.41849e-05	15580	0.749928	FALSE	NA	NA	NA	NA	NA	NA
NC_045512.2	8338	T	G	16500	13814	50	4	4	24	0.000242336	16506	1	FALSE	NA	NA	NA	NA	NA	NA
NC_045512.2	8338	T	C	16500	13814	50	2	2	40	0.000121168	16506	0.499932	FALSE	NA	NA	NA	NA	NA	NA
NC_045512.2	8340	T	G	16765	14178	49	7	7	24	0.000417337	16773	1	FALSE	NA	NA	NA	NA	NA	NA
NC_045512.2	8340	T	C	16765	14178	49	1	1	24	5.96196e-05	16773	1	FALSE	NA	NA	NA	NA	NA	NA
NC_045512.2	8341	T	G	16825	14194	51	3	3	34	0.000178243	16831	0.999637	FALSE	NA	NA	NA	NA	NA	NA
NC_045512.2	8341	T	C	16825	14194	51	3	3	66	0.000178243	16831	0.124967	FALSE	NA	NA	NA	NA	NA	NA
NC_045512.2	8342	G	T	16987	14360	51	2	2	32	0.000117716	16990	0.999928	FALSE	NA	NA	NA	NA	NA	NA
NC_045512.2	8342	G	A	16987	14360	51	1	1	40	5.88582e-05	16990	0.749993	FALSE	NA	NA	NA	NA	NA	NA
NC_045512.2	8343	A	G	16877	14275	51	2	2	60	0.00011849	16879	0.250007	FALSE	NA	NA	NA	NA	NA	NA
NC_045512.2	8344	C	T	16921	14372	51	2	2	32	0.000118175	16924	0.999928	FALSE	NA	NA	NA	NA	NA	NA
NC_045512.2	8344	C	G	16921	14372	51	1	1	40	5.90877e-05	16924	0.749993	FALSE	NA	NA	NA	NA	NA	NA
NC_045512.2	8345	T	G	16657	14121	51	5	5	25	0.00030003	16665	1	FALSE	NA	NA	NA	NA	NA	NA
NC_045512.2	8345	T	C	16657	14121	51	3	2	66	0.000180018	16665	0.124944	FALSE	NA	NA	NA	NA	NA	NA
NC_045512.2	8346	G	T	15551	12948	47	43	43	25	0.00275694	15597	1	FALSE	NA	NA	NA	NA	NA	NA
NC_045512.2	8346	G	A	15551	12948	47	3	3	40	0.000192345	15597	0.311477	FALSE	NA	NA	NA	NA	NA	NA
NC_045512.2	8347	T	G	16447	13892	51	5	5	24	0.000303896	16453	1	FALSE	NA	NA	NA	NA	NA	NA
NC_045512.2	8347	T	A	16447	13892	51	1	1	40	6.07792e-05	16453	0.749947	FALSE	NA	NA	NA	NA	NA	NA
NC_045512.2	8348	A	G	16441	13911	51	2	1	60	0.000121632	16443	0.250008	FALSE	NA	NA	NA	NA	NA	NA
NC_045512.2	8349	G	A	16491	14069	51	1	1	40	6.06355e-05	16492	0.750023	FALSE	NA	NA	NA	NA	NA	NA
NC_045512.2	8350	T	G	15892	13482	50	9	9	29	0.000566002	15901	1	FALSE	NA	NA	NA	NA	NA	NA
NC_045512.2	8352	C	T	15830	13483	50	1	1	40	6.31672e-05	15831	0.750024	FALSE	NA	NA	NA	NA	NA	NA
NC_045512.2	8353	G	T	15558	13218	51	2	2	24	0.000128535	15560	1	FALSE	NA	NA	NA	NA	NA	NA
NC_045512.2	8354	C	T	15573	13565	45	6	3	34	0.000385134	15579	0.986728	FALSE	NA	NA	NA	NA	NA	NA
NC_045512.2	8355	G	T	14506	12112	46	35	35	25	0.00240682	14542	1	FALSE	NA	NA	NA	NA	NA	NA
NC_045512.2	8355	G	A	14506	12112	46	1	1	40	6.87663e-05	14542	0.749423	FALSE	NA	NA	NA	NA	NA	NA
NC_045512.2	8356	T	C	15457	13090	51	1	1	40	6.46914e-05	15458	0.750024	FALSE	NA	NA	NA	NA	NA	NA
NC_045512.2	8359	T	G	15464	13283	50	5	5	24	0.000323206	15470	1	FALSE	NA	NA	NA	NA	NA	NA
NC_045512.2	8359	T	C	15464	13283	50	1	0	64	6.46412e-05	15470	0.499935	FALSE	NA	NA	NA	NA	NA	NA
NC_045512.2	8360	A	C	15540	13359	50	1	1	24	6.43459e-05	15541	1	FALSE	NA	NA	NA	NA	NA	NA
NC_045512.2	8362	T	G	15431	13246	50	2	2	24	0.000129584	15434	1	FALSE	NA	NA	NA	NA	NA	NA
NC_045512.2	8362	T	C	15431	13246	50	1	1	24	6.4792e-05	15434	1	FALSE	NA	NA	NA	NA	NA	NA
NC_045512.2	8363	A	T	15292	13144	50	1	1	40	6.53894e-05	15293	0.750025	FALSE	NA	NA	NA	NA	NA	NA
NC_045512.2	8365	T	G	14957	12866	50	9	9	24	0.000601363	14966	1	FALSE	NA	NA	NA	NA	NA	NA
NC_045512.2	8366	G	C	15075	12984	50	1	1	40	6.63306e-05	15076	0.750025	FALSE	NA	NA	NA	NA	NA	NA
NC_045512.2	8367	C	T	14567	12544	50	1	1	24	6.86389e-05	14569	1	FALSE	NA	NA	NA	NA	NA	NA
NC_045512.2	8367	C	A	14567	12544	50	1	1	40	6.86389e-05	14569	0.750009	FALSE	NA	NA	NA	NA	NA	NA
NC_045512.2	8368	G	A	14579	12567	50	3	1	46	0.000205733	14582	0.312513	FALSE	NA	NA	NA	NA	NA	NA
NC_045512.2	8369	C	G	14565	12610	50	1	1	40	6.8653e-05	14566	0.750026	FALSE	NA	NA	NA	NA	NA	NA
NC_045512.2	8371	G	A	14513	12567	50	2	2	40	0.000137788	14515	0.500026	FALSE	NA	NA	NA	NA	NA	NA
NC_045512.2	8372	G	T	14048	12095	47	12	12	29	0.000853364	14062	1	FALSE	NA	NA	NA	NA	NA	NA
NC_045512.2	8372	G	A	14048	12095	47	2	2	40	0.000142227	14062	0.499707	FALSE	NA	NA	NA	NA	NA	NA
NC_045512.2	8373	T	G	14357	12411	49	3	3	24	0.000208899	14361	1	FALSE	NA	NA	NA	NA	NA	NA
NC_045512.2	8373	T	C	14357	12411	49	1	1	40	6.9633e-05	14361	0.749974	FALSE	NA	NA	NA	NA	NA	NA
NC_045512.2	8374	A	G	14459	12525	49	1	1	24	6.91563e-05	14460	1	FALSE	NA	NA	NA	NA	NA	NA
NC_045512.2	8375	G	A	14478	12539	50	1	1	80	6.90655e-05	14479	0.500017	FALSE	NA	NA	NA	NA	NA	NA
NC_045512.2	8376	C	-A	14437	12727	48	2	0	20	0.000138533	14437	1	FALSE	NA	NA	NA	NA	NA	NA
NC_045512.2	8377	A	G	14438	12742	48	3	3	40	0.000207742	14441	0.312461	FALSE	NA	NA	NA	NA	NA	NA
NC_045512.2	8378	A	G	14446	12748	48	8	7	42	0.00055348	14454	0.0195215	FALSE	NA	NA	NA	NA	NA	NA
NC_045512.2	8380	A	G	14358	12690	48	3	3	40	0.000208899	14361	0.312513	FALSE	NA	NA	NA	NA	NA	NA
NC_045512.2	8381	A	G	14298	12629	48	1	1	40	6.9935e-05	14299	0.750026	FALSE	NA	NA	NA	NA	NA	NA
NC_045512.2	8383	T	G	14184	12523	48	2	2	40	0.000140954	14189	0.499947	FALSE	NA	NA	NA	NA	NA	NA
NC_045512.2	8383	T	C	14184	12523	48	3	2	53	0.000211431	14189	0.124974	FALSE	NA	NA	NA	NA	NA	NA
NC_045512.2	8384	C	T	14225	12579	48	1	0	80	7.02938e-05	14226	0.500018	FALSE	NA	NA	NA	NA	NA	NA
NC_045512.2	8385	A	G	14204	12566	48	5	5	30	0.000351865	14210	0.990414	FALSE	NA	NA	NA	NA	NA	NA
NC_045512.2	8385	A	C	14204	12566	48	1	1	40	7.0373e-05	14210	0.749938	FALSE	NA	NA	NA	NA	NA	NA
NC_045512.2	8386	C	T	14179	12587	47	1	1	24	7.0502e-05	14184	1	FALSE	NA	NA	NA	NA	NA	NA
NC_045512.2	8386	C	A	14179	12587	47	4	3	38	0.000282008	14184	0.99624	FALSE	NA	NA	NA	NA	NA	NA
NC_045512.2	8387	A	G	14207	12586	48	2	1	44	0.000140756	14209	0.500026	FALSE	NA	NA	NA	NA	NA	NA
NC_045512.2	8388	A	G	14210	12585	48	2	2	24	0.000140726	14212	1	FALSE	NA	NA	NA	NA	NA	NA
NC_045512.2	8390	A	G	14050	12437	48	1	1	24	7.11693e-05	14051	1	FALSE	NA	NA	NA	NA	NA	NA
NC_045512.2	8391	T	G	13916	12359	48	1	1	24	7.18494e-05	13918	1	FALSE	NA	NA	NA	NA	NA	NA
NC_045512.2	8391	T	C	13916	12359	48	1	1	36	7.18494e-05	13918	0.999939	FALSE	NA	NA	NA	NA	NA	NA
NC_045512.2	8392	T	G	13872	12309	48	1	1	24	7.20721e-05	13875	1	FALSE	NA	NA	NA	NA	NA	NA
NC_045512.2	8392	T	C	13872	12309	48	2	1	80	0.000144144	13875	0.249991	FALSE	NA	NA	NA	NA	NA	NA
NC_045512.2	8393	G	A	4836	4282	48	9108	8118	48	0.653184	13944	0	TRUE	NA	NA	NA	NA	NA	NA
NC_045512.2	8395	T	G	13621	12131	48	3	3	29	0.000220183	13625	1	FALSE	NA	NA	NA	NA	NA	NA
NC_045512.2	8395	T	C	13621	12131	48	1	1	64	7.33945e-05	13625	0.499963	FALSE	NA	NA	NA	NA	NA	NA
NC_045512.2	8396	T	G	13625	12134	47	3	3	24	0.000220135	13628	1	FALSE	NA	NA	NA	NA	NA	NA
NC_045512.2	8397	T	G	13112	11647	48	2	2	24	0.000152497	13115	1	FALSE	NA	NA	NA	NA	NA	NA
NC_045512.2	8397	T	C	13112	11647	48	1	1	24	7.62486e-05	13115	1	FALSE	NA	NA	NA	NA	NA	NA
NC_045512.2	8399	A	T	13078	11623	48	1	1	40	7.64526e-05	13080	0.75001	FALSE	NA	NA	NA	NA	NA	NA
NC_045512.2	8399	A	G	13078	11623	48	1	1	40	7.64526e-05	13080	0.75001	FALSE	NA	NA	NA	NA	NA	NA
NC_045512.2	8400	T	G	13000	11572	48	3	3	24	0.000230716	13003	1	FALSE	NA	NA	NA	NA	NA	NA
NC_045512.2	8401	A	T	13051	11746	47	1	1	24	7.66107e-05	13053	1	FALSE	NA	NA	NA	NA	NA	NA
NC_045512.2	8401	A	G	13051	11746	47	1	1	40	7.66107e-05	13053	0.75001	FALSE	NA	NA	NA	NA	NA	NA
NC_045512.2	8402	T	G	12666	11371	47	1	1	24	7.89453e-05	12667	1	FALSE	NA	NA	NA	NA	NA	NA
NC_045512.2	8403	G	C	12657	11370	47	1	1	40	7.90014e-05	12658	0.75003	FALSE	NA	NA	NA	NA	NA	NA
NC_045512.2	8405	A	G	12653	11382	47	2	2	32	0.000158028	12656	0.999087	FALSE	NA	NA	NA	NA	NA	NA
NC_045512.2	8405	A	C	12653	11382	47	1	1	24	7.90139e-05	12656	1	FALSE	NA	NA	NA	NA	NA	NA
NC_045512.2	8406	A	G	12640	11381	47	2	1	52	0.000158203	12642	0.25001	FALSE	NA	NA	NA	NA	NA	NA
NC_045512.2	8408	G	T	12187	10969	47	2	2	24	0.000164082	12189	1	FALSE	NA	NA	NA	NA	NA	NA
NC_045512.2	8409	T	G	12066	10848	47	2	2	32	0.0001657	12070	0.999087	FALSE	NA	NA	NA	NA	NA	NA
NC_045512.2	8409	T	C	12066	10848	47	2	2	40	0.0001657	12070	0.499969	FALSE	NA	NA	NA	NA	NA	NA
NC_045512.2	8410	T	G	11986	10768	46	10	10	25	0.000833611	11996	1	FALSE	NA	NA	NA	NA	NA	NA
NC_045512.2	8411	A	G	12147	10942	47	2	2	40	0.000164609	12150	0.5	FALSE	NA	NA	NA	NA	NA	NA
NC_045512.2	8411	A	C	12147	10942	47	1	1	24	8.23045e-05	12150	1	FALSE	NA	NA	NA	NA	NA	NA
NC_045512.2	8413	A	G	12119	10907	47	2	2	60	0.000165003	12121	0.25001	FALSE	NA	NA	NA	NA	NA	NA
NC_045512.2	8416	T	C	11647	10493	46	1	1	40	8.58516e-05	11648	0.750032	FALSE	NA	NA	NA	NA	NA	NA
NC_045512.2	8417	T	G	11466	10340	47	3	3	29	0.000261552	11470	1	FALSE	NA	NA	NA	NA	NA	NA
NC_045512.2	8417	T	C	11466	10340	47	1	1	40	8.7184e-05	11470	0.749967	FALSE	NA	NA	NA	NA	NA	NA
NC_045512.2	8418	T	G	11484	10358	47	2	2	24	0.00017411	11487	1	FALSE	NA	NA	NA	NA	NA	NA
NC_045512.2	8418	T	C	11484	10358	47	1	1	40	8.70549e-05	11487	0.749989	FALSE	NA	NA	NA	NA	NA	NA
NC_045512.2	8419	C	G	11519	10403	47	1	1	24	8.68056e-05	11520	1	FALSE	NA	NA	NA	NA	NA	NA
NC_045512.2	8420	A	G	11514	10404	47	2	2	40	0.000173671	11516	0.500033	FALSE	NA	NA	NA	NA	NA	NA
NC_045512.2	8421	T	G	11452	10338	47	3	3	29	0.000261894	11455	1	FALSE	NA	NA	NA	NA	NA	NA
NC_045512.2	8422	G	T	11434	10340	46	3	3	24	0.000262307	11437	1	FALSE	NA	NA	NA	NA	NA	NA
NC_045512.2	8423	T	G	11123	10043	47	1	1	24	8.98957e-05	11124	1	FALSE	NA	NA	NA	NA	NA	NA
NC_045512.2	8424	C	G	11148	10120	46	1	1	40	8.96941e-05	11149	0.750034	FALSE	NA	NA	NA	NA	NA	NA
NC_045512.2	8425	A	G	11090	10067	46	1	1	40	9.01632e-05	11091	0.750034	FALSE	NA	NA	NA	NA	NA	NA
NC_045512.2	8426	T	G	10943	9929	45	5	5	30	0.000456704	10948	0.940849	FALSE	NA	NA	NA	NA	NA	NA
NC_045512.2	8427	T	G	10989	9974	46	4	4	24	0.000363868	10993	1	FALSE	NA	NA	NA	NA	NA	NA
NC_045512.2	8428	G	A	11072	10063	46	2	2	60	0.000180603	11074	0.250011	FALSE	NA	NA	NA	NA	NA	NA
NC_045512.2	8429	T	G	10896	9895	46	6	6	29	0.000550358	10902	1	FALSE	NA	NA	NA	NA	NA	NA
NC_045512.2	8430	C	G	10958	10175	45	1	1	24	9.12492e-05	10959	1	FALSE	NA	NA	NA	NA	NA	NA
NC_045512.2	8431	T	G	10535	9757	45	2	2	24	0.000189807	10537	1	FALSE	NA	NA	NA	NA	NA	NA
NC_045512.2	8433	A	G	10630	9858	45	2	2	40	0.000188111	10632	0.500035	FALSE	NA	NA	NA	NA	NA	NA
NC_045512.2	8434	A	G	10623	9858	45	1	1	40	9.41265e-05	10624	0.750035	FALSE	NA	NA	NA	NA	NA	NA
NC_045512.2	8435	C	T	10608	9868	45	1	1	40	9.42596e-05	10609	0.750035	FALSE	NA	NA	NA	NA	NA	NA
NC_045512.2	8436	A	G	10149	9425	45	1	1	24	9.85125e-05	10151	1	FALSE	NA	NA	NA	NA	NA	NA
NC_045512.2	8436	A	C	10149	9425	45	1	1	40	9.85125e-05	10151	0.750012	FALSE	NA	NA	NA	NA	NA	NA
NC_045512.2	8439	T	G	9677	8968	44	3	3	24	0.000309917	9680	1	FALSE	NA	NA	NA	NA	NA	NA
NC_045512.2	8440	A	G	13689	9402	43	3	1	34	0.000219042	13696	0.997912	FALSE	NA	NA	NA	NA	NA	NA
NC_045512.2	8440	A	C	13689	9402	43	4	2	32	0.000292056	13696	0.993645	FALSE	NA	NA	NA	NA	NA	NA
NC_045512.2	8441	C	G	13448	9255	42	2	2	32	0.000148666	13453	0.999513	FALSE	NA	NA	NA	NA	NA	NA
NC_045512.2	8441	C	A	13448	9255	42	3	0	24	0.000222999	13453	1	FALSE	NA	NA	NA	NA	NA	NA
NC_045512.2	8443	A	G	13560	9355	43	3	1	34	0.000221157	13565	0.997914	FALSE	NA	NA	NA	NA	NA	NA
NC_045512.2	8443	A	C	13560	9355	43	2	0	32	0.000147438	13565	0.999513	FALSE	NA	NA	NA	NA	NA	NA
NC_045512.2	8444	A	T	13505	9268	43	1	0	40	7.40247e-05	13509	0.749972	FALSE	NA	NA	NA	NA	NA	NA
NC_045512.2	8444	A	G	13505	9268	43	2	2	24	0.000148049	13509	1	FALSE	NA	NA	NA	NA	NA	NA
NC_045512.2	8444	A	C	13505	9268	43	1	1	40	7.40247e-05	13509	0.749972	FALSE	NA	NA	NA	NA	NA	NA
NC_045512.2	8445	A	G	13778	9275	42	4	1	40	0.00029017	13785	0.187432	FALSE	NA	NA	NA	NA	NA	NA
NC_045512.2	8445	A	C	13778	9275	42	3	0	34	0.000217628	13785	0.997912	FALSE	NA	NA	NA	NA	NA	NA
NC_045512.2	8446	A	G	13784	9260	43	1	1	40	7.25374e-05	13786	0.750009	FALSE	NA	NA	NA	NA	NA	NA
NC_045512.2	8446	A	C	13784	9260	43	1	0	24	7.25374e-05	13786	1	FALSE	NA	NA	NA	NA	NA	NA
NC_045512.2	8447	C	G	14757	9249	42	4	4	32	0.000270966	14762	0.99624	FALSE	NA	NA	NA	NA	NA	NA
NC_045512.2	8447	C	A	14757	9249	42	1	0	24	6.77415e-05	14762	1	FALSE	NA	NA	NA	NA	NA	NA
NC_045512.2	8448	A	C	14717	9264	43	8	0	24	0.000543294	14725	1	FALSE	NA	NA	NA	NA	NA	NA
NC_045512.2	8449	A	G	14997	9225	42	3	2	29	0.000199987	15001	1	FALSE	NA	NA	NA	NA	NA	NA
NC_045512.2	8449	A	C	14997	9225	42	1	1	40	6.66622e-05	15001	0.749975	FALSE	NA	NA	NA	NA	NA	NA
NC_045512.2	8450	A	G	15027	9228	43	3	2	48	0.000199561	15033	0.312438	FALSE	NA	NA	NA	NA	NA	NA
NC_045512.2	8450	A	C	15027	9228	43	3	0	24	0.000199561	15033	1	FALSE	NA	NA	NA	NA	NA	NA
NC_045512.2	8451	T	G	15060	9188	43	1	1	40	6.63878e-05	15063	0.749992	FALSE	NA	NA	NA	NA	NA	NA
NC_045512.2	8451	T	C	15060	9188	43	1	1	24	6.63878e-05	15063	1	FALSE	NA	NA	NA	NA	NA	NA
NC_045512.2	8451	T	A	15060	9188	43	1	0	40	6.63878e-05	15063	0.749992	FALSE	NA	NA	NA	NA	NA	NA
NC_045512.2	8452	A	G	15929	9245	42	3	3	40	0.0001883	15932	0.312512	FALSE	NA	NA	NA	NA	NA	NA
NC_045512.2	8454	G	T	14419	7734	39	62	62	24	0.00428147	14481	1	FALSE	NA	NA	NA	NA	NA	NA
NC_045512.2	8455	T	G	15636	8973	43	2	2	24	0.000127869	15641	1	FALSE	NA	NA	NA	NA	NA	NA
NC_045512.2	8455	T	C	15636	8973	43	3	1	40	0.000191804	15641	0.312464	FALSE	NA	NA	NA	NA	NA	NA
NC_045512.2	8456	A	C	14217	7690	42	1	0	24	7.03334e-05	14218	1	FALSE	NA	NA	NA	NA	NA	NA
NC_045512.2	8457	G	T	14579	7670	42	1	1	40	6.85824e-05	14581	0.750009	FALSE	NA	NA	NA	NA	NA	NA
NC_045512.2	8457	G	C	14579	7670	42	1	0	40	6.85824e-05	14581	0.750009	FALSE	NA	NA	NA	NA	NA	NA
NC_045512.2	8458	T	G	14153	7259	43	2	0	32	0.000141283	14156	0.999741	FALSE	NA	NA	NA	NA	NA	NA
NC_045512.2	8458	T	C	14153	7259	43	1	0	40	7.06414e-05	14156	0.749991	FALSE	NA	NA	NA	NA	NA	NA
NC_045512.2	8459	G	T	14132	7249	43	2	1	40	0.000141473	14137	0.499947	FALSE	NA	NA	NA	NA	NA	NA
NC_045512.2	8459	G	C	14132	7249	43	3	3	40	0.000212209	14137	0.31246	FALSE	NA	NA	NA	NA	NA	NA
NC_045512.2	8460	C	T	14089	7251	42	3	2	34	0.000212811	14097	0.998826	FALSE	NA	NA	NA	NA	NA	NA
NC_045512.2	8460	C	G	14089	7251	42	3	0	40	0.000212811	14097	0.31238	FALSE	NA	NA	NA	NA	NA	NA
NC_045512.2	8460	C	A	14089	7251	42	2	1	40	0.000141874	14097	0.499867	FALSE	NA	NA	NA	NA	NA	NA
NC_045512.2	8462	G	A	13120	5983	42	8	3	40	0.000609385	13128	0.0195205	FALSE	NA	NA	NA	NA	NA	NA
NC_045512.2	8463	C	G	13094	5946	42	1	0	40	7.6365e-05	13095	0.750029	FALSE	NA	NA	NA	NA	NA	NA
NC_045512.2	8464	T	G	13003	5862	42	5	5	28	0.00038429	13011	1	FALSE	NA	NA	NA	NA	NA	NA
NC_045512.2	8464	T	C	13003	5862	42	3	0	40	0.000230574	13011	0.31237	FALSE	NA	NA	NA	NA	NA	NA
NC_045512.2	8465	A	G	13010	5914	42	5	0	32	0.000383877	13025	0.98453	FALSE	NA	NA	NA	NA	NA	NA
NC_045512.2	8465	A	C	13010	5914	42	10	5	33	0.000767754	13025	0.797459	FALSE	NA	NA	NA	NA	NA	NA
NC_045512.2	8470	G	C	7682	515	41	2	0	32	0.000260247	7685	0.980496	FALSE	NA	NA	NA	NA	NA	NA
NC_045512.2	8470	G	A	7682	515	41	1	0	24	0.000130124	7685	1	FALSE	NA	NA	NA	NA	NA	NA
NC_045512.2	8471	A	G	7657	515	41	1	0	40	0.000130582	7658	0.500033	FALSE	NA	NA	NA	NA	NA	NA
NC_045512.2	8472	A	G	7672	515	41	1	0	40	0.000130327	7673	0.500033	FALSE	NA	NA	NA	NA	NA	NA
NC_045512.2	8474	A	C	7830	525	41	2	0	40	0.000255363	7832	0.250016	FALSE	NA	NA	NA	NA	NA	NA
NC_045512.2	8475	A	C	7831	525	41	2	0	24	0.00025533	7833	1	FALSE	NA	NA	NA	NA	NA	NA
NC_045512.2	8477	T	A	7890	546	42	1	0	40	0.000126727	7891	0.500032	FALSE	NA	NA	NA	NA	NA	NA
NC_045512.2	8478	T	C	7886	550	42	3	0	34	0.000380276	7889	0.94539	FALSE	NA	NA	NA	NA	NA	NA
NC_045512.2	8479	A	C	7806	567	41	1	0	24	0.00012809	7807	1	FALSE	NA	NA	NA	NA	NA	NA
NC_045512.2	8481	C	G	8274	578	42	1	0	40	0.000120846	8275	0.50003	FALSE	NA	NA	NA	NA	NA	NA
NC_045512.2	8482	T	C	8275	573	42	1	0	24	0.000120831	8276	1	FALSE	NA	NA	NA	NA	NA	NA
NC_045512.2	8483	T	C	8292	579	42	1	0	24	0.000120584	8293	1	FALSE	NA	NA	NA	NA	NA	NA
NC_045512.2	8486	A	G	8297	612	39	1	0	24	0.000120438	8303	1	FALSE	NA	NA	NA	NA	NA	NA
NC_045512.2	8486	A	C	8297	612	39	5	0	30	0.000602192	8303	0.866672	FALSE	NA	NA	NA	NA	NA	NA
NC_045512.2	8487	A	C	8425	609	42	3	0	24	0.000355956	8428	1	FALSE	NA	NA	NA	NA	NA	NA
NC_045512.2	8490	T	C	8600	671	43	1	0	24	0.000116266	8601	1	FALSE	NA	NA	NA	NA	NA	NA
NC_045512.2	8491	G	C	8709	678	43	2	0	32	0.000229595	8711	0.989281	FALSE	NA	NA	NA	NA	NA	NA
NC_045512.2	8492	A	G	8677	680	43	2	0	40	0.000230388	8681	0.249957	FALSE	NA	NA	NA	NA	NA	NA
NC_045512.2	8492	A	C	8677	680	43	2	0	40	0.000230388	8681	0.249957	FALSE	NA	NA	NA	NA	NA	NA
NC_045512.2	8493	C	A	8750	681	42	2	0	24	0.000228519	8752	1	FALSE	NA	NA	NA	NA	NA	NA
NC_045512.2	8494	A	C	8746	686	43	3	0	34	0.000342896	8749	0.96734	FALSE	NA	NA	NA	NA	NA	NA
NC_045512.2	8495	T	C	8813	780	44	1	0	80	0.000113456	8814	0.500028	FALSE	NA	NA	NA	NA	NA	NA
NC_045512.2	8496	G	T	9161	795	43	2	0	32	0.000218269	9163	0.994155	FALSE	NA	NA	NA	NA	NA	NA
NC_045512.2	8497	T	C	9179	793	44	3	0	40	0.000326726	9182	0.125	FALSE	NA	NA	NA	NA	NA	NA
NC_045512.2	8499	C	A	9196	823	44	1	0	40	0.000108731	9197	0.500027	FALSE	NA	NA	NA	NA	NA	NA
NC_045512.2	8500	A	C	9127	950	44	3	0	29	0.000328587	9130	1	FALSE	NA	NA	NA	NA	NA	NA
NC_045512.2	8501	A	C	9146	954	45	2	0	24	0.000218627	9148	1	FALSE	NA	NA	NA	NA	NA	NA
NC_045512.2	8503	T	G	10005	988	45	1	0	40	9.994e-05	10006	0.750037	FALSE	NA	NA	NA	NA	NA	NA
NC_045512.2	8504	A	G	9912	993	44	2	0	32	0.000201674	9917	0.994146	FALSE	NA	NA	NA	NA	NA	NA
NC_045512.2	8504	A	C	9912	993	44	3	0	34	0.000302511	9917	0.980733	FALSE	NA	NA	NA	NA	NA	NA
NC_045512.2	8505	C	A	9972	1027	44	3	0	26	0.000300752	9975	1	FALSE	NA	NA	NA	NA	NA	NA
NC_045512.2	8505	C	-T	9972	1027	44	1	0	20	0.000100251	9975	1	FALSE	NA	NA	NA	NA	NA	NA
NC_045512.2	8507	A	G	10031	1029	45	1	0	24	9.96512e-05	10035	1	FALSE	NA	NA	NA	NA	NA	NA
NC_045512.2	8507	A	C	10031	1029	45	3	0	29	0.000298954	10035	1	FALSE	NA	NA	NA	NA	NA	NA
NC_045512.2	8509	A	G	10090	1034	45	1	0	40	9.90982e-05	10091	0.750037	FALSE	NA	NA	NA	NA	NA	NA
NC_045512.2	8511	A	C	10098	1230	46	1	0	24	9.90197e-05	10099	1	FALSE	NA	NA	NA	NA	NA	NA
NC_045512.2	8512	A	C	10093	1230	46	2	0	24	0.000198118	10095	1	FALSE	NA	NA	NA	NA	NA	NA
NC_045512.2	8513	G	C	10377	1241	46	1	0	24	9.63577e-05	10378	1	FALSE	NA	NA	NA	NA	NA	NA
NC_045512.2	8514	T	G	10513	1278	47	1	0	40	9.51113e-05	10514	0.750036	FALSE	NA	NA	NA	NA	NA	NA
NC_045512.2	8515	T	G	10565	1280	47	2	0	32	0.000189268	10567	0.996835	FALSE	NA	NA	NA	NA	NA	NA
NC_045512.2	8516	G	A	10629	1287	47	3	1	53	0.000282167	10632	0.125	FALSE	NA	NA	NA	NA	NA	NA
NC_045512.2	8518	T	C	10641	1338	47	1	0	40	9.39673e-05	10642	0.750035	FALSE	NA	NA	NA	NA	NA	NA
NC_045512.2	8519	A	C	10550	1349	47	3	0	24	0.000284279	10553	1	FALSE	NA	NA	NA	NA	NA	NA
NC_045512.2	8520	A	G	10606	1357	47	1	0	24	9.42596e-05	10609	1	FALSE	NA	NA	NA	NA	NA	NA
NC_045512.2	8520	A	C	10606	1357	47	2	0	24	0.000188519	10609	1	FALSE	NA	NA	NA	NA	NA	NA
NC_045512.2	8521	T	C	10756	1358	47	2	0	40	0.000185908	10758	0.500035	FALSE	NA	NA	NA	NA	NA	NA
NC_045512.2	8523	T	C	10775	1359	47	1	0	40	9.27988e-05	10776	0.750035	FALSE	NA	NA	NA	NA	NA	NA
NC_045512.2	8524	T	G	10780	1362	47	2	0	40	0.000185477	10783	0.5	FALSE	NA	NA	NA	NA	NA	NA
NC_045512.2	8524	T	C	10780	1362	47	1	0	24	9.27386e-05	10783	1	FALSE	NA	NA	NA	NA	NA	NA
NC_045512.2	8527	A	G	10690	1393	47	4	0	32	0.000373902	10698	0.971319	FALSE	NA	NA	NA	NA	NA	NA
NC_045512.2	8527	A	C	10690	1393	47	4	0	28	0.000373902	10698	1	FALSE	NA	NA	NA	NA	NA	NA
NC_045512.2	8528	A	G	10731	1405	47	1	0	24	9.31706e-05	10733	1	FALSE	NA	NA	NA	NA	NA	NA
NC_045512.2	8528	A	C	10731	1405	47	1	0	24	9.31706e-05	10733	1	FALSE	NA	NA	NA	NA	NA	NA
NC_045512.2	8529	C	A	10955	1409	47	4	0	28	0.000364997	10959	1	FALSE	NA	NA	NA	NA	NA	NA
NC_045512.2	8530	A	C	10976	1410	47	2	0	24	0.000182183	10978	1	FALSE	NA	NA	NA	NA	NA	NA
NC_045512.2	8531	A	C	10987	1412	47	2	0	24	0.000182	10989	1	FALSE	NA	NA	NA	NA	NA	NA
NC_045512.2	8532	C	A	10971	1412	46	2	0	24	0.000182266	10973	1	FALSE	NA	NA	NA	NA	NA	NA
NC_045512.2	8534	A	G	11014	1422	47	2	0	52	0.000181521	11018	0.249966	FALSE	NA	NA	NA	NA	NA	NA
NC_045512.2	8534	A	C	11014	1422	47	2	0	24	0.000181521	11018	1	FALSE	NA	NA	NA	NA	NA	NA
NC_045512.2	8535	A	G	11383	1441	47	1	0	40	8.78426e-05	11384	0.750033	FALSE	NA	NA	NA	NA	NA	NA
NC_045512.2	8537	A	C	11415	1466	47	1	0	24	8.75964e-05	11416	1	FALSE	NA	NA	NA	NA	NA	NA
NC_045512.2	8538	T	C	11456	1466	47	1	1	80	8.72829e-05	11457	0.500022	FALSE	NA	NA	NA	NA	NA	NA
NC_045512.2	8539	A	C	11419	1476	47	2	0	24	0.000175116	11421	1	FALSE	NA	NA	NA	NA	NA	NA
NC_045512.2	8542	A	C	12157	1579	47	1	0	40	8.22504e-05	12158	0.750031	FALSE	NA	NA	NA	NA	NA	NA
NC_045512.2	8543	C	A	12329	1585	47	1	0	24	8.1103e-05	12330	1	FALSE	NA	NA	NA	NA	NA	NA
NC_045512.2	8544	T	G	12215	1535	47	2	1	32	0.000163706	12217	0.999087	FALSE	NA	NA	NA	NA	NA	NA
NC_045512.2	8545	T	C	12257	1610	48	1	0	24	8.15794e-05	12258	1	FALSE	NA	NA	NA	NA	NA	NA
NC_045512.2	8546	A	C	12163	1654	48	1	0	24	8.22098e-05	12164	1	FALSE	NA	NA	NA	NA	NA	NA
NC_045512.2	8547	A	G	12185	1657	48	1	0	24	8.20479e-05	12188	1	FALSE	NA	NA	NA	NA	NA	NA
NC_045512.2	8547	A	C	12185	1657	48	2	0	24	0.000164096	12188	1	FALSE	NA	NA	NA	NA	NA	NA
NC_045512.2	8548	G	T	12270	1660	48	1	0	24	8.1493e-05	12271	1	FALSE	NA	NA	NA	NA	NA	NA
NC_045512.2	8549	G	A	12210	1889	50	1	1	80	8.18934e-05	12211	0.50002	FALSE	NA	NA	NA	NA	NA	NA
NC_045512.2	8550	G	A	12227	1877	49	1	0	24	8.17795e-05	12228	1	FALSE	NA	NA	NA	NA	NA	NA
NC_045512.2	8551	T	C	12066	1791	50	3	0	34	0.000248571	12069	0.996318	FALSE	NA	NA	NA	NA	NA	NA
NC_045512.2	8553	G	A	12097	1887	50	1	0	80	8.26583e-05	12098	0.500021	FALSE	NA	NA	NA	NA	NA	NA
NC_045512.2	8554	T	G	12133	2062	51	1	1	32	8.24131e-05	12134	0.999878	FALSE	NA	NA	NA	NA	NA	NA
NC_045512.2	8555	A	G	12073	2092	52	2	0	32	0.000165631	12075	0.999087	FALSE	NA	NA	NA	NA	NA	NA
NC_045512.2	8556	A	C	12062	2110	52	1	0	24	8.28981e-05	12063	1	FALSE	NA	NA	NA	NA	NA	NA
NC_045512.2	8557	A	G	12081	2235	53	1	0	40	8.27472e-05	12085	0.749969	FALSE	NA	NA	NA	NA	NA	NA
NC_045512.2	8557	A	C	12081	2235	53	3	0	26	0.000248242	12085	1	FALSE	NA	NA	NA	NA	NA	NA
NC_045512.2	8558	A	G	12075	2232	53	1	0	40	8.28089e-05	12076	0.750031	FALSE	NA	NA	NA	NA	NA	NA
NC_045512.2	8560	T	C	12120	2247	53	1	0	80	8.25014e-05	12121	0.500021	FALSE	NA	NA	NA	NA	NA	NA
NC_045512.2	8562	T	G	12158	2305	53	1	1	24	8.22436e-05	12159	1	FALSE	NA	NA	NA	NA	NA	NA
NC_045512.2	8564	A	C	12095	2368	54	2	0	32	0.00016533	12097	0.999087	FALSE	NA	NA	NA	NA	NA	NA
NC_045512.2	8565	A	T	11754	2524	53	1	0	40	8.50557e-05	11757	0.749989	FALSE	NA	NA	NA	NA	NA	NA
NC_045512.2	8565	A	C	11754	2524	53	2	0	32	0.000170111	11757	0.998295	FALSE	NA	NA	NA	NA	NA	NA
NC_045512.2	8566	T	C	11826	2610	53	1	0	24	8.45523e-05	11827	1	FALSE	NA	NA	NA	NA	NA	NA
NC_045512.2	8569	T	G	11708	2703	53	1	0	24	8.53971e-05	11710	1	FALSE	NA	NA	NA	NA	NA	NA
NC_045512.2	8569	T	C	11708	2703	53	1	1	40	8.53971e-05	11710	0.750011	FALSE	NA	NA	NA	NA	NA	NA
NC_045512.2	8570	T	G	11699	2686	54	1	0	24	8.54628e-05	11701	1	FALSE	NA	NA	NA	NA	NA	NA
NC_045512.2	8570	T	C	11699	2686	54	1	1	80	8.54628e-05	11701	0.5	FALSE	NA	NA	NA	NA	NA	NA
NC_045512.2	8571	G	C	11683	2759	53	1	0	40	8.55725e-05	11686	0.749989	FALSE	NA	NA	NA	NA	NA	NA
NC_045512.2	8571	G	A	11683	2759	53	2	1	32	0.000171145	11686	0.998295	FALSE	NA	NA	NA	NA	NA	NA
NC_045512.2	8573	T	C	11374	2981	53	1	0	40	8.79121e-05	11375	0.750033	FALSE	NA	NA	NA	NA	NA	NA
NC_045512.2	8574	T	C	11351	2988	53	1	0	24	8.80902e-05	11352	1	FALSE	NA	NA	NA	NA	NA	NA
NC_045512.2	8575	G	T	11220	2826	50	4	4	24	0.000356379	11224	1	FALSE	NA	NA	NA	NA	NA	NA
NC_045512.2	8576	A	C	11229	3031	53	6	0	26	0.000534045	11235	1	FALSE	NA	NA	NA	NA	NA	NA
NC_045512.2	8577	A	G	11275	3018	53	6	4	55	0.000531679	11285	0.0156022	FALSE	NA	NA	NA	NA	NA	NA
NC_045512.2	8577	A	C	11275	3018	53	4	0	24	0.000354453	11285	1	FALSE	NA	NA	NA	NA	NA	NA
NC_045512.2	8579	C	A	10907	3361	52	1	1	80	9.16758e-05	10908	0.500023	FALSE	NA	NA	NA	NA	NA	NA
NC_045512.2	8580	A	G	10829	3310	53	1	0	24	9.23276e-05	10831	1	FALSE	NA	NA	NA	NA	NA	NA
NC_045512.2	8580	A	C	10829	3310	53	1	0	40	9.23276e-05	10831	0.750012	FALSE	NA	NA	NA	NA	NA	NA
NC_045512.2	8581	G	+T	10775	3349	52	1	0	20	9.28074e-05	10775	1	FALSE	NA	NA	NA	NA	NA	NA
NC_045512.2	8582	T	G	10797	3483	53	3	3	24	0.000277701	10803	1	FALSE	NA	NA	NA	NA	NA	NA
NC_045512.2	8582	T	C	10797	3483	53	2	0	40	0.000185134	10803	0.499896	FALSE	NA	NA	NA	NA	NA	NA
NC_045512.2	8582	T	A	10797	3483	53	1	0	40	9.25669e-05	10803	0.749919	FALSE	NA	NA	NA	NA	NA	NA
NC_045512.2	8584	A	C	10851	3735	53	3	0	29	0.000276396	10854	1	FALSE	NA	NA	NA	NA	NA	NA
NC_045512.2	8585	A	C	10903	3852	54	1	0	24	9.17095e-05	10904	1	FALSE	NA	NA	NA	NA	NA	NA
NC_045512.2	8586	T	G	10903	3864	54	1	1	24	9.17011e-05	10905	1	FALSE	NA	NA	NA	NA	NA	NA
NC_045512.2	8586	T	C	10903	3864	54	1	0	40	9.17011e-05	10905	0.750011	FALSE	NA	NA	NA	NA	NA	NA
NC_045512.2	8587	T	G	10908	3883	54	1	1	24	9.16674e-05	10909	1	FALSE	NA	NA	NA	NA	NA	NA
NC_045512.2	8588	A	C	10916	3988	54	1	0	24	9.16003e-05	10917	1	FALSE	NA	NA	NA	NA	NA	NA
NC_045512.2	8589	A	G	11040	4062	54	1	1	64	9.05633e-05	11042	0.5	FALSE	NA	NA	NA	NA	NA	NA
NC_045512.2	8589	A	C	11040	4062	54	1	0	40	9.05633e-05	11042	0.750011	FALSE	NA	NA	NA	NA	NA	NA
NC_045512.2	8590	A	G	11051	4059	54	3	0	29	0.000271272	11059	1	FALSE	NA	NA	NA	NA	NA	NA
NC_045512.2	8590	A	C	11051	4059	54	5	1	25	0.00045212	11059	1	FALSE	NA	NA	NA	NA	NA	NA
NC_045512.2	8592	T	G	11135	4143	54	1	0	40	8.97989e-05	11136	0.750034	FALSE	NA	NA	NA	NA	NA	NA
NC_045512.2	8595	C	T	11130	4426	54	1	0	40	8.98311e-05	11132	0.750011	FALSE	NA	NA	NA	NA	NA	NA
NC_045512.2	8595	C	A	11130	4426	54	1	0	24	8.98311e-05	11132	1	FALSE	NA	NA	NA	NA	NA	NA
NC_045512.2	8596	A	G	11139	4441	54	2	1	40	0.000179517	11141	0.500034	FALSE	NA	NA	NA	NA	NA	NA
NC_045512.2	8597	C	A	10780	4774	52	1	0	32	9.27558e-05	10781	0.999513	FALSE	NA	NA	NA	NA	NA	NA
NC_045512.2	8598	T	C	10737	4718	53	1	0	64	9.31272e-05	10738	0.500023	FALSE	NA	NA	NA	NA	NA	NA
NC_045512.2	8599	T	G	10711	4700	53	1	1	24	9.33532e-05	10712	1	FALSE	NA	NA	NA	NA	NA	NA
NC_045512.2	8601	T	G	10579	4771	52	1	1	24	9.4518e-05	10580	1	FALSE	NA	NA	NA	NA	NA	NA
NC_045512.2	8602	G	T	10571	4806	53	1	1	24	9.45895e-05	10572	1	FALSE	NA	NA	NA	NA	NA	NA
NC_045512.2	8603	T	C	10216	5026	51	1	0	24	9.78761e-05	10217	1	FALSE	NA	NA	NA	NA	NA	NA
NC_045512.2	8605	C	T	10256	5055	51	1	1	80	9.74944e-05	10257	0.500024	FALSE	NA	NA	NA	NA	NA	NA
NC_045512.2	8606	C	A	9991	5139	50	4	0	42	0.0004002	9995	0.0624937	FALSE	NA	NA	NA	NA	NA	NA
NC_045512.2	8607	T	C	10072	5141	51	1	1	52	9.92753e-05	10073	0.500025	FALSE	NA	NA	NA	NA	NA	NA
NC_045512.2	8609	T	C	10060	5145	51	1	0	24	9.93937e-05	10061	1	FALSE	NA	NA	NA	NA	NA	NA
NC_045512.2	8610	T	C	10117	5245	51	1	1	40	9.88338e-05	10118	0.750037	FALSE	NA	NA	NA	NA	NA	NA
NC_045512.2	8611	T	G	10105	5259	51	2	2	24	0.000197883	10107	1	FALSE	NA	NA	NA	NA	NA	NA
NC_045512.2	8612	G	A	10104	5269	51	1	0	80	9.89609e-05	10105	0.500025	FALSE	NA	NA	NA	NA	NA	NA
NC_045512.2	8613	T	C	9982	5404	51	2	1	64	0.0002003	9985	0.249987	FALSE	NA	NA	NA	NA	NA	NA
NC_045512.2	8613	T	A	9982	5404	51	1	0	52	0.00010015	9985	0.499975	FALSE	NA	NA	NA	NA	NA	NA
NC_045512.2	8615	G	A	9957	5409	51	1	1	40	0.000100422	9958	0.500025	FALSE	NA	NA	NA	NA	NA	NA
NC_045512.2	8617	T	G	9860	5429	50	1	1	24	0.000101399	9862	1	FALSE	NA	NA	NA	NA	NA	NA
NC_045512.2	8617	T	C	9860	5429	50	1	0	24	0.000101399	9862	1	FALSE	NA	NA	NA	NA	NA	NA
NC_045512.2	8618	G	T	9938	5475	50	1	1	32	0.000100614	9939	0.999026	FALSE	NA	NA	NA	NA	NA	NA
NC_045512.2	8619	C	T	9847	5510	50	1	0	80	0.000101533	9849	0.5	FALSE	NA	NA	NA	NA	NA	NA
NC_045512.2	8619	C	A	9847	5510	50	1	0	40	0.000101533	9849	0.5	FALSE	NA	NA	NA	NA	NA	NA
NC_045512.2	8620	T	C	10028	5790	51	2	2	40	0.000199402	10030	0.500037	FALSE	NA	NA	NA	NA	NA	NA
NC_045512.2	8624	T	G	10042	5872	51	1	1	24	9.95718e-05	10043	1	FALSE	NA	NA	NA	NA	NA	NA
NC_045512.2	8625	T	G	10019	5891	50	1	1	24	9.98004e-05	10020	1	FALSE	NA	NA	NA	NA	NA	NA
NC_045512.2	8627	T	G	9987	5902	51	4	2	56	0.00040032	9992	0.0624812	FALSE	NA	NA	NA	NA	NA	NA
NC_045512.2	8627	T	C	9987	5902	51	1	1	40	0.00010008	9992	0.499925	FALSE	NA	NA	NA	NA	NA	NA
NC_045512.2	8628	A	C	9993	5969	50	2	1	28	0.0002001	9995	1	FALSE	NA	NA	NA	NA	NA	NA
NC_045512.2	8629	T	G	10034	5952	51	1	1	24	9.96512e-05	10035	1	FALSE	NA	NA	NA	NA	NA	NA
NC_045512.2	8630	T	G	9991	5916	51	1	1	24	0.00010008	9992	1	FALSE	NA	NA	NA	NA	NA	NA
NC_045512.2	8631	T	G	9846	6004	50	5	5	32	0.000507563	9851	0.910326	FALSE	NA	NA	NA	NA	NA	NA
NC_045512.2	8632	A	C	9842	6068	48	5	2	30	0.000507769	9847	0.910326	FALSE	NA	NA	NA	NA	NA	NA
NC_045512.2	8633	A	C	11424	8349	53	1	1	32	8.75274e-05	11425	0.999757	FALSE	NA	NA	NA	NA	NA	NA
NC_045512.2	8634	T	G	11400	8301	54	2	2	32	0.000175408	11402	0.998296	FALSE	NA	NA	NA	NA	NA	NA
NC_045512.2	8635	A	G	11410	8330	53	1	1	40	8.76271e-05	11412	0.750011	FALSE	NA	NA	NA	NA	NA	NA
NC_045512.2	8635	A	C	11410	8330	53	1	1	32	8.76271e-05	11412	0.999757	FALSE	NA	NA	NA	NA	NA	NA
NC_045512.2	8636	A	T	11415	8339	53	1	0	80	8.7581e-05	11418	0.499978	FALSE	NA	NA	NA	NA	NA	NA
NC_045512.2	8636	A	G	11415	8339	53	1	1	80	8.7581e-05	11418	0.499978	FALSE	NA	NA	NA	NA	NA	NA
NC_045512.2	8636	A	C	11415	8339	53	1	0	24	8.7581e-05	11418	1	FALSE	NA	NA	NA	NA	NA	NA
NC_045512.2	8637	C	T	11478	8404	53	1	1	24	8.71156e-05	11479	1	FALSE	NA	NA	NA	NA	NA	NA
NC_045512.2	8638	A	C	11554	8539	53	2	1	32	0.00017307	11556	0.998296	FALSE	NA	NA	NA	NA	NA	NA
NC_045512.2	8639	C	T	11541	8562	53	2	1	60	0.000173265	11543	0.250011	FALSE	NA	NA	NA	NA	NA	NA
NC_045512.2	8640	C	T	11474	8601	53	3	3	80	0.000261392	11477	0.125	FALSE	NA	NA	NA	NA	NA	NA
NC_045512.2	8641	T	C	11365	8506	53	1	0	24	8.79817e-05	11366	1	FALSE	NA	NA	NA	NA	NA	NA
NC_045512.2	8642	G	T	11497	8578	53	1	1	32	8.69641e-05	11499	0.999757	FALSE	NA	NA	NA	NA	NA	NA
NC_045512.2	8642	G	C	11497	8578	53	1	1	40	8.69641e-05	11499	0.750011	FALSE	NA	NA	NA	NA	NA	NA
NC_045512.2	8643	T	G	11678	8865	53	3	3	24	0.000256783	11683	1	FALSE	NA	NA	NA	NA	NA	NA
NC_045512.2	8643	T	C	11678	8865	53	2	2	32	0.000171189	11683	0.998293	FALSE	NA	NA	NA	NA	NA	NA
NC_045512.2	8644	T	G	11710	8917	53	3	3	29	0.00025606	11716	1	FALSE	NA	NA	NA	NA	NA	NA
NC_045512.2	8644	T	C	11710	8917	53	3	2	61	0.00025606	11716	0.124952	FALSE	NA	NA	NA	NA	NA	NA
NC_045512.2	8646	A	C	11675	9047	54	1	1	32	8.56458e-05	11676	0.999757	FALSE	NA	NA	NA	NA	NA	NA
NC_045512.2	8647	T	G	11692	9227	53	6	6	30	0.000512908	11698	0.928365	FALSE	NA	NA	NA	NA	NA	NA
NC_045512.2	8648	G	T	11638	9175	52	5	5	25	0.000429406	11644	1	FALSE	NA	NA	NA	NA	NA	NA
NC_045512.2	8648	G	A	11638	9175	52	1	1	80	8.58811e-05	11644	0.499914	FALSE	NA	NA	NA	NA	NA	NA
NC_045512.2	8649	T	G	12056	9818	54	2	2	40	0.000165824	12061	0.499938	FALSE	NA	NA	NA	NA	NA	NA
NC_045512.2	8649	T	C	12056	9818	54	3	3	34	0.000248736	12061	0.996314	FALSE	NA	NA	NA	NA	NA	NA
NC_045512.2	8651	A	G	11812	9612	54	2	1	60	0.000169262	11816	0.249968	FALSE	NA	NA	NA	NA	NA	NA
NC_045512.2	8651	A	C	11812	9612	54	2	1	36	0.000169262	11816	0.998294	FALSE	NA	NA	NA	NA	NA	NA
NC_045512.2	8653	G	T	11950	10022	52	1	1	32	8.3675e-05	11951	0.999757	FALSE	NA	NA	NA	NA	NA	NA
NC_045512.2	8654	T	G	11891	9969	52	4	4	24	0.000336247	11896	1	FALSE	NA	NA	NA	NA	NA	NA
NC_045512.2	8654	T	C	11891	9969	52	1	1	40	8.40619e-05	11896	0.749947	FALSE	NA	NA	NA	NA	NA	NA
NC_045512.2	8656	T	G	11718	9819	50	2	2	24	0.000170619	11722	1	FALSE	NA	NA	NA	NA	NA	NA
NC_045512.2	8656	T	C	11718	9819	50	2	2	24	0.000170619	11722	1	FALSE	NA	NA	NA	NA	NA	NA
NC_045512.2	8657	A	G	11878	9995	52	1	1	40	8.41751e-05	11880	0.750011	FALSE	NA	NA	NA	NA	NA	NA
NC_045512.2	8657	A	C	11878	9995	52	1	1	32	8.41751e-05	11880	0.999757	FALSE	NA	NA	NA	NA	NA	NA
NC_045512.2	8658	A	T	11876	9992	52	1	1	40	8.41893e-05	11878	0.750011	FALSE	NA	NA	NA	NA	NA	NA
NC_045512.2	8658	A	G	11876	9992	52	1	1	40	8.41893e-05	11878	0.750011	FALSE	NA	NA	NA	NA	NA	NA
NC_045512.2	8659	A	G	11862	10003	52	1	1	40	8.42886e-05	11864	0.750011	FALSE	NA	NA	NA	NA	NA	NA
NC_045512.2	8659	A	C	11862	10003	52	1	0	32	8.42886e-05	11864	0.999757	FALSE	NA	NA	NA	NA	NA	NA
NC_045512.2	8662	T	G	11382	9539	52	1	1	40	8.78426e-05	11384	0.750011	FALSE	NA	NA	NA	NA	NA	NA
NC_045512.2	8662	T	C	11382	9539	52	1	1	40	8.78426e-05	11384	0.750011	FALSE	NA	NA	NA	NA	NA	NA
NC_045512.2	8663	A	G	11405	9584	52	1	1	40	8.76655e-05	11407	0.750011	FALSE	NA	NA	NA	NA	NA	NA
NC_045512.2	8663	A	C	11405	9584	52	1	0	32	8.76655e-05	11407	0.999757	FALSE	NA	NA	NA	NA	NA	NA
NC_045512.2	8664	C	T	11381	9739	51	1	1	24	8.7858e-05	11382	1	FALSE	NA	NA	NA	NA	NA	NA
NC_045512.2	8665	T	G	11315	9679	50	1	0	80	8.8347e-05	11319	0.499956	FALSE	NA	NA	NA	NA	NA	NA
NC_045512.2	8665	T	C	11315	9679	50	3	2	53	0.000265041	11319	0.124983	FALSE	NA	NA	NA	NA	NA	NA
NC_045512.2	8666	G	A	11371	9737	51	1	0	80	8.79353e-05	11372	0.500022	FALSE	NA	NA	NA	NA	NA	NA
NC_045512.2	8667	A	G	11371	9736	50	1	1	24	8.79353e-05	11372	1	FALSE	NA	NA	NA	NA	NA	NA
NC_045512.2	8668	C	A	11357	9710	51	1	1	80	8.80437e-05	11358	0.500022	FALSE	NA	NA	NA	NA	NA	NA
NC_045512.2	8669	T	G	11180	9546	50	2	2	24	0.000178859	11182	1	FALSE	NA	NA	NA	NA	NA	NA
NC_045512.2	8670	T	G	11187	9549	51	1	1	24	8.93815e-05	11188	1	FALSE	NA	NA	NA	NA	NA	NA
NC_045512.2	8671	T	G	11127	9514	50	3	3	24	0.000269518	11131	1	FALSE	NA	NA	NA	NA	NA	NA
NC_045512.2	8671	T	C	11127	9514	50	1	1	40	8.98392e-05	11131	0.749966	FALSE	NA	NA	NA	NA	NA	NA
NC_045512.2	8672	T	G	11143	9565	50	3	3	24	0.000269131	11147	1	FALSE	NA	NA	NA	NA	NA	NA
NC_045512.2	8672	T	C	11143	9565	50	1	1	40	8.97102e-05	11147	0.749966	FALSE	NA	NA	NA	NA	NA	NA
NC_045512.2	8673	C	T	11205	9662	48	2	2	32	0.000178412	11210	0.998294	FALSE	NA	NA	NA	NA	NA	NA
NC_045512.2	8673	C	G	11205	9662	48	2	2	32	0.000178412	11210	0.998294	FALSE	NA	NA	NA	NA	NA	NA
NC_045512.2	8673	C	A	11205	9662	48	1	1	40	8.92061e-05	11210	0.749944	FALSE	NA	NA	NA	NA	NA	NA
NC_045512.2	8674	A	G	11219	9656	50	2	2	40	0.000178221	11222	0.5	FALSE	NA	NA	NA	NA	NA	NA
NC_045512.2	8674	A	C	11219	9656	50	1	0	24	8.91107e-05	11222	1	FALSE	NA	NA	NA	NA	NA	NA
NC_045512.2	8675	A	C	11211	9655	50	1	0	24	8.91902e-05	11212	1	FALSE	NA	NA	NA	NA	NA	NA
NC_045512.2	8676	G	T	10353	8774	43	12	12	28	0.00115774	10365	1	FALSE	NA	NA	NA	NA	NA	NA
NC_045512.2	8677	T	G	11084	9525	50	3	3	24	0.000270587	11087	1	FALSE	NA	NA	NA	NA	NA	NA
NC_045512.2	8678	G	T	11010	9447	49	2	2	24	0.00018162	11012	1	FALSE	NA	NA	NA	NA	NA	NA
NC_045512.2	8680	A	G	11137	9692	50	1	1	40	8.97827e-05	11138	0.750034	FALSE	NA	NA	NA	NA	NA	NA
NC_045512.2	8681	A	G	11145	9715	49	2	1	38	0.00017942	11147	0.998296	FALSE	NA	NA	NA	NA	NA	NA
NC_045512.2	8682	T	C	11086	9654	49	1	1	80	9.01957e-05	11087	0.500023	FALSE	NA	NA	NA	NA	NA	NA
NC_045512.2	8683	C	A	11112	9692	49	1	1	32	8.99847e-05	11113	0.999757	FALSE	NA	NA	NA	NA	NA	NA
NC_045512.2	8684	A	G	11109	9690	50	1	1	24	8.99928e-05	11112	1	FALSE	NA	NA	NA	NA	NA	NA
NC_045512.2	8684	A	C	11109	9690	50	2	2	40	0.000179986	11112	0.5	FALSE	NA	NA	NA	NA	NA	NA
NC_045512.2	8685	T	G	11021	9601	49	1	1	40	9.07276e-05	11022	0.750034	FALSE	NA	NA	NA	NA	NA	NA
NC_045512.2	8686	A	G	11102	9845	48	3	2	56	0.0002701	11107	0.124966	FALSE	NA	NA	NA	NA	NA	NA
NC_045512.2	8686	A	C	11102	9845	48	2	2	36	0.000180067	11107	0.998294	FALSE	NA	NA	NA	NA	NA	NA
NC_045512.2	8687	G	T	11100	9853	48	1	1	40	9.00739e-05	11102	0.750011	FALSE	NA	NA	NA	NA	NA	NA
NC_045512.2	8687	G	A	11100	9853	48	1	1	40	9.00739e-05	11102	0.750011	FALSE	NA	NA	NA	NA	NA	NA
NC_045512.2	8689	A	G	11044	9812	48	1	1	24	9.05387e-05	11045	1	FALSE	NA	NA	NA	NA	NA	NA
NC_045512.2	8690	T	G	10947	9720	48	2	2	24	0.000182615	10952	1	FALSE	NA	NA	NA	NA	NA	NA
NC_045512.2	8690	T	C	10947	9720	48	3	2	52	0.000273923	10952	0.124966	FALSE	NA	NA	NA	NA	NA	NA
NC_045512.2	8691	A	G	10951	9817	48	2	2	24	0.000182598	10953	1	FALSE	NA	NA	NA	NA	NA	NA
NC_045512.2	8692	C	G	10914	10005	46	1	1	24	9.16086e-05	10916	1	FALSE	NA	NA	NA	NA	NA	NA
NC_045512.2	8692	C	A	10914	10005	46	1	1	24	9.16086e-05	10916	1	FALSE	NA	NA	NA	NA	NA	NA
NC_045512.2	8694	A	G	10844	9996	45	3	3	42	0.000276523	10849	0.312448	FALSE	NA	NA	NA	NA	NA	NA
NC_045512.2	8694	A	C	10844	9996	45	2	2	28	0.000184349	10849	1	FALSE	NA	NA	NA	NA	NA	NA
NC_045512.2	8695	G	T	10187	9324	42	39	39	27	0.00381381	10226	1	FALSE	NA	NA	NA	NA	NA	NA
NC_045512.2	8696	G	C	10670	9834	45	1	1	24	9.37119e-05	10671	1	FALSE	NA	NA	NA	NA	NA	NA
NC_045512.2	8698	T	G	9980	9176	45	1	1	24	0.00010017	9983	1	FALSE	NA	NA	NA	NA	NA	NA
NC_045512.2	8698	T	C	9980	9176	45	2	2	24	0.000200341	9983	1	FALSE	NA	NA	NA	NA	NA	NA
NC_045512.2	8700	T	G	9987	9186	45	4	4	24	0.00040032	9992	1	FALSE	NA	NA	NA	NA	NA	NA
NC_045512.2	8700	T	C	9987	9186	45	1	1	40	0.00010008	9992	0.499925	FALSE	NA	NA	NA	NA	NA	NA
NC_045512.2	8701	T	G	9958	9165	45	4	4	24	0.000401526	9962	1	FALSE	NA	NA	NA	NA	NA	NA
NC_045512.2	8703	A	G	9723	8974	45	2	2	32	0.000205634	9726	0.994152	FALSE	NA	NA	NA	NA	NA	NA
NC_045512.2	8703	A	C	9723	8974	45	1	1	24	0.000102817	9726	1	FALSE	NA	NA	NA	NA	NA	NA
NC_045512.2	8704	T	G	9520	8799	45	2	2	24	0.000209974	9525	1	FALSE	NA	NA	NA	NA	NA	NA
NC_045512.2	8704	T	C	9520	8799	45	3	3	29	0.000314961	9525	1	FALSE	NA	NA	NA	NA	NA	NA
NC_045512.2	8705	G	A	9412	8700	45	1	1	40	0.000106236	9413	0.500027	FALSE	NA	NA	NA	NA	NA	NA
NC_045512.2	8706	G	T	9257	8546	44	4	4	24	0.000431919	9261	1	FALSE	NA	NA	NA	NA	NA	NA
NC_045512.2	8707	T	G	9284	8573	45	1	1	24	0.000107689	9286	1	FALSE	NA	NA	NA	NA	NA	NA
NC_045512.2	8707	T	C	9284	8573	45	1	1	40	0.000107689	9286	0.5	FALSE	NA	NA	NA	NA	NA	NA
NC_045512.2	8708	G	A	9052	8350	45	1	1	40	0.000110461	9053	0.500028	FALSE	NA	NA	NA	NA	NA	NA
NC_045512.2	8710	T	G	8954	8256	45	2	2	32	0.000223314	8956	0.98928	FALSE	NA	NA	NA	NA	NA	NA
NC_045512.2	8712	T	C	8882	8216	45	1	0	80	0.000112575	8883	0.500028	FALSE	NA	NA	NA	NA	NA	NA
NC_045512.2	8714	A	G	8843	8183	45	1	1	40	0.000113071	8844	0.500028	FALSE	NA	NA	NA	NA	NA	NA
NC_045512.2	8715	C	T	8752	8128	44	1	1	24	0.000114247	8753	1	FALSE	NA	NA	NA	NA	NA	NA
NC_045512.2	8716	T	C	8706	8068	45	2	2	32	0.000229674	8708	0.989281	FALSE	NA	NA	NA	NA	NA	NA
NC_045512.2	8718	G	T	7821	7184	40	33	33	24	0.00420168	7854	0.999996	FALSE	NA	NA	NA	NA	NA	NA
NC_045512.2	8719	T	G	8484	7850	45	1	1	24	0.000117827	8487	1	FALSE	NA	NA	NA	NA	NA	NA
NC_045512.2	8719	T	C	8484	7850	45	2	2	40	0.000235655	8487	0.249985	FALSE	NA	NA	NA	NA	NA	NA
NC_045512.2	8720	G	T	8421	7789	44	1	1	40	0.000118708	8424	0.49997	FALSE	NA	NA	NA	NA	NA	NA
NC_045512.2	8720	G	A	8421	7789	44	2	1	52	0.000237417	8424	0.249985	FALSE	NA	NA	NA	NA	NA	NA
NC_045512.2	8723	A	G	8393	7815	45	3	3	40	0.000357313	8396	0.125	FALSE	NA	NA	NA	NA	NA	NA
NC_045512.2	8726	G	T	8311	7735	45	1	1	24	0.000120294	8313	1	FALSE	NA	NA	NA	NA	NA	NA
NC_045512.2	8726	G	C	8311	7735	45	1	1	24	0.000120294	8313	1	FALSE	NA	NA	NA	NA	NA	NA
NC_045512.2	8729	T	G	8087	7517	45	1	1	24	0.000123625	8089	1	FALSE	NA	NA	NA	NA	NA	NA
NC_045512.2	8729	T	C	8087	7517	45	1	1	40	0.000123625	8089	0.5	FALSE	NA	NA	NA	NA	NA	NA
NC_045512.2	8730	C	T	7926	7387	45	2	1	80	0.00025227	7928	0.250016	FALSE	NA	NA	NA	NA	NA	NA
NC_045512.2	8731	T	G	7860	7322	44	1	1	24	0.00012721	7861	1	FALSE	NA	NA	NA	NA	NA	NA
NC_045512.2	8734	A	G	7579	7070	45	1	1	40	0.000131909	7581	0.5	FALSE	NA	NA	NA	NA	NA	NA
NC_045512.2	8734	A	C	7579	7070	45	1	1	40	0.000131909	7581	0.5	FALSE	NA	NA	NA	NA	NA	NA
NC_045512.2	8737	T	G	7295	6799	44	1	1	24	0.000137061	7296	1	FALSE	NA	NA	NA	NA	NA	NA
NC_045512.2	8740	T	G	7079	6650	44	1	1	24	0.000141243	7080	1	FALSE	NA	NA	NA	NA	NA	NA
NC_045512.2	8741	T	C	6965	6541	44	1	1	24	0.000143554	6966	1	FALSE	NA	NA	NA	NA	NA	NA
NC_045512.2	8742	G	T	6943	6520	44	2	2	24	0.000287977	6945	1	FALSE	NA	NA	NA	NA	NA	NA
NC_045512.2	8743	T	C	6938	6519	44	1	1	24	0.000144113	6939	1	FALSE	NA	NA	NA	NA	NA	NA
NC_045512.2	8744	T	G	6789	6375	44	1	1	24	0.000147275	6790	1	FALSE	NA	NA	NA	NA	NA	NA
NC_045512.2	8745	T	G	6791	6386	44	1	1	24	0.000147232	6792	1	FALSE	NA	NA	NA	NA	NA	NA
NC_045512.2	8746	T	G	6610	6224	43	1	1	40	0.000151263	6611	0.500038	FALSE	NA	NA	NA	NA	NA	NA
NC_045512.2	8747	G	C	6650	6267	44	1	1	40	0.000150353	6651	0.500038	FALSE	NA	NA	NA	NA	NA	NA
NC_045512.2	8749	T	C	6572	6230	43	2	2	32	0.000304229	6574	0.964902	FALSE	NA	NA	NA	NA	NA	NA
NC_045512.2	8750	A	G	6581	6242	43	1	1	40	0.00015193	6582	0.500038	FALSE	NA	NA	NA	NA	NA	NA
NC_045512.2	8753	A	G	6558	6226	43	1	1	24	0.000152416	6561	1	FALSE	NA	NA	NA	NA	NA	NA
NC_045512.2	8753	A	C	6558	6226	43	2	2	32	0.000304832	6561	0.964885	FALSE	NA	NA	NA	NA	NA	NA
NC_045512.2	8754	A	G	6492	6158	43	6	6	37	0.000923361	6498	0.612949	FALSE	NA	NA	NA	NA	NA	NA
NC_045512.2	8755	A	G	6555	6224	43	2	2	32	0.000305018	6557	0.964902	FALSE	NA	NA	NA	NA	NA	NA
NC_045512.2	8757	A	G	6391	6087	43	3	3	29	0.00046919	6394	1	FALSE	NA	NA	NA	NA	NA	NA
NC_045512.2	8758	T	G	6369	6069	43	1	1	24	0.000156937	6372	1	FALSE	NA	NA	NA	NA	NA	NA
NC_045512.2	8758	T	C	6369	6069	43	2	2	40	0.000313873	6372	0.24998	FALSE	NA	NA	NA	NA	NA	NA
NC_045512.2	8760	C	T	6357	6061	43	1	1	24	0.000157282	6358	1	FALSE	NA	NA	NA	NA	NA	NA
NC_045512.2	8761	T	C	6191	5902	43	1	0	64	0.000161499	6192	0.50004	FALSE	NA	NA	NA	NA	NA	NA
NC_045512.2	8763	A	G	6168	5878	43	1	1	24	0.000162101	6169	1	FALSE	NA	NA	NA	NA	NA	NA
NC_045512.2	8764	T	G	6138	5849	43	1	1	40	0.000162893	6139	0.500041	FALSE	NA	NA	NA	NA	NA	NA
NC_045512.2	8765	T	G	6130	5804	43	1	1	40	0.000163106	6131	0.500041	FALSE	NA	NA	NA	NA	NA	NA
NC_045512.2	8766	T	G	6097	5772	43	3	3	24	0.000491723	6101	1	FALSE	NA	NA	NA	NA	NA	NA
NC_045512.2	8766	T	C	6097	5772	43	1	1	40	0.000163908	6101	0.499918	FALSE	NA	NA	NA	NA	NA	NA
NC_045512.2	8769	A	G	6094	5790	43	2	2	40	0.000328084	6096	0.250021	FALSE	NA	NA	NA	NA	NA	NA
NC_045512.2	8770	C	G	6028	5728	42	7	7	35	0.00115971	6036	0.5	FALSE	NA	NA	NA	NA	NA	NA
NC_045512.2	8770	C	A	6028	5728	42	1	1	40	0.000165673	6036	0.499751	FALSE	NA	NA	NA	NA	NA	NA
NC_045512.2	8771	A	G	5663	5373	43	2	2	40	0.000353045	5665	0.250022	FALSE	NA	NA	NA	NA	NA	NA
NC_045512.2	8772	C	G	5642	5359	42	4	4	30	0.000708466	5646	0.746268	FALSE	NA	NA	NA	NA	NA	NA
NC_045512.2	8775	G	A	5619	5309	42	1	0	64	0.000177936	5620	0.500044	FALSE	NA	NA	NA	NA	NA	NA
NC_045512.2	8777	T	G	5551	5245	42	3	3	29	0.000540151	5554	1	FALSE	NA	NA	NA	NA	NA	NA
NC_045512.2	8778	T	G	5485	5183	42	2	2	24	0.000364431	5488	1	FALSE	NA	NA	NA	NA	NA	NA
NC_045512.2	8778	T	C	5485	5183	42	1	1	40	0.000182216	5488	0.499954	FALSE	NA	NA	NA	NA	NA	NA
NC_045512.2	8794	T	C	122	10	42	1	0	40	0.00813008	123	0.502041	FALSE	NA	NA	NA	NA	NA	NA
NC_045512.2	8799	A	C	128	11	43	1	0	24	0.00775194	129	0.752918	FALSE	NA	NA	NA	NA	NA	NA
NC_045512.2	8841	C	A	171	18	47	1	0	24	0.00581395	172	0.752187	FALSE	NA	NA	NA	NA	NA	NA
NC_045512.2	8879	A	C	191	32	51	1	0	24	0.00520833	192	0.751958	FALSE	NA	NA	NA	NA	NA	NA
NC_045512.2	8888	C	A	195	32	46	1	0	24	0.00510204	196	0.751918	FALSE	NA	NA	NA	NA	NA	NA
NC_045512.2	8897	A	C	202	33	49	1	0	24	0.00492611	203	0.87685	FALSE	NA	NA	NA	NA	NA	NA
NC_045512.2	8914	T	C	197	61	55	1	1	80	0.00505051	198	0.501266	FALSE	NA	NA	NA	NA	NA	NA
NC_045512.2	8965	A	G	201	145	54	1	0	80	0.0049505	202	0.501241	FALSE	NA	NA	NA	NA	NA	NA
NC_045512.2	9045	G	C	166	156	45	1	1	40	0.00598802	167	0.501502	FALSE	NA	NA	NA	NA	NA	NA
NC_045512.2	9056	C	G	4561	389	40	1	0	40	0.000219106	4564	0.499945	FALSE	NA	NA	NA	NA	NA	NA
NC_045512.2	9056	C	A	4561	389	40	2	0	32	0.000438212	4564	0.890702	FALSE	NA	NA	NA	NA	NA	NA
NC_045512.2	9057	C	G	4543	376	40	1	0	40	0.00022007	4544	0.500055	FALSE	NA	NA	NA	NA	NA	NA
NC_045512.2	9058	A	T	4900	376	40	1	0	40	0.00020404	4901	0.500051	FALSE	NA	NA	NA	NA	NA	NA
NC_045512.2	9059	T	G	4927	376	40	2	0	40	0.000405597	4931	0.249924	FALSE	NA	NA	NA	NA	NA	NA
NC_045512.2	9059	T	C	4927	376	40	1	0	40	0.000202799	4931	0.499899	FALSE	NA	NA	NA	NA	NA	NA
NC_045512.2	9059	T	A	4927	376	40	1	0	24	0.000202799	4931	1	FALSE	NA	NA	NA	NA	NA	NA
NC_045512.2	9060	A	C	5068	377	40	2	0	32	0.000394477	5070	0.937597	FALSE	NA	NA	NA	NA	NA	NA
NC_045512.2	9061	T	C	5089	381	40	2	0	24	0.00039285	5091	1	FALSE	NA	NA	NA	NA	NA	NA
NC_045512.2	9062	T	G	5102	376	40	1	1	24	0.000195925	5104	1	FALSE	NA	NA	NA	NA	NA	NA
NC_045512.2	9062	T	C	5102	376	40	1	0	24	0.000195925	5104	1	FALSE	NA	NA	NA	NA	NA	NA
NC_045512.2	9064	T	C	5245	393	40	1	0	40	0.000190621	5246	0.500048	FALSE	NA	NA	NA	NA	NA	NA
NC_045512.2	9065	T	C	5326	393	40	2	1	52	0.000375375	5328	0.250023	FALSE	NA	NA	NA	NA	NA	NA
NC_045512.2	9066	A	G	5300	396	40	1	0	40	0.000188395	5308	0.499717	FALSE	NA	NA	NA	NA	NA	NA
NC_045512.2	9066	A	C	5300	396	40	7	0	28	0.00131876	5308	1	FALSE	NA	NA	NA	NA	NA	NA
NC_045512.2	9067	T	C	5340	404	40	4	0	40	0.000748503	5344	0.0624883	FALSE	NA	NA	NA	NA	NA	NA
NC_045512.2	9068	G	C	5330	403	40	1	0	24	0.000187582	5331	1	FALSE	NA	NA	NA	NA	NA	NA
NC_045512.2	9069	A	G	5449	431	41	1	0	40	0.000183486	5450	0.500046	FALSE	NA	NA	NA	NA	NA	NA
NC_045512.2	9071	A	G	5543	453	41	3	0	40	0.000540735	5548	0.124932	FALSE	NA	NA	NA	NA	NA	NA
NC_045512.2	9071	A	C	5543	453	41	2	0	24	0.00036049	5548	1	FALSE	NA	NA	NA	NA	NA	NA
NC_045512.2	9072	C	A	5755	487	41	1	0	24	0.000173732	5756	1	FALSE	NA	NA	NA	NA	NA	NA
NC_045512.2	9073	C	A	5813	495	41	1	0	40	0.000171999	5814	0.500043	FALSE	NA	NA	NA	NA	NA	NA
NC_045512.2	9074	A	G	5782	494	41	1	0	40	0.000172921	5783	0.500043	FALSE	NA	NA	NA	NA	NA	NA
NC_045512.2	9075	A	G	5901	500	41	1	0	40	0.000169405	5903	0.5	FALSE	NA	NA	NA	NA	NA	NA
NC_045512.2	9075	A	C	5901	500	41	1	0	40	0.000169405	5903	0.5	FALSE	NA	NA	NA	NA	NA	NA
NC_045512.2	9078	T	C	6503	536	42	2	0	40	0.000307456	6505	0.250019	FALSE	NA	NA	NA	NA	NA	NA
NC_045512.2	9079	A	C	6539	537	41	4	0	24	0.00061134	6543	1	FALSE	NA	NA	NA	NA	NA	NA
NC_045512.2	9081	T	-AG	6709	532	42	2	0	20	0.000298107	6709	1	FALSE	NA	NA	NA	NA	NA	NA
NC_045512.2	9082	A	C	6742	541	42	3	0	29	0.000444774	6745	1	FALSE	NA	NA	NA	NA	NA	NA
NC_045512.2	9084	A	G	6752	547	42	1	0	40	0.000148082	6753	0.500037	FALSE	NA	NA	NA	NA	NA	NA
NC_045512.2	9085	A	T	6804	549	42	1	0	24	0.000146908	6807	1	FALSE	NA	NA	NA	NA	NA	NA
NC_045512.2	9085	A	G	6804	549	42	2	0	32	0.000293815	6807	0.964884	FALSE	NA	NA	NA	NA	NA	NA
NC_045512.2	9088	T	C	7231	554	42	1	0	40	0.000138274	7232	0.500035	FALSE	NA	NA	NA	NA	NA	NA
NC_045512.2	9089	T	C	7241	551	42	1	0	40	0.000138083	7242	0.500035	FALSE	NA	NA	NA	NA	NA	NA
NC_045512.2	9090	C	G	7227	552	42	1	0	40	0.000138351	7228	0.500035	FALSE	NA	NA	NA	NA	NA	NA
NC_045512.2	9093	T	C	7250	551	42	1	0	40	0.000137912	7251	0.500034	FALSE	NA	NA	NA	NA	NA	NA
NC_045512.2	9094	T	A	7248	548	42	1	0	40	0.00013795	7249	0.500034	FALSE	NA	NA	NA	NA	NA	NA
NC_045512.2	9098	T	G	7346	566	42	1	0	40	0.000136091	7348	0.5	FALSE	NA	NA	NA	NA	NA	NA
NC_045512.2	9098	T	C	7346	566	42	1	0	40	0.000136091	7348	0.5	FALSE	NA	NA	NA	NA	NA	NA
NC_045512.2	9099	A	C	7262	569	41	1	0	40	0.000137684	7263	0.500034	FALSE	NA	NA	NA	NA	NA	NA
NC_045512.2	9100	T	C	7351	566	42	1	0	24	0.000136017	7352	1	FALSE	NA	NA	NA	NA	NA	NA
NC_045512.2	9101	G	C	7342	565	42	1	0	40	0.000136166	7344	0.5	FALSE	NA	NA	NA	NA	NA	NA
NC_045512.2	9101	G	A	7342	565	42	1	0	24	0.000136166	7344	1	FALSE	NA	NA	NA	NA	NA	NA
NC_045512.2	9103	A	C	7320	595	43	1	0	24	0.000136593	7321	1	FALSE	NA	NA	NA	NA	NA	NA
NC_045512.2	9104	A	C	7343	595	42	1	0	32	0.000136166	7344	0.996103	FALSE	NA	NA	NA	NA	NA	NA
NC_045512.2	9105	G	T	7525	557	43	1	0	32	0.000132873	7526	0.996103	FALSE	NA	NA	NA	NA	NA	NA
NC_045512.2	9106	T	C	7527	562	43	1	0	40	0.000132837	7528	0.500033	FALSE	NA	NA	NA	NA	NA	NA
NC_045512.2	9107	T	C	7533	610	43	1	0	24	0.000132732	7534	1	FALSE	NA	NA	NA	NA	NA	NA
NC_045512.2	9108	T	C	7528	612	43	2	0	24	0.000265604	7530	1	FALSE	NA	NA	NA	NA	NA	NA
NC_045512.2	9109	A	C	7416	620	40	3	0	32	0.000404367	7419	0.945395	FALSE	NA	NA	NA	NA	NA	NA
NC_045512.2	9110	C	T	7542	619	43	5	1	40	0.000662515	7547	0.0312396	FALSE	NA	NA	NA	NA	NA	NA
NC_045512.2	9113	C	A	7704	646	43	1	0	24	0.000129786	7705	1	FALSE	NA	NA	NA	NA	NA	NA
NC_045512.2	9115	T	C	7843	687	44	1	0	80	0.000127486	7844	0.500032	FALSE	NA	NA	NA	NA	NA	NA
NC_045512.2	9116	G	C	8115	691	43	1	0	24	0.000123213	8116	1	FALSE	NA	NA	NA	NA	NA	NA
NC_045512.2	9117	A	C	8076	751	44	1	0	24	0.000123808	8077	1	FALSE	NA	NA	NA	NA	NA	NA
NC_045512.2	9118	C	T	8112	752	44	1	0	40	0.000123244	8114	0.5	FALSE	NA	NA	NA	NA	NA	NA
NC_045512.2	9118	C	A	8112	752	44	1	0	24	0.000123244	8114	1	FALSE	NA	NA	NA	NA	NA	NA
NC_045512.2	9122	C	T	8760	840	42	2	0	32	0.000228258	8762	0.98928	FALSE	NA	NA	NA	NA	NA	NA
NC_045512.2	9124	T	C	8940	850	44	1	0	80	0.000111844	8941	0.500028	FALSE	NA	NA	NA	NA	NA	NA
NC_045512.2	9125	T	C	8952	904	45	1	0	40	0.000111694	8953	0.500028	FALSE	NA	NA	NA	NA	NA	NA
NC_045512.2	9126	A	C	8928	911	45	1	0	24	0.000111995	8929	1	FALSE	NA	NA	NA	NA	NA	NA
NC_045512.2	9129	T	G	9036	956	45	3	0	37	0.000331858	9040	0.980744	FALSE	NA	NA	NA	NA	NA	NA
NC_045512.2	9129	T	A	9036	956	45	1	0	40	0.000110619	9040	0.499945	FALSE	NA	NA	NA	NA	NA	NA
NC_045512.2	9130	G	C	9136	958	45	2	0	32	0.000218866	9138	0.994155	FALSE	NA	NA	NA	NA	NA	NA
NC_045512.2	9132	T	C	9312	1018	46	1	0	24	0.000107377	9313	1	FALSE	NA	NA	NA	NA	NA	NA
NC_045512.2	9133	C	G	9337	1032	46	1	0	40	0.000107078	9339	0.5	FALSE	NA	NA	NA	NA	NA	NA
NC_045512.2	9133	C	A	9337	1032	46	1	0	24	0.000107078	9339	1	FALSE	NA	NA	NA	NA	NA	NA
NC_045512.2	9134	A	G	9310	1034	46	1	0	24	0.000107388	9312	1	FALSE	NA	NA	NA	NA	NA	NA
NC_045512.2	9134	A	C	9310	1034	46	1	0	24	0.000107388	9312	1	FALSE	NA	NA	NA	NA	NA	NA
NC_045512.2	9135	T	G	9353	1034	46	1	0	40	0.000106895	9355	0.5	FALSE	NA	NA	NA	NA	NA	NA
NC_045512.2	9135	T	C	9353	1034	46	1	0	24	0.000106895	9355	1	FALSE	NA	NA	NA	NA	NA	NA
NC_045512.2	9137	G	-A	9423	1175	47	1	0	20	0.000106123	9423	1	FALSE	NA	NA	NA	NA	NA	NA
NC_045512.2	9140	G	T	9444	1181	46	1	1	32	0.000105876	9445	0.999026	FALSE	NA	NA	NA	NA	NA	NA
NC_045512.2	9142	C	T	9481	1215	45	2	0	40	0.000210904	9483	0.250013	FALSE	NA	NA	NA	NA	NA	NA
NC_045512.2	9143	T	C	9600	1218	47	3	1	34	0.000312402	9603	0.980751	FALSE	NA	NA	NA	NA	NA	NA
NC_045512.2	9145	T	C	9790	1243	47	1	0	40	0.000102135	9791	0.500026	FALSE	NA	NA	NA	NA	NA	NA
NC_045512.2	9149	A	G	9794	1387	48	1	1	80	0.000102093	9795	0.500026	FALSE	NA	NA	NA	NA	NA	NA
NC_045512.2	9150	T	C	9837	1396	48	1	0	40	0.000101647	9838	0.500025	FALSE	NA	NA	NA	NA	NA	NA
NC_045512.2	9151	T	C	9835	1398	48	1	0	40	0.000101667	9836	0.500025	FALSE	NA	NA	NA	NA	NA	NA
NC_045512.2	9153	A	C	9790	1524	49	1	0	24	0.000102135	9791	1	FALSE	NA	NA	NA	NA	NA	NA
NC_045512.2	9154	A	C	9781	1531	49	6	0	26	0.000613058	9787	1	FALSE	NA	NA	NA	NA	NA	NA
NC_045512.2	9155	T	G	9868	1529	49	2	0	32	0.000202634	9870	0.994154	FALSE	NA	NA	NA	NA	NA	NA
NC_045512.2	9156	T	C	9860	1527	49	1	1	80	0.00010141	9861	0.500025	FALSE	NA	NA	NA	NA	NA	NA
NC_045512.2	9157	T	G	10134	1548	49	1	0	24	9.86582e-05	10136	1	FALSE	NA	NA	NA	NA	NA	NA
NC_045512.2	9157	T	C	10134	1548	49	1	0	40	9.86582e-05	10136	0.750012	FALSE	NA	NA	NA	NA	NA	NA
NC_045512.2	9158	C	G	10153	1578	47	1	0	24	9.84834e-05	10154	1	FALSE	NA	NA	NA	NA	NA	NA
NC_045512.2	9161	A	C	10023	1606	47	3	0	24	0.000299222	10026	1	FALSE	NA	NA	NA	NA	NA	NA
NC_045512.2	9162	A	T	10092	1619	48	1	0	24	9.90295e-05	10098	1	FALSE	NA	NA	NA	NA	NA	NA
NC_045512.2	9162	A	G	10092	1619	48	3	0	34	0.000297089	10098	0.98878	FALSE	NA	NA	NA	NA	NA	NA
NC_045512.2	9162	A	C	10092	1619	48	2	0	24	0.000198059	10098	1	FALSE	NA	NA	NA	NA	NA	NA
NC_045512.2	9163	C	T	10349	1625	49	1	1	80	9.65717e-05	10355	0.499903	FALSE	NA	NA	NA	NA	NA	NA
NC_045512.2	9163	C	A	10349	1625	49	5	1	52	0.000482859	10355	0.0312349	FALSE	NA	NA	NA	NA	NA	NA
NC_045512.2	9164	A	C	10288	1639	49	2	0	24	0.000194363	10290	1	FALSE	NA	NA	NA	NA	NA	NA
NC_045512.2	9167	T	C	10257	1597	50	4	2	70	0.000389826	10261	0.0624939	FALSE	NA	NA	NA	NA	NA	NA
NC_045512.2	9168	A	G	10346	1609	48	1	0	40	9.6637e-05	10348	0.750012	FALSE	NA	NA	NA	NA	NA	NA
NC_045512.2	9168	A	C	10346	1609	48	1	0	24	9.6637e-05	10348	1	FALSE	NA	NA	NA	NA	NA	NA
NC_045512.2	9169	C	T	10149	1644	47	2	0	40	0.000196754	10165	0.49952	FALSE	NA	NA	NA	NA	NA	NA
NC_045512.2	9169	C	A	10149	1644	47	14	0	26	0.00137727	10165	1	FALSE	NA	NA	NA	NA	NA	NA
NC_045512.2	9170	C	G	10509	1629	49	1	0	24	9.51294e-05	10512	1	FALSE	NA	NA	NA	NA	NA	NA
NC_045512.2	9170	C	A	10509	1629	49	2	0	32	0.000190259	10512	0.996833	FALSE	NA	NA	NA	NA	NA	NA
NC_045512.2	9171	T	C	10542	1640	49	3	0	29	0.000284495	10545	1	FALSE	NA	NA	NA	NA	NA	NA
NC_045512.2	9172	T	G	10518	1656	50	1	0	40	9.50661e-05	10519	0.750036	FALSE	NA	NA	NA	NA	NA	NA
NC_045512.2	9174	A	C	10474	1714	50	1	0	24	9.54654e-05	10475	1	FALSE	NA	NA	NA	NA	NA	NA
NC_045512.2	9176	G	A	10583	1717	50	2	0	40	0.000188947	10585	0.500035	FALSE	NA	NA	NA	NA	NA	NA
NC_045512.2	9177	G	T	10569	1695	50	1	0	24	9.45984e-05	10571	1	FALSE	NA	NA	NA	NA	NA	NA
NC_045512.2	9177	G	A	10569	1695	50	1	0	24	9.45984e-05	10571	1	FALSE	NA	NA	NA	NA	NA	NA
NC_045512.2	9179	T	C	10544	1734	51	2	0	40	0.000189645	10546	0.500036	FALSE	NA	NA	NA	NA	NA	NA
NC_045512.2	9180	C	T	10908	1760	51	1	0	40	9.16674e-05	10909	0.750034	FALSE	NA	NA	NA	NA	NA	NA
NC_045512.2	9181	T	C	10912	1866	52	1	1	40	9.16338e-05	10913	0.750034	FALSE	NA	NA	NA	NA	NA	NA
NC_045512.2	9182	G	-T	10919	1873	51	1	0	20	9.15835e-05	10919	1	FALSE	NA	NA	NA	NA	NA	NA
NC_045512.2	9184	T	C	10951	2038	53	1	0	40	9.13075e-05	10952	0.750034	FALSE	NA	NA	NA	NA	NA	NA
NC_045512.2	9185	A	G	10835	2050	53	2	0	52	0.000184553	10837	0.250012	FALSE	NA	NA	NA	NA	NA	NA
NC_045512.2	9187	A	G	10847	2059	53	1	1	80	9.21744e-05	10849	0.5	FALSE	NA	NA	NA	NA	NA	NA
NC_045512.2	9187	A	C	10847	2059	53	1	0	24	9.21744e-05	10849	1	FALSE	NA	NA	NA	NA	NA	NA
NC_045512.2	9189	T	C	10641	2053	52	1	0	24	9.39673e-05	10642	1	FALSE	NA	NA	NA	NA	NA	NA
NC_045512.2	9190	G	A	10643	2084	52	1	1	80	9.39496e-05	10644	0.500023	FALSE	NA	NA	NA	NA	NA	NA
NC_045512.2	9193	A	C	10513	2148	52	1	0	24	9.51113e-05	10514	1	FALSE	NA	NA	NA	NA	NA	NA
NC_045512.2	9194	A	T	10299	2227	52	1	0	24	9.7078e-05	10301	1	FALSE	NA	NA	NA	NA	NA	NA
NC_045512.2	9194	A	G	10299	2227	52	1	0	40	9.7078e-05	10301	0.750012	FALSE	NA	NA	NA	NA	NA	NA
NC_045512.2	9197	A	C	10164	2294	52	2	0	32	0.000196734	10166	0.996835	FALSE	NA	NA	NA	NA	NA	NA
NC_045512.2	9200	T	G	9554	2519	51	1	0	24	0.000104657	9555	1	FALSE	NA	NA	NA	NA	NA	NA
NC_045512.2	9202	T	C	9537	2521	51	2	1	32	0.000209666	9539	0.994155	FALSE	NA	NA	NA	NA	NA	NA
NC_045512.2	9204	A	C	8984	2695	50	3	0	24	0.000333816	8987	1	FALSE	NA	NA	NA	NA	NA	NA
NC_045512.2	9205	T	G	9064	2768	50	1	1	24	0.00011029	9067	1	FALSE	NA	NA	NA	NA	NA	NA
NC_045512.2	9205	T	C	9064	2768	50	2	0	44	0.00022058	9067	0.249986	FALSE	NA	NA	NA	NA	NA	NA
NC_045512.2	9206	T	G	8832	2969	50	2	2	32	0.000226398	8834	0.98928	FALSE	NA	NA	NA	NA	NA	NA
NC_045512.2	9208	T	G	8570	3114	49	1	1	40	0.000116673	8571	0.500029	FALSE	NA	NA	NA	NA	NA	NA
NC_045512.2	9209	G	C	8635	3119	49	1	0	40	0.000115781	8637	0.5	FALSE	NA	NA	NA	NA	NA	NA
NC_045512.2	9209	G	A	8635	3119	49	1	0	52	0.000115781	8637	0.5	FALSE	NA	NA	NA	NA	NA	NA
NC_045512.2	9210	A	C	8607	3134	49	3	0	29	0.000348432	8610	1	FALSE	NA	NA	NA	NA	NA	NA
NC_045512.2	9211	G	T	8666	3135	49	1	1	24	0.00011538	8667	1	FALSE	NA	NA	NA	NA	NA	NA
NC_045512.2	9213	A	C	8981	3592	49	1	0	24	0.000111334	8982	1	FALSE	NA	NA	NA	NA	NA	NA
NC_045512.2	9216	G	T	8919	3545	48	2	2	24	0.00022419	8921	1	FALSE	NA	NA	NA	NA	NA	NA
NC_045512.2	9217	T	G	8996	3626	50	1	1	32	0.000111148	8997	0.998052	FALSE	NA	NA	NA	NA	NA	NA
NC_045512.2	9218	A	C	8925	3618	49	5	0	27	0.00055991	8930	1	FALSE	NA	NA	NA	NA	NA	NA
NC_045512.2	9219	G	T	8837	3459	48	15	15	26	0.00169415	8854	1	FALSE	NA	NA	NA	NA	NA	NA
NC_045512.2	9219	G	C	8837	3459	48	1	0	40	0.000112943	8854	0.499576	FALSE	NA	NA	NA	NA	NA	NA
NC_045512.2	9219	G	A	8837	3459	48	1	0	40	0.000112943	8854	0.499576	FALSE	NA	NA	NA	NA	NA	NA
NC_045512.2	9220	G	A	8868	3573	50	1	0	24	0.000112752	8869	1	FALSE	NA	NA	NA	NA	NA	NA
NC_045512.2	9222	A	C	8867	3803	50	2	0	24	0.000225505	8869	1	FALSE	NA	NA	NA	NA	NA	NA
NC_045512.2	9223	C	T	8716	3789	50	1	1	40	0.000114718	8717	0.500029	FALSE	NA	NA	NA	NA	NA	NA
NC_045512.2	9225	G	A	8734	3800	50	6	3	37	0.000686499	8740	0.788182	FALSE	NA	NA	NA	NA	NA	NA
NC_045512.2	9226	C	G	8758	3984	50	1	0	32	0.000114168	8759	0.998052	FALSE	NA	NA	NA	NA	NA	NA
NC_045512.2	9227	A	G	8725	3990	50	1	0	40	0.0001146	8726	0.500029	FALSE	NA	NA	NA	NA	NA	NA
NC_045512.2	9230	T	G	8407	4077	49	5	5	28	0.000594177	8415	1	FALSE	NA	NA	NA	NA	NA	NA
NC_045512.2	9230	T	C	8407	4077	49	3	1	29	0.000356506	8415	1	FALSE	NA	NA	NA	NA	NA	NA
NC_045512.2	9231	G	T	8267	4018	48	5	5	27	0.000604449	8272	1	FALSE	NA	NA	NA	NA	NA	NA
NC_045512.2	9232	T	G	8527	4340	49	2	2	24	0.000234494	8529	1	FALSE	NA	NA	NA	NA	NA	NA
NC_045512.2	9233	G	T	8337	4208	47	1	1	24	0.000119933	8338	1	FALSE	NA	NA	NA	NA	NA	NA
NC_045512.2	9234	A	G	8653	4590	50	1	0	40	0.000115554	8654	0.500029	FALSE	NA	NA	NA	NA	NA	NA
NC_045512.2	9235	A	G	8664	4611	50	2	2	52	0.000230787	8666	0.250014	FALSE	NA	NA	NA	NA	NA	NA
NC_045512.2	9236	A	G	8635	4617	50	4	1	60	0.000463017	8639	0.0624928	FALSE	NA	NA	NA	NA	NA	NA
NC_045512.2	9237	G	A	8686	4623	49	1	1	80	0.000115115	8687	0.500029	FALSE	NA	NA	NA	NA	NA	NA
NC_045512.2	9238	A	G	8523	4720	49	1	0	40	0.000117302	8525	0.5	FALSE	NA	NA	NA	NA	NA	NA
NC_045512.2	9238	A	C	8523	4720	49	1	0	40	0.000117302	8525	0.5	FALSE	NA	NA	NA	NA	NA	NA
NC_045512.2	9240	C	T	8534	4726	49	1	1	24	0.000117165	8535	1	FALSE	NA	NA	NA	NA	NA	NA
NC_045512.2	9241	A	G	8515	4729	49	1	1	24	0.000117426	8516	1	FALSE	NA	NA	NA	NA	NA	NA
NC_045512.2	9242	G	T	8479	4678	48	4	4	24	0.000471531	8483	1	FALSE	NA	NA	NA	NA	NA	NA
NC_045512.2	9243	A	G	8861	5223	50	2	1	24	0.000225606	8865	1	FALSE	NA	NA	NA	NA	NA	NA
NC_045512.2	9243	A	C	8861	5223	50	2	0	40	0.000225606	8865	0.249958	FALSE	NA	NA	NA	NA	NA	NA
NC_045512.2	9246	C	T	9038	5590	50	3	1	53	0.000331822	9041	0.125	FALSE	NA	NA	NA	NA	NA	NA
NC_045512.2	9247	T	G	9034	5577	50	1	1	24	0.000110681	9035	1	FALSE	NA	NA	NA	NA	NA	NA
NC_045512.2	9249	G	T	9030	5540	50	4	4	24	0.000442772	9034	1	FALSE	NA	NA	NA	NA	NA	NA
NC_045512.2	9250	T	G	9099	5620	51	2	1	24	0.000219732	9102	1	FALSE	NA	NA	NA	NA	NA	NA
NC_045512.2	9250	T	C	9099	5620	51	1	1	24	0.000109866	9102	1	FALSE	NA	NA	NA	NA	NA	NA
NC_045512.2	9251	G	T	9143	5660	51	1	0	80	0.000109361	9144	0.500027	FALSE	NA	NA	NA	NA	NA	NA
NC_045512.2	9253	T	G	9301	5921	51	1	1	32	0.000107504	9302	0.999026	FALSE	NA	NA	NA	NA	NA	NA
NC_045512.2	9254	T	G	9289	5898	51	4	4	28	0.000430385	9294	1	FALSE	NA	NA	NA	NA	NA	NA
NC_045512.2	9254	T	C	9289	5898	51	1	1	40	0.000107596	9294	0.499919	FALSE	NA	NA	NA	NA	NA	NA
NC_045512.2	9256	T	C	9265	6029	51	2	2	56	0.00021582	9267	0.250013	FALSE	NA	NA	NA	NA	NA	NA
NC_045512.2	9257	G	C	9324	6074	51	1	1	40	0.000107239	9325	0.500027	FALSE	NA	NA	NA	NA	NA	NA
NC_045512.2	9258	T	G	9650	6628	52	1	1	40	0.000103605	9652	0.5	FALSE	NA	NA	NA	NA	NA	NA
NC_045512.2	9258	T	C	9650	6628	52	1	1	40	0.000103605	9652	0.5	FALSE	NA	NA	NA	NA	NA	NA
NC_045512.2	9258	T	-ATCTACTAG	9650	6628	52	2	0	20	0.000207211	9652	1	FALSE	NA	NA	NA	NA	NA	NA
NC_045512.2	9259	A	G	9709	6679	52	1	0	40	0.000102987	9710	0.499974	FALSE	NA	NA	NA	NA	NA	NA
NC_045512.2	9260	T	G	10548	7956	55	1	1	40	9.47957e-05	10549	0.749988	FALSE	NA	NA	NA	NA	NA	NA
NC_045512.2	9262	T	G	10797	8460	55	1	1	24	9.26097e-05	10798	1	FALSE	NA	NA	NA	NA	NA	NA
NC_045512.2	9263	A	G	10898	8572	54	1	1	40	9.17515e-05	10899	0.749989	FALSE	NA	NA	NA	NA	NA	NA
NC_045512.2	9264	C	T	10853	8595	54	1	1	24	9.21319e-05	10854	1	FALSE	NA	NA	NA	NA	NA	NA
NC_045512.2	9265	T	G	10802	8554	54	4	4	24	0.000370165	10806	1	FALSE	NA	NA	NA	NA	NA	NA
NC_045512.2	9266	A	G	10846	8617	55	2	2	38	0.000184332	10850	0.996828	FALSE	NA	NA	NA	NA	NA	NA
NC_045512.2	9266	A	C	10846	8617	55	2	1	36	0.000184332	10850	0.996828	FALSE	NA	NA	NA	NA	NA	NA
NC_045512.2	9267	G	T	10729	8593	53	6	6	24	0.000558919	10735	1	FALSE	NA	NA	NA	NA	NA	NA
NC_045512.2	9268	T	G	10736	8635	54	1	1	24	9.31185e-05	10739	1	FALSE	NA	NA	NA	NA	NA	NA
NC_045512.2	9268	T	C	10736	8635	54	2	2	36	0.000186237	10739	0.996833	FALSE	NA	NA	NA	NA	NA	NA
NC_045512.2	9269	G	A	10793	8712	54	2	2	40	0.000185271	10795	0.500035	FALSE	NA	NA	NA	NA	NA	NA
NC_045512.2	9270	G	T	10543	8435	52	11	11	25	0.00104206	10556	1	FALSE	NA	NA	NA	NA	NA	NA
NC_045512.2	9270	G	A	10543	8435	52	2	2	32	0.000189466	10556	0.996818	FALSE	NA	NA	NA	NA	NA	NA
NC_045512.2	9271	T	G	10729	8770	53	7	7	25	0.000652012	10736	1	FALSE	NA	NA	NA	NA	NA	NA
NC_045512.2	9272	A	G	10702	8761	53	2	2	40	0.000186846	10704	0.500035	FALSE	NA	NA	NA	NA	NA	NA
NC_045512.2	9273	G	A	10743	8985	52	1	1	40	9.30752e-05	10744	0.750035	FALSE	NA	NA	NA	NA	NA	NA
NC_045512.2	9274	A	G	10732	9000	52	1	1	24	9.31706e-05	10733	1	FALSE	NA	NA	NA	NA	NA	NA
NC_045512.2	9275	T	G	10643	8927	52	1	1	24	9.39408e-05	10645	1	FALSE	NA	NA	NA	NA	NA	NA
NC_045512.2	9275	T	C	10643	8927	52	1	1	40	9.39408e-05	10645	0.750012	FALSE	NA	NA	NA	NA	NA	NA
NC_045512.2	9277	G	C	10570	8869	52	1	1	24	9.45984e-05	10571	1	FALSE	NA	NA	NA	NA	NA	NA
NC_045512.2	9279	T	G	10497	8795	52	1	1	24	9.52472e-05	10499	1	FALSE	NA	NA	NA	NA	NA	NA
NC_045512.2	9279	T	C	10497	8795	52	1	1	40	9.52472e-05	10499	0.750012	FALSE	NA	NA	NA	NA	NA	NA
NC_045512.2	9280	A	G	10548	8844	52	1	1	24	9.47957e-05	10549	1	FALSE	NA	NA	NA	NA	NA	NA
NC_045512.2	9282	T	G	10338	8765	50	3	3	24	0.000290107	10341	1	FALSE	NA	NA	NA	NA	NA	NA
NC_045512.2	9283	T	G	10360	8785	51	3	3	24	0.000289491	10363	1	FALSE	NA	NA	NA	NA	NA	NA
NC_045512.2	9284	A	C	10418	8864	51	1	0	32	9.59785e-05	10419	0.999513	FALSE	NA	NA	NA	NA	NA	NA
NC_045512.2	9285	A	G	10413	8848	51	2	2	32	0.000192012	10416	0.996833	FALSE	NA	NA	NA	NA	NA	NA
NC_045512.2	9285	A	C	10413	8848	51	1	1	40	9.60061e-05	10416	0.749988	FALSE	NA	NA	NA	NA	NA	NA
NC_045512.2	9286	C	A	10401	8873	50	1	0	32	9.61354e-05	10402	0.999513	FALSE	NA	NA	NA	NA	NA	NA
NC_045512.2	9287	A	C	10142	8626	51	3	2	37	0.000295712	10145	0.988795	FALSE	NA	NA	NA	NA	NA	NA
NC_045512.2	9289	T	G	10065	8552	51	4	4	28	0.000397259	10069	1	FALSE	NA	NA	NA	NA	NA	NA
NC_045512.2	9291	A	G	10137	8611	51	1	1	80	9.86193e-05	10140	0.499975	FALSE	NA	NA	NA	NA	NA	NA
NC_045512.2	9291	A	C	10137	8611	51	2	0	32	0.000197239	10140	0.996833	FALSE	NA	NA	NA	NA	NA	NA
NC_045512.2	9292	T	G	10084	8622	50	1	1	40	9.91473e-05	10086	0.750012	FALSE	NA	NA	NA	NA	NA	NA
NC_045512.2	9292	T	C	10084	8622	50	1	1	40	9.91473e-05	10086	0.750012	FALSE	NA	NA	NA	NA	NA	NA
NC_045512.2	9293	T	A	10101	8644	50	1	1	24	9.89903e-05	10102	1	FALSE	NA	NA	NA	NA	NA	NA
NC_045512.2	9294	A	T	10090	8644	50	1	1	24	9.90982e-05	10091	1	FALSE	NA	NA	NA	NA	NA	NA
NC_045512.2	9294	A	-T	10090	8644	50	1	0	20	9.90982e-05	10091	1	FALSE	NA	NA	NA	NA	NA	NA
NC_045512.2	9295	T	G	10026	8628	49	1	1	40	9.97208e-05	10028	0.749988	FALSE	NA	NA	NA	NA	NA	NA
NC_045512.2	9295	T	C	10026	8628	49	1	1	40	9.97208e-05	10028	0.749988	FALSE	NA	NA	NA	NA	NA	NA
NC_045512.2	9296	T	G	10076	8679	50	2	2	24	0.000198452	10078	1	FALSE	NA	NA	NA	NA	NA	NA
NC_045512.2	9297	A	G	10128	8744	50	1	1	24	9.87264e-05	10129	1	FALSE	NA	NA	NA	NA	NA	NA
NC_045512.2	9298	C	A	10105	8877	46	4	1	56	0.000395687	10109	0.0624938	FALSE	NA	NA	NA	NA	NA	NA
NC_045512.2	9300	G	A	9820	8459	49	1	1	40	0.000101823	9821	0.500025	FALSE	NA	NA	NA	NA	NA	NA
NC_045512.2	9301	A	C	9791	8438	50	1	1	40	0.000102124	9792	0.500026	FALSE	NA	NA	NA	NA	NA	NA
NC_045512.2	9302	T	G	9726	8370	49	1	1	24	0.000102785	9729	1	FALSE	NA	NA	NA	NA	NA	NA
NC_045512.2	9302	T	C	9726	8370	49	2	1	32	0.000205571	9729	0.994152	FALSE	NA	NA	NA	NA	NA	NA
NC_045512.2	9303	C	T	9791	8445	50	2	2	32	0.000204228	9793	0.994154	FALSE	NA	NA	NA	NA	NA	NA
NC_045512.2	9306	T	G	9511	8174	50	2	2	32	0.000210239	9513	0.994155	FALSE	NA	NA	NA	NA	NA	NA
NC_045512.2	9307	A	G	9563	8253	49	2	2	40	0.000209096	9565	0.250013	FALSE	NA	NA	NA	NA	NA	NA
NC_045512.2	9308	C	T	9542	8371	47	1	1	24	0.000104767	9545	1	FALSE	NA	NA	NA	NA	NA	NA
NC_045512.2	9308	C	G	9542	8371	47	2	1	36	0.000209534	9545	0.994152	FALSE	NA	NA	NA	NA	NA	NA
NC_045512.2	9310	A	G	9452	8261	49	1	1	40	0.000105787	9453	0.500026	FALSE	NA	NA	NA	NA	NA	NA
NC_045512.2	9311	G	T	9161	7960	46	8	8	24	0.000872505	9169	1	FALSE	NA	NA	NA	NA	NA	NA
NC_045512.2	9312	G	T	9394	8210	49	1	1	24	0.00010644	9395	1	FALSE	NA	NA	NA	NA	NA	NA
NC_045512.2	9313	A	G	9425	8245	49	1	1	40	0.00010609	9426	0.500027	FALSE	NA	NA	NA	NA	NA	NA
NC_045512.2	9315	T	C	9357	8247	48	1	1	24	0.00010686	9358	1	FALSE	NA	NA	NA	NA	NA	NA
NC_045512.2	9316	T	G	9365	8259	48	1	1	40	0.000106769	9366	0.500027	FALSE	NA	NA	NA	NA	NA	NA
NC_045512.2	9318	T	G	9350	8246	48	2	2	32	0.000213835	9353	0.994152	FALSE	NA	NA	NA	NA	NA	NA
NC_045512.2	9318	T	C	9350	8246	48	1	1	40	0.000106918	9353	0.499973	FALSE	NA	NA	NA	NA	NA	NA
NC_045512.2	9319	C	G	9375	8414	47	1	1	40	0.000106655	9376	0.500027	FALSE	NA	NA	NA	NA	NA	NA
NC_045512.2	9320	T	G	9319	8359	47	1	1	40	0.000107296	9320	0.500027	FALSE	NA	NA	NA	NA	NA	NA
NC_045512.2	9321	G	T	8807	7840	44	19	19	24	0.00215273	8826	1	FALSE	NA	NA	NA	NA	NA	NA
NC_045512.2	9322	T	G	9282	8327	47	1	1	24	0.000107712	9284	1	FALSE	NA	NA	NA	NA	NA	NA
NC_045512.2	9322	T	C	9282	8327	47	1	1	24	0.000107712	9284	1	FALSE	NA	NA	NA	NA	NA	NA
NC_045512.2	9323	G	T	9224	8269	47	1	1	24	0.000108389	9226	1	FALSE	NA	NA	NA	NA	NA	NA
NC_045512.2	9323	G	A	9224	8269	47	1	1	40	0.000108389	9226	0.5	FALSE	NA	NA	NA	NA	NA	NA
NC_045512.2	9325	T	G	9069	8117	47	4	4	28	0.000440869	9073	1	FALSE	NA	NA	NA	NA	NA	NA
NC_045512.2	9326	G	T	9033	8082	47	2	2	24	0.000221361	9035	1	FALSE	NA	NA	NA	NA	NA	NA
NC_045512.2	9327	T	G	9031	8114	47	4	4	32	0.000442723	9035	0.953935	FALSE	NA	NA	NA	NA	NA	NA
NC_045512.2	9330	A	G	11207	8191	45	1	0	40	8.9222e-05	11208	0.750033	FALSE	NA	NA	NA	NA	NA	NA
NC_045512.2	9331	T	G	11166	8311	44	2	2	32	0.000179051	11170	0.998294	FALSE	NA	NA	NA	NA	NA	NA
NC_045512.2	9331	T	C	11166	8311	44	2	2	32	0.000179051	11170	0.998294	FALSE	NA	NA	NA	NA	NA	NA
NC_045512.2	9332	G	C	10965	8098	44	2	0	40	0.000182349	10968	0.5	FALSE	NA	NA	NA	NA	NA	NA
NC_045512.2	9332	G	A	10965	8098	44	1	0	40	9.11743e-05	10968	0.749989	FALSE	NA	NA	NA	NA	NA	NA
NC_045512.2	9334	T	G	10612	7712	44	3	2	29	0.000282539	10618	1	FALSE	NA	NA	NA	NA	NA	NA
NC_045512.2	9334	T	C	10612	7712	44	3	1	34	0.000282539	10618	0.988779	FALSE	NA	NA	NA	NA	NA	NA
NC_045512.2	9335	G	A	10669	7750	44	3	2	53	0.000281109	10672	0.125	FALSE	NA	NA	NA	NA	NA	NA
NC_045512.2	9336	T	G	10581	7667	44	3	1	29	0.000283447	10584	1	FALSE	NA	NA	NA	NA	NA	NA
NC_045512.2	9337	A	G	10636	7753	44	1	0	40	9.39761e-05	10641	0.749941	FALSE	NA	NA	NA	NA	NA	NA
NC_045512.2	9337	A	C	10636	7753	44	4	1	32	0.000375905	10641	0.971354	FALSE	NA	NA	NA	NA	NA	NA
NC_045512.2	9339	A	G	10655	7753	44	2	1	40	0.00018767	10657	0.500035	FALSE	NA	NA	NA	NA	NA	NA
NC_045512.2	9340	T	C	10645	7737	44	2	1	32	0.000187846	10647	0.996834	FALSE	NA	NA	NA	NA	NA	NA
NC_045512.2	9341	T	G	10636	7740	44	1	1	24	9.40026e-05	10638	1	FALSE	NA	NA	NA	NA	NA	NA
NC_045512.2	9341	T	C	10636	7740	44	1	0	24	9.40026e-05	10638	1	FALSE	NA	NA	NA	NA	NA	NA
NC_045512.2	9342	T	G	10557	7664	44	3	3	29	0.000284064	10561	1	FALSE	NA	NA	NA	NA	NA	NA
NC_045512.2	9342	T	C	10557	7664	44	1	0	40	9.4688e-05	10561	0.749964	FALSE	NA	NA	NA	NA	NA	NA
NC_045512.2	9343	A	T	10574	7706	44	1	0	40	9.45626e-05	10575	0.750035	FALSE	NA	NA	NA	NA	NA	NA
NC_045512.2	9343	A	-C	10574	7706	44	1	0	20	9.45626e-05	10575	1	FALSE	NA	NA	NA	NA	NA	NA
NC_045512.2	9344	C	T	0	0	0	10536	7638	44	0.999905	10537	0	TRUE	NA	NA	NA	NA	NA	NA
NC_045512.2	9344	C	G	0	0	0	1	1	24	9.49037e-05	10537	0.0100588	FALSE	NA	NA	NA	NA	NA	NA
NC_045512.2	9345	T	G	10547	7648	44	1	1	40	9.47957e-05	10549	0.750012	FALSE	NA	NA	NA	NA	NA	NA
NC_045512.2	9345	T	C	10547	7648	44	1	0	40	9.47957e-05	10549	0.750012	FALSE	NA	NA	NA	NA	NA	NA
NC_045512.2	9346	T	G	10520	7627	44	1	1	24	9.50299e-05	10523	1	FALSE	NA	NA	NA	NA	NA	NA
NC_045512.2	9346	T	C	10520	7627	44	2	1	32	0.00019006	10523	0.996833	FALSE	NA	NA	NA	NA	NA	NA
NC_045512.2	9349	T	G	10704	7650	44	3	3	24	0.000280191	10707	1	FALSE	NA	NA	NA	NA	NA	NA
NC_045512.2	9350	A	G	10793	7717	44	1	1	24	9.26012e-05	10799	1	FALSE	NA	NA	NA	NA	NA	NA
NC_045512.2	9350	A	C	10793	7717	44	5	5	36	0.000463006	10799	0.940829	FALSE	NA	NA	NA	NA	NA	NA
NC_045512.2	9351	A	C	10832	7724	44	1	0	24	9.23105e-05	10833	1	FALSE	NA	NA	NA	NA	NA	NA
NC_045512.2	9352	T	G	10826	7678	44	2	2	36	0.000184706	10828	0.996834	FALSE	NA	NA	NA	NA	NA	NA
NC_045512.2	9354	T	G	11004	7689	44	1	1	24	9.08678e-05	11005	1	FALSE	NA	NA	NA	NA	NA	NA
NC_045512.2	9355	G	A	11291	7732	44	1	1	40	8.85583e-05	11292	0.750033	FALSE	NA	NA	NA	NA	NA	NA
NC_045512.2	9357	T	G	11006	7447	44	1	1	24	9.08348e-05	11009	1	FALSE	NA	NA	NA	NA	NA	NA
NC_045512.2	9357	T	C	11006	7447	44	2	2	60	0.00018167	11009	0.249989	FALSE	NA	NA	NA	NA	NA	NA
NC_045512.2	9358	T	C	11021	7461	44	1	0	40	9.07276e-05	11022	0.750034	FALSE	NA	NA	NA	NA	NA	NA
NC_045512.2	9359	A	G	10938	7464	43	1	1	40	9.1391e-05	10942	0.749966	FALSE	NA	NA	NA	NA	NA	NA
NC_045512.2	9359	A	C	10938	7464	43	3	1	34	0.000274173	10942	0.988789	FALSE	NA	NA	NA	NA	NA	NA
NC_045512.2	9360	C	G	11000	7513	44	1	1	40	9.09008e-05	11001	0.750034	FALSE	NA	NA	NA	NA	NA	NA
NC_045512.2	9361	A	G	10932	7474	44	2	2	40	0.000182899	10935	0.5	FALSE	NA	NA	NA	NA	NA	NA
NC_045512.2	9361	A	C	10932	7474	44	1	0	40	9.14495e-05	10935	0.749989	FALSE	NA	NA	NA	NA	NA	NA
NC_045512.2	9363	C	A	10965	7380	43	1	0	24	9.1191e-05	10966	1	FALSE	NA	NA	NA	NA	NA	NA
NC_045512.2	9365	C	T	10460	7033	42	1	1	24	9.5584e-05	10462	1	FALSE	NA	NA	NA	NA	NA	NA
NC_045512.2	9365	C	A	10460	7033	42	1	0	24	9.5584e-05	10462	1	FALSE	NA	NA	NA	NA	NA	NA
NC_045512.2	9366	T	G	10530	6968	43	1	1	24	9.49397e-05	10533	1	FALSE	NA	NA	NA	NA	NA	NA
NC_045512.2	9366	T	C	10530	6968	43	2	2	40	0.000189879	10533	0.5	FALSE	NA	NA	NA	NA	NA	NA
NC_045512.2	9367	A	G	10675	7018	43	1	1	40	9.36593e-05	10677	0.750012	FALSE	NA	NA	NA	NA	NA	NA
NC_045512.2	9367	A	C	10675	7018	43	1	0	24	9.36593e-05	10677	1	FALSE	NA	NA	NA	NA	NA	NA
NC_045512.2	9368	A	G	10672	7023	43	1	0	40	9.36417e-05	10679	0.749895	FALSE	NA	NA	NA	NA	NA	NA
NC_045512.2	9368	A	C	10672	7023	43	6	0	26	0.00056185	10679	1	FALSE	NA	NA	NA	NA	NA	NA
NC_045512.2	9369	T	G	10664	6971	43	2	2	24	0.000187494	10667	1	FALSE	NA	NA	NA	NA	NA	NA
NC_045512.2	9369	T	C	10664	6971	43	1	1	40	9.37471e-05	10667	0.749988	FALSE	NA	NA	NA	NA	NA	NA
NC_045512.2	9370	T	G	10670	6995	43	1	1	24	9.37119e-05	10671	1	FALSE	NA	NA	NA	NA	NA	NA
NC_045512.2	9371	C	-A	10427	6765	43	1	0	20	9.59049e-05	10427	1	FALSE	NA	NA	NA	NA	NA	NA
NC_045512.2	9372	A	G	10270	6655	43	2	2	40	0.000194704	10272	0.5	FALSE	NA	NA	NA	NA	NA	NA
NC_045512.2	9373	A	G	10391	6670	43	2	1	40	0.000192382	10396	0.499928	FALSE	NA	NA	NA	NA	NA	NA
NC_045512.2	9373	A	C	10391	6670	43	3	0	24	0.000288573	10396	1	FALSE	NA	NA	NA	NA	NA	NA
NC_045512.2	9374	C	A	10364	6683	42	1	0	24	9.64785e-05	10365	1	FALSE	NA	NA	NA	NA	NA	NA
NC_045512.2	9375	C	T	10451	6662	43	2	1	24	0.000191314	10454	1	FALSE	NA	NA	NA	NA	NA	NA
NC_045512.2	9375	C	A	10451	6662	43	1	1	40	9.56572e-05	10454	0.749988	FALSE	NA	NA	NA	NA	NA	NA
NC_045512.2	9376	T	G	10261	6451	43	2	2	32	0.000194856	10264	0.996833	FALSE	NA	NA	NA	NA	NA	NA
NC_045512.2	9376	T	C	10261	6451	43	1	0	24	9.74279e-05	10264	1	FALSE	NA	NA	NA	NA	NA	NA
NC_045512.2	9377	A	C	10262	6479	43	2	0	28	0.000194856	10264	1	FALSE	NA	NA	NA	NA	NA	NA
NC_045512.2	9378	T	G	10224	6427	43	1	1	24	9.77613e-05	10229	1	FALSE	NA	NA	NA	NA	NA	NA
NC_045512.2	9378	T	C	10224	6427	43	4	4	32	0.000391045	10229	0.971355	FALSE	NA	NA	NA	NA	NA	NA
NC_045512.2	9379	T	G	10243	6441	43	1	1	40	9.75991e-05	10246	0.749988	FALSE	NA	NA	NA	NA	NA	NA
NC_045512.2	9379	T	C	10243	6441	43	1	1	40	9.75991e-05	10246	0.749988	FALSE	NA	NA	NA	NA	NA	NA
NC_045512.2	9379	T	A	10243	6441	43	1	1	40	9.75991e-05	10246	0.749988	FALSE	NA	NA	NA	NA	NA	NA
NC_045512.2	9380	G	C	10187	6395	43	1	0	40	9.81547e-05	10188	0.750037	FALSE	NA	NA	NA	NA	NA	NA
NC_045512.2	9381	G	C	10240	6441	43	1	1	24	9.76467e-05	10241	1	FALSE	NA	NA	NA	NA	NA	NA
NC_045512.2	9382	T	G	9896	6109	43	1	1	24	0.000101041	9897	1	FALSE	NA	NA	NA	NA	NA	NA
NC_045512.2	9383	G	C	10155	6147	43	2	2	40	0.000196909	10157	0.500037	FALSE	NA	NA	NA	NA	NA	NA
NC_045512.2	9384	C	T	10062	6080	43	1	0	40	9.93641e-05	10064	0.750012	FALSE	NA	NA	NA	NA	NA	NA
NC_045512.2	9384	C	G	10062	6080	43	1	0	40	9.93641e-05	10064	0.750012	FALSE	NA	NA	NA	NA	NA	NA
NC_045512.2	9384	C	-T	10062	6080	43	2	0	20	0.000198728	10064	1	FALSE	NA	NA	NA	NA	NA	NA
NC_045512.2	9385	T	C	9830	5844	43	1	0	40	0.000101719	9831	0.499975	FALSE	NA	NA	NA	NA	NA	NA
NC_045512.2	9386	T	G	9833	5843	43	2	2	24	0.000203355	9835	1	FALSE	NA	NA	NA	NA	NA	NA
NC_045512.2	9387	T	G	9835	5841	43	1	1	24	0.000101667	9836	1	FALSE	NA	NA	NA	NA	NA	NA
NC_045512.2	9388	G	C	10037	5895	43	1	1	40	9.96115e-05	10039	0.750012	FALSE	NA	NA	NA	NA	NA	NA
NC_045512.2	9388	G	A	10037	5895	43	1	0	40	9.96115e-05	10039	0.750012	FALSE	NA	NA	NA	NA	NA	NA
NC_045512.2	9390	A	G	9995	5898	43	2	1	40	0.00020004	9998	0.249987	FALSE	NA	NA	NA	NA	NA	NA
NC_045512.2	9390	A	C	9995	5898	43	1	0	24	0.00010002	9998	1	FALSE	NA	NA	NA	NA	NA	NA
NC_045512.2	9392	A	G	9373	5292	44	2	2	32	0.000213288	9377	0.994149	FALSE	NA	NA	NA	NA	NA	NA
NC_045512.2	9392	A	C	9373	5292	44	2	0	32	0.000213288	9377	0.994149	FALSE	NA	NA	NA	NA	NA	NA
NC_045512.2	9393	T	C	9491	5268	44	2	1	40	0.000210682	9493	0.250013	FALSE	NA	NA	NA	NA	NA	NA
NC_045512.2	9394	A	G	9466	5303	44	2	2	24	0.000211126	9473	1	FALSE	NA	NA	NA	NA	NA	NA
NC_045512.2	9394	A	C	9466	5303	44	5	2	24	0.000527816	9473	1	FALSE	NA	NA	NA	NA	NA	NA
NC_045512.2	9397	A	C	4422	482	45	1	0	24	0.000226091	4423	1	FALSE	NA	NA	NA	NA	NA	NA
NC_045512.2	9400	A	G	4610	525	46	1	0	40	0.000216873	4611	0.500054	FALSE	NA	NA	NA	NA	NA	NA
NC_045512.2	9401	T	G	4666	589	47	1	0	40	0.000214225	4668	0.5	FALSE	NA	NA	NA	NA	NA	NA
NC_045512.2	9401	T	C	4666	589	47	1	0	24	0.000214225	4668	1	FALSE	NA	NA	NA	NA	NA	NA
NC_045512.2	9403	T	C	4968	625	47	2	1	40	0.000402414	4970	0.250025	FALSE	NA	NA	NA	NA	NA	NA
NC_045512.2	9406	A	G	5018	634	47	3	0	40	0.000597491	5021	0.125	FALSE	NA	NA	NA	NA	NA	NA
NC_045512.2	9408	T	C	5058	638	47	1	0	40	0.000197668	5059	0.500049	FALSE	NA	NA	NA	NA	NA	NA
NC_045512.2	9409	A	C	5054	646	47	1	0	24	0.000197824	5055	1	FALSE	NA	NA	NA	NA	NA	NA
NC_045512.2	9411	C	T	5080	681	47	2	0	40	0.000393546	5082	0.250025	FALSE	NA	NA	NA	NA	NA	NA
NC_045512.2	9412	T	C	5086	687	48	1	0	24	0.00019658	5087	1	FALSE	NA	NA	NA	NA	NA	NA
NC_045512.2	9414	G	T	5229	681	46	2	2	28	0.000382336	5231	1	FALSE	NA	NA	NA	NA	NA	NA
NC_045512.2	9415	T	C	5235	707	48	2	0	36	0.000381898	5237	0.937594	FALSE	NA	NA	NA	NA	NA	NA
NC_045512.2	9416	G	C	5242	710	48	1	0	80	0.00019073	5243	0.500048	FALSE	NA	NA	NA	NA	NA	NA
NC_045512.2	9417	G	C	5389	727	48	1	0	40	0.000185529	5390	0.500046	FALSE	NA	NA	NA	NA	NA	NA
NC_045512.2	9421	T	C	5469	812	49	2	0	40	0.000365564	5471	0.250023	FALSE	NA	NA	NA	NA	NA	NA
NC_045512.2	9424	A	G	0	0	0	5495	823	49	1	5495	0	TRUE	NA	NA	NA	NA	NA	NA
NC_045512.2	9425	G	T	5491	826	49	1	0	32	0.00018205	5493	0.984396	FALSE	NA	NA	NA	NA	NA	NA
NC_045512.2	9425	G	A	5491	826	49	1	0	24	0.00018205	5493	1	FALSE	NA	NA	NA	NA	NA	NA
NC_045512.2	9427	T	C	5507	838	49	2	0	40	0.000363042	5509	0.250023	FALSE	NA	NA	NA	NA	NA	NA
NC_045512.2	9428	A	C	5481	831	49	1	0	32	0.000182415	5482	0.984405	FALSE	NA	NA	NA	NA	NA	NA
NC_045512.2	9429	T	C	5552	826	49	1	0	40	0.000180083	5553	0.500045	FALSE	NA	NA	NA	NA	NA	NA
NC_045512.2	9432	T	G	5648	898	50	1	0	40	0.000177022	5649	0.500044	FALSE	NA	NA	NA	NA	NA	NA
NC_045512.2	9433	A	C	5576	896	49	2	0	24	0.000358551	5578	1	FALSE	NA	NA	NA	NA	NA	NA
NC_045512.2	9436	A	C	5720	903	50	2	0	32	0.000349528	5722	0.937586	FALSE	NA	NA	NA	NA	NA	NA
NC_045512.2	9437	A	G	5706	908	50	3	0	40	0.000525486	5709	0.125	FALSE	NA	NA	NA	NA	NA	NA
NC_045512.2	9439	A	G	5708	903	50	1	0	40	0.000175162	5709	0.500044	FALSE	NA	NA	NA	NA	NA	NA
NC_045512.2	9442	C	G	5753	994	51	1	1	40	0.000173792	5754	0.500043	FALSE	NA	NA	NA	NA	NA	NA
NC_045512.2	9443	C	A	5495	995	49	5	0	27	0.000909091	5500	1	FALSE	NA	NA	NA	NA	NA	NA
NC_045512.2	9445	T	C	5707	983	52	2	0	32	0.000350324	5709	0.937586	FALSE	NA	NA	NA	NA	NA	NA
NC_045512.2	9447	C	A	5737	991	51	1	0	24	0.000174277	5738	1	FALSE	NA	NA	NA	NA	NA	NA
NC_045512.2	9448	C	T	5639	1027	50	1	0	40	0.000177211	5643	0.499911	FALSE	NA	NA	NA	NA	NA	NA
NC_045512.2	9448	C	A	5639	1027	50	3	1	24	0.000531632	5643	1	FALSE	NA	NA	NA	NA	NA	NA
NC_045512.2	9449	T	G	5759	1018	52	2	2	32	0.000346981	5764	0.9375	FALSE	NA	NA	NA	NA	NA	NA
NC_045512.2	9449	T	C	5759	1018	52	3	1	40	0.000520472	5764	0.124935	FALSE	NA	NA	NA	NA	NA	NA
NC_045512.2	9450	A	C	5711	1028	52	4	0	28	0.000699913	5715	1	FALSE	NA	NA	NA	NA	NA	NA
NC_045512.2	9453	A	C	5805	1053	52	2	0	32	0.000344412	5807	0.937585	FALSE	NA	NA	NA	NA	NA	NA
NC_045512.2	9454	T	C	5813	1054	52	1	0	24	0.000171999	5814	1	FALSE	NA	NA	NA	NA	NA	NA
NC_045512.2	9455	T	C	5803	1040	52	1	0	24	0.000172295	5804	1	FALSE	NA	NA	NA	NA	NA	NA
NC_045512.2	9456	T	C	5810	1049	52	1	0	40	0.000172087	5811	0.500043	FALSE	NA	NA	NA	NA	NA	NA
NC_045512.2	9457	T	G	5799	1051	52	1	1	32	0.000172414	5800	0.984403	FALSE	NA	NA	NA	NA	NA	NA
NC_045512.2	9458	A	C	5751	1056	52	1	0	24	0.000173853	5752	1	FALSE	NA	NA	NA	NA	NA	NA
NC_045512.2	9459	T	C	5794	1049	52	1	0	80	0.000172563	5795	0.500043	FALSE	NA	NA	NA	NA	NA	NA
NC_045512.2	9462	G	A	5721	1081	52	1	0	32	0.000174764	5722	0.984404	FALSE	NA	NA	NA	NA	NA	NA
NC_045512.2	9465	T	C	5708	1198	52	2	0	32	0.000350263	5710	0.937586	FALSE	NA	NA	NA	NA	NA	NA
NC_045512.2	9466	T	G	5717	1196	52	1	1	40	0.000174886	5718	0.500044	FALSE	NA	NA	NA	NA	NA	NA
NC_045512.2	9467	A	C	5509	1280	50	2	0	24	0.000362911	5511	1	FALSE	NA	NA	NA	NA	NA	NA
NC_045512.2	9470	A	G	5516	1298	52	1	1	80	0.000181258	5517	0.500045	FALSE	NA	NA	NA	NA	NA	NA
NC_045512.2	9473	G	A	5410	1315	51	1	0	24	0.000184809	5411	1	FALSE	NA	NA	NA	NA	NA	NA
NC_045512.2	9474	C	T	4864	1614	49	1	0	40	0.00020555	4865	0.500051	FALSE	NA	NA	NA	NA	NA	NA
NC_045512.2	9476	T	C	4878	1612	49	1	0	40	0.00020496	4879	0.500051	FALSE	NA	NA	NA	NA	NA	NA
NC_045512.2	9478	T	C	4871	1619	49	1	0	24	0.000205255	4872	1	FALSE	NA	NA	NA	NA	NA	NA
NC_045512.2	9480	G	T	4903	1599	48	1	1	24	0.000203915	4904	1	FALSE	NA	NA	NA	NA	NA	NA
NC_045512.2	9482	G	T	4973	1634	49	1	0	40	0.000201045	4974	0.50005	FALSE	NA	NA	NA	NA	NA	NA
NC_045512.2	9483	A	C	4951	1641	49	2	0	32	0.000403796	4953	0.890743	FALSE	NA	NA	NA	NA	NA	NA
NC_045512.2	9484	A	G	4926	1648	48	1	0	24	0.000202922	4928	1	FALSE	NA	NA	NA	NA	NA	NA
NC_045512.2	9484	A	C	4926	1648	48	1	0	24	0.000202922	4928	1	FALSE	NA	NA	NA	NA	NA	NA
NC_045512.2	9485	T	G	4968	1644	49	1	1	40	0.000201207	4970	0.5	FALSE	NA	NA	NA	NA	NA	NA
NC_045512.2	9485	T	C	4968	1644	49	1	0	40	0.000201207	4970	0.5	FALSE	NA	NA	NA	NA	NA	NA
NC_045512.2	9486	A	G	4932	1656	49	1	1	40	0.000202634	4935	0.499949	FALSE	NA	NA	NA	NA	NA	NA
NC_045512.2	9486	A	C	4932	1656	49	2	0	24	0.000405268	4935	1	FALSE	NA	NA	NA	NA	NA	NA
NC_045512.2	9488	A	G	4923	1627	49	2	0	40	0.000406091	4925	0.250025	FALSE	NA	NA	NA	NA	NA	NA
NC_045512.2	9490	T	C	5132	1653	49	3	1	40	0.000584226	5135	0.125	FALSE	NA	NA	NA	NA	NA	NA
NC_045512.2	9491	C	T	5094	1640	48	1	1	80	0.000196271	5095	0.500049	FALSE	NA	NA	NA	NA	NA	NA
NC_045512.2	9492	A	C	5091	1648	48	1	0	40	0.000196386	5092	0.500049	FALSE	NA	NA	NA	NA	NA	NA
NC_045512.2	9493	T	G	5098	1641	49	1	1	24	0.000196117	5099	1	FALSE	NA	NA	NA	NA	NA	NA
NC_045512.2	9495	T	G	5165	1737	49	1	1	24	0.000193573	5166	1	FALSE	NA	NA	NA	NA	NA	NA
NC_045512.2	9496	A	C	5117	1740	49	1	0	24	0.000195389	5118	1	FALSE	NA	NA	NA	NA	NA	NA
NC_045512.2	9499	T	G	5053	1941	50	1	1	40	0.000197824	5055	0.5	FALSE	NA	NA	NA	NA	NA	NA
NC_045512.2	9499	T	C	5053	1941	50	1	0	80	0.000197824	5055	0.5	FALSE	NA	NA	NA	NA	NA	NA
NC_045512.2	9502	C	A	5006	1998	49	2	0	24	0.000399361	5008	1	FALSE	NA	NA	NA	NA	NA	NA
NC_045512.2	9504	T	C	5099	2094	51	2	0	32	0.00039208	5101	0.937596	FALSE	NA	NA	NA	NA	NA	NA
NC_045512.2	9505	T	G	5051	2110	50	2	2	24	0.000395804	5053	1	FALSE	NA	NA	NA	NA	NA	NA
NC_045512.2	9507	A	G	4971	2259	50	2	1	32	0.000402172	4973	0.890743	FALSE	NA	NA	NA	NA	NA	NA
NC_045512.2	9509	A	G	4997	2314	50	3	2	34	0.0006	5000	0.855567	FALSE	NA	NA	NA	NA	NA	NA
NC_045512.2	9512	T	A	5209	2641	52	1	1	40	0.000191939	5210	0.500048	FALSE	NA	NA	NA	NA	NA	NA
NC_045512.2	9514	A	G	5094	2729	50	1	1	32	0.000196194	5097	0.984389	FALSE	NA	NA	NA	NA	NA	NA
NC_045512.2	9514	A	C	5094	2729	50	2	1	32	0.000392388	5097	0.937564	FALSE	NA	NA	NA	NA	NA	NA
NC_045512.2	9515	C	T	5156	2771	52	1	0	24	0.000193798	5160	1	FALSE	NA	NA	NA	NA	NA	NA
NC_045512.2	9515	C	A	5156	2771	52	3	2	40	0.000581395	5160	0.124964	FALSE	NA	NA	NA	NA	NA	NA
NC_045512.2	9517	A	C	5249	2965	52	1	0	24	0.000190476	5250	1	FALSE	NA	NA	NA	NA	NA	NA
NC_045512.2	9518	T	G	5209	2991	52	1	1	24	0.000191902	5211	1	FALSE	NA	NA	NA	NA	NA	NA
NC_045512.2	9518	T	C	5209	2991	52	1	0	24	0.000191902	5211	1	FALSE	NA	NA	NA	NA	NA	NA
NC_045512.2	9519	T	C	5223	2990	52	1	1	40	0.000191388	5225	0.5	FALSE	NA	NA	NA	NA	NA	NA
NC_045512.2	9519	T	A	5223	2990	52	1	1	40	0.000191388	5225	0.5	FALSE	NA	NA	NA	NA	NA	NA
NC_045512.2	9521	C	T	5192	2992	52	1	1	40	0.00019253	5194	0.5	FALSE	NA	NA	NA	NA	NA	NA
NC_045512.2	9521	C	A	5192	2992	52	1	0	24	0.00019253	5194	1	FALSE	NA	NA	NA	NA	NA	NA
NC_045512.2	9523	T	G	5211	3005	53	2	1	32	0.000383656	5213	0.937594	FALSE	NA	NA	NA	NA	NA	NA
NC_045512.2	9526	G	T	5596	3711	54	2	2	24	0.00035727	5598	1	FALSE	NA	NA	NA	NA	NA	NA
NC_045512.2	9527	T	G	5581	3718	54	2	2	24	0.00035823	5583	1	FALSE	NA	NA	NA	NA	NA	NA
NC_045512.2	9528	C	G	5539	3700	54	1	1	40	0.000180505	5540	0.500045	FALSE	NA	NA	NA	NA	NA	NA
NC_045512.2	9532	C	A	5620	3812	55	1	0	80	0.000177904	5621	0.500044	FALSE	NA	NA	NA	NA	NA	NA
NC_045512.2	9534	C	T	0	0	0	5632	3966	54	1	5632	0	TRUE	NA	NA	NA	NA	NA	NA
NC_045512.2	9536	G	T	5650	3975	54	1	1	24	0.000176929	5652	1	FALSE	NA	NA	NA	NA	NA	NA
NC_045512.2	9536	G	C	5650	3975	54	1	1	24	0.000176929	5652	1	FALSE	NA	NA	NA	NA	NA	NA
NC_045512.2	9537	T	G	5649	3973	54	1	1	24	0.00017696	5651	1	FALSE	NA	NA	NA	NA	NA	NA
NC_045512.2	9537	T	C	5649	3973	54	1	1	64	0.00017696	5651	0.5	FALSE	NA	NA	NA	NA	NA	NA
NC_045512.2	9538	A	C	5668	4010	54	1	1	40	0.000176398	5669	0.500044	FALSE	NA	NA	NA	NA	NA	NA
NC_045512.2	9539	C	A	5760	4243	54	1	0	40	0.000173581	5761	0.500043	FALSE	NA	NA	NA	NA	NA	NA
NC_045512.2	9540	T	G	5716	4207	54	2	2	40	0.000349711	5719	0.249978	FALSE	NA	NA	NA	NA	NA	NA
NC_045512.2	9540	T	C	5716	4207	54	1	1	40	0.000174856	5719	0.499956	FALSE	NA	NA	NA	NA	NA	NA
NC_045512.2	9542	T	G	5634	4219	53	2	2	24	0.000354862	5636	1	FALSE	NA	NA	NA	NA	NA	NA
NC_045512.2	9543	G	T	5717	4248	54	2	2	24	0.000349711	5719	1	FALSE	NA	NA	NA	NA	NA	NA
NC_045512.2	9544	T	G	5738	4295	54	2	2	32	0.00034825	5743	0.9375	FALSE	NA	NA	NA	NA	NA	NA
NC_045512.2	9544	T	C	5738	4295	54	3	2	37	0.000522375	5743	0.855497	FALSE	NA	NA	NA	NA	NA	NA
NC_045512.2	9546	T	G	5826	4450	54	1	1	24	0.000171585	5828	1	FALSE	NA	NA	NA	NA	NA	NA
NC_045512.2	9546	T	C	5826	4450	54	1	1	24	0.000171585	5828	1	FALSE	NA	NA	NA	NA	NA	NA
NC_045512.2	9551	C	A	5853	4658	54	1	0	24	0.000170823	5854	1	FALSE	NA	NA	NA	NA	NA	NA
NC_045512.2	9553	A	G	5686	4626	53	2	2	32	0.000351617	5688	0.937587	FALSE	NA	NA	NA	NA	NA	NA
NC_045512.2	9556	T	C	5651	4616	52	1	1	24	0.000176929	5652	1	FALSE	NA	NA	NA	NA	NA	NA
NC_045512.2	9558	A	G	5680	4647	52	1	0	80	0.000176025	5681	0.500044	FALSE	NA	NA	NA	NA	NA	NA
NC_045512.2	9560	T	G	5652	4637	52	2	2	24	0.000353732	5654	1	FALSE	NA	NA	NA	NA	NA	NA
NC_045512.2	9562	A	C	5623	4601	52	1	0	32	0.000177809	5624	0.984404	FALSE	NA	NA	NA	NA	NA	NA
NC_045512.2	9568	A	C	5597	4703	50	1	0	24	0.000178635	5598	1	FALSE	NA	NA	NA	NA	NA	NA
NC_045512.2	9569	C	A	5589	4736	49	1	0	32	0.000178891	5590	0.984404	FALSE	NA	NA	NA	NA	NA	NA
NC_045512.2	9571	T	G	5504	4642	50	1	1	24	0.000181653	5505	1	FALSE	NA	NA	NA	NA	NA	NA
NC_045512.2	9571	T	-G	5504	4642	50	1	0	20	0.000181653	5505	1	FALSE	NA	NA	NA	NA	NA	NA
NC_045512.2	9572	G	A	5413	4553	50	1	0	24	0.000184706	5414	1	FALSE	NA	NA	NA	NA	NA	NA
NC_045512.2	9573	G	T	5373	4512	50	1	1	24	0.000186047	5375	1	FALSE	NA	NA	NA	NA	NA	NA
NC_045512.2	9573	G	C	5373	4512	50	1	1	24	0.000186047	5375	1	FALSE	NA	NA	NA	NA	NA	NA
NC_045512.2	9574	T	G	5389	4528	51	1	1	40	0.000185529	5390	0.500046	FALSE	NA	NA	NA	NA	NA	NA
NC_045512.2	9575	G	-T	5410	4564	51	1	0	20	0.000184843	5410	1	FALSE	NA	NA	NA	NA	NA	NA
NC_045512.2	9576	T	G	5360	4514	50	2	2	24	0.000372926	5363	1	FALSE	NA	NA	NA	NA	NA	NA
NC_045512.2	9576	T	C	5360	4514	50	1	1	40	0.000186463	5363	0.499907	FALSE	NA	NA	NA	NA	NA	NA
NC_045512.2	9577	T	C	5355	4509	51	1	0	80	0.000186706	5356	0.500047	FALSE	NA	NA	NA	NA	NA	NA
NC_045512.2	9578	T	G	5340	4494	50	2	2	24	0.000374322	5343	1	FALSE	NA	NA	NA	NA	NA	NA
NC_045512.2	9578	T	C	5340	4494	50	1	1	40	0.000187161	5343	0.499953	FALSE	NA	NA	NA	NA	NA	NA
NC_045512.2	9579	A	G	5367	4544	50	1	1	40	0.000186254	5369	0.5	FALSE	NA	NA	NA	NA	NA	NA
NC_045512.2	9579	A	C	5367	4544	50	1	0	32	0.000186254	5369	0.984397	FALSE	NA	NA	NA	NA	NA	NA
NC_045512.2	9580	T	G	5343	4526	50	1	1	24	0.000187056	5346	1	FALSE	NA	NA	NA	NA	NA	NA
NC_045512.2	9580	T	C	5343	4526	50	2	2	60	0.000374111	5346	0.249977	FALSE	NA	NA	NA	NA	NA	NA
NC_045512.2	9581	T	G	5330	4520	50	2	2	36	0.000375023	5333	0.937562	FALSE	NA	NA	NA	NA	NA	NA
NC_045512.2	9581	T	C	5330	4520	50	1	1	40	0.000187512	5333	0.499953	FALSE	NA	NA	NA	NA	NA	NA
NC_045512.2	9582	C	G	5341	4622	49	1	1	24	0.000187196	5342	1	FALSE	NA	NA	NA	NA	NA	NA
NC_045512.2	9583	T	G	5220	4504	49	1	1	40	0.000191498	5222	0.5	FALSE	NA	NA	NA	NA	NA	NA
NC_045512.2	9583	T	C	5220	4504	49	1	0	80	0.000191498	5222	0.5	FALSE	NA	NA	NA	NA	NA	NA
NC_045512.2	9584	G	T	5200	4484	49	1	1	24	0.000192234	5202	1	FALSE	NA	NA	NA	NA	NA	NA
NC_045512.2	9584	G	C	5200	4484	49	1	1	40	0.000192234	5202	0.5	FALSE	NA	NA	NA	NA	NA	NA
NC_045512.2	9585	T	G	5213	4497	49	1	1	24	0.000191755	5215	1	FALSE	NA	NA	NA	NA	NA	NA
NC_045512.2	9585	T	C	5213	4497	49	1	0	24	0.000191755	5215	1	FALSE	NA	NA	NA	NA	NA	NA
NC_045512.2	9587	A	G	5219	4518	49	1	1	24	0.000191571	5220	1	FALSE	NA	NA	NA	NA	NA	NA
NC_045512.2	9590	T	C	5182	4482	49	1	1	40	0.000192938	5183	0.500048	FALSE	NA	NA	NA	NA	NA	NA
NC_045512.2	9592	C	+T	5169	4493	49	1	0	20	0.000193461	5169	1	FALSE	NA	NA	NA	NA	NA	NA
NC_045512.2	9593	T	C	4979	4308	49	2	1	60	0.000401526	4981	0.250025	FALSE	NA	NA	NA	NA	NA	NA
NC_045512.2	9596	T	G	4919	4249	48	2	2	24	0.000406421	4921	1	FALSE	NA	NA	NA	NA	NA	NA
NC_045512.2	9598	C	A	4959	4324	49	1	1	40	0.000201613	4960	0.50005	FALSE	NA	NA	NA	NA	NA	NA
NC_045512.2	9599	T	G	4835	4199	46	1	1	24	0.000206782	4836	1	FALSE	NA	NA	NA	NA	NA	NA
NC_045512.2	9600	T	G	4865	4234	49	1	1	24	0.000205423	4868	1	FALSE	NA	NA	NA	NA	NA	NA
NC_045512.2	9600	T	C	4865	4234	49	2	2	40	0.000410846	4868	0.249974	FALSE	NA	NA	NA	NA	NA	NA
NC_045512.2	9601	G	A	4845	4212	48	2	2	52	0.000412626	4847	0.250026	FALSE	NA	NA	NA	NA	NA	NA
NC_045512.2	9604	A	G	4828	4234	48	1	1	24	0.000207039	4830	1	FALSE	NA	NA	NA	NA	NA	NA
NC_045512.2	9604	A	C	4828	4234	48	1	1	40	0.000207039	4830	0.5	FALSE	NA	NA	NA	NA	NA	NA
NC_045512.2	9605	T	C	4808	4210	48	1	1	24	0.000207943	4809	1	FALSE	NA	NA	NA	NA	NA	NA
NC_045512.2	9607	T	G	4789	4203	48	1	1	40	0.000208768	4790	0.500052	FALSE	NA	NA	NA	NA	NA	NA
NC_045512.2	9609	A	C	5335	4253	46	1	0	32	0.000187406	5336	0.984406	FALSE	NA	NA	NA	NA	NA	NA
NC_045512.2	9610	T	C	5329	4234	47	1	1	40	0.000187617	5330	0.500047	FALSE	NA	NA	NA	NA	NA	NA
NC_045512.2	9611	C	-T	5325	4236	47	1	0	20	0.000187793	5325	1	FALSE	NA	NA	NA	NA	NA	NA
NC_045512.2	9613	T	G	5200	4102	47	2	1	24	0.000384394	5203	1	FALSE	NA	NA	NA	NA	NA	NA
NC_045512.2	9613	T	C	5200	4102	47	1	1	40	0.000192197	5203	0.499952	FALSE	NA	NA	NA	NA	NA	NA
NC_045512.2	9614	A	C	5205	4202	45	2	0	32	0.000384098	5207	0.937595	FALSE	NA	NA	NA	NA	NA	NA
NC_045512.2	9618	A	G	5229	4182	46	3	3	29	0.000573394	5232	1	FALSE	NA	NA	NA	NA	NA	NA
NC_045512.2	9619	T	G	5233	4178	46	1	1	24	0.000190985	5236	1	FALSE	NA	NA	NA	NA	NA	NA
NC_045512.2	9619	T	C	5233	4178	46	2	0	24	0.000381971	5236	1	FALSE	NA	NA	NA	NA	NA	NA
NC_045512.2	9621	A	G	5234	4191	46	1	1	80	0.000191022	5235	0.500048	FALSE	NA	NA	NA	NA	NA	NA
NC_045512.2	9624	T	C	5107	4067	46	1	0	24	0.000195771	5108	1	FALSE	NA	NA	NA	NA	NA	NA
NC_045512.2	9627	C	+TT	5134	4095	46	1	0	20	0.00019478	5134	1	FALSE	NA	NA	NA	NA	NA	NA
NC_045512.2	9627	C	+T	5134	4095	46	90	0	20	0.0175302	5134	0.000857908	TRUE	NA	NA	NA	NA	NA	NA
NC_045512.2	9627	C	+N	5134	4095	46	1	0	20	0.00019478	5134	1	FALSE	NA	NA	NA	NA	NA	NA
NC_045512.2	9628	T	C	5119	4074	46	1	1	24	0.000195313	5120	1	FALSE	NA	NA	NA	NA	NA	NA
NC_045512.2	9629	T	G	5126	4082	46	1	1	24	0.000195046	5127	1	FALSE	NA	NA	NA	NA	NA	NA
NC_045512.2	9630	T	G	5121	4115	46	1	1	24	0.000195236	5122	1	FALSE	NA	NA	NA	NA	NA	NA
NC_045512.2	9631	T	+N	5114	4109	46	1	0	20	0.000195542	5114	1	FALSE	NA	NA	NA	NA	NA	NA
NC_045512.2	9632	T	G	5086	4084	46	1	1	24	0.000196541	5088	1	FALSE	NA	NA	NA	NA	NA	NA
NC_045512.2	9632	T	C	5086	4084	46	1	1	24	0.000196541	5088	1	FALSE	NA	NA	NA	NA	NA	NA
NC_045512.2	9633	T	G	5087	4103	45	3	3	24	0.000589159	5092	1	FALSE	NA	NA	NA	NA	NA	NA
NC_045512.2	9633	T	C	5087	4103	45	2	1	52	0.000392773	5092	0.249877	FALSE	NA	NA	NA	NA	NA	NA
NC_045512.2	9634	A	C	5094	4139	44	1	0	24	0.000196271	5095	1	FALSE	NA	NA	NA	NA	NA	NA
NC_045512.2	9635	G	C	5132	4157	45	1	1	32	0.000194818	5133	0.984407	FALSE	NA	NA	NA	NA	NA	NA
NC_045512.2	9637	A	C	5125	4145	45	1	1	24	0.000195084	5126	1	FALSE	NA	NA	NA	NA	NA	NA
NC_045512.2	9638	C	T	5181	4144	45	1	0	80	0.000192976	5182	0.500048	FALSE	NA	NA	NA	NA	NA	NA
NC_045512.2	9639	A	G	5180	4147	45	1	1	24	0.000193013	5181	1	FALSE	NA	NA	NA	NA	NA	NA
NC_045512.2	9640	T	G	5174	4210	44	2	2	24	0.000386399	5176	1	FALSE	NA	NA	NA	NA	NA	NA
NC_045512.2	9641	A	G	5191	4225	44	1	1	24	0.000192604	5192	1	FALSE	NA	NA	NA	NA	NA	NA
NC_045512.2	9642	T	C	5190	4214	44	1	0	40	0.000192641	5191	0.500048	FALSE	NA	NA	NA	NA	NA	NA
NC_045512.2	9643	T	G	5162	4184	44	1	1	24	0.000193648	5164	1	FALSE	NA	NA	NA	NA	NA	NA
NC_045512.2	9643	T	C	5162	4184	44	1	0	80	0.000193648	5164	0.5	FALSE	NA	NA	NA	NA	NA	NA
NC_045512.2	9647	T	G	4821	3826	44	1	1	40	0.000207383	4822	0.500052	FALSE	NA	NA	NA	NA	NA	NA
NC_045512.2	9648	G	C	4828	3816	44	1	0	40	0.000207082	4829	0.500052	FALSE	NA	NA	NA	NA	NA	NA
NC_045512.2	9650	A	G	4686	3685	44	1	0	80	0.000213356	4687	0.500053	FALSE	NA	NA	NA	NA	NA	NA
NC_045512.2	9651	T	C	4672	3666	44	1	1	24	0.000213995	4673	1	FALSE	NA	NA	NA	NA	NA	NA
NC_045512.2	9652	G	A	4705	3702	44	1	1	40	0.000212495	4706	0.500053	FALSE	NA	NA	NA	NA	NA	NA
NC_045512.2	9653	G	T	4779	3687	43	1	1	24	0.000209074	4783	1	FALSE	NA	NA	NA	NA	NA	NA
NC_045512.2	9653	G	C	4779	3687	43	2	2	40	0.000418148	4783	0.249922	FALSE	NA	NA	NA	NA	NA	NA
NC_045512.2	9653	G	A	4779	3687	43	1	0	40	0.000209074	4783	0.499895	FALSE	NA	NA	NA	NA	NA	NA
NC_045512.2	9655	T	G	4597	3521	43	3	3	24	0.000652032	4601	1	FALSE	NA	NA	NA	NA	NA	NA
NC_045512.2	9655	T	C	4597	3521	43	1	1	40	0.000217344	4601	0.499891	FALSE	NA	NA	NA	NA	NA	NA
NC_045512.2	9656	A	G	4612	3542	43	2	0	40	0.000433463	4614	0.250027	FALSE	NA	NA	NA	NA	NA	NA
NC_045512.2	9657	T	G	4510	3433	43	1	0	40	0.000221631	4512	0.5	FALSE	NA	NA	NA	NA	NA	NA
NC_045512.2	9657	T	C	4510	3433	43	1	1	24	0.000221631	4512	1	FALSE	NA	NA	NA	NA	NA	NA
NC_045512.2	9659	T	C	4521	3410	43	2	1	24	0.000442184	4523	1	FALSE	NA	NA	NA	NA	NA	NA
NC_045512.2	9660	T	G	4448	3341	43	3	3	29	0.000673854	4452	1	FALSE	NA	NA	NA	NA	NA	NA
NC_045512.2	9660	T	C	4448	3341	43	1	1	40	0.000224618	4452	0.499888	FALSE	NA	NA	NA	NA	NA	NA
NC_045512.2	9660	T	-CA	4448	3341	43	1	0	20	0.000224618	4452	1	FALSE	NA	NA	NA	NA	NA	NA
NC_045512.2	9661	C	G	4440	3341	43	4	4	32	0.00090009	4444	0.63678	FALSE	NA	NA	NA	NA	NA	NA
NC_045512.2	9662	A	C	3803	2759	43	3	0	34	0.000788229	3806	0.656312	FALSE	NA	NA	NA	NA	NA	NA
NC_045512.2	9663	C	G	3821	2771	43	1	1	40	0.000261643	3822	0.500065	FALSE	NA	NA	NA	NA	NA	NA
NC_045512.2	9666	C	G	3855	2721	43	2	0	40	0.000518403	3858	0.249968	FALSE	NA	NA	NA	NA	NA	NA
NC_045512.2	9666	C	A	3855	2721	43	1	0	40	0.000259202	3858	0.499935	FALSE	NA	NA	NA	NA	NA	NA
NC_045512.2	9667	T	G	3563	2427	43	1	1	24	0.000280584	3564	1	FALSE	NA	NA	NA	NA	NA	NA
NC_045512.2	9668	T	G	3567	2431	43	2	2	24	0.000560224	3570	1	FALSE	NA	NA	NA	NA	NA	NA
NC_045512.2	9668	T	C	3567	2431	43	1	0	24	0.000280112	3570	1	FALSE	NA	NA	NA	NA	NA	NA
NC_045512.2	9669	T	G	3551	2418	43	1	1	24	0.000281532	3552	1	FALSE	NA	NA	NA	NA	NA	NA
NC_045512.2	9670	A	C	3555	2452	42	2	0	24	0.000562272	3557	1	FALSE	NA	NA	NA	NA	NA	NA
NC_045512.2	9673	A	G	1141	117	44	1	0	40	0.000874891	1143	0.5	FALSE	NA	NA	NA	NA	NA	NA
NC_045512.2	9673	A	C	1141	117	44	1	0	24	0.000874891	1143	0.999763	FALSE	NA	NA	NA	NA	NA	NA
NC_045512.2	9683	A	-T	1184	122	45	1	0	20	0.000844595	1184	0.999765	FALSE	NA	NA	NA	NA	NA	NA
NC_045512.2	9686	A	C	1185	123	45	1	0	40	0.00084317	1186	0.500211	FALSE	NA	NA	NA	NA	NA	NA
NC_045512.2	9687	C	T	1217	124	45	1	0	40	0.000821018	1218	0.500205	FALSE	NA	NA	NA	NA	NA	NA
NC_045512.2	9696	A	C	1244	154	45	1	0	24	0.000803213	1245	0.999882	FALSE	NA	NA	NA	NA	NA	NA
NC_045512.2	9698	A	G	1240	155	45	1	0	40	0.000805802	1241	0.500202	FALSE	NA	NA	NA	NA	NA	NA
NC_045512.2	9714	C	A	1221	221	47	2	0	32	0.00163532	1223	0.500307	FALSE	NA	NA	NA	NA	NA	NA
NC_045512.2	9724	C	A	1167	280	47	5	0	27	0.00426621	1172	0.962232	FALSE	NA	NA	NA	NA	NA	NA
NC_045512.2	9729	G	A	1282	279	52	1	0	80	0.000779423	1283	0.500195	FALSE	NA	NA	NA	NA	NA	NA
NC_045512.2	9757	T	G	1105	525	53	2	1	32	0.00180668	1107	0.500339	FALSE	NA	NA	NA	NA	NA	NA
NC_045512.2	9758	G	T	1104	520	52	1	0	40	0.000904977	1105	0.500226	FALSE	NA	NA	NA	NA	NA	NA
NC_045512.2	9759	T	A	1033	526	47	1	0	40	0.000967118	1034	0.500242	FALSE	NA	NA	NA	NA	NA	NA
NC_045512.2	9760	A	C	1041	538	47	2	0	24	0.00191755	1043	0.996911	FALSE	NA	NA	NA	NA	NA	NA
NC_045512.2	9764	T	G	1102	556	51	1	1	40	0.000906618	1103	0.500227	FALSE	NA	NA	NA	NA	NA	NA
NC_045512.2	9765	T	G	1112	542	53	1	0	24	0.000898473	1113	0.999764	FALSE	NA	NA	NA	NA	NA	NA
NC_045512.2	9767	A	C	875	591	43	14	0	26	0.015748	889	0.14223	FALSE	NA	NA	NA	NA	NA	NA
NC_045512.2	9768	A	-TG	1118	598	52	1	0	20	0.000894454	1118	0.999766	FALSE	NA	NA	NA	NA	NA	NA
NC_045512.2	9771	G	T	1133	599	53	1	1	24	0.000881834	1134	0.999764	FALSE	NA	NA	NA	NA	NA	NA
NC_045512.2	9779	T	C	1051	614	49	1	0	24	0.00095057	1052	0.999527	FALSE	NA	NA	NA	NA	NA	NA
NC_045512.2	9782	A	T	898	668	45	2	2	40	0.00213904	935	0.24068	FALSE	NA	NA	NA	NA	NA	NA
NC_045512.2	9782	A	C	898	668	45	35	0	28	0.0374332	935	4.35476e-05	TRUE	NA	NA	NA	NA	NA	NA
NC_045512.2	9785	A	C	1059	641	48	1	0	40	0.000943396	1060	0.500236	FALSE	NA	NA	NA	NA	NA	NA
NC_045512.2	9788	T	C	1179	733	54	1	0	40	0.000847458	1180	0.500212	FALSE	NA	NA	NA	NA	NA	NA
NC_045512.2	9791	G	T	1080	740	45	3	3	29	0.00277008	1083	0.98901	FALSE	NA	NA	NA	NA	NA	NA
NC_045512.2	9794	G	T	1127	799	47	1	1	24	0.000886525	1128	0.999764	FALSE	NA	NA	NA	NA	NA	NA
NC_045512.2	9795	A	G	1204	830	54	1	1	40	0.000829876	1205	0.500208	FALSE	NA	NA	NA	NA	NA	NA
NC_045512.2	9798	C	T	1218	904	52	1	0	80	0.000820345	1219	0.500205	FALSE	NA	NA	NA	NA	NA	NA
NC_045512.2	9806	T	G	1225	984	51	1	1	40	0.000814996	1227	0.5	FALSE	NA	NA	NA	NA	NA	NA
NC_045512.2	9806	T	C	1225	984	51	1	1	40	0.000814996	1227	0.5	FALSE	NA	NA	NA	NA	NA	NA
NC_045512.2	9811	C	-T	1271	1064	51	1	0	20	0.000786782	1271	0.999883	FALSE	NA	NA	NA	NA	NA	NA
NC_045512.2	9817	G	T	1219	1065	46	1	1	24	0.000819672	1220	0.999882	FALSE	NA	NA	NA	NA	NA	NA
NC_045512.2	9828	A	G	1253	1115	47	1	0	64	0.000797448	1254	0.500199	FALSE	NA	NA	NA	NA	NA	NA
NC_045512.2	9836	C	G	1242	1123	47	1	0	36	0.000804505	1243	0.750302	FALSE	NA	NA	NA	NA	NA	NA
NC_045512.2	9840	A	G	1239	1121	46	1	1	40	0.000806452	1240	0.500202	FALSE	NA	NA	NA	NA	NA	NA
NC_045512.2	9843	T	G	1181	1072	44	1	1	40	0.000846024	1182	0.500212	FALSE	NA	NA	NA	NA	NA	NA
NC_045512.2	9846	G	T	1118	1013	41	2	2	32	0.00178571	1120	0.500335	FALSE	NA	NA	NA	NA	NA	NA
NC_045512.2	9847	T	G	1186	1082	45	1	1	24	0.00084246	1187	0.999764	FALSE	NA	NA	NA	NA	NA	NA
NC_045512.2	9849	G	T	1017	915	38	7	7	24	0.00683594	1024	0.835373	FALSE	NA	NA	NA	NA	NA	NA
NC_045512.2	9869	A	C	1026	953	44	1	0	32	0.00097371	1027	0.750365	FALSE	NA	NA	NA	NA	NA	NA
NC_045512.2	9884	T	G	840	776	45	1	1	24	0.00118906	841	0.998099	FALSE	NA	NA	NA	NA	NA	NA
NC_045512.2	9896	T	G	744	689	45	1	1	24	0.00134228	745	0.996188	FALSE	NA	NA	NA	NA	NA	NA
NC_045512.2	9898	T	G	745	690	45	1	1	40	0.00134048	746	0.500335	FALSE	NA	NA	NA	NA	NA	NA
NC_045512.2	9901	T	G	726	675	44	2	2	32	0.00274725	728	0.250172	FALSE	NA	NA	NA	NA	NA	NA
NC_045512.2	9905	T	G	703	657	44	3	3	29	0.00424929	706	0.946183	FALSE	NA	NA	NA	NA	NA	NA
NC_045512.2	9912	A	G	688	648	44	1	1	24	0.00145138	689	0.992345	FALSE	NA	NA	NA	NA	NA	NA
NC_045512.2	9918	G	C	625	596	36	1	1	24	0.00159744	626	0.992361	FALSE	NA	NA	NA	NA	NA	NA
NC_045512.2	9934	A	C	1683	558	40	3	0	34	0.00177936	1686	0.312611	FALSE	NA	NA	NA	NA	NA	NA
NC_045512.2	9935	A	C	1711	551	40	1	1	24	0.000584112	1712	0.999996	FALSE	NA	NA	NA	NA	NA	NA
NC_045512.2	9938	A	C	1591	414	40	2	1	32	0.00125549	1593	0.500236	FALSE	NA	NA	NA	NA	NA	NA
NC_045512.2	9940	C	G	1689	415	40	2	2	40	0.00118273	1691	0.250074	FALSE	NA	NA	NA	NA	NA	NA
NC_045512.2	9941	T	C	1676	414	40	1	0	40	0.000596303	1677	0.500149	FALSE	NA	NA	NA	NA	NA	NA
NC_045512.2	9943	C	A	1615	346	39	1	0	24	0.000618812	1616	0.999993	FALSE	NA	NA	NA	NA	NA	NA
NC_045512.2	9945	G	T	1539	211	39	4	4	24	0.00259235	1543	0.997854	FALSE	NA	NA	NA	NA	NA	NA
NC_045512.2	9946	A	G	1628	317	40	1	0	24	0.000613497	1630	0.999993	FALSE	NA	NA	NA	NA	NA	NA
NC_045512.2	9946	A	C	1628	317	40	1	0	24	0.000613497	1630	0.999993	FALSE	NA	NA	NA	NA	NA	NA
NC_045512.2	9948	A	C	1378	62	39	1	0	40	0.000725163	1379	0.500181	FALSE	NA	NA	NA	NA	NA	NA
NC_045512.2	9952	T	C	1390	75	41	1	0	24	0.000718907	1391	0.999941	FALSE	NA	NA	NA	NA	NA	NA
NC_045512.2	9953	G	T	1447	78	41	1	0	40	0.000690608	1448	0.500173	FALSE	NA	NA	NA	NA	NA	NA
NC_045512.2	9956	T	C	1453	103	42	1	0	24	0.000687758	1454	0.999971	FALSE	NA	NA	NA	NA	NA	NA
NC_045512.2	9960	G	C	1464	117	42	1	0	24	0.000682594	1465	0.999971	FALSE	NA	NA	NA	NA	NA	NA
NC_045512.2	9961	T	C	1472	119	43	1	0	40	0.000678887	1473	0.50017	FALSE	NA	NA	NA	NA	NA	NA
NC_045512.2	9967	C	A	835	142	33	25	0	24	0.0290698	860	0.00211406	TRUE	NA	NA	NA	NA	NA	NA
NC_045512.2	9969	C	A	1502	138	42	2	0	24	0.00132979	1504	0.999868	FALSE	NA	NA	NA	NA	NA	NA
NC_045512.2	9970	A	C	1525	138	43	1	0	24	0.000655308	1526	0.999985	FALSE	NA	NA	NA	NA	NA	NA
NC_045512.2	9979	C	T	1610	155	41	1	0	24	0.000620347	1612	0.999993	FALSE	NA	NA	NA	NA	NA	NA
NC_045512.2	9979	C	A	1610	155	41	1	0	40	0.000620347	1612	0.5	FALSE	NA	NA	NA	NA	NA	NA
NC_045512.2	9988	C	A	1730	195	44	1	0	24	0.000577701	1731	0.999996	FALSE	NA	NA	NA	NA	NA	NA
NC_045512.2	9990	G	A	1750	195	45	1	0	40	0.000571102	1751	0.500143	FALSE	NA	NA	NA	NA	NA	NA
NC_045512.2	9995	T	C	1790	203	46	1	0	40	0.000558347	1791	0.50014	FALSE	NA	NA	NA	NA	NA	NA
NC_045512.2	9996	C	A	1719	204	43	4	0	32	0.00232153	1723	0.1875	FALSE	NA	NA	NA	NA	NA	NA
NC_045512.2	10010	C	A	1900	241	46	1	0	40	0.000526039	1901	0.500132	FALSE	NA	NA	NA	NA	NA	NA
NC_045512.2	10014	A	C	1888	249	45	1	0	24	0.000529381	1889	0.999998	FALSE	NA	NA	NA	NA	NA	NA
NC_045512.2	10017	A	C	1911	279	48	1	0	24	0.000523013	1912	0.999999	FALSE	NA	NA	NA	NA	NA	NA
NC_045512.2	10021	A	G	1917	287	48	1	0	40	0.000521376	1918	0.50013	FALSE	NA	NA	NA	NA	NA	NA
NC_045512.2	10025	C	A	1910	378	46	1	0	24	0.000523286	1911	0.999999	FALSE	NA	NA	NA	NA	NA	NA
NC_045512.2	10029	C	T	0	0	0	1994	382	50	1	1994	0	TRUE	NA	NA	NA	NA	NA	NA
NC_045512.2	10032	C	A	1923	399	48	2	0	24	0.00103896	1925	0.99999	FALSE	NA	NA	NA	NA	NA	NA
NC_045512.2	10033	T	C	2025	423	52	1	0	40	0.000493583	2026	0.500123	FALSE	NA	NA	NA	NA	NA	NA
NC_045512.2	10035	T	C	2024	424	52	1	0	24	0.000493827	2025	1	FALSE	NA	NA	NA	NA	NA	NA
NC_045512.2	10038	C	A	1957	449	49	1	0	40	0.000510725	1958	0.500128	FALSE	NA	NA	NA	NA	NA	NA
NC_045512.2	10039	C	A	2075	449	53	1	0	24	0.000481696	2076	1	FALSE	NA	NA	NA	NA	NA	NA
NC_045512.2	10040	T	C	2072	445	53	1	0	40	0.000482393	2073	0.500121	FALSE	NA	NA	NA	NA	NA	NA
NC_045512.2	10041	C	A	1586	478	43	42	0	27	0.0257985	1628	0.000390973	TRUE	NA	NA	NA	NA	NA	NA
NC_045512.2	10042	A	C	2060	442	53	2	0	32	0.000969932	2062	0.687773	FALSE	NA	NA	NA	NA	NA	NA
NC_045512.2	10044	C	T	2053	452	52	1	0	40	0.000486855	2054	0.500122	FALSE	NA	NA	NA	NA	NA	NA
NC_045512.2	10051	G	A	2111	508	55	1	0	24	0.000473485	2112	1	FALSE	NA	NA	NA	NA	NA	NA
NC_045512.2	10053	A	C	2092	512	55	1	0	24	0.000477783	2093	1	FALSE	NA	NA	NA	NA	NA	NA
NC_045512.2	10054	G	T	2107	515	56	1	0	80	0.000474383	2108	0.500119	FALSE	NA	NA	NA	NA	NA	NA
NC_045512.2	10057	T	C	2025	557	56	1	1	80	0.000493583	2026	0.500123	FALSE	NA	NA	NA	NA	NA	NA
NC_045512.2	10063	T	G	1916	664	53	1	1	24	0.000521648	1917	0.999999	FALSE	NA	NA	NA	NA	NA	NA
NC_045512.2	10067	A	C	1911	714	55	1	0	24	0.000523013	1912	0.999999	FALSE	NA	NA	NA	NA	NA	NA
NC_045512.2	10075	A	C	1861	753	53	1	0	40	0.000537057	1862	0.500134	FALSE	NA	NA	NA	NA	NA	NA
NC_045512.2	10079	C	A	1713	860	50	1	0	24	0.000583431	1714	0.999996	FALSE	NA	NA	NA	NA	NA	NA
NC_045512.2	10080	C	G	1739	858	51	1	1	24	0.000574713	1740	0.999996	FALSE	NA	NA	NA	NA	NA	NA
NC_045512.2	10086	G	T	1621	855	47	3	3	24	0.00184729	1624	0.999649	FALSE	NA	NA	NA	NA	NA	NA
NC_045512.2	10089	A	C	1681	950	49	1	0	24	0.00059453	1682	0.999993	FALSE	NA	NA	NA	NA	NA	NA
NC_045512.2	10092	T	C	1675	951	46	1	1	24	0.000596659	1676	0.999993	FALSE	NA	NA	NA	NA	NA	NA
NC_045512.2	10093	T	G	1663	952	48	1	1	24	0.000600962	1664	0.999993	FALSE	NA	NA	NA	NA	NA	NA
NC_045512.2	10095	A	G	1658	964	48	1	1	40	0.00060241	1660	0.5	FALSE	NA	NA	NA	NA	NA	NA
NC_045512.2	10095	A	C	1658	964	48	1	0	24	0.00060241	1660	0.999993	FALSE	NA	NA	NA	NA	NA	NA
NC_045512.2	10100	T	G	1684	997	48	1	1	40	0.000593472	1685	0.500148	FALSE	NA	NA	NA	NA	NA	NA
NC_045512.2	10101	G	T	1717	1009	48	1	0	24	0.000582072	1718	0.999996	FALSE	NA	NA	NA	NA	NA	NA
NC_045512.2	10103	A	C	1713	1018	48	1	0	24	0.000583431	1714	0.999996	FALSE	NA	NA	NA	NA	NA	NA
NC_045512.2	10107	T	G	1665	984	48	2	2	24	0.00119976	1667	0.99993	FALSE	NA	NA	NA	NA	NA	NA
NC_045512.2	10111	A	G	1669	1013	48	1	1	40	0.000598802	1670	0.50015	FALSE	NA	NA	NA	NA	NA	NA
NC_045512.2	10115	A	G	1692	1058	49	1	1	80	0.000590319	1694	0.5	FALSE	NA	NA	NA	NA	NA	NA
NC_045512.2	10115	A	C	1692	1058	49	1	0	24	0.000590319	1694	0.999993	FALSE	NA	NA	NA	NA	NA	NA
NC_045512.2	10116	C	T	1667	1067	49	1	0	40	0.00059952	1668	0.50015	FALSE	NA	NA	NA	NA	NA	NA
NC_045512.2	10119	G	T	1653	1051	48	2	2	24	0.00120773	1656	0.99993	FALSE	NA	NA	NA	NA	NA	NA
NC_045512.2	10119	G	C	1653	1051	48	1	0	40	0.000603865	1656	0.499849	FALSE	NA	NA	NA	NA	NA	NA
NC_045512.2	10123	T	G	1854	1318	51	2	2	24	0.00107759	1856	0.999981	FALSE	NA	NA	NA	NA	NA	NA
NC_045512.2	10134	T	G	1967	1593	52	2	2	24	0.00101574	1969	0.99999	FALSE	NA	NA	NA	NA	NA	NA
NC_045512.2	10135	T	G	1982	1609	52	1	1	24	0.000504286	1983	0.999999	FALSE	NA	NA	NA	NA	NA	NA
NC_045512.2	10137	A	G	1985	1622	52	1	1	40	0.000503525	1986	0.500126	FALSE	NA	NA	NA	NA	NA	NA
NC_045512.2	10146	G	T	2000	1676	50	2	2	24	0.000998502	2003	0.999995	FALSE	NA	NA	NA	NA	NA	NA
NC_045512.2	10146	G	C	2000	1676	50	1	1	40	0.000499251	2003	0.499875	FALSE	NA	NA	NA	NA	NA	NA
NC_045512.2	10149	T	G	1967	1663	50	2	2	24	0.00101574	1969	0.99999	FALSE	NA	NA	NA	NA	NA	NA
NC_045512.2	10150	T	G	1965	1664	50	2	2	24	0.00101626	1968	0.99999	FALSE	NA	NA	NA	NA	NA	NA
NC_045512.2	10150	T	C	1965	1664	50	1	0	24	0.00050813	1968	0.999999	FALSE	NA	NA	NA	NA	NA	NA
NC_045512.2	10158	T	G	1961	1687	49	1	1	24	0.000509684	1962	0.999999	FALSE	NA	NA	NA	NA	NA	NA
NC_045512.2	10159	A	-GTTTACT	1975	1704	49	1	0	20	0.000506329	1975	0.999999	FALSE	NA	NA	NA	NA	NA	NA
NC_045512.2	10163	T	G	1953	1693	49	1	1	40	0.000511771	1954	0.5	FALSE	NA	NA	NA	NA	NA	NA
NC_045512.2	10164	A	G	1952	1693	48	1	1	24	0.000512033	1953	0.999999	FALSE	NA	NA	NA	NA	NA	NA
NC_045512.2	10168	T	G	1886	1634	49	1	1	24	0.000529942	1887	0.999998	FALSE	NA	NA	NA	NA	NA	NA
NC_045512.2	10172	A	G	1880	1627	49	1	1	24	0.000531632	1881	0.999998	FALSE	NA	NA	NA	NA	NA	NA
NC_045512.2	10173	G	T	1866	1640	48	1	1	24	0.000535619	1867	0.999998	FALSE	NA	NA	NA	NA	NA	NA
NC_045512.2	10176	A	C	1713	1498	49	1	1	40	0.000583431	1714	0.500146	FALSE	NA	NA	NA	NA	NA	NA
NC_045512.2	10178	G	T	1701	1486	48	1	1	24	0.000587544	1702	0.999996	FALSE	NA	NA	NA	NA	NA	NA
NC_045512.2	10179	T	G	1704	1490	49	1	1	40	0.00058651	1705	0.500147	FALSE	NA	NA	NA	NA	NA	NA
NC_045512.2	10183	C	G	1683	1481	48	1	1	24	0.000593824	1684	0.999993	FALSE	NA	NA	NA	NA	NA	NA
NC_045512.2	10184	T	C	1631	1431	48	1	1	80	0.000612745	1632	0.500153	FALSE	NA	NA	NA	NA	NA	NA
NC_045512.2	10191	C	T	1588	1426	45	1	1	40	0.000629327	1589	0.500157	FALSE	NA	NA	NA	NA	NA	NA
NC_045512.2	10193	G	T	1515	1346	44	3	3	24	0.00197628	1518	0.999367	FALSE	NA	NA	NA	NA	NA	NA
NC_045512.2	10198	C	T	0	0	0	1462	1319	47	0.999316	1463	0	TRUE	NA	NA	NA	NA	NA	NA
NC_045512.2	10198	C	G	0	0	0	1	1	40	0.000683527	1463	0.000683527	TRUE	NA	NA	NA	NA	NA	NA
NC_045512.2	10204	T	G	1399	1258	46	1	1	24	0.000713776	1401	0.999971	FALSE	NA	NA	NA	NA	NA	NA
NC_045512.2	10204	T	C	1399	1258	46	1	1	40	0.000713776	1401	0.5	FALSE	NA	NA	NA	NA	NA	NA
NC_045512.2	10205	A	C	1383	1245	46	1	1	40	0.000722543	1384	0.500181	FALSE	NA	NA	NA	NA	NA	NA
NC_045512.2	10210	T	G	1281	1145	46	4	4	24	0.00311284	1285	0.989601	FALSE	NA	NA	NA	NA	NA	NA
NC_045512.2	10217	G	T	1189	1053	44	3	3	29	0.00251678	1192	0.993683	FALSE	NA	NA	NA	NA	NA	NA
NC_045512.2	10220	G	A	1156	1025	40	1	1	24	0.000864304	1157	0.999764	FALSE	NA	NA	NA	NA	NA	NA
NC_045512.2	10221	A	G	1245	1112	47	1	1	24	0.000802568	1246	0.999882	FALSE	NA	NA	NA	NA	NA	NA
NC_045512.2	10223	T	C	1224	1094	46	1	1	40	0.000816327	1225	0.500204	FALSE	NA	NA	NA	NA	NA	NA
NC_045512.2	10228	C	G	1236	1111	47	1	1	40	0.000808407	1237	0.500202	FALSE	NA	NA	NA	NA	NA	NA
NC_045512.2	10249	T	C	7036	1429	40	2	0	32	0.000284172	7038	0.980509	FALSE	NA	NA	NA	NA	NA	NA
NC_045512.2	10250	T	G	7044	1412	40	5	0	30	0.000708818	7054	0.805981	FALSE	NA	NA	NA	NA	NA	NA
NC_045512.2	10250	T	C	7044	1412	40	5	1	36	0.000708818	7054	0.805981	FALSE	NA	NA	NA	NA	NA	NA
NC_045512.2	10251	T	C	8086	1438	40	1	0	40	0.000123655	8087	0.500031	FALSE	NA	NA	NA	NA	NA	NA
NC_045512.2	10254	T	G	8104	1497	40	1	0	24	0.00012335	8107	1	FALSE	NA	NA	NA	NA	NA	NA
NC_045512.2	10254	T	C	8104	1497	40	2	0	40	0.0002467	8107	0.249985	FALSE	NA	NA	NA	NA	NA	NA
NC_045512.2	10255	G	C	8555	1509	41	1	0	24	0.00011685	8558	1	FALSE	NA	NA	NA	NA	NA	NA
NC_045512.2	10255	G	A	8555	1509	41	2	0	32	0.000233699	8558	0.989276	FALSE	NA	NA	NA	NA	NA	NA
NC_045512.2	10256	G	T	9698	1547	41	1	0	24	0.000103093	9700	1	FALSE	NA	NA	NA	NA	NA	NA
NC_045512.2	10256	G	C	9698	1547	41	1	1	40	0.000103093	9700	0.5	FALSE	NA	NA	NA	NA	NA	NA
NC_045512.2	10257	T	G	9695	1540	40	1	1	24	0.000103135	9696	1	FALSE	NA	NA	NA	NA	NA	NA
NC_045512.2	10258	A	C	9638	1560	40	3	0	29	0.000311171	9641	1	FALSE	NA	NA	NA	NA	NA	NA
NC_045512.2	10259	C	G	9714	1560	41	1	0	40	0.000102934	9715	0.500026	FALSE	NA	NA	NA	NA	NA	NA
NC_045512.2	10260	A	G	9619	1496	40	4	1	24	0.000415671	9623	1	FALSE	NA	NA	NA	NA	NA	NA
NC_045512.2	10262	G	T	13594	1660	41	1	0	40	7.35294e-05	13600	0.749936	FALSE	NA	NA	NA	NA	NA	NA
NC_045512.2	10262	G	C	13594	1660	41	4	0	32	0.000294118	13600	0.993648	FALSE	NA	NA	NA	NA	NA	NA
NC_045512.2	10262	G	A	13594	1660	41	1	0	40	7.35294e-05	13600	0.749936	FALSE	NA	NA	NA	NA	NA	NA
NC_045512.2	10263	C	T	13853	1716	41	1	0	24	7.21657e-05	13857	1	FALSE	NA	NA	NA	NA	NA	NA
NC_045512.2	10263	C	G	13853	1716	41	1	1	40	7.21657e-05	13857	0.749973	FALSE	NA	NA	NA	NA	NA	NA
NC_045512.2	10263	C	A	13853	1716	41	2	0	24	0.000144331	13857	1	FALSE	NA	NA	NA	NA	NA	NA
NC_045512.2	10264	T	G	12878	793	41	1	0	40	7.76398e-05	12880	0.75001	FALSE	NA	NA	NA	NA	NA	NA
NC_045512.2	10264	T	C	12878	793	41	1	0	24	7.76398e-05	12880	1	FALSE	NA	NA	NA	NA	NA	NA
NC_045512.2	10265	G	C	13522	814	41	1	0	40	7.39481e-05	13523	0.750028	FALSE	NA	NA	NA	NA	NA	NA
NC_045512.2	10266	G	T	14188	788	41	2	2	24	0.000140895	14195	1	FALSE	NA	NA	NA	NA	NA	NA
NC_045512.2	10266	G	C	14188	788	41	4	0	40	0.000281789	14195	0.187434	FALSE	NA	NA	NA	NA	NA	NA
NC_045512.2	10266	G	A	14188	788	41	1	0	40	7.04473e-05	14195	0.749921	FALSE	NA	NA	NA	NA	NA	NA
NC_045512.2	10267	T	C	14288	821	41	1	0	24	6.99839e-05	14289	1	FALSE	NA	NA	NA	NA	NA	NA
NC_045512.2	10268	A	G	14202	862	41	2	1	24	0.000140736	14211	1	FALSE	NA	NA	NA	NA	NA	NA
NC_045512.2	10268	A	C	14202	862	41	7	0	33	0.000492576	14211	0.960864	FALSE	NA	NA	NA	NA	NA	NA
NC_045512.2	10269	A	G	14409	884	40	8	0	34	0.000554785	14420	0.933131	FALSE	NA	NA	NA	NA	NA	NA
NC_045512.2	10269	A	C	14409	884	40	3	0	26	0.000208044	14420	1	FALSE	NA	NA	NA	NA	NA	NA
NC_045512.2	10270	T	C	14607	930	42	1	0	24	6.84556e-05	14608	1	FALSE	NA	NA	NA	NA	NA	NA
NC_045512.2	10271	G	C	15691	966	42	1	0	40	6.37267e-05	15692	0.750024	FALSE	NA	NA	NA	NA	NA	NA
NC_045512.2	10272	T	G	15698	1000	42	2	0	40	0.000127291	15712	0.499737	FALSE	NA	NA	NA	NA	NA	NA
NC_045512.2	10272	T	C	15698	1000	42	12	0	34	0.000763747	15712	0.779015	FALSE	NA	NA	NA	NA	NA	NA
NC_045512.2	10273	T	C	15727	1002	42	3	0	48	0.000190718	15730	0.312512	FALSE	NA	NA	NA	NA	NA	NA
NC_045512.2	10274	C	G	15695	1006	42	7	0	37	0.000445718	15705	0.973783	FALSE	NA	NA	NA	NA	NA	NA
NC_045512.2	10274	C	A	15695	1006	42	3	0	29	0.000191022	15705	1	FALSE	NA	NA	NA	NA	NA	NA
NC_045512.2	10275	A	G	15665	1031	42	1	0	40	6.38284e-05	15667	0.750008	FALSE	NA	NA	NA	NA	NA	NA
NC_045512.2	10275	A	C	15665	1031	42	1	0	24	6.38284e-05	15667	1	FALSE	NA	NA	NA	NA	NA	NA
NC_045512.2	10276	A	G	16887	1072	42	2	0	40	0.000118378	16895	0.499889	FALSE	NA	NA	NA	NA	NA	NA
NC_045512.2	10276	A	C	16887	1072	42	6	0	26	0.000355135	16895	1	FALSE	NA	NA	NA	NA	NA	NA
NC_045512.2	10277	C	A	16683	1093	41	2	0	24	0.000119868	16685	1	FALSE	NA	NA	NA	NA	NA	NA
NC_045512.2	10278	T	G	17045	1156	43	3	0	29	0.000175932	17052	1	FALSE	NA	NA	NA	NA	NA	NA
NC_045512.2	10278	T	C	17045	1156	43	4	0	28	0.000234577	17052	1	FALSE	NA	NA	NA	NA	NA	NA
NC_045512.2	10279	C	G	16557	1168	41	2	0	32	0.000120664	16575	0.999927	FALSE	NA	NA	NA	NA	NA	NA
NC_045512.2	10279	C	A	16557	1168	41	16	0	25	0.000965309	16575	1	FALSE	NA	NA	NA	NA	NA	NA
NC_045512.2	10280	A	G	16991	1163	42	7	0	37	0.000411789	16999	0.982685	FALSE	NA	NA	NA	NA	NA	NA
NC_045512.2	10280	A	C	16991	1163	42	1	0	40	5.8827e-05	16999	0.749919	FALSE	NA	NA	NA	NA	NA	NA
NC_045512.2	10281	G	T	18222	1176	42	1	0	40	5.48727e-05	18224	0.750007	FALSE	NA	NA	NA	NA	NA	NA
NC_045512.2	10281	G	A	18222	1176	42	1	0	40	5.48727e-05	18224	0.750007	FALSE	NA	NA	NA	NA	NA	NA
NC_045512.2	10282	G	T	18234	1210	43	4	0	40	0.000219286	18241	0.187449	FALSE	NA	NA	NA	NA	NA	NA
NC_045512.2	10282	G	C	18234	1210	43	1	0	40	5.48216e-05	18241	0.749938	FALSE	NA	NA	NA	NA	NA	NA
NC_045512.2	10282	G	A	18234	1210	43	2	0	40	0.000109643	18241	0.499918	FALSE	NA	NA	NA	NA	NA	NA
NC_045512.2	10283	G	A	18471	1217	43	1	0	40	5.4136e-05	18472	0.75002	FALSE	NA	NA	NA	NA	NA	NA
NC_045512.2	10284	T	G	18805	1431	43	2	0	40	0.000106338	18808	0.5	FALSE	NA	NA	NA	NA	NA	NA
NC_045512.2	10284	T	C	18805	1431	43	1	0	24	5.31689e-05	18808	1	FALSE	NA	NA	NA	NA	NA	NA
NC_045512.2	10285	T	C	18836	1491	44	1	0	40	5.30842e-05	18838	0.750007	FALSE	NA	NA	NA	NA	NA	NA
NC_045512.2	10285	T	A	18836	1491	44	1	0	40	5.30842e-05	18838	0.750007	FALSE	NA	NA	NA	NA	NA	NA
NC_045512.2	10286	A	T	18930	1505	44	1	0	40	5.28206e-05	18932	0.750007	FALSE	NA	NA	NA	NA	NA	NA
NC_045512.2	10286	A	C	18930	1505	44	1	0	24	5.28206e-05	18932	1	FALSE	NA	NA	NA	NA	NA	NA
NC_045512.2	10287	T	G	19057	1544	44	1	0	40	5.24631e-05	19061	0.74998	FALSE	NA	NA	NA	NA	NA	NA
NC_045512.2	10287	T	C	19057	1544	44	3	0	34	0.000157389	19061	0.99994	FALSE	NA	NA	NA	NA	NA	NA
NC_045512.2	10288	T	C	19109	1546	44	3	0	40	0.000156969	19112	0.31251	FALSE	NA	NA	NA	NA	NA	NA
NC_045512.2	10289	G	T	19222	1556	44	1	0	24	5.2021e-05	19223	1	FALSE	NA	NA	NA	NA	NA	NA
NC_045512.2	10290	G	T	19180	1545	44	1	0	80	5.21186e-05	19187	0.499935	FALSE	NA	NA	NA	NA	NA	NA
NC_045512.2	10290	G	C	19180	1545	44	5	0	33	0.000260593	19187	0.99923	FALSE	NA	NA	NA	NA	NA	NA
NC_045512.2	10290	G	A	19180	1545	44	1	0	24	5.21186e-05	19187	1	FALSE	NA	NA	NA	NA	NA	NA
NC_045512.2	10291	A	G	19179	1633	44	2	1	40	0.000104248	19185	0.499941	FALSE	NA	NA	NA	NA	NA	NA
NC_045512.2	10291	A	C	19179	1633	44	4	0	32	0.000208496	19185	0.999757	FALSE	NA	NA	NA	NA	NA	NA
NC_045512.2	10292	C	T	19285	1634	44	2	1	40	0.000103691	19288	0.5	FALSE	NA	NA	NA	NA	NA	NA
NC_045512.2	10292	C	G	19285	1634	44	1	0	40	5.18457e-05	19288	0.749994	FALSE	NA	NA	NA	NA	NA	NA
NC_045512.2	10293	A	C	19392	1646	44	1	0	24	5.1565e-05	19393	1	FALSE	NA	NA	NA	NA	NA	NA
NC_045512.2	10294	T	G	19457	1663	44	1	0	24	5.13875e-05	19460	1	FALSE	NA	NA	NA	NA	NA	NA
NC_045512.2	10294	T	C	19457	1663	44	2	0	40	0.000102775	19460	0.5	FALSE	NA	NA	NA	NA	NA	NA
NC_045512.2	10295	T	C	19491	1742	45	4	0	36	0.000205181	19495	0.999757	FALSE	NA	NA	NA	NA	NA	NA
NC_045512.2	10296	C	T	19542	1749	45	1	0	40	5.11692e-05	19543	0.750019	FALSE	NA	NA	NA	NA	NA	NA
NC_045512.2	10297	T	G	19521	1761	45	1	0	24	5.12243e-05	19522	1	FALSE	NA	NA	NA	NA	NA	NA
NC_045512.2	10298	A	C	20013	1843	44	3	0	24	0.00014988	20016	1	FALSE	NA	NA	NA	NA	NA	NA
NC_045512.2	10299	T	C	20299	1838	45	1	0	24	4.92611e-05	20300	1	FALSE	NA	NA	NA	NA	NA	NA
NC_045512.2	10300	G	C	20364	1852	45	2	0	40	9.82029e-05	20366	0.687528	FALSE	NA	NA	NA	NA	NA	NA
NC_045512.2	10301	C	-A	20442	1887	45	1	0	20	4.89189e-05	20442	1	FALSE	NA	NA	NA	NA	NA	NA
NC_045512.2	10302	A	C	20231	1888	44	5	0	27	0.000247084	20236	1	FALSE	NA	NA	NA	NA	NA	NA
NC_045512.2	10303	A	G	20439	1909	45	2	0	40	9.78234e-05	20445	0.687454	FALSE	NA	NA	NA	NA	NA	NA
NC_045512.2	10303	A	C	20439	1909	45	4	0	28	0.000195647	20445	1	FALSE	NA	NA	NA	NA	NA	NA
NC_045512.2	10304	A	G	20437	1915	45	1	0	40	4.89237e-05	20440	0.875	FALSE	NA	NA	NA	NA	NA	NA
NC_045512.2	10304	A	C	20437	1915	45	2	0	32	9.78474e-05	20440	0.999995	FALSE	NA	NA	NA	NA	NA	NA
NC_045512.2	10305	A	G	21060	1945	45	2	1	60	9.49532e-05	21063	0.249994	FALSE	NA	NA	NA	NA	NA	NA
NC_045512.2	10305	A	C	21060	1945	45	1	0	40	4.74766e-05	21063	0.875	FALSE	NA	NA	NA	NA	NA	NA
NC_045512.2	10306	T	C	21204	1946	45	3	0	29	0.000141463	21207	1	FALSE	NA	NA	NA	NA	NA	NA
NC_045512.2	10307	T	C	21190	1942	45	1	0	40	4.71898e-05	21191	0.875018	FALSE	NA	NA	NA	NA	NA	NA
NC_045512.2	10309	T	C	21324	2023	45	3	0	34	0.000140667	21327	0.999982	FALSE	NA	NA	NA	NA	NA	NA
NC_045512.2	10310	G	A	21421	2033	45	1	0	40	4.6681e-05	21422	0.875018	FALSE	NA	NA	NA	NA	NA	NA
NC_045512.2	10311	T	C	21548	2051	45	4	0	36	0.000185598	21552	0.999922	FALSE	NA	NA	NA	NA	NA	NA
NC_045512.2	10312	A	C	21360	2065	43	6	0	26	0.00028082	21366	1	FALSE	NA	NA	NA	NA	NA	NA
NC_045512.2	10314	T	G	21804	2069	45	1	0	40	4.58568e-05	21807	0.875	FALSE	NA	NA	NA	NA	NA	NA
NC_045512.2	10314	T	C	21804	2069	45	2	0	40	9.17137e-05	21807	0.687509	FALSE	NA	NA	NA	NA	NA	NA
NC_045512.2	10315	T	C	21823	2067	45	1	0	40	4.58211e-05	21824	0.875017	FALSE	NA	NA	NA	NA	NA	NA
NC_045512.2	10316	A	G	21636	2109	45	2	0	40	9.24044e-05	21644	0.687422	FALSE	NA	NA	NA	NA	NA	NA
NC_045512.2	10316	A	C	21636	2109	45	6	0	24	0.000277213	21644	1	FALSE	NA	NA	NA	NA	NA	NA
NC_045512.2	10317	A	G	22133	2116	45	4	0	42	0.000180685	22138	0.343739	FALSE	NA	NA	NA	NA	NA	NA
NC_045512.2	10317	A	C	22133	2116	45	1	0	40	4.51712e-05	22138	0.874983	FALSE	NA	NA	NA	NA	NA	NA
NC_045512.2	10318	G	T	23033	2149	45	1	0	24	4.34103e-05	23036	1	FALSE	NA	NA	NA	NA	NA	NA
NC_045512.2	10318	G	C	23033	2149	45	2	0	36	8.68206e-05	23036	0.999999	FALSE	NA	NA	NA	NA	NA	NA
NC_045512.2	10319	C	-T	23119	2456	46	2	0	20	8.65089e-05	23119	1	FALSE	NA	NA	NA	NA	NA	NA
NC_045512.2	10320	T	C	23089	2453	46	1	1	80	4.33088e-05	23090	0.499989	FALSE	NA	NA	NA	NA	NA	NA
NC_045512.2	10322	A	C	22854	2465	45	6	0	29	0.000262467	22860	1	FALSE	NA	NA	NA	NA	NA	NA
NC_045512.2	10323	A	G	22980	2458	46	7	1	43	0.000304401	22996	0.0897367	FALSE	NA	NA	NA	NA	NA	NA
NC_045512.2	10323	A	C	22980	2458	46	9	0	24	0.000391372	22996	1	FALSE	NA	NA	NA	NA	NA	NA
NC_045512.2	10326	T	C	24102	2686	47	1	0	40	4.14886e-05	24103	0.875016	FALSE	NA	NA	NA	NA	NA	NA
NC_045512.2	10327	T	C	24118	2690	47	1	0	40	4.14611e-05	24119	0.875016	FALSE	NA	NA	NA	NA	NA	NA
NC_045512.2	10329	A	G	24286	2718	47	2	1	40	8.23249e-05	24294	0.687431	FALSE	NA	NA	NA	NA	NA	NA
NC_045512.2	10329	A	C	24286	2718	47	6	0	30	0.000246975	24294	0.999838	FALSE	NA	NA	NA	NA	NA	NA
NC_045512.2	10330	T	C	24440	2794	47	1	0	40	4.09149e-05	24441	0.875015	FALSE	NA	NA	NA	NA	NA	NA
NC_045512.2	10331	A	G	24345	2797	47	5	0	33	0.000205305	24354	0.999948	FALSE	NA	NA	NA	NA	NA	NA
NC_045512.2	10331	A	C	24345	2797	47	4	1	30	0.000164244	24354	0.999986	FALSE	NA	NA	NA	NA	NA	NA
NC_045512.2	10332	C	T	24550	2799	47	4	0	40	0.0001629	24555	0.34374	FALSE	NA	NA	NA	NA	NA	NA
NC_045512.2	10332	C	G	24550	2799	47	1	0	40	4.07249e-05	24555	0.874985	FALSE	NA	NA	NA	NA	NA	NA
NC_045512.2	10333	A	G	24625	2806	47	4	2	56	0.000162404	24630	0.0624924	FALSE	NA	NA	NA	NA	NA	NA
NC_045512.2	10333	A	C	24625	2806	47	1	0	24	4.06009e-05	24630	1	FALSE	NA	NA	NA	NA	NA	NA
NC_045512.2	10334	G	C	24849	2815	47	2	0	28	8.04797e-05	24851	1	FALSE	NA	NA	NA	NA	NA	NA
NC_045512.2	10335	C	T	24870	3262	49	5	0	48	0.000200997	24876	0.226546	FALSE	NA	NA	NA	NA	NA	NA
NC_045512.2	10335	C	G	24870	3262	49	1	0	40	4.01994e-05	24876	0.874977	FALSE	NA	NA	NA	NA	NA	NA
NC_045512.2	10336	C	A	24722	3264	48	3	0	24	0.000121335	24725	1	FALSE	NA	NA	NA	NA	NA	NA
NC_045512.2	10337	A	G	24743	3272	48	3	0	29	0.000121217	24749	1	FALSE	NA	NA	NA	NA	NA	NA
NC_045512.2	10337	A	C	24743	3272	48	3	0	29	0.000121217	24749	1	FALSE	NA	NA	NA	NA	NA	NA
NC_045512.2	10338	A	G	25054	3307	48	1	0	40	3.99058e-05	25059	0.874985	FALSE	NA	NA	NA	NA	NA	NA
NC_045512.2	10338	A	C	25054	3307	48	4	0	24	0.000159623	25059	1	FALSE	NA	NA	NA	NA	NA	NA
NC_045512.2	10339	T	C	26272	3418	48	6	2	34	0.000228328	26278	0.999944	FALSE	NA	NA	NA	NA	NA	NA
NC_045512.2	10340	C	G	26286	3501	49	1	0	40	3.80387e-05	26289	0.875	FALSE	NA	NA	NA	NA	NA	NA
NC_045512.2	10340	C	A	26286	3501	49	2	0	24	7.60774e-05	26289	1	FALSE	NA	NA	NA	NA	NA	NA
NC_045512.2	10341	C	A	26245	3526	49	3	0	29	0.000114294	26248	1	FALSE	NA	NA	NA	NA	NA	NA
NC_045512.2	10343	A	C	26136	3549	48	6	0	24	0.000229516	26142	1	FALSE	NA	NA	NA	NA	NA	NA
NC_045512.2	10344	A	G	26201	3548	49	3	1	53	0.000114447	26213	0.124936	FALSE	NA	NA	NA	NA	NA	NA
NC_045512.2	10344	A	C	26201	3548	49	9	0	25	0.000343341	26213	1	FALSE	NA	NA	NA	NA	NA	NA
NC_045512.2	10345	G	T	26310	3541	49	1	1	32	3.80069e-05	26311	1	FALSE	NA	NA	NA	NA	NA	NA
NC_045512.2	10346	A	G	26279	3840	50	1	0	40	3.80489e-05	26282	0.875	FALSE	NA	NA	NA	NA	NA	NA
NC_045512.2	10346	A	C	26279	3840	50	2	0	32	7.60977e-05	26282	1	FALSE	NA	NA	NA	NA	NA	NA
NC_045512.2	10347	C	T	26440	3912	50	2	0	32	7.56287e-05	26445	1	FALSE	NA	NA	NA	NA	NA	NA
NC_045512.2	10347	C	G	26440	3912	50	2	2	40	7.56287e-05	26445	0.687479	FALSE	NA	NA	NA	NA	NA	NA
NC_045512.2	10347	C	A	26440	3912	50	1	0	24	3.78143e-05	26445	1	FALSE	NA	NA	NA	NA	NA	NA
NC_045512.2	10348	A	G	26417	3920	50	2	0	52	7.57002e-05	26420	0.249995	FALSE	NA	NA	NA	NA	NA	NA
NC_045512.2	10348	A	C	26417	3920	50	1	0	24	3.78501e-05	26420	1	FALSE	NA	NA	NA	NA	NA	NA
NC_045512.2	10349	C	A	26791	3999	50	5	3	28	0.000186595	26796	1	FALSE	NA	NA	NA	NA	NA	NA
NC_045512.2	10350	C	-T	26842	4005	50	1	0	20	3.7255e-05	26842	1	FALSE	NA	NA	NA	NA	NA	NA
NC_045512.2	10351	T	C	26850	3990	50	2	1	40	7.44823e-05	26852	0.687507	FALSE	NA	NA	NA	NA	NA	NA
NC_045512.2	10351	T	-A	26850	3990	50	2	0	20	7.44796e-05	26853	1	FALSE	NA	NA	NA	NA	NA	NA
NC_045512.2	10352	A	G	27016	4169	49	4	0	36	0.000147978	27031	0.999998	FALSE	NA	NA	NA	NA	NA	NA
NC_045512.2	10352	A	C	27016	4169	49	11	0	28	0.00040694	27031	1	FALSE	NA	NA	NA	NA	NA	NA
NC_045512.2	10353	A	G	27053	4163	50	6	0	40	0.00022168	27066	0.14444	FALSE	NA	NA	NA	NA	NA	NA
NC_045512.2	10353	A	C	27053	4163	50	7	0	29	0.000258627	27066	1	FALSE	NA	NA	NA	NA	NA	NA
NC_045512.2	10355	T	C	28406	4259	50	3	0	34	0.0001056	28409	1	FALSE	NA	NA	NA	NA	NA	NA
NC_045512.2	10356	A	G	28303	4259	50	2	0	40	7.06564e-05	28306	0.687507	FALSE	NA	NA	NA	NA	NA	NA
NC_045512.2	10356	A	C	28303	4259	50	1	0	40	3.53282e-05	28306	0.875	FALSE	NA	NA	NA	NA	NA	NA
NC_045512.2	10358	A	G	28235	4547	51	1	0	40	3.54108e-05	28240	0.874987	FALSE	NA	NA	NA	NA	NA	NA
NC_045512.2	10358	A	C	28235	4547	51	4	0	28	0.000141643	28240	1	FALSE	NA	NA	NA	NA	NA	NA
NC_045512.2	10359	A	G	28221	4548	50	1	0	40	3.54271e-05	28227	0.87498	FALSE	NA	NA	NA	NA	NA	NA
NC_045512.2	10359	A	C	28221	4548	50	5	0	27	0.000177135	28227	1	FALSE	NA	NA	NA	NA	NA	NA
NC_045512.2	10361	T	G	28258	4718	51	1	1	24	3.5387e-05	28259	1	FALSE	NA	NA	NA	NA	NA	NA
NC_045512.2	10362	T	C	28282	4740	52	3	1	41	0.000106063	28285	0.500017	FALSE	NA	NA	NA	NA	NA	NA
NC_045512.2	10363	T	C	28029	4638	52	4	0	42	0.000142689	28033	0.343758	FALSE	NA	NA	NA	NA	NA	NA
NC_045512.2	10364	G	T	27997	4644	52	1	0	40	3.57156e-05	27999	0.875007	FALSE	NA	NA	NA	NA	NA	NA
NC_045512.2	10364	G	A	27997	4644	52	1	0	24	3.57156e-05	27999	1	FALSE	NA	NA	NA	NA	NA	NA
NC_045512.2	10365	T	C	27999	4682	52	2	0	40	7.1426e-05	28001	0.68752	FALSE	NA	NA	NA	NA	NA	NA
NC_045512.2	10366	T	G	28024	4677	52	2	2	36	7.13496e-05	28031	1	FALSE	NA	NA	NA	NA	NA	NA
NC_045512.2	10366	T	C	28024	4677	52	4	1	56	0.000142699	28031	0.0624844	FALSE	NA	NA	NA	NA	NA	NA
NC_045512.2	10366	T	A	28024	4677	52	1	0	40	3.56748e-05	28031	0.874973	FALSE	NA	NA	NA	NA	NA	NA
NC_045512.2	10367	C	T	28009	4921	53	2	0	32	7.13954e-05	28013	1	FALSE	NA	NA	NA	NA	NA	NA
NC_045512.2	10367	C	G	28009	4921	53	1	0	24	3.56977e-05	28013	1	FALSE	NA	NA	NA	NA	NA	NA
NC_045512.2	10367	C	A	28009	4921	53	1	0	24	3.56977e-05	28013	1	FALSE	NA	NA	NA	NA	NA	NA
NC_045512.2	10368	G	T	27948	4903	53	1	0	24	3.57667e-05	27959	1	FALSE	NA	NA	NA	NA	NA	NA
NC_045512.2	10368	G	C	27948	4903	53	3	0	37	0.0001073	27959	1	FALSE	NA	NA	NA	NA	NA	NA
NC_045512.2	10368	G	A	27948	4903	53	7	2	51	0.000250367	27959	0.00780663	TRUE	NA	NA	NA	NA	NA	NA
NC_045512.2	10369	C	T	28330	6395	57	1	0	40	3.5297e-05	28331	0.875013	FALSE	NA	NA	NA	NA	NA	NA
NC_045512.2	10370	A	T	28058	6426	56	1	1	80	3.56303e-05	28066	0.499947	FALSE	NA	NA	NA	NA	NA	NA
NC_045512.2	10370	A	G	28058	6426	56	3	1	50	0.000106891	28066	0.124967	FALSE	NA	NA	NA	NA	NA	NA
NC_045512.2	10370	A	C	28058	6426	56	4	0	24	0.000142521	28066	1	FALSE	NA	NA	NA	NA	NA	NA
NC_045512.2	10371	T	C	28311	6514	57	8	0	53	0.000282476	28321	0.00390377	TRUE	NA	NA	NA	NA	NA	NA
NC_045512.2	10371	T	A	28311	6514	57	2	2	60	7.0619e-05	28321	0.249934	FALSE	NA	NA	NA	NA	NA	NA
NC_045512.2	10372	T	C	28297	6537	57	1	0	40	3.53382e-05	28298	0.875013	FALSE	NA	NA	NA	NA	NA	NA
NC_045512.2	10374	A	G	28446	6654	57	2	0	72	7.02988e-05	28450	0.249987	FALSE	NA	NA	NA	NA	NA	NA
NC_045512.2	10374	A	C	28446	6654	57	2	0	24	7.02988e-05	28450	1	FALSE	NA	NA	NA	NA	NA	NA
NC_045512.2	10375	A	G	28347	6673	56	3	1	53	0.000105805	28354	0.124974	FALSE	NA	NA	NA	NA	NA	NA
NC_045512.2	10375	A	C	28347	6673	56	4	0	24	0.000141074	28354	1	FALSE	NA	NA	NA	NA	NA	NA
NC_045512.2	10376	C	A	27628	6793	53	29	0	27	0.00104856	27657	1	FALSE	NA	NA	NA	NA	NA	NA
NC_045512.2	10377	C	T	28468	6745	57	1	0	40	3.51259e-05	28469	0.875013	FALSE	NA	NA	NA	NA	NA	NA
NC_045512.2	10378	A	G	28241	6687	57	4	0	40	0.000141608	28247	0.343725	FALSE	NA	NA	NA	NA	NA	NA
NC_045512.2	10378	A	C	28241	6687	57	2	1	36	7.0804e-05	28247	1	FALSE	NA	NA	NA	NA	NA	NA
NC_045512.2	10379	G	A	28695	6761	56	3	0	29	0.000104537	28698	1	FALSE	NA	NA	NA	NA	NA	NA
NC_045512.2	10380	G	T	28571	6846	55	3	3	34	0.000104987	28575	1	FALSE	NA	NA	NA	NA	NA	NA
NC_045512.2	10380	G	C	28571	6846	55	1	0	24	3.49956e-05	28575	1	FALSE	NA	NA	NA	NA	NA	NA
NC_045512.2	10381	A	G	27896	7410	56	5	1	74	0.000179205	27901	0.0312472	FALSE	NA	NA	NA	NA	NA	NA
NC_045512.2	10383	A	G	27612	7430	56	2	1	36	7.24244e-05	27615	1	FALSE	NA	NA	NA	NA	NA	NA
NC_045512.2	10383	A	C	27612	7430	56	1	0	24	3.62122e-05	27615	1	FALSE	NA	NA	NA	NA	NA	NA
NC_045512.2	10384	G	C	27790	7428	55	1	0	24	3.59816e-05	27792	1	FALSE	NA	NA	NA	NA	NA	NA
NC_045512.2	10384	G	A	27790	7428	55	1	0	24	3.59816e-05	27792	1	FALSE	NA	NA	NA	NA	NA	NA
NC_045512.2	10385	A	C	27788	7607	56	5	0	27	0.000179901	27793	1	FALSE	NA	NA	NA	NA	NA	NA
NC_045512.2	10386	C	G	27369	8040	55	1	0	32	3.65364e-05	27370	1	FALSE	NA	NA	NA	NA	NA	NA
NC_045512.2	10386	C	-T	27369	8040	55	4	0	20	0.000146145	27370	1	FALSE	NA	NA	NA	NA	NA	NA
NC_045512.2	10387	T	C	27345	8053	55	1	0	40	3.65684e-05	27346	0.874986	FALSE	NA	NA	NA	NA	NA	NA
NC_045512.2	10388	T	G	27268	7968	55	1	1	24	3.66676e-05	27272	1	FALSE	NA	NA	NA	NA	NA	NA
NC_045512.2	10388	T	C	27268	7968	55	3	2	42	0.000110003	27272	0.5	FALSE	NA	NA	NA	NA	NA	NA
NC_045512.2	10389	T	C	27298	8001	55	4	1	35	0.000146509	27302	0.999998	FALSE	NA	NA	NA	NA	NA	NA
NC_045512.2	10390	T	G	27296	7997	55	2	0	40	7.32547e-05	27302	0.687466	FALSE	NA	NA	NA	NA	NA	NA
NC_045512.2	10390	T	C	27296	7997	55	4	2	40	0.000146509	27302	0.343724	FALSE	NA	NA	NA	NA	NA	NA
NC_045512.2	10391	T	G	27341	8076	55	1	1	40	3.65644e-05	27349	0.874966	FALSE	NA	NA	NA	NA	NA	NA
NC_045512.2	10391	T	C	27341	8076	55	7	2	37	0.000255951	27349	0.999903	FALSE	NA	NA	NA	NA	NA	NA
NC_045512.2	10392	C	A	26358	8324	52	28	0	26	0.00106117	26386	1	FALSE	NA	NA	NA	NA	NA	NA
NC_045512.2	10393	A	G	26878	8241	55	3	0	34	0.000111595	26883	0.999999	FALSE	NA	NA	NA	NA	NA	NA
NC_045512.2	10393	A	C	26878	8241	55	2	0	24	7.43965e-05	26883	1	FALSE	NA	NA	NA	NA	NA	NA
NC_045512.2	10394	G	T	27420	8304	54	1	0	40	3.64671e-05	27422	0.875007	FALSE	NA	NA	NA	NA	NA	NA
NC_045512.2	10394	G	A	27420	8304	54	1	0	64	3.64671e-05	27422	0.5	FALSE	NA	NA	NA	NA	NA	NA
NC_045512.2	10395	T	G	27362	8635	55	1	1	40	3.65457e-05	27363	0.875014	FALSE	NA	NA	NA	NA	NA	NA
NC_045512.2	10395	T	-G	27362	8635	55	1	0	20	3.65457e-05	27363	1	FALSE	NA	NA	NA	NA	NA	NA
NC_045512.2	10396	G	A	27366	8646	55	1	0	40	3.65404e-05	27367	0.875014	FALSE	NA	NA	NA	NA	NA	NA
NC_045512.2	10396	G	-T	27366	8646	55	1	0	20	3.65404e-05	27367	1	FALSE	NA	NA	NA	NA	NA	NA
NC_045512.2	10397	T	C	27360	8690	55	3	1	40	0.000109637	27363	0.5	FALSE	NA	NA	NA	NA	NA	NA
NC_045512.2	10398	T	G	27392	8765	55	1	1	24	3.65043e-05	27394	1	FALSE	NA	NA	NA	NA	NA	NA
NC_045512.2	10398	T	C	27392	8765	55	1	0	40	3.65043e-05	27394	0.875007	FALSE	NA	NA	NA	NA	NA	NA
NC_045512.2	10399	A	G	27345	8814	55	3	3	53	0.000109697	27348	0.125	FALSE	NA	NA	NA	NA	NA	NA
NC_045512.2	10400	G	C	27495	8844	55	2	2	64	7.27326e-05	27498	0.249995	FALSE	NA	NA	NA	NA	NA	NA
NC_045512.2	10400	G	A	27495	8844	55	1	0	80	3.63663e-05	27498	0.499991	FALSE	NA	NA	NA	NA	NA	NA
NC_045512.2	10401	C	A	27262	9739	56	1	0	40	3.66797e-05	27263	0.875014	FALSE	NA	NA	NA	NA	NA	NA
NC_045512.2	10401	C	-T	27262	9739	56	1	0	20	3.66797e-05	27263	1	FALSE	NA	NA	NA	NA	NA	NA
NC_045512.2	10402	T	G	27282	9850	55	2	1	40	7.33003e-05	27285	0.687493	FALSE	NA	NA	NA	NA	NA	NA
NC_045512.2	10402	T	C	27282	9850	55	1	1	40	3.66502e-05	27285	0.874993	FALSE	NA	NA	NA	NA	NA	NA
NC_045512.2	10402	T	+C	27282	9850	55	1	0	20	3.66488e-05	27286	1	FALSE	NA	NA	NA	NA	NA	NA
NC_045512.2	10403	T	G	27230	10028	56	1	0	40	3.67202e-05	27233	0.875	FALSE	NA	NA	NA	NA	NA	NA
NC_045512.2	10403	T	C	27230	10028	56	2	1	40	7.34403e-05	27233	0.687507	FALSE	NA	NA	NA	NA	NA	NA
NC_045512.2	10404	G	T	27273	9994	56	1	1	24	3.6665e-05	27274	1	FALSE	NA	NA	NA	NA	NA	NA
NC_045512.2	10405	T	G	27481	10089	56	1	1	80	3.63835e-05	27485	0.499982	FALSE	NA	NA	NA	NA	NA	NA
NC_045512.2	10405	T	C	27481	10089	56	2	1	60	7.2767e-05	27485	0.249986	FALSE	NA	NA	NA	NA	NA	NA
NC_045512.2	10405	T	A	27481	10089	56	1	0	40	3.63835e-05	27485	0.874993	FALSE	NA	NA	NA	NA	NA	NA
NC_045512.2	10406	T	G	27329	10250	56	1	1	24	3.65872e-05	27332	1	FALSE	NA	NA	NA	NA	NA	NA
NC_045512.2	10406	T	C	27329	10250	56	2	1	60	7.31743e-05	27332	0.249995	FALSE	NA	NA	NA	NA	NA	NA
NC_045512.2	10407	A	T	26918	10746	56	1	1	40	3.71471e-05	26920	0.875007	FALSE	NA	NA	NA	NA	NA	NA
NC_045512.2	10407	A	G	26918	10746	56	1	1	36	3.71471e-05	26920	1	FALSE	NA	NA	NA	NA	NA	NA
NC_045512.2	10408	C	T	27026	11137	55	2	0	32	7.39891e-05	27031	1	FALSE	NA	NA	NA	NA	NA	NA
NC_045512.2	10408	C	G	27026	11137	55	1	1	40	3.69946e-05	27031	0.874986	FALSE	NA	NA	NA	NA	NA	NA
NC_045512.2	10408	C	A	27026	11137	55	2	0	24	7.39891e-05	27031	1	FALSE	NA	NA	NA	NA	NA	NA
NC_045512.2	10409	A	G	26988	11097	56	2	2	40	7.40905e-05	26994	0.687465	FALSE	NA	NA	NA	NA	NA	NA
NC_045512.2	10409	A	C	26988	11097	56	4	0	24	0.000148181	26994	1	FALSE	NA	NA	NA	NA	NA	NA
NC_045512.2	10410	A	C	27033	11128	56	6	0	24	0.000221902	27039	1	FALSE	NA	NA	NA	NA	NA	NA
NC_045512.2	10411	T	G	27177	11148	56	1	0	32	3.67918e-05	27180	1	FALSE	NA	NA	NA	NA	NA	NA
NC_045512.2	10411	T	C	27177	11148	56	2	2	38	7.35835e-05	27180	1	FALSE	NA	NA	NA	NA	NA	NA
NC_045512.2	10413	G	T	25982	12343	54	2	1	32	7.69704e-05	25984	1	FALSE	NA	NA	NA	NA	NA	NA
NC_045512.2	10413	G	-T	25982	12343	54	1	0	20	3.84852e-05	25984	1	FALSE	NA	NA	NA	NA	NA	NA
NC_045512.2	10414	T	G	25759	12361	54	1	1	24	3.88138e-05	25764	1	FALSE	NA	NA	NA	NA	NA	NA
NC_045512.2	10414	T	C	25759	12361	54	4	1	32	0.000155255	25764	0.999992	FALSE	NA	NA	NA	NA	NA	NA
NC_045512.2	10415	T	C	25836	12511	54	3	1	40	0.000116104	25839	0.500018	FALSE	NA	NA	NA	NA	NA	NA
NC_045512.2	10416	C	T	25418	12983	53	4	3	60	0.000157344	25422	0.0624975	FALSE	NA	NA	NA	NA	NA	NA
NC_045512.2	10417	A	G	25366	13036	53	2	1	32	7.88364e-05	25369	1	FALSE	NA	NA	NA	NA	NA	NA
NC_045512.2	10417	A	C	25366	13036	53	1	0	32	3.94182e-05	25369	1	FALSE	NA	NA	NA	NA	NA	NA
NC_045512.2	10418	C	T	25629	13249	53	1	1	24	3.90168e-05	25630	1	FALSE	NA	NA	NA	NA	NA	NA
NC_045512.2	10420	A	T	25615	13349	53	1	0	80	3.9032e-05	25620	0.499971	FALSE	NA	NA	NA	NA	NA	NA
NC_045512.2	10420	A	G	25615	13349	53	2	1	44	7.8064e-05	25620	0.687478	FALSE	NA	NA	NA	NA	NA	NA
NC_045512.2	10420	A	C	25615	13349	53	2	2	36	7.8064e-05	25620	1	FALSE	NA	NA	NA	NA	NA	NA
NC_045512.2	10421	T	C	25537	13328	53	1	1	40	3.91573e-05	25538	0.875015	FALSE	NA	NA	NA	NA	NA	NA
NC_045512.2	10422	C	A	25185	13728	53	1	1	24	3.97046e-05	25186	1	FALSE	NA	NA	NA	NA	NA	NA
NC_045512.2	10423	T	G	25212	13833	53	1	1	24	3.96605e-05	25214	1	FALSE	NA	NA	NA	NA	NA	NA
NC_045512.2	10423	T	A	25212	13833	53	1	0	80	3.96605e-05	25214	0.5	FALSE	NA	NA	NA	NA	NA	NA
NC_045512.2	10424	G	A	25278	13897	53	2	2	40	7.91139e-05	25280	0.687522	FALSE	NA	NA	NA	NA	NA	NA
NC_045512.2	10425	G	T	25430	13834	52	2	2	24	7.8638e-05	25433	1	FALSE	NA	NA	NA	NA	NA	NA
NC_045512.2	10425	G	A	25430	13834	52	1	1	80	3.9319e-05	25433	0.49999	FALSE	NA	NA	NA	NA	NA	NA
NC_045512.2	10426	T	G	25432	13881	53	1	1	24	3.9319e-05	25433	1	FALSE	NA	NA	NA	NA	NA	NA
NC_045512.2	10427	G	T	25170	14353	52	1	1	24	3.97235e-05	25174	1	FALSE	NA	NA	NA	NA	NA	NA
NC_045512.2	10427	G	A	25170	14353	52	3	3	48	0.000119171	25174	0.5	FALSE	NA	NA	NA	NA	NA	NA
NC_045512.2	10428	T	G	25324	14748	52	2	2	32	7.8964e-05	25328	1	FALSE	NA	NA	NA	NA	NA	NA
NC_045512.2	10428	T	C	25324	14748	52	2	1	72	7.8964e-05	25328	0.249985	FALSE	NA	NA	NA	NA	NA	NA
NC_045512.2	10429	T	C	25217	14637	52	4	2	50	0.000158598	25221	0.0624975	FALSE	NA	NA	NA	NA	NA	NA
NC_045512.2	10430	T	G	25231	14715	52	4	4	24	0.000158504	25236	1	FALSE	NA	NA	NA	NA	NA	NA
NC_045512.2	10430	T	C	25231	14715	52	1	0	52	3.96259e-05	25236	0.49997	FALSE	NA	NA	NA	NA	NA	NA
NC_045512.2	10431	A	G	25200	14902	50	1	1	40	3.96794e-05	25202	0.875007	FALSE	NA	NA	NA	NA	NA	NA
NC_045512.2	10431	A	C	25200	14902	50	1	0	24	3.96794e-05	25202	1	FALSE	NA	NA	NA	NA	NA	NA
NC_045512.2	10432	C	T	25514	15944	52	1	1	40	3.91926e-05	25515	0.875015	FALSE	NA	NA	NA	NA	NA	NA
NC_045512.2	10433	C	A	25452	16033	52	1	0	80	3.92881e-05	25453	0.50001	FALSE	NA	NA	NA	NA	NA	NA
NC_045512.2	10434	A	G	24942	15631	52	3	1	32	0.00012025	24948	0.999997	FALSE	NA	NA	NA	NA	NA	NA
NC_045512.2	10434	A	C	24942	15631	52	3	0	29	0.00012025	24948	1	FALSE	NA	NA	NA	NA	NA	NA
NC_045512.2	10435	A	G	24818	15741	52	4	1	40	0.000161147	24822	0.343759	FALSE	NA	NA	NA	NA	NA	NA
NC_045512.2	10436	T	G	24813	15762	52	3	3	26	0.00012088	24818	1	FALSE	NA	NA	NA	NA	NA	NA
NC_045512.2	10436	T	C	24813	15762	52	2	0	40	8.05867e-05	24818	0.687477	FALSE	NA	NA	NA	NA	NA	NA
NC_045512.2	10437	G	T	25024	15991	52	1	1	40	3.996e-05	25025	0.875015	FALSE	NA	NA	NA	NA	NA	NA
NC_045512.2	10438	T	G	26168	17947	53	2	2	24	7.64175e-05	26172	1	FALSE	NA	NA	NA	NA	NA	NA
NC_045512.2	10438	T	C	26168	17947	53	2	1	32	7.64175e-05	26172	1	FALSE	NA	NA	NA	NA	NA	NA
NC_045512.2	10440	C	T	26929	19187	54	1	1	40	3.71333e-05	26930	0.875014	FALSE	NA	NA	NA	NA	NA	NA
NC_045512.2	10441	T	G	26644	18909	54	2	2	24	7.50469e-05	26650	1	FALSE	NA	NA	NA	NA	NA	NA
NC_045512.2	10441	T	C	26644	18909	54	4	2	56	0.000150094	26650	0.0624883	FALSE	NA	NA	NA	NA	NA	NA
NC_045512.2	10442	A	G	26860	19121	54	1	0	40	3.72287e-05	26861	0.875014	FALSE	NA	NA	NA	NA	NA	NA
NC_045512.2	10443	T	G	26678	18915	54	6	6	24	0.000224845	26685	1	FALSE	NA	NA	NA	NA	NA	NA
NC_045512.2	10443	T	C	26678	18915	54	1	0	40	3.74742e-05	26685	0.874972	FALSE	NA	NA	NA	NA	NA	NA
NC_045512.2	10444	G	T	19732	11299	43	357	357	25	0.0177709	20089	1.05054e-11	TRUE	NA	NA	NA	NA	NA	NA
NC_045512.2	10445	A	G	26717	19104	54	2	2	44	7.48531e-05	26719	0.687521	FALSE	NA	NA	NA	NA	NA	NA
NC_045512.2	10446	G	T	26248	18621	53	11	11	25	0.000418904	26259	1	FALSE	NA	NA	NA	NA	NA	NA
NC_045512.2	10447	G	A	1	1	80	26381	18875	54	0.999962	26382	0	TRUE	NA	NA	NA	NA	NA	NA
NC_045512.2	10449	C	A	0	0	0	26180	19100	53	1	26180	0	TRUE	NA	NA	NA	NA	NA	NA
NC_045512.2	10450	C	T	26973	20124	54	1	1	40	3.70727e-05	26974	0.875014	FALSE	NA	NA	NA	NA	NA	NA
NC_045512.2	10451	A	C	26987	20174	54	2	0	24	7.41043e-05	26989	1	FALSE	NA	NA	NA	NA	NA	NA
NC_045512.2	10452	A	G	27954	21578	55	2	2	40	7.15384e-05	27957	0.687507	FALSE	NA	NA	NA	NA	NA	NA
NC_045512.2	10452	A	C	27954	21578	55	1	1	40	3.57692e-05	27957	0.875	FALSE	NA	NA	NA	NA	NA	NA
NC_045512.2	10453	T	C	27888	21518	55	1	1	40	3.58564e-05	27889	0.875013	FALSE	NA	NA	NA	NA	NA	NA
NC_045512.2	10454	T	G	28226	22204	55	5	5	28	0.000177091	28234	1	FALSE	NA	NA	NA	NA	NA	NA
NC_045512.2	10454	T	C	28226	22204	55	3	1	37	0.000106255	28234	1	FALSE	NA	NA	NA	NA	NA	NA
NC_045512.2	10455	T	G	28318	22356	55	2	2	24	7.0619e-05	28321	1	FALSE	NA	NA	NA	NA	NA	NA
NC_045512.2	10455	T	C	28318	22356	55	1	0	64	3.53095e-05	28321	0.499991	FALSE	NA	NA	NA	NA	NA	NA
NC_045512.2	10457	A	G	28409	22773	55	3	3	34	0.000105589	28412	1	FALSE	NA	NA	NA	NA	NA	NA
NC_045512.2	10458	C	T	28472	22923	53	1	0	80	3.51198e-05	28474	0.5	FALSE	NA	NA	NA	NA	NA	NA
NC_045512.2	10458	C	A	28472	22923	53	1	0	32	3.51198e-05	28474	1	FALSE	NA	NA	NA	NA	NA	NA
NC_045512.2	10459	T	G	28255	22619	54	3	3	29	0.000106157	28260	1	FALSE	NA	NA	NA	NA	NA	NA
NC_045512.2	10459	T	C	28255	22619	54	2	1	52	7.07714e-05	28260	0.249978	FALSE	NA	NA	NA	NA	NA	NA
NC_045512.2	10460	A	G	28505	22814	55	1	1	32	3.50791e-05	28507	1	FALSE	NA	NA	NA	NA	NA	NA
NC_045512.2	10460	A	C	28505	22814	55	1	0	32	3.50791e-05	28507	1	FALSE	NA	NA	NA	NA	NA	NA
NC_045512.2	10461	T	G	28360	22718	54	3	3	29	0.00010576	28366	1	FALSE	NA	NA	NA	NA	NA	NA
NC_045512.2	10461	T	C	28360	22718	54	3	3	34	0.00010576	28366	1	FALSE	NA	NA	NA	NA	NA	NA
NC_045512.2	10462	T	G	28248	22632	54	6	6	24	0.000212337	28257	1	FALSE	NA	NA	NA	NA	NA	NA
NC_045512.2	10462	T	C	28248	22632	54	3	2	52	0.000106168	28257	0.12496	FALSE	NA	NA	NA	NA	NA	NA
NC_045512.2	10463	A	G	28443	22926	54	3	1	45	0.000105463	28446	0.500016	FALSE	NA	NA	NA	NA	NA	NA
NC_045512.2	10464	A	G	28381	22914	54	1	0	80	3.52324e-05	28383	0.5	FALSE	NA	NA	NA	NA	NA	NA
NC_045512.2	10464	A	C	28381	22914	54	1	1	40	3.52324e-05	28383	0.875007	FALSE	NA	NA	NA	NA	NA	NA
NC_045512.2	10465	G	T	26605	20964	49	123	123	26	0.00460157	26730	1	FALSE	NA	NA	NA	NA	NA	NA
NC_045512.2	10465	G	C	26605	20964	49	1	1	80	3.74111e-05	26730	0.498847	FALSE	NA	NA	NA	NA	NA	NA
NC_045512.2	10465	G	A	26605	20964	49	1	1	40	3.74111e-05	26730	0.87414	FALSE	NA	NA	NA	NA	NA	NA
NC_045512.2	10466	G	T	28352	22843	54	3	3	32	0.000105794	28357	1	FALSE	NA	NA	NA	NA	NA	NA
NC_045512.2	10466	G	A	28352	22843	54	2	2	52	7.05293e-05	28357	0.249978	FALSE	NA	NA	NA	NA	NA	NA
NC_045512.2	10467	G	T	28403	22862	54	4	4	24	0.0001408	28409	1	FALSE	NA	NA	NA	NA	NA	NA
NC_045512.2	10467	G	A	28403	22862	54	2	1	52	7.04002e-05	28409	0.249969	FALSE	NA	NA	NA	NA	NA	NA
NC_045512.2	10468	T	C	28027	22722	54	1	1	40	3.56786e-05	28028	0.875013	FALSE	NA	NA	NA	NA	NA	NA
NC_045512.2	10469	T	G	27677	22791	53	3	3	29	0.00010837	27683	1	FALSE	NA	NA	NA	NA	NA	NA
NC_045512.2	10469	T	C	27677	22791	53	3	3	40	0.00010837	27683	0.499966	FALSE	NA	NA	NA	NA	NA	NA
NC_045512.2	10470	C	A	27753	22874	53	1	0	40	3.60308e-05	27754	0.875014	FALSE	NA	NA	NA	NA	NA	NA
NC_045512.2	10471	A	T	27762	22896	53	1	1	40	3.60153e-05	27766	0.874993	FALSE	NA	NA	NA	NA	NA	NA
NC_045512.2	10471	A	G	27762	22896	53	1	1	32	3.60153e-05	27766	1	FALSE	NA	NA	NA	NA	NA	NA
NC_045512.2	10471	A	C	27762	22896	53	2	0	32	7.20305e-05	27766	1	FALSE	NA	NA	NA	NA	NA	NA
NC_045512.2	10472	T	C	27765	22849	53	3	3	34	0.000108038	27768	1	FALSE	NA	NA	NA	NA	NA	NA
NC_045512.2	10473	T	G	27743	22832	53	2	2	32	7.20825e-05	27746	1	FALSE	NA	NA	NA	NA	NA	NA
NC_045512.2	10473	T	C	27743	22832	53	1	0	48	3.60412e-05	27746	0.875	FALSE	NA	NA	NA	NA	NA	NA
NC_045512.2	10474	C	T	27968	23381	52	1	0	40	3.57513e-05	27971	0.875	FALSE	NA	NA	NA	NA	NA	NA
NC_045512.2	10474	C	A	27968	23381	52	2	2	32	7.15026e-05	27971	1	FALSE	NA	NA	NA	NA	NA	NA
NC_045512.2	10475	C	T	27771	23213	51	2	2	40	7.20124e-05	27773	0.68752	FALSE	NA	NA	NA	NA	NA	NA
NC_045512.2	10476	T	G	27404	22842	52	7	7	29	0.000255353	27413	1	FALSE	NA	NA	NA	NA	NA	NA
NC_045512.2	10476	T	C	27404	22842	52	2	2	40	7.29581e-05	27413	0.687425	FALSE	NA	NA	NA	NA	NA	NA
NC_045512.2	10477	T	G	27416	22855	52	1	1	24	3.64724e-05	27418	1	FALSE	NA	NA	NA	NA	NA	NA
NC_045512.2	10477	T	C	27416	22855	52	1	1	40	3.64724e-05	27418	0.875007	FALSE	NA	NA	NA	NA	NA	NA
NC_045512.2	10478	A	T	27531	23002	52	1	0	80	3.63148e-05	27537	0.499964	FALSE	NA	NA	NA	NA	NA	NA
NC_045512.2	10478	A	G	27531	23002	52	4	3	32	0.000145259	27537	0.999998	FALSE	NA	NA	NA	NA	NA	NA
NC_045512.2	10478	A	C	27531	23002	52	1	0	32	3.63148e-05	27537	1	FALSE	NA	NA	NA	NA	NA	NA
NC_045512.2	10479	A	G	27494	23093	51	4	3	70	0.000145465	27498	0.0624977	FALSE	NA	NA	NA	NA	NA	NA
NC_045512.2	10480	T	G	27393	22981	51	4	4	30	0.000145996	27398	0.999998	FALSE	NA	NA	NA	NA	NA	NA
NC_045512.2	10480	T	C	27393	22981	51	1	1	40	3.6499e-05	27398	0.874986	FALSE	NA	NA	NA	NA	NA	NA
NC_045512.2	10480	T	+A	27393	22981	51	1	0	20	3.6499e-05	27398	1	FALSE	NA	NA	NA	NA	NA	NA
NC_045512.2	10481	G	A	27365	22962	52	1	0	80	3.65417e-05	27366	0.500009	FALSE	NA	NA	NA	NA	NA	NA
NC_045512.2	10482	G	A	27445	23027	52	2	2	40	7.28677e-05	27447	0.68752	FALSE	NA	NA	NA	NA	NA	NA
NC_045512.2	10483	T	G	26137	21852	51	5	4	35	0.000191248	26144	0.999983	FALSE	NA	NA	NA	NA	NA	NA
NC_045512.2	10483	T	C	26137	21852	51	2	2	36	7.64994e-05	26144	1	FALSE	NA	NA	NA	NA	NA	NA
NC_045512.2	10484	T	G	26247	22034	51	1	1	24	3.80923e-05	26252	1	FALSE	NA	NA	NA	NA	NA	NA
NC_045512.2	10484	T	C	26247	22034	51	4	4	46	0.000152369	26252	0.343741	FALSE	NA	NA	NA	NA	NA	NA
NC_045512.2	10485	C	T	26327	22188	51	1	1	40	3.79809e-05	26329	0.875007	FALSE	NA	NA	NA	NA	NA	NA
NC_045512.2	10485	C	A	26327	22188	51	1	1	24	3.79809e-05	26329	1	FALSE	NA	NA	NA	NA	NA	NA
NC_045512.2	10486	A	G	26344	22210	51	3	2	37	0.000113865	26347	0.999999	FALSE	NA	NA	NA	NA	NA	NA
NC_045512.2	10487	T	G	26235	22096	51	4	4	26	0.000152433	26241	1	FALSE	NA	NA	NA	NA	NA	NA
NC_045512.2	10487	T	C	26235	22096	51	2	2	40	7.62166e-05	26241	0.687464	FALSE	NA	NA	NA	NA	NA	NA
NC_045512.2	10488	G	T	25538	21365	48	22	22	25	0.000860686	25561	1	FALSE	NA	NA	NA	NA	NA	NA
NC_045512.2	10488	G	A	25538	21365	48	1	1	40	3.91221e-05	25561	0.874853	FALSE	NA	NA	NA	NA	NA	NA
NC_045512.2	10489	T	G	26160	22176	51	7	7	29	0.000267472	26171	1	FALSE	NA	NA	NA	NA	NA	NA
NC_045512.2	10489	T	C	26160	22176	51	3	3	34	0.000114631	26171	0.999999	FALSE	NA	NA	NA	NA	NA	NA
NC_045512.2	10489	T	A	26160	22176	51	1	1	40	3.82102e-05	26171	0.874943	FALSE	NA	NA	NA	NA	NA	NA
NC_045512.2	10489	T	-G	26160	22176	51	1	0	20	3.82102e-05	26171	1	FALSE	NA	NA	NA	NA	NA	NA
NC_045512.2	10490	G	C	26093	22606	50	2	2	32	7.66372e-05	26097	1	FALSE	NA	NA	NA	NA	NA	NA
NC_045512.2	10490	G	A	26093	22606	50	2	2	32	7.66372e-05	26097	1	FALSE	NA	NA	NA	NA	NA	NA
NC_045512.2	10491	G	T	24364	20847	45	70	70	25	0.00286486	24434	1	FALSE	NA	NA	NA	NA	NA	NA
NC_045512.2	10492	T	G	25753	22289	49	4	4	28	0.000155298	25757	1	FALSE	NA	NA	NA	NA	NA	NA
NC_045512.2	10493	A	G	25881	22449	49	1	1	40	3.86369e-05	25882	0.875014	FALSE	NA	NA	NA	NA	NA	NA
NC_045512.2	10494	G	T	25763	22325	49	2	2	24	7.76247e-05	25765	1	FALSE	NA	NA	NA	NA	NA	NA
NC_045512.2	10495	T	G	25244	21840	50	2	2	24	7.92205e-05	25246	1	FALSE	NA	NA	NA	NA	NA	NA
NC_045512.2	10496	G	T	25334	21932	50	1	1	24	3.94664e-05	25338	1	FALSE	NA	NA	NA	NA	NA	NA
NC_045512.2	10496	G	A	25334	21932	50	3	2	61	0.000118399	25338	0.124993	FALSE	NA	NA	NA	NA	NA	NA
NC_045512.2	10497	T	G	24997	21609	49	3	3	24	0.00012	25000	1	FALSE	NA	NA	NA	NA	NA	NA
NC_045512.2	10498	T	G	24879	21541	49	5	5	27	0.000200908	24887	1	FALSE	NA	NA	NA	NA	NA	NA
NC_045512.2	10498	T	C	24879	21541	49	3	3	48	0.000120545	24887	0.499925	FALSE	NA	NA	NA	NA	NA	NA
NC_045512.2	10499	G	T	25034	21702	50	1	1	24	3.99441e-05	25035	1	FALSE	NA	NA	NA	NA	NA	NA
NC_045512.2	10499	G	-GT	25034	21702	50	4	0	20	0.000159776	25035	1	FALSE	NA	NA	NA	NA	NA	NA
NC_045512.2	10500	G	T	24732	21575	48	2	2	24	8.08604e-05	24734	1	FALSE	NA	NA	NA	NA	NA	NA
NC_045512.2	10500	G	-TT	24732	21575	48	3	0	20	0.000121286	24735	1	FALSE	NA	NA	NA	NA	NA	NA
NC_045512.2	10501	T	G	24734	21582	49	4	4	32	0.000161681	24740	0.999986	FALSE	NA	NA	NA	NA	NA	NA
NC_045512.2	10501	T	C	24734	21582	49	2	1	60	8.08407e-05	24740	0.249934	FALSE	NA	NA	NA	NA	NA	NA
NC_045512.2	10502	T	G	24694	21541	49	3	3	24	0.000121462	24699	1	FALSE	NA	NA	NA	NA	NA	NA
NC_045512.2	10502	T	C	24694	21541	49	2	2	32	8.09749e-05	24699	1	FALSE	NA	NA	NA	NA	NA	NA
NC_045512.2	10503	T	G	24375	21408	48	4	4	26	0.000164069	24380	1	FALSE	NA	NA	NA	NA	NA	NA
NC_045512.2	10503	T	C	24375	21408	48	1	1	40	4.10172e-05	24380	0.874985	FALSE	NA	NA	NA	NA	NA	NA
NC_045512.2	10503	T	-TA	24375	21408	48	3336	0	20	0.136833	24380	0	TRUE	NA	NA	NA	NA	NA	NA
NC_045512.2	10504	T	G	20957	18388	48	3	3	29	0.000142254	21089	1	FALSE	NA	NA	NA	NA	NA	NA
NC_045512.2	10504	T	C	20957	18388	48	2	2	40	9.48362e-05	21089	0.626594	FALSE	NA	NA	NA	NA	NA	NA
NC_045512.2	10504	T	A	20957	18388	48	127	1	36	0.0060221	21089	4.54346e-22	TRUE	NA	NA	NA	NA	NA	NA
NC_045512.2	10505	A	T	21041	18934	47	3	3	40	0.000142531	21048	0.429506	FALSE	NA	NA	NA	NA	NA	NA
NC_045512.2	10505	A	G	21041	18934	47	2	1	60	9.50209e-05	21048	0.213669	FALSE	NA	NA	NA	NA	NA	NA
NC_045512.2	10505	A	C	21041	18934	47	2	1	28	9.50209e-05	21048	1	FALSE	NA	NA	NA	NA	NA	NA
NC_045512.2	10506	A	G	24416	21981	47	7	7	27	0.000286556	24428	1	FALSE	NA	NA	NA	NA	NA	NA
NC_045512.2	10506	A	C	24416	21981	47	5	5	36	0.000204683	24428	0.999948	FALSE	NA	NA	NA	NA	NA	NA
NC_045512.2	10507	C	A	24440	22008	47	1	0	32	4.09149e-05	24441	1	FALSE	NA	NA	NA	NA	NA	NA
NC_045512.2	10508	A	G	24290	21863	47	7	7	35	0.000288078	24299	0.999562	FALSE	NA	NA	NA	NA	NA	NA
NC_045512.2	10508	A	C	24290	21863	47	2	2	32	8.23079e-05	24299	1	FALSE	NA	NA	NA	NA	NA	NA
NC_045512.2	10509	T	G	23973	21548	45	2	2	24	8.34098e-05	23978	1	FALSE	NA	NA	NA	NA	NA	NA
NC_045512.2	10509	T	C	23973	21548	45	3	3	40	0.000125115	23978	0.49998	FALSE	NA	NA	NA	NA	NA	NA
NC_045512.2	10510	A	G	23328	20974	47	1	1	40	4.28651e-05	23329	0.875016	FALSE	NA	NA	NA	NA	NA	NA
NC_045512.2	10511	G	T	23371	21011	47	1	0	80	4.27826e-05	23374	0.499989	FALSE	NA	NA	NA	NA	NA	NA
NC_045512.2	10511	G	A	23371	21011	47	2	2	40	8.55652e-05	23374	0.687508	FALSE	NA	NA	NA	NA	NA	NA
NC_045512.2	10512	A	G	23322	20969	47	2	2	44	8.57486e-05	23324	0.687524	FALSE	NA	NA	NA	NA	NA	NA
NC_045512.2	10512	A	-T	23322	20969	47	1	0	20	4.28743e-05	23324	1	FALSE	NA	NA	NA	NA	NA	NA
NC_045512.2	10513	T	G	23219	20864	47	1	1	24	4.30608e-05	23223	1	FALSE	NA	NA	NA	NA	NA	NA
NC_045512.2	10513	T	C	23219	20864	47	3	3	34	0.000129182	23223	0.999995	FALSE	NA	NA	NA	NA	NA	NA
NC_045512.2	10514	T	G	23120	20767	47	8	8	26	0.000345856	23131	1	FALSE	NA	NA	NA	NA	NA	NA
NC_045512.2	10514	T	C	23120	20767	47	3	3	29	0.000129696	23131	1	FALSE	NA	NA	NA	NA	NA	NA
NC_045512.2	10515	A	T	23148	20816	47	1	1	24	4.31984e-05	23149	1	FALSE	NA	NA	NA	NA	NA	NA
NC_045512.2	10516	T	G	22942	20604	46	1	1	24	4.35825e-05	22945	1	FALSE	NA	NA	NA	NA	NA	NA
NC_045512.2	10516	T	C	22942	20604	46	2	2	40	8.7165e-05	22945	0.687508	FALSE	NA	NA	NA	NA	NA	NA
NC_045512.2	10517	G	T	22976	20635	47	3	3	29	0.000130543	22981	1	FALSE	NA	NA	NA	NA	NA	NA
NC_045512.2	10517	G	A	22976	20635	47	2	2	40	8.70284e-05	22981	0.687476	FALSE	NA	NA	NA	NA	NA	NA
NC_045512.2	10518	A	G	23083	20751	47	4	4	36	0.000173258	23087	0.999976	FALSE	NA	NA	NA	NA	NA	NA
NC_045512.2	10518	A	+C	23083	20751	47	2	0	20	8.66288e-05	23087	1	FALSE	NA	NA	NA	NA	NA	NA
NC_045512.2	10519	C	T	23077	20863	46	3	3	40	0.000129983	23080	0.50002	FALSE	NA	NA	NA	NA	NA	NA
NC_045512.2	10520	T	G	19376	17309	47	3	3	24	0.000154799	19380	1	FALSE	NA	NA	NA	NA	NA	NA
NC_045512.2	10520	T	C	19376	17309	47	1	1	40	5.15996e-05	19380	0.749981	FALSE	NA	NA	NA	NA	NA	NA
NC_045512.2	10521	G	T	19419	17355	47	1	1	24	5.14907e-05	19421	1	FALSE	NA	NA	NA	NA	NA	NA
NC_045512.2	10521	G	C	19419	17355	47	1	1	24	5.14907e-05	19421	1	FALSE	NA	NA	NA	NA	NA	NA
NC_045512.2	10522	T	G	19119	17065	47	2	2	40	0.00010457	19126	0.499922	FALSE	NA	NA	NA	NA	NA	NA
NC_045512.2	10522	T	C	19119	17065	47	5	5	41	0.000261424	19126	0.109344	FALSE	NA	NA	NA	NA	NA	NA
NC_045512.2	10523	G	C	19121	17067	47	2	1	56	0.000104586	19123	0.250007	FALSE	NA	NA	NA	NA	NA	NA
NC_045512.2	10524	T	G	19020	16983	47	1	1	40	5.25652e-05	19024	0.74998	FALSE	NA	NA	NA	NA	NA	NA
NC_045512.2	10524	T	C	19020	16983	47	3	3	34	0.000157696	19024	0.99994	FALSE	NA	NA	NA	NA	NA	NA
NC_045512.2	10526	T	C	19083	17157	47	3	2	53	0.000157183	19086	0.125	FALSE	NA	NA	NA	NA	NA	NA
NC_045512.2	10527	C	A	19091	17231	45	1	0	40	5.2378e-05	19092	0.75002	FALSE	NA	NA	NA	NA	NA	NA
NC_045512.2	10528	T	G	18901	16979	47	1	1	24	5.29017e-05	18903	1	FALSE	NA	NA	NA	NA	NA	NA
NC_045512.2	10528	T	C	18901	16979	47	1	1	24	5.29017e-05	18903	1	FALSE	NA	NA	NA	NA	NA	NA
NC_045512.2	10529	T	G	18890	16968	47	1	1	24	5.29325e-05	18892	1	FALSE	NA	NA	NA	NA	NA	NA
NC_045512.2	10529	T	C	18890	16968	47	1	1	40	5.29325e-05	18892	0.750007	FALSE	NA	NA	NA	NA	NA	NA
NC_045512.2	10530	T	G	18708	16951	46	2	2	24	0.000106895	18710	1	FALSE	NA	NA	NA	NA	NA	NA
NC_045512.2	10531	T	G	18694	16937	46	3	3	24	0.000160445	18698	1	FALSE	NA	NA	NA	NA	NA	NA
NC_045512.2	10531	T	C	18694	16937	46	1	1	40	5.34817e-05	18698	0.74998	FALSE	NA	NA	NA	NA	NA	NA
NC_045512.2	10532	T	G	18631	16900	46	2	2	40	0.000107336	18633	0.50002	FALSE	NA	NA	NA	NA	NA	NA
NC_045512.2	10533	G	A	18659	16929	46	1	1	40	5.35906e-05	18660	0.75002	FALSE	NA	NA	NA	NA	NA	NA
NC_045512.2	10534	T	G	18502	16779	46	1	1	24	5.40365e-05	18506	1	FALSE	NA	NA	NA	NA	NA	NA
NC_045512.2	10534	T	C	18502	16779	46	3	3	42	0.00016211	18506	0.31249	FALSE	NA	NA	NA	NA	NA	NA
NC_045512.2	10535	T	G	18494	16829	46	6	6	28	0.000324289	18502	1	FALSE	NA	NA	NA	NA	NA	NA
NC_045512.2	10535	T	C	18494	16829	46	2	1	60	0.000108096	18502	0.249926	FALSE	NA	NA	NA	NA	NA	NA
NC_045512.2	10536	A	G	18509	16864	46	5	3	44	0.000270066	18514	0.109369	FALSE	NA	NA	NA	NA	NA	NA
NC_045512.2	10538	A	G	18454	16844	46	3	3	29	0.000162496	18462	1	FALSE	NA	NA	NA	NA	NA	NA
NC_045512.2	10538	A	C	18454	16844	46	5	5	33	0.000270827	18462	0.998703	FALSE	NA	NA	NA	NA	NA	NA
NC_045512.2	10539	T	G	18371	16777	46	2	2	40	0.000108844	18375	0.49998	FALSE	NA	NA	NA	NA	NA	NA
NC_045512.2	10539	T	C	18371	16777	46	2	2	40	0.000108844	18375	0.49998	FALSE	NA	NA	NA	NA	NA	NA
NC_045512.2	10540	G	C	18422	16839	46	1	1	32	5.4277e-05	18424	0.999998	FALSE	NA	NA	NA	NA	NA	NA
NC_045512.2	10540	G	A	18422	16839	46	1	1	24	5.4277e-05	18424	1	FALSE	NA	NA	NA	NA	NA	NA
NC_045512.2	10541	C	T	18400	16820	46	2	2	32	0.000108678	18403	0.99998	FALSE	NA	NA	NA	NA	NA	NA
NC_045512.2	10541	C	G	18400	16820	46	1	1	40	5.4339e-05	18403	0.749993	FALSE	NA	NA	NA	NA	NA	NA
NC_045512.2	10542	A	G	18292	16733	45	3	2	48	0.000163979	18295	0.31251	FALSE	NA	NA	NA	NA	NA	NA
NC_045512.2	10543	C	T	18274	16702	46	1	1	40	5.47196e-05	18275	0.750021	FALSE	NA	NA	NA	NA	NA	NA
NC_045512.2	10544	C	A	17924	16522	45	1	1	40	5.5788e-05	17925	0.750021	FALSE	NA	NA	NA	NA	NA	NA
NC_045512.2	10545	A	G	17822	16427	45	2	2	32	0.000112196	17826	0.999962	FALSE	NA	NA	NA	NA	NA	NA
NC_045512.2	10545	A	C	17822	16427	45	2	2	24	0.000112196	17826	1	FALSE	NA	NA	NA	NA	NA	NA
NC_045512.2	10546	T	G	17720	16323	45	2	2	24	0.000112848	17723	1	FALSE	NA	NA	NA	NA	NA	NA
NC_045512.2	10546	T	A	17720	16323	45	1	1	40	5.64239e-05	17723	0.749993	FALSE	NA	NA	NA	NA	NA	NA
NC_045512.2	10547	A	C	17688	16340	45	1	1	24	5.65323e-05	17689	1	FALSE	NA	NA	NA	NA	NA	NA
NC_045512.2	10548	T	G	17581	16231	45	1	1	24	5.68764e-05	17582	1	FALSE	NA	NA	NA	NA	NA	NA
NC_045512.2	10549	G	T	17460	16119	45	1	1	24	5.72705e-05	17461	1	FALSE	NA	NA	NA	NA	NA	NA
NC_045512.2	10550	G	T	17394	16065	45	1	1	24	5.74713e-05	17400	1	FALSE	NA	NA	NA	NA	NA	NA
NC_045512.2	10550	G	C	17394	16065	45	2	2	40	0.000114943	17400	0.499935	FALSE	NA	NA	NA	NA	NA	NA
NC_045512.2	10550	G	A	17394	16065	45	3	3	40	0.000172414	17400	0.312446	FALSE	NA	NA	NA	NA	NA	NA
NC_045512.2	10551	A	G	17235	15948	45	1	1	80	5.80181e-05	17236	0.500015	FALSE	NA	NA	NA	NA	NA	NA
NC_045512.2	10553	T	G	15950	14730	44	1	1	40	6.26841e-05	15953	0.749992	FALSE	NA	NA	NA	NA	NA	NA
NC_045512.2	10553	T	C	15950	14730	44	2	2	24	0.000125368	15953	1	FALSE	NA	NA	NA	NA	NA	NA
NC_045512.2	10554	T	G	15377	14198	45	3	3	24	0.000195059	15380	1	FALSE	NA	NA	NA	NA	NA	NA
NC_045512.2	10555	A	G	15453	14313	45	1	1	40	6.4704e-05	15455	0.750008	FALSE	NA	NA	NA	NA	NA	NA
NC_045512.2	10555	A	C	15453	14313	45	1	1	40	6.4704e-05	15455	0.750008	FALSE	NA	NA	NA	NA	NA	NA
NC_045512.2	10556	C	G	15431	14337	44	1	1	40	6.47962e-05	15433	0.750008	FALSE	NA	NA	NA	NA	NA	NA
NC_045512.2	10556	C	A	15431	14337	44	1	1	24	6.47962e-05	15433	1	FALSE	NA	NA	NA	NA	NA	NA
NC_045512.2	10557	C	T	15406	14310	45	4	4	56	0.000259555	15411	0.0624878	FALSE	NA	NA	NA	NA	NA	NA
NC_045512.2	10557	C	G	15406	14310	45	1	1	40	6.48887e-05	15411	0.749959	FALSE	NA	NA	NA	NA	NA	NA
NC_045512.2	10557	C	-A	15406	14310	45	1	0	20	6.48887e-05	15411	1	FALSE	NA	NA	NA	NA	NA	NA
NC_045512.2	10558	A	C	15246	14158	45	3	3	29	0.000196734	15249	1	FALSE	NA	NA	NA	NA	NA	NA
NC_045512.2	10559	A	G	14397	13340	44	2	2	42	0.000138899	14399	0.500026	FALSE	NA	NA	NA	NA	NA	NA
NC_045512.2	10560	C	G	14405	13430	44	1	1	40	6.94155e-05	14406	0.750026	FALSE	NA	NA	NA	NA	NA	NA
NC_045512.2	10561	T	G	22981	13869	42	2	0	32	8.70208e-05	22983	0.999999	FALSE	NA	NA	NA	NA	NA	NA
NC_045512.2	10561	T	-G	22981	13869	42	1	0	20	4.35104e-05	22983	1	FALSE	NA	NA	NA	NA	NA	NA
NC_045512.2	10562	G	T	22939	13833	42	1	1	24	4.3592e-05	22940	1	FALSE	NA	NA	NA	NA	NA	NA
NC_045512.2	10563	G	T	23292	13904	42	1	1	24	4.29258e-05	23296	1	FALSE	NA	NA	NA	NA	NA	NA
NC_045512.2	10563	G	C	23292	13904	42	2	0	40	8.58516e-05	23296	0.687492	FALSE	NA	NA	NA	NA	NA	NA
NC_045512.2	10563	G	A	23292	13904	42	1	1	40	4.29258e-05	23296	0.874992	FALSE	NA	NA	NA	NA	NA	NA
NC_045512.2	10564	A	G	23167	13753	42	4	2	42	0.000172607	23174	0.343699	FALSE	NA	NA	NA	NA	NA	NA
NC_045512.2	10564	A	C	23167	13753	42	3	0	29	0.000129455	23174	1	FALSE	NA	NA	NA	NA	NA	NA
NC_045512.2	10565	G	T	23399	13719	42	2	2	32	8.54445e-05	23407	0.999999	FALSE	NA	NA	NA	NA	NA	NA
NC_045512.2	10565	G	C	23399	13719	42	2	2	32	8.54445e-05	23407	0.999999	FALSE	NA	NA	NA	NA	NA	NA
NC_045512.2	10565	G	A	23399	13719	42	4	1	32	0.000170889	23407	0.999975	FALSE	NA	NA	NA	NA	NA	NA
NC_045512.2	10566	T	G	23122	13455	42	4	3	24	0.000172958	23127	1	FALSE	NA	NA	NA	NA	NA	NA
NC_045512.2	10566	T	C	23122	13455	42	1	0	40	4.32395e-05	23127	0.874984	FALSE	NA	NA	NA	NA	NA	NA
NC_045512.2	10567	T	G	23113	13426	42	2	2	32	8.65127e-05	23118	0.999999	FALSE	NA	NA	NA	NA	NA	NA
NC_045512.2	10567	T	C	23113	13426	42	3	1	34	0.000129769	23118	0.999995	FALSE	NA	NA	NA	NA	NA	NA
NC_045512.2	10568	C	T	23045	13403	42	1	1	40	4.33915e-05	23046	0.875016	FALSE	NA	NA	NA	NA	NA	NA
NC_045512.2	10569	A	G	22578	13031	42	5	5	36	0.000221386	22585	0.999845	FALSE	NA	NA	NA	NA	NA	NA
NC_045512.2	10569	A	C	22578	13031	42	2	1	24	8.85544e-05	22585	1	FALSE	NA	NA	NA	NA	NA	NA
NC_045512.2	10570	T	G	23365	13003	42	5	4	24	0.000213931	23372	1	FALSE	NA	NA	NA	NA	NA	NA
NC_045512.2	10570	T	C	23365	13003	42	2	1	32	8.55725e-05	23372	0.999999	FALSE	NA	NA	NA	NA	NA	NA
NC_045512.2	10571	G	A	23394	13094	42	2	1	40	8.54847e-05	23396	0.687524	FALSE	NA	NA	NA	NA	NA	NA
NC_045512.2	10572	C	T	23162	12911	42	3	1	40	0.0001295	23166	0.5	FALSE	NA	NA	NA	NA	NA	NA
NC_045512.2	10572	C	G	23162	12911	42	1	0	40	4.31667e-05	23166	0.874992	FALSE	NA	NA	NA	NA	NA	NA
NC_045512.2	10573	T	G	22878	12601	42	6	6	32	0.0002621	22892	0.999544	FALSE	NA	NA	NA	NA	NA	NA
NC_045512.2	10573	T	C	22878	12601	42	8	5	34	0.000349467	22892	0.997391	FALSE	NA	NA	NA	NA	NA	NA
NC_045512.2	10574	G	T	23159	12129	40	10	10	24	0.000431537	23173	1	FALSE	NA	NA	NA	NA	NA	NA
NC_045512.2	10574	G	C	23159	12129	40	2	2	40	8.63073e-05	23173	0.68733	FALSE	NA	NA	NA	NA	NA	NA
NC_045512.2	10574	G	A	23159	12129	40	2	0	40	8.63073e-05	23173	0.68733	FALSE	NA	NA	NA	NA	NA	NA
NC_045512.2	10575	G	T	23513	12438	42	3	3	24	0.000127518	23526	1	FALSE	NA	NA	NA	NA	NA	NA
NC_045512.2	10575	G	C	23513	12438	42	3	2	34	0.000127518	23526	0.999995	FALSE	NA	NA	NA	NA	NA	NA
NC_045512.2	10575	G	A	23513	12438	42	7	6	35	0.000297543	23526	0.999286	FALSE	NA	NA	NA	NA	NA	NA
NC_045512.2	10576	C	G	23580	12581	42	5	3	33	0.000211981	23587	0.99991	FALSE	NA	NA	NA	NA	NA	NA
NC_045512.2	10576	C	A	23580	12581	42	2	2	24	8.47925e-05	23587	1	FALSE	NA	NA	NA	NA	NA	NA
NC_045512.2	10577	A	G	23509	12552	41	8	8	28	0.000340107	23522	1	FALSE	NA	NA	NA	NA	NA	NA
NC_045512.2	10577	A	C	23509	12552	41	5	3	33	0.000212567	23522	0.99991	FALSE	NA	NA	NA	NA	NA	NA
NC_045512.2	10578	C	T	23570	12614	41	3	2	29	0.000127259	23574	1	FALSE	NA	NA	NA	NA	NA	NA
NC_045512.2	10578	C	G	23570	12614	41	1	1	40	4.24196e-05	23574	0.874992	FALSE	NA	NA	NA	NA	NA	NA
NC_045512.2	10579	A	G	22570	11665	41	5	4	36	0.000221445	22579	0.999845	FALSE	NA	NA	NA	NA	NA	NA
NC_045512.2	10579	A	C	22570	11665	41	4	1	32	0.000177156	22579	0.999956	FALSE	NA	NA	NA	NA	NA	NA
NC_045512.2	10580	G	A	24685	11773	41	1	0	24	4.05088e-05	24686	1	FALSE	NA	NA	NA	NA	NA	NA
NC_045512.2	10581	A	G	24635	11813	41	4	3	28	0.000162305	24645	1	FALSE	NA	NA	NA	NA	NA	NA
NC_045512.2	10581	A	C	24635	11813	41	6	1	32	0.000243457	24645	0.999838	FALSE	NA	NA	NA	NA	NA	NA
NC_045512.2	10582	C	T	25301	11854	41	1	1	24	3.95226e-05	25302	1	FALSE	NA	NA	NA	NA	NA	NA
NC_045512.2	10583	T	G	23894	10575	41	12	10	30	0.000501924	23908	0.979551	FALSE	NA	NA	NA	NA	NA	NA
NC_045512.2	10583	T	C	23894	10575	41	2	0	32	8.3654e-05	23908	0.999999	FALSE	NA	NA	NA	NA	NA	NA
NC_045512.2	10584	T	G	23845	10489	41	4	4	28	0.000167708	23851	1	FALSE	NA	NA	NA	NA	NA	NA
NC_045512.2	10584	T	C	23845	10489	41	2	0	32	8.38539e-05	23851	0.999999	FALSE	NA	NA	NA	NA	NA	NA
NC_045512.2	10585	A	G	13669	894	40	4	1	50	0.000292419	13679	0.0624406	FALSE	NA	NA	NA	NA	NA	NA
NC_045512.2	10585	A	C	13669	894	40	6	0	24	0.000438629	13679	1	FALSE	NA	NA	NA	NA	NA	NA
NC_045512.2	10586	G	T	13888	887	41	1	1	24	7.19942e-05	13890	1	FALSE	NA	NA	NA	NA	NA	NA
NC_045512.2	10586	G	C	13888	887	41	1	0	40	7.19942e-05	13890	0.750009	FALSE	NA	NA	NA	NA	NA	NA
NC_045512.2	10587	A	G	13868	900	41	1	0	40	7.20929e-05	13871	0.749991	FALSE	NA	NA	NA	NA	NA	NA
NC_045512.2	10587	A	C	13868	900	41	2	0	24	0.000144186	13871	1	FALSE	NA	NA	NA	NA	NA	NA
NC_045512.2	10588	A	G	13969	901	41	2	1	40	0.000143143	13972	0.5	FALSE	NA	NA	NA	NA	NA	NA
NC_045512.2	10588	A	C	13969	901	41	1	0	24	7.15717e-05	13972	1	FALSE	NA	NA	NA	NA	NA	NA
NC_045512.2	10589	G	C	14129	902	41	3	0	40	0.000212254	14134	0.31246	FALSE	NA	NA	NA	NA	NA	NA
NC_045512.2	10589	G	A	14129	902	41	2	0	40	0.000141503	14134	0.499947	FALSE	NA	NA	NA	NA	NA	NA
NC_045512.2	10590	G	T	14153	967	41	1	1	24	7.06464e-05	14155	1	FALSE	NA	NA	NA	NA	NA	NA
NC_045512.2	10590	G	A	14153	967	41	1	0	40	7.06464e-05	14155	0.750009	FALSE	NA	NA	NA	NA	NA	NA
NC_045512.2	10591	T	C	14176	1036	42	4	0	28	0.000282087	14180	1	FALSE	NA	NA	NA	NA	NA	NA
NC_045512.2	10592	A	C	14110	1040	42	1	0	24	7.08667e-05	14111	1	FALSE	NA	NA	NA	NA	NA	NA
NC_045512.2	10593	A	G	13979	1044	41	2	0	32	0.000143	13986	0.999512	FALSE	NA	NA	NA	NA	NA	NA
NC_045512.2	10593	A	C	13979	1044	41	5	0	30	0.0003575	13986	0.984579	FALSE	NA	NA	NA	NA	NA	NA
NC_045512.2	10594	C	T	14668	1058	41	1	0	24	6.8171e-05	14669	1	FALSE	NA	NA	NA	NA	NA	NA
NC_045512.2	10594	C	-T	14668	1058	41	1	0	20	6.8171e-05	14669	1	FALSE	NA	NA	NA	NA	NA	NA
NC_045512.2	10595	T	G	14742	1052	42	1	0	40	6.78196e-05	14745	0.749975	FALSE	NA	NA	NA	NA	NA	NA
NC_045512.2	10595	T	C	14742	1052	42	2	0	40	0.000135639	14745	0.499975	FALSE	NA	NA	NA	NA	NA	NA
NC_045512.2	10598	T	C	15086	1196	42	1	0	40	6.62822e-05	15087	0.750025	FALSE	NA	NA	NA	NA	NA	NA
NC_045512.2	10599	A	G	14896	1290	42	3	0	40	0.000201275	14905	0.312362	FALSE	NA	NA	NA	NA	NA	NA
NC_045512.2	10599	A	C	14896	1290	42	6	0	26	0.000402549	14905	1	FALSE	NA	NA	NA	NA	NA	NA
NC_045512.2	10600	T	C	15085	1281	43	3	1	33	0.000198834	15088	0.999346	FALSE	NA	NA	NA	NA	NA	NA
NC_045512.2	10603	A	G	15090	1301	43	3	0	40	0.000198741	15095	0.312463	FALSE	NA	NA	NA	NA	NA	NA
NC_045512.2	10603	A	C	15090	1301	43	2	0	28	0.000132494	15095	1	FALSE	NA	NA	NA	NA	NA	NA
NC_045512.2	10604	C	T	15374	1321	43	1	0	40	6.50407e-05	15375	0.750024	FALSE	NA	NA	NA	NA	NA	NA
NC_045512.2	10605	C	T	15389	1365	43	3	0	40	0.000194906	15392	0.312512	FALSE	NA	NA	NA	NA	NA	NA
NC_045512.2	10606	T	C	15373	1364	43	5	1	40	0.000325034	15383	0.109291	FALSE	NA	NA	NA	NA	NA	NA
NC_045512.2	10606	T	A	15373	1364	43	5	0	40	0.000325034	15383	0.109291	FALSE	NA	NA	NA	NA	NA	NA
NC_045512.2	10607	T	G	15719	1381	43	1	0	24	6.3597e-05	15724	1	FALSE	NA	NA	NA	NA	NA	NA
NC_045512.2	10607	T	C	15719	1381	43	4	0	36	0.000254388	15724	0.997793	FALSE	NA	NA	NA	NA	NA	NA
NC_045512.2	10608	T	C	15735	1376	43	2	1	60	0.000127089	15737	0.250008	FALSE	NA	NA	NA	NA	NA	NA
NC_045512.2	10609	T	C	15702	1384	43	1	0	40	6.36821e-05	15703	0.750024	FALSE	NA	NA	NA	NA	NA	NA
NC_045512.2	10610	G	A	15787	1391	43	1	0	24	6.33392e-05	15788	1	FALSE	NA	NA	NA	NA	NA	NA
NC_045512.2	10611	T	G	15800	1389	43	1	1	24	6.32831e-05	15802	1	FALSE	NA	NA	NA	NA	NA	NA
NC_045512.2	10611	T	C	15800	1389	43	1	0	40	6.32831e-05	15802	0.750008	FALSE	NA	NA	NA	NA	NA	NA
NC_045512.2	10612	T	C	15813	1420	43	3	0	40	0.000189681	15816	0.312512	FALSE	NA	NA	NA	NA	NA	NA
NC_045512.2	10613	G	A	15809	1424	43	1	0	24	6.32511e-05	15810	1	FALSE	NA	NA	NA	NA	NA	NA
NC_045512.2	10614	A	C	15706	1426	43	4	0	28	0.000254615	15710	1	FALSE	NA	NA	NA	NA	NA	NA
NC_045512.2	10615	C	A	16035	1436	43	2	0	24	0.000124712	16037	1	FALSE	NA	NA	NA	NA	NA	NA
NC_045512.2	10616	A	T	15987	1439	43	1	1	80	6.25313e-05	15992	0.499953	FALSE	NA	NA	NA	NA	NA	NA
NC_045512.2	10616	A	G	15987	1439	43	3	0	53	0.000187594	15992	0.124977	FALSE	NA	NA	NA	NA	NA	NA
NC_045512.2	10616	A	C	15987	1439	43	1	0	24	6.25313e-05	15992	1	FALSE	NA	NA	NA	NA	NA	NA
NC_045512.2	10617	G	A	16382	1443	43	2	0	32	0.00012207	16384	0.999928	FALSE	NA	NA	NA	NA	NA	NA
NC_045512.2	10618	G	T	16389	1505	43	1	0	40	6.09868e-05	16397	0.749916	FALSE	NA	NA	NA	NA	NA	NA
NC_045512.2	10618	G	C	16389	1505	43	1	0	24	6.09868e-05	16397	1	FALSE	NA	NA	NA	NA	NA	NA
NC_045512.2	10618	G	A	16389	1505	43	6	2	44	0.000365921	16397	0.06247	FALSE	NA	NA	NA	NA	NA	NA
NC_045512.2	10620	A	G	16392	1615	44	1	1	80	6.09905e-05	16396	0.49997	FALSE	NA	NA	NA	NA	NA	NA
NC_045512.2	10620	A	C	16392	1615	44	3	0	24	0.000182971	16396	1	FALSE	NA	NA	NA	NA	NA	NA
NC_045512.2	10621	A	G	16419	1614	44	1	0	40	6.08976e-05	16421	0.750008	FALSE	NA	NA	NA	NA	NA	NA
NC_045512.2	10621	A	C	16419	1614	44	1	0	24	6.08976e-05	16421	1	FALSE	NA	NA	NA	NA	NA	NA
NC_045512.2	10622	A	C	16396	1617	44	4	0	24	0.000243902	16400	1	FALSE	NA	NA	NA	NA	NA	NA
NC_045512.2	10623	C	T	16809	1628	44	3	0	40	0.000178433	16813	0.312489	FALSE	NA	NA	NA	NA	NA	NA
NC_045512.2	10623	C	G	16809	1628	44	1	0	24	5.94778e-05	16813	1	FALSE	NA	NA	NA	NA	NA	NA
NC_045512.2	10624	A	G	16710	1626	44	1	0	40	5.98265e-05	16715	0.749963	FALSE	NA	NA	NA	NA	NA	NA
NC_045512.2	10624	A	C	16710	1626	44	4	0	32	0.000239306	16715	0.998715	FALSE	NA	NA	NA	NA	NA	NA
NC_045512.2	10625	G	A	17014	1639	44	4	1	50	0.000235045	17018	0.0624963	FALSE	NA	NA	NA	NA	NA	NA
NC_045512.2	10626	C	T	17070	1872	45	3	0	34	0.000175716	17073	0.9998	FALSE	NA	NA	NA	NA	NA	NA
NC_045512.2	10627	A	T	16979	1874	45	1	0	40	5.88824e-05	16983	0.749978	FALSE	NA	NA	NA	NA	NA	NA
NC_045512.2	10627	A	G	16979	1874	45	1	0	24	5.88824e-05	16983	1	FALSE	NA	NA	NA	NA	NA	NA
NC_045512.2	10627	A	C	16979	1874	45	2	0	24	0.000117765	16983	1	FALSE	NA	NA	NA	NA	NA	NA
NC_045512.2	10628	C	G	17121	1875	45	1	0	40	5.8401e-05	17123	0.750007	FALSE	NA	NA	NA	NA	NA	NA
NC_045512.2	10628	C	A	17121	1875	45	1	0	24	5.8401e-05	17123	1	FALSE	NA	NA	NA	NA	NA	NA
NC_045512.2	10629	A	G	17015	1880	44	1	0	40	5.87648e-05	17017	0.750007	FALSE	NA	NA	NA	NA	NA	NA
NC_045512.2	10629	A	C	17015	1880	44	1	0	24	5.87648e-05	17017	1	FALSE	NA	NA	NA	NA	NA	NA
NC_045512.2	10630	A	G	17084	1877	45	1	0	40	5.85274e-05	17086	0.750007	FALSE	NA	NA	NA	NA	NA	NA
NC_045512.2	10630	A	C	17084	1877	45	1	0	40	5.85274e-05	17086	0.750007	FALSE	NA	NA	NA	NA	NA	NA
NC_045512.2	10633	A	G	17278	1886	45	2	0	40	0.000115714	17284	0.499935	FALSE	NA	NA	NA	NA	NA	NA
NC_045512.2	10633	A	C	17278	1886	45	4	0	32	0.000231428	17284	0.999257	FALSE	NA	NA	NA	NA	NA	NA
NC_045512.2	10634	G	C	17415	1889	45	1	0	40	5.74152e-05	17417	0.750007	FALSE	NA	NA	NA	NA	NA	NA
NC_045512.2	10634	G	A	17415	1889	45	1	0	40	5.74152e-05	17417	0.750007	FALSE	NA	NA	NA	NA	NA	NA
NC_045512.2	10635	C	G	17450	2260	47	1	1	24	5.73033e-05	17451	1	FALSE	NA	NA	NA	NA	NA	NA
NC_045512.2	10636	T	C	17419	2256	46	5	0	33	0.000286961	17424	0.997835	FALSE	NA	NA	NA	NA	NA	NA
NC_045512.2	10637	G	A	17913	2300	46	1	0	40	5.58223e-05	17914	0.750021	FALSE	NA	NA	NA	NA	NA	NA
NC_045512.2	10638	G	A	17974	2301	46	2	2	80	0.000111259	17976	0.250007	FALSE	NA	NA	NA	NA	NA	NA
NC_045512.2	10640	A	G	17929	2542	47	1	0	40	5.57693e-05	17931	0.750007	FALSE	NA	NA	NA	NA	NA	NA
NC_045512.2	10640	A	C	17929	2542	47	1	0	24	5.57693e-05	17931	1	FALSE	NA	NA	NA	NA	NA	NA
NC_045512.2	10641	C	T	17972	2537	47	5	1	38	0.000278102	17979	0.997833	FALSE	NA	NA	NA	NA	NA	NA
NC_045512.2	10641	C	G	17972	2537	47	1	0	40	5.56204e-05	17979	0.749937	FALSE	NA	NA	NA	NA	NA	NA
NC_045512.2	10641	C	A	17972	2537	47	1	0	40	5.56204e-05	17979	0.749937	FALSE	NA	NA	NA	NA	NA	NA
NC_045512.2	10643	G	A	18532	2578	48	1	0	80	5.39578e-05	18533	0.500013	FALSE	NA	NA	NA	NA	NA	NA
NC_045512.2	10644	A	G	18477	2681	48	2	0	40	0.000108225	18480	0.5	FALSE	NA	NA	NA	NA	NA	NA
NC_045512.2	10644	A	C	18477	2681	48	1	0	24	5.41126e-05	18480	1	FALSE	NA	NA	NA	NA	NA	NA
NC_045512.2	10645	C	G	18588	2682	48	1	1	24	5.37924e-05	18590	1	FALSE	NA	NA	NA	NA	NA	NA
NC_045512.2	10645	C	A	18588	2682	48	1	0	24	5.37924e-05	18590	1	FALSE	NA	NA	NA	NA	NA	NA
NC_045512.2	10646	A	G	18531	2739	48	2	0	32	0.000107904	18535	0.99998	FALSE	NA	NA	NA	NA	NA	NA
NC_045512.2	10646	A	C	18531	2739	48	2	0	24	0.000107904	18535	1	FALSE	NA	NA	NA	NA	NA	NA
NC_045512.2	10647	C	G	19106	2774	48	1	0	24	5.23341e-05	19108	1	FALSE	NA	NA	NA	NA	NA	NA
NC_045512.2	10647	C	A	19106	2774	48	1	0	40	5.23341e-05	19108	0.750007	FALSE	NA	NA	NA	NA	NA	NA
NC_045512.2	10648	A	G	19100	2801	48	3	0	61	0.000157027	19105	0.12498	FALSE	NA	NA	NA	NA	NA	NA
NC_045512.2	10648	A	C	19100	2801	48	2	0	40	0.000104685	19105	0.499961	FALSE	NA	NA	NA	NA	NA	NA
NC_045512.2	10649	A	T	19199	2842	48	1	0	40	5.20725e-05	19204	0.749967	FALSE	NA	NA	NA	NA	NA	NA
NC_045512.2	10649	A	C	19199	2842	48	4	0	24	0.00020829	19204	1	FALSE	NA	NA	NA	NA	NA	NA
NC_045512.2	10650	C	G	19886	2948	47	1	0	32	5.02588e-05	19897	0.999999	FALSE	NA	NA	NA	NA	NA	NA
NC_045512.2	10650	C	A	19886	2948	47	10	0	27	0.000502588	19897	1	FALSE	NA	NA	NA	NA	NA	NA
NC_045512.2	10651	T	C	20176	2937	48	2	1	40	9.91179e-05	20178	0.687528	FALSE	NA	NA	NA	NA	NA	NA
NC_045512.2	10652	A	G	20187	2970	48	2	0	32	9.90491e-05	20192	0.999995	FALSE	NA	NA	NA	NA	NA	NA
NC_045512.2	10652	A	C	20187	2970	48	3	0	29	0.000148574	20192	1	FALSE	NA	NA	NA	NA	NA	NA
NC_045512.2	10653	T	G	20231	2991	48	1	0	24	4.94193e-05	20235	1	FALSE	NA	NA	NA	NA	NA	NA
NC_045512.2	10653	T	C	20231	2991	48	3	1	42	0.000148258	20235	0.5	FALSE	NA	NA	NA	NA	NA	NA
NC_045512.2	10654	T	C	20248	3015	48	4	0	36	0.000197511	20252	0.999862	FALSE	NA	NA	NA	NA	NA	NA
NC_045512.2	10655	A	G	20184	3037	48	2	0	52	9.9054e-05	20191	0.249944	FALSE	NA	NA	NA	NA	NA	NA
NC_045512.2	10655	A	C	20184	3037	48	5	0	30	0.000247635	20191	0.999546	FALSE	NA	NA	NA	NA	NA	NA
NC_045512.2	10656	C	A	19387	3056	45	51	0	24	0.00262373	19438	1	FALSE	NA	NA	NA	NA	NA	NA
NC_045512.2	10657	A	G	20373	3041	48	1	0	80	4.90701e-05	20379	0.499951	FALSE	NA	NA	NA	NA	NA	NA
NC_045512.2	10657	A	C	20373	3041	48	5	0	30	0.000245351	20379	0.999546	FALSE	NA	NA	NA	NA	NA	NA
NC_045512.2	10659	T	G	20534	3483	50	1	1	40	4.86926e-05	20537	0.875	FALSE	NA	NA	NA	NA	NA	NA
NC_045512.2	10659	T	C	20534	3483	50	2	1	60	9.73852e-05	20537	0.249994	FALSE	NA	NA	NA	NA	NA	NA
NC_045512.2	10660	T	G	20564	3500	50	1	0	40	4.86121e-05	20571	0.874964	FALSE	NA	NA	NA	NA	NA	NA
NC_045512.2	10660	T	C	20564	3500	50	6	1	41	0.000291673	20571	0.144507	FALSE	NA	NA	NA	NA	NA	NA
NC_045512.2	10661	A	G	20471	3519	50	14	2	41	0.00068336	20487	0.00208639	TRUE	NA	NA	NA	NA	NA	NA
NC_045512.2	10661	A	C	20471	3519	50	2	0	32	9.76229e-05	20487	0.999995	FALSE	NA	NA	NA	NA	NA	NA
NC_045512.2	10662	A	G	20507	3527	50	2	0	32	9.74991e-05	20513	0.999995	FALSE	NA	NA	NA	NA	NA	NA
NC_045512.2	10662	A	C	20507	3527	50	4	0	24	0.000194998	20513	1	FALSE	NA	NA	NA	NA	NA	NA
NC_045512.2	10663	T	C	20496	3531	50	6	0	37	0.000292654	20502	0.998757	FALSE	NA	NA	NA	NA	NA	NA
NC_045512.2	10664	G	-T	20861	3557	50	1	0	20	4.79363e-05	20861	1	FALSE	NA	NA	NA	NA	NA	NA
NC_045512.2	10665	T	G	20767	3628	50	1	0	80	4.81487e-05	20769	0.499988	FALSE	NA	NA	NA	NA	NA	NA
NC_045512.2	10665	T	C	20767	3628	50	1	1	24	4.81487e-05	20769	1	FALSE	NA	NA	NA	NA	NA	NA
NC_045512.2	10666	T	C	20775	3630	50	3	0	34	0.000144383	20778	0.999967	FALSE	NA	NA	NA	NA	NA	NA
NC_045512.2	10667	T	G	20798	3625	51	1	0	40	4.80723e-05	20802	0.874991	FALSE	NA	NA	NA	NA	NA	NA
NC_045512.2	10667	T	C	20798	3625	51	3	1	53	0.000144217	20802	0.124991	FALSE	NA	NA	NA	NA	NA	NA
NC_045512.2	10668	T	C	20817	3647	51	1	0	24	4.80354e-05	20818	1	FALSE	NA	NA	NA	NA	NA	NA
NC_045512.2	10669	A	G	20599	3665	50	1	0	32	4.85248e-05	20608	1	FALSE	NA	NA	NA	NA	NA	NA
NC_045512.2	10669	A	C	20599	3665	50	8	0	26	0.000388199	20608	1	FALSE	NA	NA	NA	NA	NA	NA
NC_045512.2	10670	G	A	20860	3664	51	1	0	52	4.79363e-05	20861	0.500012	FALSE	NA	NA	NA	NA	NA	NA
NC_045512.2	10671	C	T	20850	3729	51	2	1	60	9.59095e-05	20853	0.249994	FALSE	NA	NA	NA	NA	NA	NA
NC_045512.2	10671	C	A	20850	3729	51	1	0	40	4.79547e-05	20853	0.875	FALSE	NA	NA	NA	NA	NA	NA
NC_045512.2	10672	T	C	20824	3714	51	2	0	32	9.60338e-05	20826	0.999995	FALSE	NA	NA	NA	NA	NA	NA
NC_045512.2	10673	T	G	20879	3681	51	1	0	24	4.78858e-05	20883	1	FALSE	NA	NA	NA	NA	NA	NA
NC_045512.2	10673	T	C	20879	3681	51	3	0	61	0.000143658	20883	0.124991	FALSE	NA	NA	NA	NA	NA	NA
NC_045512.2	10674	G	T	20921	3691	51	1	0	40	4.77943e-05	20923	0.875009	FALSE	NA	NA	NA	NA	NA	NA
NC_045512.2	10674	G	A	20921	3691	51	1	0	40	4.77943e-05	20923	0.875009	FALSE	NA	NA	NA	NA	NA	NA
NC_045512.2	10675	G	T	21717	3705	49	1	1	32	4.60448e-05	21718	1	FALSE	NA	NA	NA	NA	NA	NA
NC_045512.2	10677	T	C	21764	3769	51	2	0	32	9.18864e-05	21766	0.999997	FALSE	NA	NA	NA	NA	NA	NA
NC_045512.2	10678	G	A	21805	3800	51	3	0	40	0.000137564	21808	0.500021	FALSE	NA	NA	NA	NA	NA	NA
NC_045512.2	10679	T	G	21783	3766	51	2	2	24	9.17894e-05	21789	1	FALSE	NA	NA	NA	NA	NA	NA
NC_045512.2	10679	T	C	21783	3766	51	3	1	38	0.000137684	21789	0.999982	FALSE	NA	NA	NA	NA	NA	NA
NC_045512.2	10679	T	A	21783	3766	51	1	0	40	4.58947e-05	21789	0.874974	FALSE	NA	NA	NA	NA	NA	NA
NC_045512.2	10680	A	C	21641	3920	50	6	0	26	0.000277175	21647	1	FALSE	NA	NA	NA	NA	NA	NA
NC_045512.2	10681	C	T	21861	3913	51	1	0	40	4.57415e-05	21862	0.875017	FALSE	NA	NA	NA	NA	NA	NA
NC_045512.2	10682	G	A	21768	3886	51	4	2	66	0.000183722	21772	0.0624971	FALSE	NA	NA	NA	NA	NA	NA
NC_045512.2	10683	C	T	21491	4019	51	1	0	40	4.65268e-05	21493	0.875009	FALSE	NA	NA	NA	NA	NA	NA
NC_045512.2	10683	C	A	21491	4019	51	1	1	80	4.65268e-05	21493	0.5	FALSE	NA	NA	NA	NA	NA	NA
NC_045512.2	10684	T	C	21078	3819	51	3	0	34	0.000142308	21081	0.999982	FALSE	NA	NA	NA	NA	NA	NA
NC_045512.2	10686	C	T	20908	3993	51	3	1	34	0.000143445	20914	0.999967	FALSE	NA	NA	NA	NA	NA	NA
NC_045512.2	10686	C	G	20908	3993	51	3	0	32	0.000143445	20914	0.999967	FALSE	NA	NA	NA	NA	NA	NA
NC_045512.2	10687	T	G	20874	3979	51	1	0	40	4.78973e-05	20878	0.874991	FALSE	NA	NA	NA	NA	NA	NA
NC_045512.2	10687	T	C	20874	3979	51	3	0	29	0.000143692	20878	1	FALSE	NA	NA	NA	NA	NA	NA
NC_045512.2	10688	G	C	21193	4026	51	2	0	36	9.43574e-05	21196	0.999997	FALSE	NA	NA	NA	NA	NA	NA
NC_045512.2	10688	G	A	21193	4026	51	1	0	40	4.71787e-05	21196	0.875	FALSE	NA	NA	NA	NA	NA	NA
NC_045512.2	10689	T	C	21209	3989	51	1	1	24	4.71476e-05	21210	1	FALSE	NA	NA	NA	NA	NA	NA
NC_045512.2	10690	T	C	21264	3984	50	1	0	40	4.70256e-05	21265	0.875018	FALSE	NA	NA	NA	NA	NA	NA
NC_045512.2	10692	T	G	20792	4049	50	2	1	40	9.61631e-05	20798	0.687455	FALSE	NA	NA	NA	NA	NA	NA
NC_045512.2	10692	T	C	20792	4049	50	4	1	44	0.000192326	20798	0.343716	FALSE	NA	NA	NA	NA	NA	NA
NC_045512.2	10693	A	G	20668	4252	51	2	0	40	9.67492e-05	20672	0.687473	FALSE	NA	NA	NA	NA	NA	NA
NC_045512.2	10693	A	C	20668	4252	51	2	0	32	9.67492e-05	20672	0.999995	FALSE	NA	NA	NA	NA	NA	NA
NC_045512.2	10694	A	G	19328	4850	50	1	0	24	5.1725e-05	19333	1	FALSE	NA	NA	NA	NA	NA	NA
NC_045512.2	10694	A	C	19328	4850	50	4	0	32	0.0002069	19333	0.999757	FALSE	NA	NA	NA	NA	NA	NA
NC_045512.2	10695	A	G	19279	4865	50	1	0	24	5.18672e-05	19280	1	FALSE	NA	NA	NA	NA	NA	NA
NC_045512.2	10696	T	C	18864	5129	50	5	2	52	0.000264985	18869	0.0312459	FALSE	NA	NA	NA	NA	NA	NA
NC_045512.2	10697	G	T	18696	4997	49	7	7	25	0.000374231	18705	1	FALSE	NA	NA	NA	NA	NA	NA
NC_045512.2	10697	G	A	18696	4997	49	2	2	80	0.000106923	18705	0.249913	FALSE	NA	NA	NA	NA	NA	NA
NC_045512.2	10698	G	T	18166	4369	46	32	32	25	0.00175843	18198	1	FALSE	NA	NA	NA	NA	NA	NA
NC_045512.2	10699	A	G	18686	5099	50	2	0	40	0.000106998	18692	0.49994	FALSE	NA	NA	NA	NA	NA	NA
NC_045512.2	10699	A	C	18686	5099	50	4	0	24	0.000213995	18692	1	FALSE	NA	NA	NA	NA	NA	NA
NC_045512.2	10700	G	A	18734	5109	50	1	1	64	5.3376e-05	18735	0.500013	FALSE	NA	NA	NA	NA	NA	NA
NC_045512.2	10701	A	G	18077	5339	49	3	0	34	0.000165911	18082	0.99989	FALSE	NA	NA	NA	NA	NA	NA
NC_045512.2	10701	A	C	18077	5339	49	2	0	32	0.000110607	18082	0.99998	FALSE	NA	NA	NA	NA	NA	NA
NC_045512.2	10703	A	G	18062	5322	49	3	0	40	0.000166049	18067	0.312469	FALSE	NA	NA	NA	NA	NA	NA
NC_045512.2	10703	A	C	18062	5322	49	2	0	32	0.000110699	18067	0.99998	FALSE	NA	NA	NA	NA	NA	NA
NC_045512.2	10704	G	C	18151	5341	49	1	0	40	5.50873e-05	18153	0.750007	FALSE	NA	NA	NA	NA	NA	NA
NC_045512.2	10704	G	A	18151	5341	49	1	0	24	5.50873e-05	18153	1	FALSE	NA	NA	NA	NA	NA	NA
NC_045512.2	10705	G	T	18479	6043	50	2	2	32	0.000108219	18481	0.99998	FALSE	NA	NA	NA	NA	NA	NA
NC_045512.2	10706	T	G	18339	6192	50	1	1	24	5.45197e-05	18342	1	FALSE	NA	NA	NA	NA	NA	NA
NC_045512.2	10706	T	C	18339	6192	50	1	0	40	5.45197e-05	18342	0.749993	FALSE	NA	NA	NA	NA	NA	NA
NC_045512.2	10706	T	A	18339	6192	50	1	0	24	5.45197e-05	18342	1	FALSE	NA	NA	NA	NA	NA	NA
NC_045512.2	10709	T	C	18224	6257	50	1	1	80	5.48697e-05	18225	0.500014	FALSE	NA	NA	NA	NA	NA	NA
NC_045512.2	10710	T	G	18161	6251	50	1	1	32	5.5054e-05	18164	0.999998	FALSE	NA	NA	NA	NA	NA	NA
NC_045512.2	10710	T	C	18161	6251	50	2	0	60	0.000110108	18164	0.249993	FALSE	NA	NA	NA	NA	NA	NA
NC_045512.2	10711	T	C	17971	6334	50	2	1	64	0.000111278	17973	0.250007	FALSE	NA	NA	NA	NA	NA	NA
NC_045512.2	10712	C	G	17849	6490	50	1	1	40	5.60224e-05	17850	0.750021	FALSE	NA	NA	NA	NA	NA	NA
NC_045512.2	10713	T	G	17823	6451	50	1	0	40	5.60978e-05	17826	0.749993	FALSE	NA	NA	NA	NA	NA	NA
NC_045512.2	10713	T	C	17823	6451	50	2	0	24	0.000112196	17826	1	FALSE	NA	NA	NA	NA	NA	NA
NC_045512.2	10714	C	T	17337	6532	48	2	1	24	0.000115227	17357	1	FALSE	NA	NA	NA	NA	NA	NA
NC_045512.2	10714	C	A	17337	6532	48	18	0	26	0.00103705	17357	1	FALSE	NA	NA	NA	NA	NA	NA
NC_045512.2	10715	A	C	17713	6524	50	3	0	29	0.000169338	17716	1	FALSE	NA	NA	NA	NA	NA	NA
NC_045512.2	10716	A	G	17556	6581	50	3	2	40	0.000170833	17561	0.312468	FALSE	NA	NA	NA	NA	NA	NA
NC_045512.2	10716	A	C	17556	6581	50	2	0	24	0.000113889	17561	1	FALSE	NA	NA	NA	NA	NA	NA
NC_045512.2	10718	C	T	17683	6613	50	2	0	60	0.00011309	17685	0.250007	FALSE	NA	NA	NA	NA	NA	NA
NC_045512.2	10720	A	G	17846	6754	50	1	1	40	5.60318e-05	17847	0.750021	FALSE	NA	NA	NA	NA	NA	NA
NC_045512.2	10721	T	G	17574	6915	50	1	1	24	5.68893e-05	17578	1	FALSE	NA	NA	NA	NA	NA	NA
NC_045512.2	10721	T	C	17574	6915	50	3	0	34	0.000170668	17578	0.999799	FALSE	NA	NA	NA	NA	NA	NA
NC_045512.2	10722	T	C	17555	6903	49	6	2	36	0.000341666	17561	0.994703	FALSE	NA	NA	NA	NA	NA	NA
NC_045512.2	10723	T	G	17601	6926	50	2	2	24	0.000113604	17605	1	FALSE	NA	NA	NA	NA	NA	NA
NC_045512.2	10723	T	C	17601	6926	50	1	0	40	5.6802e-05	17605	0.749979	FALSE	NA	NA	NA	NA	NA	NA
NC_045512.2	10723	T	A	17601	6926	50	1	1	80	5.6802e-05	17605	0.499972	FALSE	NA	NA	NA	NA	NA	NA
NC_045512.2	10724	A	G	17351	6991	46	3	1	61	0.000172831	17358	0.124957	FALSE	NA	NA	NA	NA	NA	NA
NC_045512.2	10724	A	C	17351	6991	46	4	0	24	0.000230441	17358	1	FALSE	NA	NA	NA	NA	NA	NA
NC_045512.2	10725	C	T	17325	7166	49	1	1	40	5.77167e-05	17326	0.750022	FALSE	NA	NA	NA	NA	NA	NA
NC_045512.2	10726	C	T	17452	7385	49	2	1	40	0.000114574	17456	0.499979	FALSE	NA	NA	NA	NA	NA	NA
NC_045512.2	10726	C	G	17452	7385	49	2	2	32	0.000114574	17456	0.999962	FALSE	NA	NA	NA	NA	NA	NA
NC_045512.2	10727	A	T	17385	7386	49	1	0	40	5.75076e-05	17389	0.749978	FALSE	NA	NA	NA	NA	NA	NA
NC_045512.2	10727	A	G	17385	7386	49	1	1	32	5.75076e-05	17389	0.999996	FALSE	NA	NA	NA	NA	NA	NA
NC_045512.2	10727	A	C	17385	7386	49	2	0	24	0.000115015	17389	1	FALSE	NA	NA	NA	NA	NA	NA
NC_045512.2	10728	C	A	17261	7502	48	1	0	24	5.79307e-05	17262	1	FALSE	NA	NA	NA	NA	NA	NA
NC_045512.2	10729	A	G	17294	7378	49	1	1	40	5.78001e-05	17301	0.749935	FALSE	NA	NA	NA	NA	NA	NA
NC_045512.2	10729	A	C	17294	7378	49	6	1	26	0.000346801	17301	1	FALSE	NA	NA	NA	NA	NA	NA
NC_045512.2	10730	A	C	17244	7398	49	6	1	24	0.000347826	17250	1	FALSE	NA	NA	NA	NA	NA	NA
NC_045512.2	10732	T	C	16067	7918	47	2	1	32	0.000124463	16069	0.999928	FALSE	NA	NA	NA	NA	NA	NA
NC_045512.2	10733	C	T	16126	8019	46	1	1	40	6.19963e-05	16130	0.749977	FALSE	NA	NA	NA	NA	NA	NA
NC_045512.2	10733	C	A	16126	8019	46	3	0	29	0.000185989	16130	1	FALSE	NA	NA	NA	NA	NA	NA
NC_045512.2	10734	T	G	16139	7916	48	1	1	24	6.19502e-05	16142	1	FALSE	NA	NA	NA	NA	NA	NA
NC_045512.2	10734	T	C	16139	7916	48	2	1	52	0.0001239	16142	0.249992	FALSE	NA	NA	NA	NA	NA	NA
NC_045512.2	10735	T	C	16271	8109	48	2	1	40	0.000122903	16273	0.500023	FALSE	NA	NA	NA	NA	NA	NA
NC_045512.2	10736	A	T	16411	8458	47	1	0	80	6.09162e-05	16416	0.499954	FALSE	NA	NA	NA	NA	NA	NA
NC_045512.2	10736	A	G	16411	8458	47	1	1	40	6.09162e-05	16416	0.749962	FALSE	NA	NA	NA	NA	NA	NA
NC_045512.2	10736	A	C	16411	8458	47	3	0	34	0.000182749	16416	0.999637	FALSE	NA	NA	NA	NA	NA	NA
NC_045512.2	10737	A	G	16429	8486	48	1	1	40	6.08643e-05	16430	0.750023	FALSE	NA	NA	NA	NA	NA	NA
NC_045512.2	10738	T	G	16454	8462	48	1	1	24	6.07644e-05	16457	1	FALSE	NA	NA	NA	NA	NA	NA
NC_045512.2	10738	T	C	16454	8462	48	2	1	52	0.000121529	16457	0.249992	FALSE	NA	NA	NA	NA	NA	NA
NC_045512.2	10739	G	T	16478	8519	48	1	1	24	6.06796e-05	16480	1	FALSE	NA	NA	NA	NA	NA	NA
NC_045512.2	10739	G	A	16478	8519	48	1	0	24	6.06796e-05	16480	1	FALSE	NA	NA	NA	NA	NA	NA
NC_045512.2	10740	A	G	16540	8761	48	1	1	24	6.04522e-05	16542	1	FALSE	NA	NA	NA	NA	NA	NA
NC_045512.2	10740	A	C	16540	8761	48	1	0	24	6.04522e-05	16542	1	FALSE	NA	NA	NA	NA	NA	NA
NC_045512.2	10742	T	G	16572	8619	48	2	2	24	0.000120671	16574	1	FALSE	NA	NA	NA	NA	NA	NA
NC_045512.2	10744	T	G	16688	8786	49	1	1	24	5.99125e-05	16691	1	FALSE	NA	NA	NA	NA	NA	NA
NC_045512.2	10744	T	C	16688	8786	49	2	1	40	0.000119825	16691	0.5	FALSE	NA	NA	NA	NA	NA	NA
NC_045512.2	10745	A	T	16506	9175	48	1	0	80	6.05694e-05	16510	0.49997	FALSE	NA	NA	NA	NA	NA	NA
NC_045512.2	10745	A	C	16506	9175	48	3	1	24	0.000181708	16510	1	FALSE	NA	NA	NA	NA	NA	NA
NC_045512.2	10746	A	C	16564	9219	48	5	1	30	0.000301768	16569	0.996412	FALSE	NA	NA	NA	NA	NA	NA
NC_045512.2	10747	C	A	16496	9281	48	1	0	24	6.06171e-05	16497	1	FALSE	NA	NA	NA	NA	NA	NA
NC_045512.2	10749	T	C	16758	9789	49	1	0	24	5.96694e-05	16759	1	FALSE	NA	NA	NA	NA	NA	NA
NC_045512.2	10750	T	C	16659	9782	49	5	2	38	0.000300048	16664	0.996411	FALSE	NA	NA	NA	NA	NA	NA
NC_045512.2	10751	G	T	16129	9232	47	23	23	24	0.00142388	16153	1	FALSE	NA	NA	NA	NA	NA	NA
NC_045512.2	10751	G	C	16129	9232	47	1	0	32	6.1908e-05	16153	0.999992	FALSE	NA	NA	NA	NA	NA	NA
NC_045512.2	10752	T	C	16918	10151	50	2	1	40	0.000118203	16920	0.500022	FALSE	NA	NA	NA	NA	NA	NA
NC_045512.2	10753	G	T	16668	9953	48	12	11	25	0.000719381	16681	1	FALSE	NA	NA	NA	NA	NA	NA
NC_045512.2	10753	G	A	16668	9953	48	1	0	40	5.99484e-05	16681	0.749843	FALSE	NA	NA	NA	NA	NA	NA
NC_045512.2	10754	G	C	19802	14279	53	1	1	40	5.04974e-05	19803	0.750019	FALSE	NA	NA	NA	NA	NA	NA
NC_045512.2	10755	C	G	20079	14791	53	2	2	40	9.95966e-05	20081	0.687528	FALSE	NA	NA	NA	NA	NA	NA
NC_045512.2	10756	T	G	19826	14550	52	1	1	24	5.04312e-05	19829	1	FALSE	NA	NA	NA	NA	NA	NA
NC_045512.2	10756	T	C	19826	14550	52	2	1	60	0.000100862	19829	0.249994	FALSE	NA	NA	NA	NA	NA	NA
NC_045512.2	10757	A	G	20040	14782	53	3	2	29	0.000149663	20045	1	FALSE	NA	NA	NA	NA	NA	NA
NC_045512.2	10757	A	C	20040	14782	53	2	1	32	9.97755e-05	20045	0.999995	FALSE	NA	NA	NA	NA	NA	NA
NC_045512.2	10758	T	G	20560	15807	53	1	1	24	4.8631e-05	20563	1	FALSE	NA	NA	NA	NA	NA	NA
NC_045512.2	10758	T	C	20560	15807	53	2	1	60	9.72621e-05	20563	0.249994	FALSE	NA	NA	NA	NA	NA	NA
NC_045512.2	10759	G	T	20195	15437	51	12	12	25	0.000593854	20207	1	FALSE	NA	NA	NA	NA	NA	NA
NC_045512.2	10760	A	G	20881	16191	54	4	3	60	0.000191507	20887	0.062485	FALSE	NA	NA	NA	NA	NA	NA
NC_045512.2	10760	A	C	20881	16191	54	2	0	40	9.57533e-05	20887	0.687455	FALSE	NA	NA	NA	NA	NA	NA
NC_045512.2	10761	A	G	20857	16198	54	6	3	51	0.000287577	20864	0.0156194	FALSE	NA	NA	NA	NA	NA	NA
NC_045512.2	10761	A	C	20857	16198	54	1	0	24	4.79294e-05	20864	1	FALSE	NA	NA	NA	NA	NA	NA
NC_045512.2	10762	G	T	20875	16148	53	1	1	24	4.78996e-05	20877	1	FALSE	NA	NA	NA	NA	NA	NA
NC_045512.2	10762	G	A	20875	16148	53	1	1	32	4.78996e-05	20877	1	FALSE	NA	NA	NA	NA	NA	NA
NC_045512.2	10763	T	G	21004	16428	53	2	2	24	9.51973e-05	21009	1	FALSE	NA	NA	NA	NA	NA	NA
NC_045512.2	10763	T	C	21004	16428	53	3	3	38	0.000142796	21009	0.999982	FALSE	NA	NA	NA	NA	NA	NA
NC_045512.2	10764	A	G	21250	16745	54	5	4	41	0.000235228	21256	0.226543	FALSE	NA	NA	NA	NA	NA	NA
NC_045512.2	10764	A	C	21250	16745	54	1	0	32	4.70455e-05	21256	1	FALSE	NA	NA	NA	NA	NA	NA
NC_045512.2	10765	C	T	21345	16985	54	2	1	60	9.369e-05	21347	0.250006	FALSE	NA	NA	NA	NA	NA	NA
NC_045512.2	10766	A	G	21388	17092	54	3	3	42	0.000140246	21391	0.500022	FALSE	NA	NA	NA	NA	NA	NA
NC_045512.2	10767	A	G	21495	17143	54	2	2	40	9.30276e-05	21499	0.687491	FALSE	NA	NA	NA	NA	NA	NA
NC_045512.2	10767	A	C	21495	17143	54	2	2	24	9.30276e-05	21499	1	FALSE	NA	NA	NA	NA	NA	NA
NC_045512.2	10768	T	G	21452	17284	53	2	2	24	9.3214e-05	21456	1	FALSE	NA	NA	NA	NA	NA	NA
NC_045512.2	10768	T	C	21452	17284	53	1	1	80	4.6607e-05	21456	0.499977	FALSE	NA	NA	NA	NA	NA	NA
NC_045512.2	10768	T	A	21452	17284	53	1	0	80	4.6607e-05	21456	0.499977	FALSE	NA	NA	NA	NA	NA	NA
NC_045512.2	10769	T	G	21415	17263	54	1	1	24	4.66875e-05	21419	1	FALSE	NA	NA	NA	NA	NA	NA
NC_045512.2	10769	T	C	21415	17263	54	3	2	52	0.000140063	21419	0.124991	FALSE	NA	NA	NA	NA	NA	NA
NC_045512.2	10771	T	G	21284	17220	54	6	6	26	0.000281743	21296	1	FALSE	NA	NA	NA	NA	NA	NA
NC_045512.2	10771	T	C	21284	17220	54	6	6	36	0.000281743	21296	0.999244	FALSE	NA	NA	NA	NA	NA	NA
NC_045512.2	10772	G	A	21413	17360	54	1	0	80	4.66984e-05	21414	0.500012	FALSE	NA	NA	NA	NA	NA	NA
NC_045512.2	10773	A	G	21410	17366	54	2	1	44	9.34012e-05	21413	0.687509	FALSE	NA	NA	NA	NA	NA	NA
NC_045512.2	10773	A	C	21410	17366	54	1	1	40	4.67006e-05	21413	0.875	FALSE	NA	NA	NA	NA	NA	NA
NC_045512.2	10774	A	G	21323	17410	53	2	2	40	9.37866e-05	21325	0.687526	FALSE	NA	NA	NA	NA	NA	NA
NC_045512.2	10776	C	G	21113	17241	53	2	2	28	9.47149e-05	21116	1	FALSE	NA	NA	NA	NA	NA	NA
NC_045512.2	10776	C	A	21113	17241	53	1	1	40	4.73575e-05	21116	0.875	FALSE	NA	NA	NA	NA	NA	NA
NC_045512.2	10777	T	G	20946	17078	53	2	2	24	9.54563e-05	20952	1	FALSE	NA	NA	NA	NA	NA	NA
NC_045512.2	10777	T	C	20946	17078	53	4	4	44	0.000190913	20952	0.343716	FALSE	NA	NA	NA	NA	NA	NA
NC_045512.2	10779	T	G	20966	17116	53	4	4	28	0.000190749	20970	1	FALSE	NA	NA	NA	NA	NA	NA
NC_045512.2	10780	A	G	21094	17262	53	1	1	24	4.74046e-05	21095	1	FALSE	NA	NA	NA	NA	NA	NA
NC_045512.2	10781	A	G	21189	17335	53	1	1	24	4.71898e-05	21191	1	FALSE	NA	NA	NA	NA	NA	NA
NC_045512.2	10781	A	C	21189	17335	53	1	0	24	4.71898e-05	21191	1	FALSE	NA	NA	NA	NA	NA	NA
NC_045512.2	10782	C	T	21245	17422	53	1	1	24	4.70677e-05	21246	1	FALSE	NA	NA	NA	NA	NA	NA
NC_045512.2	10783	A	G	21184	17367	53	1	1	24	4.7201e-05	21186	1	FALSE	NA	NA	NA	NA	NA	NA
NC_045512.2	10783	A	C	21184	17367	53	1	1	24	4.7201e-05	21186	1	FALSE	NA	NA	NA	NA	NA	NA
NC_045512.2	10784	C	A	21102	17340	53	1	0	80	4.73866e-05	21103	0.500012	FALSE	NA	NA	NA	NA	NA	NA
NC_045512.2	10785	A	C	20444	16732	53	2	1	40	9.78186e-05	20446	0.687528	FALSE	NA	NA	NA	NA	NA	NA
NC_045512.2	10786	A	G	20454	16732	53	4	4	38	0.000195523	20458	0.999862	FALSE	NA	NA	NA	NA	NA	NA
NC_045512.2	10787	G	T	20384	16660	53	3	3	24	0.000147153	20387	1	FALSE	NA	NA	NA	NA	NA	NA
NC_045512.2	10788	A	G	20475	16939	53	3	3	48	0.000146499	20478	0.500023	FALSE	NA	NA	NA	NA	NA	NA
NC_045512.2	10789	C	G	20464	16976	52	1	1	32	4.88615e-05	20466	1	FALSE	NA	NA	NA	NA	NA	NA
NC_045512.2	10789	C	A	20464	16976	52	1	0	24	4.88615e-05	20466	1	FALSE	NA	NA	NA	NA	NA	NA
NC_045512.2	10790	C	T	20014	16547	52	1	1	40	4.99625e-05	20015	0.875019	FALSE	NA	NA	NA	NA	NA	NA
NC_045512.2	10791	A	G	19871	16412	53	2	2	40	0.000100634	19874	0.5	FALSE	NA	NA	NA	NA	NA	NA
NC_045512.2	10791	A	C	19871	16412	53	1	1	24	5.0317e-05	19874	1	FALSE	NA	NA	NA	NA	NA	NA
NC_045512.2	10792	T	G	19836	16368	52	2	2	24	0.000100806	19840	1	FALSE	NA	NA	NA	NA	NA	NA
NC_045512.2	10792	T	C	19836	16368	52	2	2	30	0.000100806	19840	0.99999	FALSE	NA	NA	NA	NA	NA	NA
NC_045512.2	10793	G	T	19557	16231	51	8	8	29	0.000408873	19566	1	FALSE	NA	NA	NA	NA	NA	NA
NC_045512.2	10793	G	A	19557	16231	51	1	1	40	5.11091e-05	19566	0.749917	FALSE	NA	NA	NA	NA	NA	NA
NC_045512.2	10794	T	G	19722	16477	51	6	6	24	0.000304121	19729	1	FALSE	NA	NA	NA	NA	NA	NA
NC_045512.2	10794	T	C	19722	16477	51	1	1	40	5.06868e-05	19729	0.749943	FALSE	NA	NA	NA	NA	NA	NA
NC_045512.2	10795	T	G	19623	16395	52	4	4	32	0.000203791	19628	0.999757	FALSE	NA	NA	NA	NA	NA	NA
NC_045512.2	10795	T	C	19623	16395	52	1	1	40	5.09476e-05	19628	0.749968	FALSE	NA	NA	NA	NA	NA	NA
NC_045512.2	10796	G	T	19463	16240	51	7	7	24	0.000359527	19470	1	FALSE	NA	NA	NA	NA	NA	NA
NC_045512.2	10797	A	T	19604	16396	52	1	1	40	5.10022e-05	19607	0.749994	FALSE	NA	NA	NA	NA	NA	NA
NC_045512.2	10797	A	G	19604	16396	52	2	2	32	0.000102004	19607	0.99999	FALSE	NA	NA	NA	NA	NA	NA
NC_045512.2	10798	C	T	19544	16604	51	2	2	40	0.000102317	19547	0.5	FALSE	NA	NA	NA	NA	NA	NA
NC_045512.2	10798	C	A	19544	16604	51	1	1	40	5.11587e-05	19547	0.749994	FALSE	NA	NA	NA	NA	NA	NA
NC_045512.2	10799	A	G	19535	16600	51	3	3	61	0.000153547	19538	0.125	FALSE	NA	NA	NA	NA	NA	NA
NC_045512.2	10800	T	G	19346	16458	51	2	2	24	0.000103365	19349	1	FALSE	NA	NA	NA	NA	NA	NA
NC_045512.2	10800	T	C	19346	16458	51	1	1	40	5.16823e-05	19349	0.749994	FALSE	NA	NA	NA	NA	NA	NA
NC_045512.2	10802	C	-T	19293	16842	49	1	0	20	5.18323e-05	19293	1	FALSE	NA	NA	NA	NA	NA	NA
NC_045512.2	10803	T	G	19036	16586	48	8	8	24	0.000419992	19048	1	FALSE	NA	NA	NA	NA	NA	NA
NC_045512.2	10803	T	C	19036	16586	48	4	4	40	0.000209996	19048	0.187352	FALSE	NA	NA	NA	NA	NA	NA
NC_045512.2	10805	G	T	19054	16616	49	2	2	24	0.000104954	19056	1	FALSE	NA	NA	NA	NA	NA	NA
NC_045512.2	10806	G	T	18602	16159	46	6	6	34	0.000322407	18610	0.996702	FALSE	NA	NA	NA	NA	NA	NA
NC_045512.2	10806	G	A	18602	16159	46	2	2	40	0.000107469	18610	0.499899	FALSE	NA	NA	NA	NA	NA	NA
NC_045512.2	10810	T	C	18014	15746	48	2	2	38	0.000111012	18016	0.99998	FALSE	NA	NA	NA	NA	NA	NA
NC_045512.2	10812	T	G	17982	15724	48	1	1	24	5.56019e-05	17985	1	FALSE	NA	NA	NA	NA	NA	NA
NC_045512.2	10812	T	C	17982	15724	48	2	2	32	0.000111204	17985	0.999962	FALSE	NA	NA	NA	NA	NA	NA
NC_045512.2	10814	T	G	17969	15728	48	2	2	24	0.00011129	17971	1	FALSE	NA	NA	NA	NA	NA	NA
NC_045512.2	10814	T	-C	17969	15728	48	1	0	20	5.56452e-05	17971	1	FALSE	NA	NA	NA	NA	NA	NA
NC_045512.2	10816	T	G	17747	15620	48	1	1	24	5.6338e-05	17750	1	FALSE	NA	NA	NA	NA	NA	NA
NC_045512.2	10816	T	C	17747	15620	48	2	2	36	0.000112676	17750	0.999962	FALSE	NA	NA	NA	NA	NA	NA
NC_045512.2	10817	G	C	17710	15589	48	1	1	40	5.64557e-05	17713	0.749993	FALSE	NA	NA	NA	NA	NA	NA
NC_045512.2	10817	G	A	17710	15589	48	2	0	80	0.000112911	17713	0.249993	FALSE	NA	NA	NA	NA	NA	NA
NC_045512.2	10819	T	C	17637	15533	48	1	1	40	5.66958e-05	17638	0.750021	FALSE	NA	NA	NA	NA	NA	NA
NC_045512.2	10821	A	G	17606	15555	48	2	2	40	0.000113585	17608	0.500021	FALSE	NA	NA	NA	NA	NA	NA
NC_045512.2	10822	A	G	17582	15523	48	1	1	40	5.68699e-05	17584	0.750007	FALSE	NA	NA	NA	NA	NA	NA
NC_045512.2	10822	A	C	17582	15523	48	1	1	40	5.68699e-05	17584	0.750007	FALSE	NA	NA	NA	NA	NA	NA
NC_045512.2	10825	T	G	17459	15855	46	2	2	24	0.000114534	17462	1	FALSE	NA	NA	NA	NA	NA	NA
NC_045512.2	10825	T	C	17459	15855	46	1	1	40	5.72672e-05	17462	0.749993	FALSE	NA	NA	NA	NA	NA	NA
NC_045512.2	10826	G	T	17343	15749	46	3	3	34	0.000172951	17346	0.9998	FALSE	NA	NA	NA	NA	NA	NA
NC_045512.2	10827	G	A	17373	15778	46	1	1	32	5.75573e-05	17374	0.999996	FALSE	NA	NA	NA	NA	NA	NA
NC_045512.2	10828	A	G	17481	15886	46	5	5	41	0.000285943	17486	0.109368	FALSE	NA	NA	NA	NA	NA	NA
NC_045512.2	10829	A	G	17411	15840	46	3	3	29	0.000172275	17414	1	FALSE	NA	NA	NA	NA	NA	NA
NC_045512.2	10830	T	C	17383	15813	46	2	1	60	0.000115042	17385	0.250007	FALSE	NA	NA	NA	NA	NA	NA
NC_045512.2	10831	T	G	17155	15624	46	3	3	29	0.000174825	17160	1	FALSE	NA	NA	NA	NA	NA	NA
NC_045512.2	10831	T	C	17155	15624	46	2	2	32	0.00011655	17160	0.999962	FALSE	NA	NA	NA	NA	NA	NA
NC_045512.2	10832	G	C	17152	15623	46	2	2	40	0.000116577	17156	0.499978	FALSE	NA	NA	NA	NA	NA	NA
NC_045512.2	10832	G	A	17152	15623	46	2	2	40	0.000116577	17156	0.499978	FALSE	NA	NA	NA	NA	NA	NA
NC_045512.2	10833	C	T	17191	15721	46	1	1	40	5.81598e-05	17194	0.749993	FALSE	NA	NA	NA	NA	NA	NA
NC_045512.2	10833	C	G	17191	15721	46	2	2	32	0.00011632	17194	0.999962	FALSE	NA	NA	NA	NA	NA	NA
NC_045512.2	10834	C	T	17163	15712	45	1	1	40	5.82581e-05	17165	0.750007	FALSE	NA	NA	NA	NA	NA	NA
NC_045512.2	10834	C	A	17163	15712	45	1	0	24	5.82581e-05	17165	1	FALSE	NA	NA	NA	NA	NA	NA
NC_045512.2	10835	G	A	16990	15524	45	4	4	40	0.000235377	16994	0.1875	FALSE	NA	NA	NA	NA	NA	NA
NC_045512.2	10836	T	G	17003	15617	45	3	3	29	0.000176408	17006	1	FALSE	NA	NA	NA	NA	NA	NA
NC_045512.2	10837	T	G	16969	15581	45	8	8	29	0.000471226	16977	1	FALSE	NA	NA	NA	NA	NA	NA
NC_045512.2	10838	T	G	16912	15529	45	7	7	28	0.000413736	16919	1	FALSE	NA	NA	NA	NA	NA	NA
NC_045512.2	10839	T	G	16748	15523	42	2	2	24	0.000119396	16751	1	FALSE	NA	NA	NA	NA	NA	NA
NC_045512.2	10839	T	C	16748	15523	42	1	1	80	5.96979e-05	16751	0.499985	FALSE	NA	NA	NA	NA	NA	NA
NC_045512.2	10841	G	A	17079	15883	45	3	2	53	0.000175623	17082	0.125	FALSE	NA	NA	NA	NA	NA	NA
NC_045512.2	10843	T	G	16925	15728	44	2	2	24	0.000118147	16928	1	FALSE	NA	NA	NA	NA	NA	NA
NC_045512.2	10843	T	C	16925	15728	44	1	1	24	5.90737e-05	16928	1	FALSE	NA	NA	NA	NA	NA	NA
NC_045512.2	10845	T	G	16471	15320	44	4	4	28	0.000242777	16476	1	FALSE	NA	NA	NA	NA	NA	NA
NC_045512.2	10845	T	A	16471	15320	44	1	1	40	6.06943e-05	16476	0.749962	FALSE	NA	NA	NA	NA	NA	NA
NC_045512.2	10847	T	G	16280	15139	44	2	2	24	0.00012282	16284	1	FALSE	NA	NA	NA	NA	NA	NA
NC_045512.2	10847	T	C	16280	15139	44	2	2	40	0.00012282	16284	0.499977	FALSE	NA	NA	NA	NA	NA	NA
NC_045512.2	10848	G	A	16312	15187	44	1	1	40	6.13008e-05	16313	0.750023	FALSE	NA	NA	NA	NA	NA	NA
NC_045512.2	10849	T	C	15680	14583	44	2	1	60	0.000127535	15682	0.250008	FALSE	NA	NA	NA	NA	NA	NA
NC_045512.2	10851	C	T	15724	14689	44	1	1	40	6.35849e-05	15727	0.749992	FALSE	NA	NA	NA	NA	NA	NA
NC_045512.2	10851	C	G	15724	14689	44	1	1	40	6.35849e-05	15727	0.749992	FALSE	NA	NA	NA	NA	NA	NA
NC_045512.2	10851	C	A	15724	14689	44	1	1	40	6.35849e-05	15727	0.749992	FALSE	NA	NA	NA	NA	NA	NA
NC_045512.2	10852	T	G	15424	14402	44	1	1	24	6.48172e-05	15428	1	FALSE	NA	NA	NA	NA	NA	NA
NC_045512.2	10852	T	C	15424	14402	44	3	3	40	0.000194452	15428	0.312488	FALSE	NA	NA	NA	NA	NA	NA
NC_045512.2	10853	T	G	15297	14283	44	2	2	24	0.000130719	15300	1	FALSE	NA	NA	NA	NA	NA	NA
NC_045512.2	10853	T	C	15297	14283	44	1	1	80	6.53595e-05	15300	0.499984	FALSE	NA	NA	NA	NA	NA	NA
NC_045512.2	10854	C	T	15255	14292	43	1	1	40	6.5548e-05	15256	0.750025	FALSE	NA	NA	NA	NA	NA	NA
NC_045512.2	10855	A	G	15070	14097	44	1	1	24	6.63526e-05	15071	1	FALSE	NA	NA	NA	NA	NA	NA
NC_045512.2	10856	T	G	14950	13980	44	2	2	28	0.000133761	14952	1	FALSE	NA	NA	NA	NA	NA	NA
NC_045512.2	10857	T	G	14456	13494	39	8	8	30	0.000553059	14465	0.933174	FALSE	NA	NA	NA	NA	NA	NA
NC_045512.2	10857	T	C	14456	13494	39	1	1	40	6.91324e-05	14465	0.749888	FALSE	NA	NA	NA	NA	NA	NA
NC_045512.2	10858	A	G	14937	13978	44	1	1	40	6.69389e-05	14939	0.750008	FALSE	NA	NA	NA	NA	NA	NA
NC_045512.2	10858	A	C	14937	13978	44	1	1	24	6.69389e-05	14939	1	FALSE	NA	NA	NA	NA	NA	NA
NC_045512.2	10859	A	G	14949	13990	44	1	1	80	6.68896e-05	14950	0.500017	FALSE	NA	NA	NA	NA	NA	NA
NC_045512.2	10860	A	G	14941	13986	44	3	3	40	0.000200749	14944	0.312513	FALSE	NA	NA	NA	NA	NA	NA
NC_045512.2	10861	A	G	14930	13975	44	2	1	60	0.000133941	14932	0.250008	FALSE	NA	NA	NA	NA	NA	NA
NC_045512.2	10862	G	T	14956	14001	44	1	1	40	6.68583e-05	14957	0.750025	FALSE	NA	NA	NA	NA	NA	NA
NC_045512.2	10863	A	G	14761	13819	44	6	6	37	0.000406284	14768	0.979339	FALSE	NA	NA	NA	NA	NA	NA
NC_045512.2	10863	A	C	14761	13819	44	1	1	24	6.7714e-05	14768	1	FALSE	NA	NA	NA	NA	NA	NA
NC_045512.2	10864	A	G	14753	13815	44	2	2	40	0.000135538	14756	0.5	FALSE	NA	NA	NA	NA	NA	NA
NC_045512.2	10864	A	C	14753	13815	44	1	1	24	6.7769e-05	14756	1	FALSE	NA	NA	NA	NA	NA	NA
NC_045512.2	10865	T	G	14589	13652	44	1	1	24	6.85354e-05	14591	1	FALSE	NA	NA	NA	NA	NA	NA
NC_045512.2	10865	T	C	14589	13652	44	1	1	40	6.85354e-05	14591	0.750009	FALSE	NA	NA	NA	NA	NA	NA
NC_045512.2	10867	A	G	14693	13764	44	3	3	34	0.000204137	14696	0.998829	FALSE	NA	NA	NA	NA	NA	NA
NC_045512.2	10868	C	T	14643	13811	43	2	2	32	0.000136565	14645	0.999742	FALSE	NA	NA	NA	NA	NA	NA
NC_045512.2	10869	T	G	21585	14341	42	5	5	24	0.000231514	21597	1	FALSE	NA	NA	NA	NA	NA	NA
NC_045512.2	10869	T	C	21585	14341	42	7	3	30	0.000324119	21597	0.998143	FALSE	NA	NA	NA	NA	NA	NA
NC_045512.2	10870	G	A	22054	14559	42	1	1	40	4.53412e-05	22055	0.875017	FALSE	NA	NA	NA	NA	NA	NA
NC_045512.2	10871	C	T	21882	14375	42	1	1	24	4.56934e-05	21885	1	FALSE	NA	NA	NA	NA	NA	NA
NC_045512.2	10871	C	G	21882	14375	42	2	2	32	9.13868e-05	21885	0.999997	FALSE	NA	NA	NA	NA	NA	NA
NC_045512.2	10871	C	-A	21882	14375	42	4	0	20	0.000182774	21885	1	FALSE	NA	NA	NA	NA	NA	NA
NC_045512.2	10872	A	G	21789	14369	42	4	3	34	0.000183528	21795	0.999922	FALSE	NA	NA	NA	NA	NA	NA
NC_045512.2	10872	A	C	21789	14369	42	2	0	24	9.17642e-05	21795	1	FALSE	NA	NA	NA	NA	NA	NA
NC_045512.2	10873	A	G	21873	14371	42	3	1	34	0.000137118	21879	0.999982	FALSE	NA	NA	NA	NA	NA	NA
NC_045512.2	10873	A	C	21873	14371	42	3	1	29	0.000137118	21879	1	FALSE	NA	NA	NA	NA	NA	NA
NC_045512.2	10874	A	T	21779	14274	42	1	1	24	4.58905e-05	21791	1	FALSE	NA	NA	NA	NA	NA	NA
NC_045512.2	10874	A	G	21779	14274	42	9	8	32	0.000413015	21791	0.99195	FALSE	NA	NA	NA	NA	NA	NA
NC_045512.2	10874	A	C	21779	14274	42	2	2	24	9.1781e-05	21791	1	FALSE	NA	NA	NA	NA	NA	NA
NC_045512.2	10875	A	G	21860	14300	41	4	3	32	0.000182932	21866	0.999922	FALSE	NA	NA	NA	NA	NA	NA
NC_045512.2	10875	A	C	21860	14300	41	2	0	40	9.14662e-05	21866	0.687457	FALSE	NA	NA	NA	NA	NA	NA
NC_045512.2	10876	T	G	22000	14292	42	3	3	24	0.000136326	22006	1	FALSE	NA	NA	NA	NA	NA	NA
NC_045512.2	10876	T	C	22000	14292	42	3	3	29	0.000136326	22006	1	FALSE	NA	NA	NA	NA	NA	NA
NC_045512.2	10877	G	T	22172	14034	42	1	1	24	4.50958e-05	22175	1	FALSE	NA	NA	NA	NA	NA	NA
NC_045512.2	10877	G	C	22172	14034	42	1	1	40	4.50958e-05	22175	0.875	FALSE	NA	NA	NA	NA	NA	NA
NC_045512.2	10877	G	A	22172	14034	42	1	0	24	4.50958e-05	22175	1	FALSE	NA	NA	NA	NA	NA	NA
NC_045512.2	10878	G	T	22764	14029	42	2	0	60	8.78464e-05	22767	0.249995	FALSE	NA	NA	NA	NA	NA	NA
NC_045512.2	10878	G	C	22764	14029	42	1	0	40	4.39232e-05	22767	0.875	FALSE	NA	NA	NA	NA	NA	NA
NC_045512.2	10879	T	G	22579	13841	42	1	1	40	4.42811e-05	22583	0.874992	FALSE	NA	NA	NA	NA	NA	NA
NC_045512.2	10879	T	C	22579	13841	42	3	1	34	0.000132843	22583	0.99999	FALSE	NA	NA	NA	NA	NA	NA
NC_045512.2	10880	A	G	22764	13973	42	2	2	32	8.78464e-05	22767	0.999999	FALSE	NA	NA	NA	NA	NA	NA
NC_045512.2	10880	A	C	22764	13973	42	1	0	24	4.39232e-05	22767	1	FALSE	NA	NA	NA	NA	NA	NA
NC_045512.2	10881	T	G	22675	13847	42	6	3	26	0.000264527	22682	1	FALSE	NA	NA	NA	NA	NA	NA
NC_045512.2	10881	T	C	22675	13847	42	1	0	40	4.40878e-05	22682	0.874967	FALSE	NA	NA	NA	NA	NA	NA
NC_045512.2	10883	A	G	23273	14046	42	4	2	36	0.000171814	23281	0.999975	FALSE	NA	NA	NA	NA	NA	NA
NC_045512.2	10883	A	C	23273	14046	42	4	0	28	0.000171814	23281	1	FALSE	NA	NA	NA	NA	NA	NA
NC_045512.2	10884	A	G	23185	13966	41	3	3	33	0.000129372	23189	0.999995	FALSE	NA	NA	NA	NA	NA	NA
NC_045512.2	10884	A	C	23185	13966	41	1	0	24	4.31239e-05	23189	1	FALSE	NA	NA	NA	NA	NA	NA
NC_045512.2	10885	T	G	23166	13841	42	10	10	31	0.000431444	23178	0.993248	FALSE	NA	NA	NA	NA	NA	NA
NC_045512.2	10885	T	C	23166	13841	42	1	1	40	4.31444e-05	23178	0.874927	FALSE	NA	NA	NA	NA	NA	NA
NC_045512.2	10885	T	A	23166	13841	42	1	0	24	4.31444e-05	23178	1	FALSE	NA	NA	NA	NA	NA	NA
NC_045512.2	10886	G	A	23008	13498	41	2	1	40	8.69187e-05	23010	0.687524	FALSE	NA	NA	NA	NA	NA	NA
NC_045512.2	10887	G	T	23071	13233	42	2	0	32	8.66776e-05	23074	0.999999	FALSE	NA	NA	NA	NA	NA	NA
NC_045512.2	10887	G	C	23071	13233	42	1	1	40	4.33388e-05	23074	0.875	FALSE	NA	NA	NA	NA	NA	NA
NC_045512.2	10888	A	G	23125	13283	42	3	1	48	0.000129674	23135	0.499878	FALSE	NA	NA	NA	NA	NA	NA
NC_045512.2	10888	A	C	23125	13283	42	7	1	26	0.000302572	23135	1	FALSE	NA	NA	NA	NA	NA	NA
NC_045512.2	10889	C	T	23146	13235	42	1	1	40	4.32003e-05	23148	0.875008	FALSE	NA	NA	NA	NA	NA	NA
NC_045512.2	10889	C	G	23146	13235	42	1	1	40	4.32003e-05	23148	0.875008	FALSE	NA	NA	NA	NA	NA	NA
NC_045512.2	10890	G	T	23505	12618	39	12	10	28	0.000509857	23536	1	FALSE	NA	NA	NA	NA	NA	NA
NC_045512.2	10890	G	C	23505	12618	39	12	9	35	0.000509857	23536	0.979446	FALSE	NA	NA	NA	NA	NA	NA
NC_045512.2	10890	G	A	23505	12618	39	7	6	30	0.000297417	23536	0.99928	FALSE	NA	NA	NA	NA	NA	NA
NC_045512.2	10891	T	G	23773	12863	42	3	1	34	0.000126162	23779	0.999995	FALSE	NA	NA	NA	NA	NA	NA
NC_045512.2	10891	T	C	23773	12863	42	3	1	34	0.000126162	23779	0.999995	FALSE	NA	NA	NA	NA	NA	NA
NC_045512.2	10892	A	G	23940	12956	41	9	9	31	0.000375689	23956	0.996502	FALSE	NA	NA	NA	NA	NA	NA
NC_045512.2	10892	A	C	23940	12956	41	7	4	30	0.000292202	23956	0.999285	FALSE	NA	NA	NA	NA	NA	NA
NC_045512.2	10893	C	T	24271	12966	41	2	1	32	8.23859e-05	24276	1	FALSE	NA	NA	NA	NA	NA	NA
NC_045512.2	10893	C	G	24271	12966	41	3	1	34	0.000123579	24276	0.999997	FALSE	NA	NA	NA	NA	NA	NA
NC_045512.2	10894	C	T	24120	12909	41	1	0	40	4.14508e-05	24125	0.874984	FALSE	NA	NA	NA	NA	NA	NA
NC_045512.2	10894	C	G	24120	12909	41	2	0	32	8.29016e-05	24125	1	FALSE	NA	NA	NA	NA	NA	NA
NC_045512.2	10894	C	A	24120	12909	41	2	0	32	8.29016e-05	24125	1	FALSE	NA	NA	NA	NA	NA	NA
NC_045512.2	10895	A	G	15993	1214	41	2	0	40	0.000125008	15999	0.49993	FALSE	NA	NA	NA	NA	NA	NA
NC_045512.2	10895	A	C	15993	1214	41	4	0	32	0.000250016	15999	0.997792	FALSE	NA	NA	NA	NA	NA	NA
NC_045512.2	10896	T	G	16055	1203	41	2	1	32	0.000124556	16057	0.999928	FALSE	NA	NA	NA	NA	NA	NA
NC_045512.2	10897	A	T	16557	1235	41	2	0	32	0.000120715	16568	0.999928	FALSE	NA	NA	NA	NA	NA	NA
NC_045512.2	10897	A	G	16557	1235	41	1	0	24	6.03573e-05	16568	1	FALSE	NA	NA	NA	NA	NA	NA
NC_045512.2	10897	A	C	16557	1235	41	8	0	30	0.000482859	16568	0.968069	FALSE	NA	NA	NA	NA	NA	NA
NC_045512.2	10898	T	C	16607	1231	41	1	0	24	6.02119e-05	16608	1	FALSE	NA	NA	NA	NA	NA	NA
NC_045512.2	10899	T	G	16636	1221	41	1	1	24	6.00853e-05	16643	1	FALSE	NA	NA	NA	NA	NA	NA
NC_045512.2	10899	T	C	16636	1221	41	6	2	26	0.000360512	16643	1	FALSE	NA	NA	NA	NA	NA	NA
NC_045512.2	10900	G	C	17692	1259	41	1	0	24	5.65131e-05	17695	1	FALSE	NA	NA	NA	NA	NA	NA
NC_045512.2	10900	G	A	17692	1259	41	2	1	60	0.000113026	17695	0.249993	FALSE	NA	NA	NA	NA	NA	NA
NC_045512.2	10901	G	T	17699	1268	41	2	0	40	0.000112956	17706	0.499915	FALSE	NA	NA	NA	NA	NA	NA
NC_045512.2	10901	G	C	17699	1268	41	3	0	32	0.000169434	17706	0.999799	FALSE	NA	NA	NA	NA	NA	NA
NC_045512.2	10901	G	A	17699	1268	41	2	0	24	0.000112956	17706	1	FALSE	NA	NA	NA	NA	NA	NA
NC_045512.2	10902	G	T	17705	1184	41	4	4	24	0.000225874	17709	1	FALSE	NA	NA	NA	NA	NA	NA
NC_045512.2	10903	T	G	17779	1278	41	3	1	34	0.000168681	17785	0.999799	FALSE	NA	NA	NA	NA	NA	NA
NC_045512.2	10903	T	C	17779	1278	41	3	0	34	0.000168681	17785	0.999799	FALSE	NA	NA	NA	NA	NA	NA
NC_045512.2	10904	A	G	17607	1298	40	2	0	40	0.00011354	17615	0.499894	FALSE	NA	NA	NA	NA	NA	NA
NC_045512.2	10904	A	C	17607	1298	40	6	0	26	0.000340619	17615	1	FALSE	NA	NA	NA	NA	NA	NA
NC_045512.2	10905	G	C	18122	1301	41	1	0	24	5.51785e-05	18123	1	FALSE	NA	NA	NA	NA	NA	NA
NC_045512.2	10906	T	G	18112	1391	42	2	0	40	0.000110369	18121	0.499876	FALSE	NA	NA	NA	NA	NA	NA
NC_045512.2	10906	T	C	18112	1391	42	7	0	35	0.000386292	18121	0.992697	FALSE	NA	NA	NA	NA	NA	NA
NC_045512.2	10907	G	C	18239	1420	42	1	0	32	5.48246e-05	18240	0.999998	FALSE	NA	NA	NA	NA	NA	NA
NC_045512.2	10908	C	T	18133	1464	41	4	1	32	0.000220434	18146	0.999572	FALSE	NA	NA	NA	NA	NA	NA
NC_045512.2	10908	C	G	18133	1464	41	8	0	38	0.000440869	18146	0.985528	FALSE	NA	NA	NA	NA	NA	NA
NC_045512.2	10908	C	A	18133	1464	41	1	0	24	5.51086e-05	18146	1	FALSE	NA	NA	NA	NA	NA	NA
NC_045512.2	10910	T	G	18340	1532	42	1	0	40	5.45137e-05	18344	0.74998	FALSE	NA	NA	NA	NA	NA	NA
NC_045512.2	10910	T	C	18340	1532	42	3	0	29	0.000163541	18344	1	FALSE	NA	NA	NA	NA	NA	NA
NC_045512.2	10911	T	G	18361	1550	42	2	1	28	0.000108903	18365	1	FALSE	NA	NA	NA	NA	NA	NA
NC_045512.2	10911	T	C	18361	1550	42	2	0	32	0.000108903	18365	0.99998	FALSE	NA	NA	NA	NA	NA	NA
NC_045512.2	10912	A	G	18215	1570	42	2	1	40	0.000109751	18223	0.499897	FALSE	NA	NA	NA	NA	NA	NA
NC_045512.2	10912	A	C	18215	1570	42	6	0	24	0.000329254	18223	1	FALSE	NA	NA	NA	NA	NA	NA
NC_045512.2	10912	A	-T	18215	1570	42	1	0	20	5.48757e-05	18223	1	FALSE	NA	NA	NA	NA	NA	NA
NC_045512.2	10913	T	G	18417	1772	43	1	0	24	5.42859e-05	18421	1	FALSE	NA	NA	NA	NA	NA	NA
NC_045512.2	10913	T	C	18417	1772	43	3	0	40	0.000162858	18421	0.312469	FALSE	NA	NA	NA	NA	NA	NA
NC_045512.2	10914	T	G	18412	1739	43	3	3	24	0.000162902	18416	1	FALSE	NA	NA	NA	NA	NA	NA
NC_045512.2	10914	T	C	18412	1739	43	1	0	40	5.43006e-05	18416	0.74998	FALSE	NA	NA	NA	NA	NA	NA
NC_045512.2	10914	T	-A	18412	1739	43	1	0	20	5.43006e-05	18416	1	FALSE	NA	NA	NA	NA	NA	NA
NC_045512.2	10915	A	C	18303	1796	43	3	0	29	0.000163881	18306	1	FALSE	NA	NA	NA	NA	NA	NA
NC_045512.2	10916	G	C	18495	1795	43	2	0	32	0.000108126	18497	0.99998	FALSE	NA	NA	NA	NA	NA	NA
NC_045512.2	10916	G	-A	18495	1795	43	1	0	20	5.40628e-05	18497	1	FALSE	NA	NA	NA	NA	NA	NA
NC_045512.2	10917	A	C	18424	1977	44	4	0	32	0.000217061	18428	0.999574	FALSE	NA	NA	NA	NA	NA	NA
NC_045512.2	10918	A	G	18418	1979	44	1	0	40	5.42859e-05	18421	0.749993	FALSE	NA	NA	NA	NA	NA	NA
NC_045512.2	10918	A	C	18418	1979	44	2	0	32	0.000108572	18421	0.99998	FALSE	NA	NA	NA	NA	NA	NA
NC_045512.2	10919	G	T	18637	1984	44	1	0	40	5.36423e-05	18642	0.749966	FALSE	NA	NA	NA	NA	NA	NA
NC_045512.2	10919	G	C	18637	1984	44	4	0	36	0.000214569	18642	0.999574	FALSE	NA	NA	NA	NA	NA	NA
NC_045512.2	10920	A	T	18575	2017	44	1	0	40	5.383e-05	18577	0.750007	FALSE	NA	NA	NA	NA	NA	NA
NC_045512.2	10920	A	C	18575	2017	44	1	0	40	5.383e-05	18577	0.750007	FALSE	NA	NA	NA	NA	NA	NA
NC_045512.2	10921	T	G	18669	2012	44	1	1	80	5.35619e-05	18670	0.500013	FALSE	NA	NA	NA	NA	NA	NA
NC_045512.2	10922	G	T	18840	2030	44	2	0	36	0.000106129	18845	0.99998	FALSE	NA	NA	NA	NA	NA	NA
NC_045512.2	10922	G	C	18840	2030	44	1	0	40	5.30645e-05	18845	0.749967	FALSE	NA	NA	NA	NA	NA	NA
NC_045512.2	10922	G	A	18840	2030	44	2	0	52	0.000106129	18845	0.249967	FALSE	NA	NA	NA	NA	NA	NA
NC_045512.2	10923	A	G	19085	2054	44	2	0	40	0.000104767	19090	0.499961	FALSE	NA	NA	NA	NA	NA	NA
NC_045512.2	10923	A	C	19085	2054	44	3	0	29	0.00015715	19090	1	FALSE	NA	NA	NA	NA	NA	NA
NC_045512.2	10924	A	C	19318	2125	44	13	0	28	0.000672495	19331	1	FALSE	NA	NA	NA	NA	NA	NA
NC_045512.2	10925	T	G	19507	2123	45	1	0	40	5.12531e-05	19511	0.749981	FALSE	NA	NA	NA	NA	NA	NA
NC_045512.2	10925	T	C	19507	2123	45	3	0	34	0.000153759	19511	0.99994	FALSE	NA	NA	NA	NA	NA	NA
NC_045512.2	10926	T	C	19503	2115	44	2	1	40	0.000102538	19505	0.500019	FALSE	NA	NA	NA	NA	NA	NA
NC_045512.2	10927	T	C	19499	2112	44	1	0	40	5.12821e-05	19500	0.750019	FALSE	NA	NA	NA	NA	NA	NA
NC_045512.2	10928	A	G	19227	2130	42	3	1	53	0.00015599	19232	0.12498	FALSE	NA	NA	NA	NA	NA	NA
NC_045512.2	10928	A	C	19227	2130	42	2	0	24	0.000103993	19232	1	FALSE	NA	NA	NA	NA	NA	NA
NC_045512.2	10929	C	A	19533	2158	45	1	0	40	5.11928e-05	19534	0.750019	FALSE	NA	NA	NA	NA	NA	NA
NC_045512.2	10930	A	G	19415	2161	44	1	0	40	5.1496e-05	19419	0.749981	FALSE	NA	NA	NA	NA	NA	NA
NC_045512.2	10930	A	C	19415	2161	44	3	0	24	0.000154488	19419	1	FALSE	NA	NA	NA	NA	NA	NA
NC_045512.2	10931	C	G	19923	2183	44	1	0	24	5.01857e-05	19926	1	FALSE	NA	NA	NA	NA	NA	NA
NC_045512.2	10931	C	A	19923	2183	44	2	0	24	0.000100371	19926	1	FALSE	NA	NA	NA	NA	NA	NA
NC_045512.2	10932	C	T	19995	2181	44	2	0	40	0.00010001	19998	0.5	FALSE	NA	NA	NA	NA	NA	NA
NC_045512.2	10932	C	A	19995	2181	44	1	0	24	5.0005e-05	19998	1	FALSE	NA	NA	NA	NA	NA	NA
NC_045512.2	10933	T	C	20144	2184	45	2	1	60	9.92753e-05	20146	0.250006	FALSE	NA	NA	NA	NA	NA	NA
NC_045512.2	10934	T	G	20130	2184	45	2	0	40	9.93246e-05	20136	0.687453	FALSE	NA	NA	NA	NA	NA	NA
NC_045512.2	10934	T	C	20130	2184	45	4	0	32	0.000198649	20136	0.999862	FALSE	NA	NA	NA	NA	NA	NA
NC_045512.2	10935	T	C	20146	2179	45	2	0	32	9.92654e-05	20148	0.999995	FALSE	NA	NA	NA	NA	NA	NA
NC_045512.2	10936	T	G	20155	2180	44	3	2	32	0.00014881	20160	0.999967	FALSE	NA	NA	NA	NA	NA	NA
NC_045512.2	10936	T	C	20155	2180	44	2	0	60	9.92063e-05	20160	0.249969	FALSE	NA	NA	NA	NA	NA	NA
NC_045512.2	10937	G	C	20154	2198	45	1	0	24	4.96155e-05	20155	1	FALSE	NA	NA	NA	NA	NA	NA
NC_045512.2	10938	A	T	20055	2191	44	1	0	80	4.9848e-05	20061	0.49995	FALSE	NA	NA	NA	NA	NA	NA
NC_045512.2	10938	A	G	20055	2191	44	1	0	40	4.9848e-05	20061	0.874972	FALSE	NA	NA	NA	NA	NA	NA
NC_045512.2	10938	A	C	20055	2191	44	4	0	24	0.000199392	20061	1	FALSE	NA	NA	NA	NA	NA	NA
NC_045512.2	10942	T	C	21477	2243	44	2	0	40	9.31142e-05	21479	0.687526	FALSE	NA	NA	NA	NA	NA	NA
NC_045512.2	10943	G	C	21760	2260	44	1	0	24	4.59517e-05	21762	1	FALSE	NA	NA	NA	NA	NA	NA
NC_045512.2	10943	G	A	21760	2260	44	1	1	24	4.59517e-05	21762	1	FALSE	NA	NA	NA	NA	NA	NA
NC_045512.2	10944	T	G	21782	2256	44	1	1	24	4.5901e-05	21786	1	FALSE	NA	NA	NA	NA	NA	NA
NC_045512.2	10944	T	C	21782	2256	44	2	0	40	9.18021e-05	21786	0.687491	FALSE	NA	NA	NA	NA	NA	NA
NC_045512.2	10944	T	A	21782	2256	44	1	0	40	4.5901e-05	21786	0.874991	FALSE	NA	NA	NA	NA	NA	NA
NC_045512.2	10945	T	G	21779	2256	44	3	3	29	0.000137722	21783	1	FALSE	NA	NA	NA	NA	NA	NA
NC_045512.2	10945	T	C	21779	2256	44	1	0	40	4.59074e-05	21783	0.874991	FALSE	NA	NA	NA	NA	NA	NA
NC_045512.2	10946	A	G	21842	2309	44	2	0	44	9.15416e-05	21848	0.687457	FALSE	NA	NA	NA	NA	NA	NA
NC_045512.2	10946	A	C	21842	2309	44	4	0	24	0.000183083	21848	1	FALSE	NA	NA	NA	NA	NA	NA
NC_045512.2	10947	G	A	21992	2312	45	1	0	80	4.5469e-05	21993	0.500011	FALSE	NA	NA	NA	NA	NA	NA
NC_045512.2	10948	A	T	22005	2322	44	1	0	40	4.5436e-05	22009	0.874991	FALSE	NA	NA	NA	NA	NA	NA
NC_045512.2	10948	A	G	22005	2322	44	1	0	36	4.5436e-05	22009	1	FALSE	NA	NA	NA	NA	NA	NA
NC_045512.2	10948	A	C	22005	2322	44	2	0	24	9.08719e-05	22009	1	FALSE	NA	NA	NA	NA	NA	NA
NC_045512.2	10949	C	T	22114	2319	45	1	0	24	4.52161e-05	22116	1	FALSE	NA	NA	NA	NA	NA	NA
NC_045512.2	10949	C	A	22114	2319	45	1	0	40	4.52161e-05	22116	0.875008	FALSE	NA	NA	NA	NA	NA	NA
NC_045512.2	10951	A	G	22437	2350	44	1	0	40	4.45633e-05	22440	0.875	FALSE	NA	NA	NA	NA	NA	NA
NC_045512.2	10951	A	C	22437	2350	44	2	0	24	8.91266e-05	22440	1	FALSE	NA	NA	NA	NA	NA	NA
NC_045512.2	10953	G	C	23110	2426	45	2	0	40	8.65202e-05	23116	0.687459	FALSE	NA	NA	NA	NA	NA	NA
NC_045512.2	10953	G	A	23110	2426	45	4	1	32	0.00017304	23116	0.999975	FALSE	NA	NA	NA	NA	NA	NA
NC_045512.2	10954	C	T	23156	2521	45	1	0	80	4.31798e-05	23159	0.499989	FALSE	NA	NA	NA	NA	NA	NA
NC_045512.2	10954	C	G	23156	2521	45	1	0	24	4.31798e-05	23159	1	FALSE	NA	NA	NA	NA	NA	NA
NC_045512.2	10954	C	A	23156	2521	45	1	0	24	4.31798e-05	23159	1	FALSE	NA	NA	NA	NA	NA	NA
NC_045512.2	10955	T	G	23157	2515	45	1	0	40	4.3176e-05	23161	0.874992	FALSE	NA	NA	NA	NA	NA	NA
NC_045512.2	10955	T	C	23157	2515	45	3	0	34	0.000129528	23161	0.999995	FALSE	NA	NA	NA	NA	NA	NA
NC_045512.2	10956	C	T	23200	2518	45	1	0	40	4.30997e-05	23202	0.875008	FALSE	NA	NA	NA	NA	NA	NA
NC_045512.2	10956	C	A	23200	2518	45	1	0	24	4.30997e-05	23202	1	FALSE	NA	NA	NA	NA	NA	NA
NC_045512.2	10957	A	G	23086	2525	45	5	0	36	0.000216497	23095	0.99991	FALSE	NA	NA	NA	NA	NA	NA
NC_045512.2	10957	A	C	23086	2525	45	4	0	28	0.000173198	23095	1	FALSE	NA	NA	NA	NA	NA	NA
NC_045512.2	10958	G	C	23707	2550	45	1	0	24	4.21781e-05	23709	1	FALSE	NA	NA	NA	NA	NA	NA
NC_045512.2	10958	G	A	23707	2550	45	1	0	40	4.21781e-05	23709	0.875008	FALSE	NA	NA	NA	NA	NA	NA
NC_045512.2	10960	T	G	23820	2579	45	1	1	40	4.19762e-05	23823	0.875	FALSE	NA	NA	NA	NA	NA	NA
NC_045512.2	10960	T	C	23820	2579	45	2	0	40	8.39525e-05	23823	0.687508	FALSE	NA	NA	NA	NA	NA	NA
NC_045512.2	10961	G	A	23840	2593	45	1	0	40	4.19445e-05	23841	0.875016	FALSE	NA	NA	NA	NA	NA	NA
NC_045512.2	10962	T	C	23865	2616	45	3	2	42	0.000125691	23868	0.50002	FALSE	NA	NA	NA	NA	NA	NA
NC_045512.2	10964	A	G	23879	2742	46	3	0	34	0.000125555	23894	0.999995	FALSE	NA	NA	NA	NA	NA	NA
NC_045512.2	10964	A	C	23879	2742	46	12	0	26	0.000502218	23894	1	FALSE	NA	NA	NA	NA	NA	NA
NC_045512.2	10965	C	T	23960	2762	46	2	0	32	8.3462e-05	23963	0.999999	FALSE	NA	NA	NA	NA	NA	NA
NC_045512.2	10965	C	A	23960	2762	46	1	0	24	4.1731e-05	23963	1	FALSE	NA	NA	NA	NA	NA	NA
NC_045512.2	10966	T	G	24014	2870	46	3	0	34	0.000124886	24022	0.999997	FALSE	NA	NA	NA	NA	NA	NA
NC_045512.2	10966	T	C	24014	2870	46	4	0	28	0.000166514	24022	1	FALSE	NA	NA	NA	NA	NA	NA
NC_045512.2	10966	T	A	24014	2870	46	1	1	80	4.16285e-05	24022	0.499938	FALSE	NA	NA	NA	NA	NA	NA
NC_045512.2	10967	T	G	24103	2884	46	1	0	40	4.14834e-05	24106	0.875	FALSE	NA	NA	NA	NA	NA	NA
NC_045512.2	10967	T	C	24103	2884	46	2	0	32	8.29669e-05	24106	1	FALSE	NA	NA	NA	NA	NA	NA
NC_045512.2	10968	T	C	24105	2884	46	10	1	52	0.00041468	24115	0.000975854	TRUE	NA	NA	NA	NA	NA	NA
NC_045512.2	10969	C	G	24203	2890	46	1	0	40	4.13138e-05	24205	0.875008	FALSE	NA	NA	NA	NA	NA	NA
NC_045512.2	10969	C	A	24203	2890	46	1	0	40	4.13138e-05	24205	0.875008	FALSE	NA	NA	NA	NA	NA	NA
NC_045512.2	10970	C	G	23996	2898	45	1	0	40	4.16667e-05	24000	0.874992	FALSE	NA	NA	NA	NA	NA	NA
NC_045512.2	10970	C	A	23996	2898	45	3	0	24	0.000125	24000	1	FALSE	NA	NA	NA	NA	NA	NA
NC_045512.2	10971	A	G	23960	3470	47	1	0	40	4.17223e-05	23968	0.874961	FALSE	NA	NA	NA	NA	NA	NA
NC_045512.2	10971	A	C	23960	3470	47	7	0	24	0.000292056	23968	1	FALSE	NA	NA	NA	NA	NA	NA
NC_045512.2	10972	A	G	23954	3477	47	1	1	80	4.17362e-05	23960	0.499958	FALSE	NA	NA	NA	NA	NA	NA
NC_045512.2	10972	A	C	23954	3477	47	5	0	24	0.000208681	23960	1	FALSE	NA	NA	NA	NA	NA	NA
NC_045512.2	10973	A	G	24011	3473	48	1	0	40	4.16406e-05	24015	0.874992	FALSE	NA	NA	NA	NA	NA	NA
NC_045512.2	10973	A	C	24011	3473	48	3	0	24	0.000124922	24015	1	FALSE	NA	NA	NA	NA	NA	NA
NC_045512.2	10974	G	A	24446	3489	48	1	0	80	4.09048e-05	24447	0.50001	FALSE	NA	NA	NA	NA	NA	NA
NC_045512.2	10975	T	G	24460	3864	49	3	3	26	0.000122614	24467	1	FALSE	NA	NA	NA	NA	NA	NA
NC_045512.2	10975	T	C	24460	3864	49	4	0	50	0.000163486	24467	0.0624821	FALSE	NA	NA	NA	NA	NA	NA
NC_045512.2	10976	G	T	24485	3935	49	1	0	24	4.08397e-05	24486	1	FALSE	NA	NA	NA	NA	NA	NA
NC_045512.2	10977	C	T	24479	4198	50	2	0	40	8.1696e-05	24481	0.687523	FALSE	NA	NA	NA	NA	NA	NA
NC_045512.2	10978	A	G	24379	4189	50	3	1	40	0.000123026	24385	0.499962	FALSE	NA	NA	NA	NA	NA	NA
NC_045512.2	10978	A	C	24379	4189	50	3	0	24	0.000123026	24385	1	FALSE	NA	NA	NA	NA	NA	NA
NC_045512.2	10979	G	T	24558	4169	49	1	1	32	4.07166e-05	24560	1	FALSE	NA	NA	NA	NA	NA	NA
NC_045512.2	10979	G	A	24558	4169	49	1	1	80	4.07166e-05	24560	0.5	FALSE	NA	NA	NA	NA	NA	NA
NC_045512.2	10980	T	G	24559	4314	50	2	2	28	8.14166e-05	24565	1	FALSE	NA	NA	NA	NA	NA	NA
NC_045512.2	10980	T	C	24559	4314	50	4	0	36	0.000162833	24565	0.999986	FALSE	NA	NA	NA	NA	NA	NA
NC_045512.2	10981	G	A	24886	4391	50	2	1	80	8.036e-05	24888	0.250005	FALSE	NA	NA	NA	NA	NA	NA
NC_045512.2	10981	G	-A	24886	4391	50	1	0	20	4.018e-05	24888	1	FALSE	NA	NA	NA	NA	NA	NA
NC_045512.2	10982	A	G	24795	4431	51	1	0	24	4.03258e-05	24798	1	FALSE	NA	NA	NA	NA	NA	NA
NC_045512.2	10982	A	C	24795	4431	51	2	0	32	8.06517e-05	24798	1	FALSE	NA	NA	NA	NA	NA	NA
NC_045512.2	10983	A	G	24731	4394	51	4	0	39	0.000161688	24739	0.999986	FALSE	NA	NA	NA	NA	NA	NA
NC_045512.2	10983	A	C	24731	4394	51	4	0	24	0.000161688	24739	1	FALSE	NA	NA	NA	NA	NA	NA
NC_045512.2	10984	A	G	24746	4497	51	2	1	40	8.08048e-05	24751	0.687477	FALSE	NA	NA	NA	NA	NA	NA
NC_045512.2	10984	A	C	24746	4497	51	3	0	29	0.000121207	24751	1	FALSE	NA	NA	NA	NA	NA	NA
NC_045512.2	10985	A	C	24711	4488	51	8	0	28	0.000323638	24719	1	FALSE	NA	NA	NA	NA	NA	NA
NC_045512.2	10986	G	T	24928	4496	51	1	0	24	4.01123e-05	24930	1	FALSE	NA	NA	NA	NA	NA	NA
NC_045512.2	10986	G	A	24928	4496	51	1	0	24	4.01123e-05	24930	1	FALSE	NA	NA	NA	NA	NA	NA
NC_045512.2	10987	A	G	24884	4570	51	2	0	32	8.03503e-05	24891	1	FALSE	NA	NA	NA	NA	NA	NA
NC_045512.2	10987	A	C	24884	4570	51	5	0	30	0.000200876	24891	0.999948	FALSE	NA	NA	NA	NA	NA	NA
NC_045512.2	10988	A	G	24881	4551	51	2	0	40	8.03665e-05	24886	0.687477	FALSE	NA	NA	NA	NA	NA	NA
NC_045512.2	10988	A	C	24881	4551	51	3	1	24	0.00012055	24886	1	FALSE	NA	NA	NA	NA	NA	NA
NC_045512.2	10990	A	G	24934	4568	51	1	0	64	4.00962e-05	24940	0.49996	FALSE	NA	NA	NA	NA	NA	NA
NC_045512.2	10990	A	C	24934	4568	51	5	0	24	0.000200481	24940	1	FALSE	NA	NA	NA	NA	NA	NA
NC_045512.2	10991	A	G	24045	4857	50	1	0	40	4.158e-05	24050	0.874984	FALSE	NA	NA	NA	NA	NA	NA
NC_045512.2	10991	A	C	24045	4857	50	4	0	28	0.00016632	24050	1	FALSE	NA	NA	NA	NA	NA	NA
NC_045512.2	10992	T	G	23715	4977	51	2	2	32	8.43277e-05	23717	0.999999	FALSE	NA	NA	NA	NA	NA	NA
NC_045512.2	10993	C	G	23453	5125	51	3	3	34	0.000127899	23456	0.999995	FALSE	NA	NA	NA	NA	NA	NA
NC_045512.2	10994	A	G	23337	5162	51	4	1	28	0.000171343	23345	1	FALSE	NA	NA	NA	NA	NA	NA
NC_045512.2	10994	A	C	23337	5162	51	4	0	34	0.000171343	23345	0.999975	FALSE	NA	NA	NA	NA	NA	NA
NC_045512.2	10995	A	G	23441	5217	50	2	0	40	8.52988e-05	23447	0.68746	FALSE	NA	NA	NA	NA	NA	NA
NC_045512.2	10995	A	C	23441	5217	50	4	0	32	0.000170598	23447	0.999975	FALSE	NA	NA	NA	NA	NA	NA
NC_045512.2	10996	G	T	23456	5319	50	2	2	40	8.52515e-05	23460	0.687492	FALSE	NA	NA	NA	NA	NA	NA
NC_045512.2	10996	G	A	23456	5319	50	2	0	60	8.52515e-05	23460	0.249984	FALSE	NA	NA	NA	NA	NA	NA
NC_045512.2	10997	G	A	23425	5705	50	5	2	60	0.000213402	23430	0.0312467	FALSE	NA	NA	NA	NA	NA	NA
NC_045512.2	10998	G	T	23842	5773	50	5	0	40	0.00020967	23847	0.226562	FALSE	NA	NA	NA	NA	NA	NA
NC_045512.2	10999	T	G	23522	5627	49	3	3	24	0.000127508	23528	1	FALSE	NA	NA	NA	NA	NA	NA
NC_045512.2	10999	T	C	23522	5627	49	3	0	29	0.000127508	23528	1	FALSE	NA	NA	NA	NA	NA	NA
NC_045512.2	10999	T	+AC	23522	5627	49	2	0	20	8.50051e-05	23528	1	FALSE	NA	NA	NA	NA	NA	NA
NC_045512.2	11000	A	G	23782	5796	50	1	0	40	4.20345e-05	23790	0.874961	FALSE	NA	NA	NA	NA	NA	NA
NC_045512.2	11000	A	C	23782	5796	50	7	0	26	0.000294241	23790	1	FALSE	NA	NA	NA	NA	NA	NA
NC_045512.2	11001	C	T	23944	5885	51	1	1	80	4.17606e-05	23946	0.5	FALSE	NA	NA	NA	NA	NA	NA
NC_045512.2	11001	C	G	23944	5885	51	1	1	32	4.17606e-05	23946	1	FALSE	NA	NA	NA	NA	NA	NA
NC_045512.2	11002	A	C	23819	5927	51	6	0	26	0.000251836	23825	1	FALSE	NA	NA	NA	NA	NA	NA
NC_045512.2	11002	A	+G	23819	5927	51	1	0	20	4.19727e-05	23825	1	FALSE	NA	NA	NA	NA	NA	NA
NC_045512.2	11003	C	T	24167	5985	51	1	0	40	4.13753e-05	24169	0.875008	FALSE	NA	NA	NA	NA	NA	NA
NC_045512.2	11003	C	G	24167	5985	51	1	0	40	4.13753e-05	24169	0.875008	FALSE	NA	NA	NA	NA	NA	NA
NC_045512.2	11004	A	G	23947	5925	51	1	0	40	4.17467e-05	23954	0.874969	FALSE	NA	NA	NA	NA	NA	NA
NC_045512.2	11004	A	C	23947	5925	51	6	0	29	0.00025048	23954	1	FALSE	NA	NA	NA	NA	NA	NA
NC_045512.2	11005	C	T	24257	5999	50	1	0	24	4.12201e-05	24260	1	FALSE	NA	NA	NA	NA	NA	NA
NC_045512.2	11005	C	A	24257	5999	50	2	0	24	8.24402e-05	24260	1	FALSE	NA	NA	NA	NA	NA	NA
NC_045512.2	11006	C	G	24044	5949	50	1	0	40	4.15887e-05	24045	0.875016	FALSE	NA	NA	NA	NA	NA	NA
NC_045512.2	11007	A	G	23883	5856	50	3	0	52	0.000125586	23888	0.124984	FALSE	NA	NA	NA	NA	NA	NA
NC_045512.2	11007	A	C	23883	5856	50	2	0	32	8.3724e-05	23888	0.999999	FALSE	NA	NA	NA	NA	NA	NA
NC_045512.2	11008	C	A	21928	6056	45	133	0	26	0.00602874	22061	0.999999	FALSE	NA	NA	NA	NA	NA	NA
NC_045512.2	11009	T	G	23700	5849	50	2	2	24	8.43775e-05	23703	1	FALSE	NA	NA	NA	NA	NA	NA
NC_045512.2	11009	T	C	23700	5849	50	1	0	24	4.21888e-05	23703	1	FALSE	NA	NA	NA	NA	NA	NA
NC_045512.2	11010	G	T	23993	5886	50	2	0	24	8.33507e-05	23995	1	FALSE	NA	NA	NA	NA	NA	NA
NC_045512.2	11011	G	T	23890	5739	49	6	6	30	0.000251088	23896	0.999728	FALSE	NA	NA	NA	NA	NA	NA
NC_045512.2	11012	T	G	23958	5880	50	2	2	24	8.34725e-05	23960	1	FALSE	NA	NA	NA	NA	NA	NA
NC_045512.2	11013	T	C	23919	6290	51	3	2	46	0.000125408	23922	0.50002	FALSE	NA	NA	NA	NA	NA	NA
NC_045512.2	11014	G	T	23754	6198	51	1	0	24	4.20929e-05	23757	1	FALSE	NA	NA	NA	NA	NA	NA
NC_045512.2	11014	G	C	23754	6198	51	1	0	40	4.20929e-05	23757	0.875	FALSE	NA	NA	NA	NA	NA	NA
NC_045512.2	11014	G	A	23754	6198	51	1	1	24	4.20929e-05	23757	1	FALSE	NA	NA	NA	NA	NA	NA
NC_045512.2	11015	T	C	23768	6221	51	1	1	64	4.20716e-05	23769	0.500011	FALSE	NA	NA	NA	NA	NA	NA
NC_045512.2	11016	T	G	23750	6232	51	2	0	36	8.41928e-05	23755	0.999999	FALSE	NA	NA	NA	NA	NA	NA
NC_045512.2	11016	T	C	23750	6232	51	3	0	64	0.000126289	23755	0.124984	FALSE	NA	NA	NA	NA	NA	NA
NC_045512.2	11017	A	G	23700	6292	51	2	1	32	8.43775e-05	23703	0.999999	FALSE	NA	NA	NA	NA	NA	NA
NC_045512.2	11017	A	C	23700	6292	51	1	0	24	4.21888e-05	23703	1	FALSE	NA	NA	NA	NA	NA	NA
NC_045512.2	11018	C	A	23404	6726	51	2	0	24	8.54482e-05	23406	1	FALSE	NA	NA	NA	NA	NA	NA
NC_045512.2	11019	T	G	23524	6683	52	1	1	32	4.25044e-05	23527	1	FALSE	NA	NA	NA	NA	NA	NA
NC_045512.2	11019	T	C	23524	6683	52	2	2	24	8.50087e-05	23527	1	FALSE	NA	NA	NA	NA	NA	NA
NC_045512.2	11020	C	G	23363	6759	52	1	1	24	4.28009e-05	23364	1	FALSE	NA	NA	NA	NA	NA	NA
NC_045512.2	11021	A	T	23326	6842	52	1	0	40	4.28596e-05	23332	0.874976	FALSE	NA	NA	NA	NA	NA	NA
NC_045512.2	11021	A	G	23326	6842	52	3	2	53	0.000128579	23332	0.124976	FALSE	NA	NA	NA	NA	NA	NA
NC_045512.2	11021	A	C	23326	6842	52	2	0	24	8.57192e-05	23332	1	FALSE	NA	NA	NA	NA	NA	NA
NC_045512.2	11022	C	T	23413	6853	52	2	2	40	8.54007e-05	23419	0.68746	FALSE	NA	NA	NA	NA	NA	NA
NC_045512.2	11022	C	G	23413	6853	52	1	0	48	4.27004e-05	23419	0.874976	FALSE	NA	NA	NA	NA	NA	NA
NC_045512.2	11022	C	A	23413	6853	52	3	0	24	0.000128101	23419	1	FALSE	NA	NA	NA	NA	NA	NA
NC_045512.2	11023	A	G	23625	7409	53	3	0	38	0.000126952	23631	0.999995	FALSE	NA	NA	NA	NA	NA	NA
NC_045512.2	11023	A	C	23625	7409	53	3	0	24	0.000126952	23631	1	FALSE	NA	NA	NA	NA	NA	NA
NC_045512.2	11024	A	C	23707	7436	53	3	0	34	0.000126529	23710	0.999995	FALSE	NA	NA	NA	NA	NA	NA
NC_045512.2	11025	T	G	23733	7450	53	1	1	24	4.21319e-05	23735	1	FALSE	NA	NA	NA	NA	NA	NA
NC_045512.2	11025	T	C	23733	7450	53	1	1	24	4.21319e-05	23735	1	FALSE	NA	NA	NA	NA	NA	NA
NC_045512.2	11026	T	G	23683	7515	53	2	2	24	8.44345e-05	23687	1	FALSE	NA	NA	NA	NA	NA	NA
NC_045512.2	11026	T	C	23683	7515	53	2	2	32	8.44345e-05	23687	0.999999	FALSE	NA	NA	NA	NA	NA	NA
NC_045512.2	11027	T	G	23635	7532	53	1	1	40	4.23066e-05	23637	0.875008	FALSE	NA	NA	NA	NA	NA	NA
NC_045512.2	11027	T	C	23635	7532	53	1	0	40	4.23066e-05	23637	0.875008	FALSE	NA	NA	NA	NA	NA	NA
NC_045512.2	11028	T	G	23416	7661	53	1	1	24	4.27004e-05	23419	1	FALSE	NA	NA	NA	NA	NA	NA
NC_045512.2	11028	T	C	23416	7661	53	2	0	32	8.54007e-05	23419	0.999999	FALSE	NA	NA	NA	NA	NA	NA
NC_045512.2	11029	G	C	23126	7839	53	1	0	40	4.32395e-05	23127	0.875016	FALSE	NA	NA	NA	NA	NA	NA
NC_045512.2	11030	A	G	23074	7894	53	3	0	53	0.000129988	23079	0.124984	FALSE	NA	NA	NA	NA	NA	NA
NC_045512.2	11030	A	C	23074	7894	53	2	0	24	8.66589e-05	23079	1	FALSE	NA	NA	NA	NA	NA	NA
NC_045512.2	11031	C	T	22382	8089	50	1	1	24	4.46389e-05	22402	1	FALSE	NA	NA	NA	NA	NA	NA
NC_045512.2	11031	C	G	22382	8089	50	2	1	40	8.92777e-05	22402	0.687224	FALSE	NA	NA	NA	NA	NA	NA
NC_045512.2	11031	C	A	22382	8089	50	17	0	24	0.000758861	22402	1	FALSE	NA	NA	NA	NA	NA	NA
NC_045512.2	11032	T	G	22764	8021	52	2	2	24	8.78349e-05	22770	1	FALSE	NA	NA	NA	NA	NA	NA
NC_045512.2	11032	T	C	22764	8021	52	3	0	34	0.000131752	22770	0.99999	FALSE	NA	NA	NA	NA	NA	NA
NC_045512.2	11032	T	A	22764	8021	52	1	0	40	4.39174e-05	22770	0.874975	FALSE	NA	NA	NA	NA	NA	NA
NC_045512.2	11033	T	G	22836	8181	53	2	1	32	8.75618e-05	22841	0.999999	FALSE	NA	NA	NA	NA	NA	NA
NC_045512.2	11033	T	C	22836	8181	53	3	1	53	0.000131343	22841	0.124984	FALSE	NA	NA	NA	NA	NA	NA
NC_045512.2	11034	C	G	22746	8200	52	1	1	40	4.39541e-05	22751	0.874984	FALSE	NA	NA	NA	NA	NA	NA
NC_045512.2	11034	C	A	22746	8200	52	4	0	30	0.000175816	22751	0.999956	FALSE	NA	NA	NA	NA	NA	NA
NC_045512.2	11035	A	G	22785	8260	53	1	0	40	4.38847e-05	22787	0.875008	FALSE	NA	NA	NA	NA	NA	NA
NC_045512.2	11035	A	C	22785	8260	53	1	0	40	4.38847e-05	22787	0.875008	FALSE	NA	NA	NA	NA	NA	NA
NC_045512.2	11036	C	A	21734	8442	50	50	0	27	0.00229526	21784	1	FALSE	NA	NA	NA	NA	NA	NA
NC_045512.2	11036	C	-T	21734	8442	50	2	0	20	9.18105e-05	21784	1	FALSE	NA	NA	NA	NA	NA	NA
NC_045512.2	11037	T	G	22594	8440	52	1	1	24	4.42556e-05	22596	1	FALSE	NA	NA	NA	NA	NA	NA
NC_045512.2	11037	T	A	22594	8440	52	1	0	40	4.42556e-05	22596	0.874992	FALSE	NA	NA	NA	NA	NA	NA
NC_045512.2	11038	T	C	22642	8446	53	3	2	34	0.00013248	22645	0.99999	FALSE	NA	NA	NA	NA	NA	NA
NC_045512.2	11039	T	G	22605	8456	53	2	2	24	8.84643e-05	22608	1	FALSE	NA	NA	NA	NA	NA	NA
NC_045512.2	11039	T	C	22605	8456	53	1	0	80	4.42321e-05	22608	0.499989	FALSE	NA	NA	NA	NA	NA	NA
NC_045512.2	11040	T	G	22599	8514	52	3	3	24	0.000132732	22602	1	FALSE	NA	NA	NA	NA	NA	NA
NC_045512.2	11041	A	C	22011	8933	51	4	0	28	0.000181694	22015	1	FALSE	NA	NA	NA	NA	NA	NA
NC_045512.2	11041	A	-G	22011	8933	51	1	0	20	4.54236e-05	22015	1	FALSE	NA	NA	NA	NA	NA	NA
NC_045512.2	11042	G	T	0	0	0	22112	8894	52	0.999955	22113	0	TRUE	NA	NA	NA	NA	NA	NA
NC_045512.2	11042	G	C	0	0	0	1	0	32	4.52223e-05	22113	0.00104007	TRUE	NA	NA	NA	NA	NA	NA
NC_045512.2	11043	T	C	22120	9059	52	1	0	24	4.52059e-05	22121	1	FALSE	NA	NA	NA	NA	NA	NA
NC_045512.2	11044	T	G	21984	9170	52	1	1	24	4.54835e-05	21986	1	FALSE	NA	NA	NA	NA	NA	NA
NC_045512.2	11044	T	C	21984	9170	52	1	1	40	4.54835e-05	21986	0.875009	FALSE	NA	NA	NA	NA	NA	NA
NC_045512.2	11045	T	G	21916	9156	52	2	2	40	9.1245e-05	21919	0.687509	FALSE	NA	NA	NA	NA	NA	NA
NC_045512.2	11045	T	C	21916	9156	52	1	0	40	4.56225e-05	21919	0.875	FALSE	NA	NA	NA	NA	NA	NA
NC_045512.2	11046	T	G	20053	10212	50	3	3	24	0.000149581	20056	1	FALSE	NA	NA	NA	NA	NA	NA
NC_045512.2	11047	A	G	19799	10317	46	1	0	40	5.04923e-05	19805	0.749956	FALSE	NA	NA	NA	NA	NA	NA
NC_045512.2	11047	A	C	19799	10317	46	5	0	28	0.000252461	19805	1	FALSE	NA	NA	NA	NA	NA	NA
NC_045512.2	11049	T	G	20085	10464	49	2	2	24	9.9552e-05	20090	1	FALSE	NA	NA	NA	NA	NA	NA
NC_045512.2	11049	T	C	20085	10464	49	3	0	53	0.000149328	20090	0.124981	FALSE	NA	NA	NA	NA	NA	NA
NC_045512.2	11050	C	T	20762	12297	50	1	0	40	4.8158e-05	20765	0.875	FALSE	NA	NA	NA	NA	NA	NA
NC_045512.2	11050	C	G	20762	12297	50	2	2	32	9.63159e-05	20765	0.999995	FALSE	NA	NA	NA	NA	NA	NA
NC_045512.2	11051	C	T	20705	12298	49	1	0	40	4.82952e-05	20706	0.875018	FALSE	NA	NA	NA	NA	NA	NA
NC_045512.2	11052	A	T	20743	12279	50	1	1	40	4.81997e-05	20747	0.874991	FALSE	NA	NA	NA	NA	NA	NA
NC_045512.2	11052	A	G	20743	12279	50	1	0	40	4.81997e-05	20747	0.874991	FALSE	NA	NA	NA	NA	NA	NA
NC_045512.2	11052	A	C	20743	12279	50	2	1	28	9.63995e-05	20747	1	FALSE	NA	NA	NA	NA	NA	NA
NC_045512.2	11053	G	T	20757	12251	50	6	6	26	0.000288962	20764	1	FALSE	NA	NA	NA	NA	NA	NA
NC_045512.2	11053	G	A	20757	12251	50	1	0	40	4.81603e-05	20764	0.874964	FALSE	NA	NA	NA	NA	NA	NA
NC_045512.2	11054	A	T	22596	14702	51	1	1	40	4.42497e-05	22599	0.875	FALSE	NA	NA	NA	NA	NA	NA
NC_045512.2	11054	A	G	22596	14702	51	2	2	28	8.84995e-05	22599	1	FALSE	NA	NA	NA	NA	NA	NA
NC_045512.2	11055	G	T	22863	14659	51	3	3	29	0.000131188	22868	1	FALSE	NA	NA	NA	NA	NA	NA
NC_045512.2	11055	G	A	22863	14659	51	2	2	40	8.74585e-05	22868	0.687475	FALSE	NA	NA	NA	NA	NA	NA
NC_045512.2	11056	T	G	23037	15173	51	4	4	28	0.000173589	23043	1	FALSE	NA	NA	NA	NA	NA	NA
NC_045512.2	11056	T	C	23037	15173	51	2	2	32	8.67943e-05	23043	0.999999	FALSE	NA	NA	NA	NA	NA	NA
NC_045512.2	11057	A	G	23278	15512	51	2	2	40	8.5907e-05	23281	0.687508	FALSE	NA	NA	NA	NA	NA	NA
NC_045512.2	11057	A	C	23278	15512	51	1	0	24	4.29535e-05	23281	1	FALSE	NA	NA	NA	NA	NA	NA
NC_045512.2	11058	C	T	23451	15660	52	4	4	40	0.000170525	23457	0.34372	FALSE	NA	NA	NA	NA	NA	NA
NC_045512.2	11058	C	A	23451	15660	52	2	1	52	8.52624e-05	23457	0.249963	FALSE	NA	NA	NA	NA	NA	NA
NC_045512.2	11059	T	G	23340	15621	52	5	5	24	0.000214142	23349	1	FALSE	NA	NA	NA	NA	NA	NA
NC_045512.2	11059	T	C	23340	15621	52	4	2	48	0.000171314	23349	0.34366	FALSE	NA	NA	NA	NA	NA	NA
NC_045512.2	11061	A	T	23871	16560	53	1	0	40	4.18796e-05	23878	0.874969	FALSE	NA	NA	NA	NA	NA	NA
NC_045512.2	11061	A	G	23871	16560	53	6	2	36	0.000251277	23878	0.999728	FALSE	NA	NA	NA	NA	NA	NA
NC_045512.2	11062	A	G	23793	16526	52	1	1	24	4.20274e-05	23794	1	FALSE	NA	NA	NA	NA	NA	NA
NC_045512.2	11063	T	G	23946	16708	53	2	2	32	8.35073e-05	23950	0.999999	FALSE	NA	NA	NA	NA	NA	NA
NC_045512.2	11063	T	C	23946	16708	53	1	0	32	4.17537e-05	23950	1	FALSE	NA	NA	NA	NA	NA	NA
NC_045512.2	11063	T	A	23946	16708	53	1	0	64	4.17537e-05	23950	0.499979	FALSE	NA	NA	NA	NA	NA	NA
NC_045512.2	11064	G	T	23435	16238	53	1	0	80	4.26658e-05	23438	0.499989	FALSE	NA	NA	NA	NA	NA	NA
NC_045512.2	11064	G	A	23435	16238	53	2	2	40	8.53315e-05	23438	0.687508	FALSE	NA	NA	NA	NA	NA	NA
NC_045512.2	11065	G	T	23533	16435	53	13	13	27	0.000552111	23546	1	FALSE	NA	NA	NA	NA	NA	NA
NC_045512.2	11066	T	G	23583	16613	54	1	1	32	4.2398e-05	23586	1	FALSE	NA	NA	NA	NA	NA	NA
NC_045512.2	11066	T	C	23583	16613	54	2	2	56	8.47961e-05	23586	0.249995	FALSE	NA	NA	NA	NA	NA	NA
NC_045512.2	11067	C	T	23465	16626	53	1	1	24	4.26148e-05	23466	1	FALSE	NA	NA	NA	NA	NA	NA
NC_045512.2	11068	T	G	23608	16798	54	1	1	40	4.23549e-05	23610	0.875008	FALSE	NA	NA	NA	NA	NA	NA
NC_045512.2	11068	T	C	23608	16798	54	1	0	24	4.23549e-05	23610	1	FALSE	NA	NA	NA	NA	NA	NA
NC_045512.2	11069	T	G	24394	18046	54	5	5	24	0.00020491	24401	1	FALSE	NA	NA	NA	NA	NA	NA
NC_045512.2	11069	T	C	24394	18046	54	2	2	52	8.19639e-05	24401	0.249954	FALSE	NA	NA	NA	NA	NA	NA
NC_045512.2	11070	T	G	24999	19019	55	4	4	24	0.000159955	25007	1	FALSE	NA	NA	NA	NA	NA	NA
NC_045512.2	11070	T	C	24999	19019	55	4	3	36	0.000159955	25007	0.999992	FALSE	NA	NA	NA	NA	NA	NA
NC_045512.2	11071	G	A	25085	19099	55	1	0	80	3.98629e-05	25086	0.50001	FALSE	NA	NA	NA	NA	NA	NA
NC_045512.2	11072	T	C	25243	19339	55	2	1	44	7.92236e-05	25245	0.687522	FALSE	NA	NA	NA	NA	NA	NA
NC_045512.2	11073	T	G	25209	19409	55	5	5	33	0.000198295	25215	0.99997	FALSE	NA	NA	NA	NA	NA	NA
NC_045512.2	11073	T	C	25209	19409	55	1	1	36	3.96589e-05	25215	1	FALSE	NA	NA	NA	NA	NA	NA
NC_045512.2	11073	T	+C	25209	19409	55	1	0	20	3.96589e-05	25215	1	FALSE	NA	NA	NA	NA	NA	NA
NC_045512.2	11074	C	T	25531	20265	54	7	6	37	0.000274101	25538	0.999734	FALSE	NA	NA	NA	NA	NA	NA
NC_045512.2	11074	C	-T	25531	20265	54	106	0	20	0.00415068	25538	1	FALSE	NA	NA	NA	NA	NA	NA
NC_045512.2	11074	C	+TT	25531	20265	54	1	0	20	3.91573e-05	25538	1	FALSE	NA	NA	NA	NA	NA	NA
NC_045512.2	11074	C	+T	25531	20265	54	107	0	20	0.00418983	25538	1	FALSE	NA	NA	NA	NA	NA	NA
NC_045512.2	11075	T	C	25399	20184	55	2	2	40	7.87371e-05	25401	0.685929	FALSE	NA	NA	NA	NA	NA	NA
NC_045512.2	11076	T	G	25526	20296	55	1	1	24	3.91696e-05	25530	1	FALSE	NA	NA	NA	NA	NA	NA
NC_045512.2	11076	T	C	25526	20296	55	3	2	53	0.000117509	25530	0.124993	FALSE	NA	NA	NA	NA	NA	NA
NC_045512.2	11077	T	G	25517	20289	55	2	2	32	7.83699e-05	25520	1	FALSE	NA	NA	NA	NA	NA	NA
NC_045512.2	11077	T	C	25517	20289	55	1	0	32	3.9185e-05	25520	1	FALSE	NA	NA	NA	NA	NA	NA
NC_045512.2	11078	T	G	25510	20283	55	4	4	24	0.000156771	25515	1	FALSE	NA	NA	NA	NA	NA	NA
NC_045512.2	11078	T	C	25510	20283	55	1	1	80	3.91926e-05	25515	0.499971	FALSE	NA	NA	NA	NA	NA	NA
NC_045512.2	11079	T	G	25514	20285	55	2	1	28	7.83822e-05	25516	1	FALSE	NA	NA	NA	NA	NA	NA
NC_045512.2	11079	T	+G	25514	20285	55	1	0	20	3.91911e-05	25516	1	FALSE	NA	NA	NA	NA	NA	NA
NC_045512.2	11080	T	G	25430	20210	55	3	3	24	0.000117952	25434	1	FALSE	NA	NA	NA	NA	NA	NA
NC_045512.2	11080	T	C	25430	20210	55	1	1	80	3.93174e-05	25434	0.49998	FALSE	NA	NA	NA	NA	NA	NA
NC_045512.2	11081	T	G	25402	20180	55	4	4	28	0.000157437	25407	1	FALSE	NA	NA	NA	NA	NA	NA
NC_045512.2	11081	T	C	25402	20180	55	1	1	24	3.93592e-05	25407	1	FALSE	NA	NA	NA	NA	NA	NA
NC_045512.2	11082	T	G	25395	20407	54	5	5	27	0.000196835	25402	1	FALSE	NA	NA	NA	NA	NA	NA
NC_045512.2	11082	T	C	25395	20407	54	2	1	46	7.8734e-05	25402	0.687448	FALSE	NA	NA	NA	NA	NA	NA
NC_045512.2	11084	T	G	25411	20500	54	5	4	28	0.000196726	25416	1	FALSE	NA	NA	NA	NA	NA	NA
NC_045512.2	11085	A	G	25435	20577	52	2	0	66	7.86133e-05	25441	0.249966	FALSE	NA	NA	NA	NA	NA	NA
NC_045512.2	11085	A	C	25435	20577	52	4	2	32	0.000157227	25441	0.999992	FALSE	NA	NA	NA	NA	NA	NA
NC_045512.2	11086	T	G	25384	20475	54	5	5	30	0.000196936	25389	0.99997	FALSE	NA	NA	NA	NA	NA	NA
NC_045512.2	11087	G	A	25515	20598	54	1	0	80	3.91911e-05	25516	0.50001	FALSE	NA	NA	NA	NA	NA	NA
NC_045512.2	11087	G	+A	25515	20598	54	1	0	20	3.91911e-05	25516	1	FALSE	NA	NA	NA	NA	NA	NA
NC_045512.2	11088	A	G	25533	20638	54	3	2	34	0.000117477	25537	0.999998	FALSE	NA	NA	NA	NA	NA	NA
NC_045512.2	11088	A	C	25533	20638	54	1	0	32	3.91589e-05	25537	1	FALSE	NA	NA	NA	NA	NA	NA
NC_045512.2	11089	A	G	25508	20609	54	6	6	48	0.000235165	25514	0.144525	FALSE	NA	NA	NA	NA	NA	NA
NC_045512.2	11090	A	G	25510	20607	54	3	2	29	0.000117583	25514	1	FALSE	NA	NA	NA	NA	NA	NA
NC_045512.2	11090	A	C	25510	20607	54	1	0	24	3.91942e-05	25514	1	FALSE	NA	NA	NA	NA	NA	NA
NC_045512.2	11091	A	T	25581	20743	54	1	1	48	3.90854e-05	25585	0.874993	FALSE	NA	NA	NA	NA	NA	NA
NC_045512.2	11091	A	G	25581	20743	54	2	2	44	7.81708e-05	25585	0.687493	FALSE	NA	NA	NA	NA	NA	NA
NC_045512.2	11091	A	C	25581	20743	54	1	0	24	3.90854e-05	25585	1	FALSE	NA	NA	NA	NA	NA	NA
NC_045512.2	11092	T	G	25424	21156	52	5	5	33	0.000196603	25432	0.99997	FALSE	NA	NA	NA	NA	NA	NA
NC_045512.2	11092	T	C	25424	21156	52	3	3	37	0.000117962	25432	0.999998	FALSE	NA	NA	NA	NA	NA	NA
NC_045512.2	11092	T	+GAAGGGGGAAA	25424	21156	52	1	0	20	3.93205e-05	25432	1	FALSE	NA	NA	NA	NA	NA	NA
NC_045512.2	11093	G	T	25571	21326	52	1	1	24	3.91037e-05	25573	1	FALSE	NA	NA	NA	NA	NA	NA
NC_045512.2	11093	G	A	25571	21326	52	1	0	80	3.91037e-05	25573	0.5	FALSE	NA	NA	NA	NA	NA	NA
NC_045512.2	11093	G	-CCTTTTTACCT	25571	21326	52	1	0	20	3.91037e-05	25573	1	FALSE	NA	NA	NA	NA	NA	NA
NC_045512.2	11094	C	G	25537	21413	52	1	1	40	3.91573e-05	25538	0.875007	FALSE	NA	NA	NA	NA	NA	NA
NC_045512.2	11095	C	-T	25569	21507	51	3	0	20	0.000117325	25570	1	FALSE	NA	NA	NA	NA	NA	NA
NC_045512.2	11095	C	+T	25569	21507	51	1	0	20	3.91083e-05	25570	1	FALSE	NA	NA	NA	NA	NA	NA
NC_045512.2	11096	T	G	25504	21436	52	1	1	24	3.9208e-05	25505	1	FALSE	NA	NA	NA	NA	NA	NA
NC_045512.2	11097	T	G	25469	21397	52	4	4	30	0.000156998	25478	0.999992	FALSE	NA	NA	NA	NA	NA	NA
NC_045512.2	11097	T	C	25469	21397	52	5	5	44	0.000196248	25478	0.226482	FALSE	NA	NA	NA	NA	NA	NA
NC_045512.2	11098	T	G	25477	21427	52	1	1	24	3.92418e-05	25483	1	FALSE	NA	NA	NA	NA	NA	NA
NC_045512.2	11098	T	C	25477	21427	52	4	3	46	0.000156967	25483	0.343704	FALSE	NA	NA	NA	NA	NA	NA
NC_045512.2	11098	T	A	25477	21427	52	1	1	40	3.92418e-05	25483	0.874971	FALSE	NA	NA	NA	NA	NA	NA
NC_045512.2	11099	T	C	25377	21375	51	1	1	24	3.94042e-05	25378	1	FALSE	NA	NA	NA	NA	NA	NA
NC_045512.2	11100	T	G	25435	21429	51	5	5	30	0.000196533	25441	0.99997	FALSE	NA	NA	NA	NA	NA	NA
NC_045512.2	11100	T	C	25435	21429	51	1	1	40	3.93066e-05	25441	0.874971	FALSE	NA	NA	NA	NA	NA	NA
NC_045512.2	11101	A	G	25513	21556	51	1	0	36	3.91942e-05	25514	1	FALSE	NA	NA	NA	NA	NA	NA
NC_045512.2	11102	C	G	25464	21742	50	1	1	40	3.9268e-05	25466	0.875	FALSE	NA	NA	NA	NA	NA	NA
NC_045512.2	11102	C	A	25464	21742	50	1	0	24	3.9268e-05	25466	1	FALSE	NA	NA	NA	NA	NA	NA
NC_045512.2	11103	C	T	25290	21788	50	2	0	80	7.90764e-05	25292	0.249995	FALSE	NA	NA	NA	NA	NA	NA
NC_045512.2	11104	T	G	25118	21623	50	1	1	40	3.98057e-05	25122	0.874985	FALSE	NA	NA	NA	NA	NA	NA
NC_045512.2	11104	T	C	25118	21623	50	3	3	53	0.000119417	25122	0.124985	FALSE	NA	NA	NA	NA	NA	NA
NC_045512.2	11105	T	G	25083	21589	50	2	2	40	7.97289e-05	25085	0.687522	FALSE	NA	NA	NA	NA	NA	NA
NC_045512.2	11106	T	G	25048	21558	50	4	4	30	0.000159662	25053	0.999992	FALSE	NA	NA	NA	NA	NA	NA
NC_045512.2	11106	T	C	25048	21558	50	1	1	40	3.99154e-05	25053	0.874985	FALSE	NA	NA	NA	NA	NA	NA
NC_045512.2	11107	T	G	25050	21571	50	1	1	24	3.99186e-05	25051	1	FALSE	NA	NA	NA	NA	NA	NA
NC_045512.2	11108	G	T	24861	21393	49	8	8	27	0.000321647	24872	1	FALSE	NA	NA	NA	NA	NA	NA
NC_045512.2	11108	G	C	24861	21393	49	2	2	40	8.04117e-05	24872	0.687387	FALSE	NA	NA	NA	NA	NA	NA
NC_045512.2	11108	G	A	24861	21393	49	1	1	40	4.02059e-05	24872	0.87494	FALSE	NA	NA	NA	NA	NA	NA
NC_045512.2	11109	C	T	17293	15113	49	7784	6771	49	0.310404	25077	0	TRUE	NA	NA	NA	NA	NA	NA
NC_045512.2	11110	T	G	24945	21768	49	10	10	33	0.000400673	24958	0.995488	FALSE	NA	NA	NA	NA	NA	NA
NC_045512.2	11110	T	C	24945	21768	49	2	2	40	8.01346e-05	24958	0.687357	FALSE	NA	NA	NA	NA	NA	NA
NC_045512.2	11110	T	A	24945	21768	49	1	1	80	4.00673e-05	24958	0.49989	FALSE	NA	NA	NA	NA	NA	NA
NC_045512.2	11111	A	G	24976	21808	49	1	1	24	4.00336e-05	24979	1	FALSE	NA	NA	NA	NA	NA	NA
NC_045512.2	11111	A	C	24976	21808	49	2	2	32	8.00673e-05	24979	1	FALSE	NA	NA	NA	NA	NA	NA
NC_045512.2	11112	T	G	24866	21705	49	3	3	24	0.000120627	24870	1	FALSE	NA	NA	NA	NA	NA	NA
NC_045512.2	11112	T	A	24866	21705	49	1	1	24	4.02091e-05	24870	1	FALSE	NA	NA	NA	NA	NA	NA
NC_045512.2	11113	G	T	24879	21723	49	2	2	24	8.03794e-05	24882	1	FALSE	NA	NA	NA	NA	NA	NA
NC_045512.2	11113	G	C	24879	21723	49	1	1	40	4.01897e-05	24882	0.875	FALSE	NA	NA	NA	NA	NA	NA
NC_045512.2	11114	G	A	24658	21523	49	3	2	66	0.00012165	24661	0.125	FALSE	NA	NA	NA	NA	NA	NA
NC_045512.2	11115	G	T	24518	21417	48	7	7	28	0.000285423	24525	1	FALSE	NA	NA	NA	NA	NA	NA
NC_045512.2	11116	T	G	24580	21487	49	2	2	24	8.1357e-05	24583	1	FALSE	NA	NA	NA	NA	NA	NA
NC_045512.2	11116	T	C	24580	21487	49	1	1	40	4.06785e-05	24583	0.875	FALSE	NA	NA	NA	NA	NA	NA
NC_045512.2	11117	A	G	24377	21325	49	3	3	34	0.000123047	24381	0.999997	FALSE	NA	NA	NA	NA	NA	NA
NC_045512.2	11117	A	C	24377	21325	49	1	0	24	4.10155e-05	24381	1	FALSE	NA	NA	NA	NA	NA	NA
NC_045512.2	11118	T	G	24281	21256	49	2	2	28	8.23588e-05	24284	1	FALSE	NA	NA	NA	NA	NA	NA
NC_045512.2	11118	T	C	24281	21256	49	1	1	40	4.11794e-05	24284	0.875	FALSE	NA	NA	NA	NA	NA	NA
NC_045512.2	11119	T	G	24268	21243	49	3	3	24	0.000123599	24272	1	FALSE	NA	NA	NA	NA	NA	NA
NC_045512.2	11119	T	C	24268	21243	49	1	1	80	4.11997e-05	24272	0.499979	FALSE	NA	NA	NA	NA	NA	NA
NC_045512.2	11120	A	G	24328	21348	49	2	2	32	8.2203e-05	24330	1	FALSE	NA	NA	NA	NA	NA	NA
NC_045512.2	11121	T	G	24274	21288	49	2	2	32	8.23757e-05	24279	1	FALSE	NA	NA	NA	NA	NA	NA
NC_045512.2	11121	T	C	24274	21288	49	2	2	40	8.23757e-05	24279	0.687477	FALSE	NA	NA	NA	NA	NA	NA
NC_045512.2	11121	T	A	24274	21288	49	1	1	40	4.11879e-05	24279	0.874985	FALSE	NA	NA	NA	NA	NA	NA
NC_045512.2	11122	T	G	22918	20027	49	6	6	32	0.000261723	22925	0.999545	FALSE	NA	NA	NA	NA	NA	NA
NC_045512.2	11122	T	C	22918	20027	49	1	1	80	4.36205e-05	22925	0.499945	FALSE	NA	NA	NA	NA	NA	NA
NC_045512.2	11122	T	-G	22918	20027	49	1	0	20	4.36205e-05	22925	1	FALSE	NA	NA	NA	NA	NA	NA
NC_045512.2	11123	G	T	22998	20117	49	2	2	36	8.69565e-05	23000	0.999999	FALSE	NA	NA	NA	NA	NA	NA
NC_045512.2	11125	T	G	21909	19238	49	2	2	32	9.12742e-05	21912	0.999997	FALSE	NA	NA	NA	NA	NA	NA
NC_045512.2	11125	T	C	21909	19238	49	1	1	40	4.56371e-05	21912	0.875	FALSE	NA	NA	NA	NA	NA	NA
NC_045512.2	11126	A	G	21913	19255	49	1	1	40	4.56329e-05	21914	0.875017	FALSE	NA	NA	NA	NA	NA	NA
NC_045512.2	11128	G	T	21271	18676	49	1	1	40	4.70102e-05	21272	0.875018	FALSE	NA	NA	NA	NA	NA	NA
NC_045512.2	11128	G	-T	21271	18676	49	1	0	20	4.70102e-05	21272	1	FALSE	NA	NA	NA	NA	NA	NA
NC_045512.2	11129	T	G	21024	18452	49	4	4	32	0.000190204	21030	0.999922	FALSE	NA	NA	NA	NA	NA	NA
NC_045512.2	11129	T	C	21024	18452	49	2	2	40	9.51022e-05	21030	0.687438	FALSE	NA	NA	NA	NA	NA	NA
NC_045512.2	11130	C	T	21013	18617	48	1	1	40	4.75873e-05	21014	0.875018	FALSE	NA	NA	NA	NA	NA	NA
NC_045512.2	11131	T	C	20845	18461	48	2	2	40	9.59371e-05	20847	0.687527	FALSE	NA	NA	NA	NA	NA	NA
NC_045512.2	11133	C	T	20780	18399	48	1	1	40	4.81116e-05	20785	0.874982	FALSE	NA	NA	NA	NA	NA	NA
NC_045512.2	11133	C	G	20780	18399	48	2	2	24	9.62232e-05	20785	1	FALSE	NA	NA	NA	NA	NA	NA
NC_045512.2	11133	C	A	20780	18399	48	2	2	40	9.62232e-05	20785	0.687473	FALSE	NA	NA	NA	NA	NA	NA
NC_045512.2	11134	T	C	20753	18376	48	5	4	36	0.000240871	20758	0.999546	FALSE	NA	NA	NA	NA	NA	NA
NC_045512.2	11135	T	C	20512	18153	48	3	3	40	0.000146234	20515	0.500023	FALSE	NA	NA	NA	NA	NA	NA
NC_045512.2	11136	T	G	20479	18121	48	1	1	24	4.88257e-05	20481	1	FALSE	NA	NA	NA	NA	NA	NA
NC_045512.2	11136	T	C	20479	18121	48	1	1	40	4.88257e-05	20481	0.875009	FALSE	NA	NA	NA	NA	NA	NA
NC_045512.2	11137	T	G	20274	17986	48	3	3	24	0.000147944	20278	1	FALSE	NA	NA	NA	NA	NA	NA
NC_045512.2	11137	T	C	20274	17986	48	1	1	40	4.93145e-05	20278	0.874991	FALSE	NA	NA	NA	NA	NA	NA
NC_045512.2	11138	G	C	20360	18074	48	1	1	40	4.91135e-05	20361	0.875018	FALSE	NA	NA	NA	NA	NA	NA
NC_045512.2	11138	G	-C	20360	18074	48	1	0	20	4.91135e-05	20361	1	FALSE	NA	NA	NA	NA	NA	NA
NC_045512.2	11140	A	G	20361	18131	48	2	2	32	9.82125e-05	20364	0.999995	FALSE	NA	NA	NA	NA	NA	NA
NC_045512.2	11140	A	C	20361	18131	48	1	1	40	4.91063e-05	20364	0.875	FALSE	NA	NA	NA	NA	NA	NA
NC_045512.2	11141	A	G	20333	18174	47	4	4	34	0.000196686	20337	0.999862	FALSE	NA	NA	NA	NA	NA	NA
NC_045512.2	11142	T	C	20189	18085	47	1	1	40	4.95295e-05	20190	0.875019	FALSE	NA	NA	NA	NA	NA	NA
NC_045512.2	11143	G	C	20260	18162	47	1	1	40	4.93559e-05	20261	0.875019	FALSE	NA	NA	NA	NA	NA	NA
NC_045512.2	11144	A	G	20218	18180	47	4	4	32	0.000197804	20222	0.999862	FALSE	NA	NA	NA	NA	NA	NA
NC_045512.2	11145	T	G	20124	18088	47	2	2	24	9.9369e-05	20127	1	FALSE	NA	NA	NA	NA	NA	NA
NC_045512.2	11145	T	C	20124	18088	47	1	1	24	4.96845e-05	20127	1	FALSE	NA	NA	NA	NA	NA	NA
NC_045512.2	11146	G	A	20200	18325	46	1	0	80	4.95025e-05	20201	0.500012	FALSE	NA	NA	NA	NA	NA	NA
NC_045512.2	11147	T	G	19760	17959	46	1	1	24	5.06022e-05	19762	1	FALSE	NA	NA	NA	NA	NA	NA
NC_045512.2	11147	T	C	19760	17959	46	1	1	40	5.06022e-05	19762	0.750006	FALSE	NA	NA	NA	NA	NA	NA
NC_045512.2	11148	T	G	19674	18029	46	3	3	24	0.000152455	19678	1	FALSE	NA	NA	NA	NA	NA	NA
NC_045512.2	11148	T	C	19674	18029	46	1	1	24	5.08182e-05	19678	1	FALSE	NA	NA	NA	NA	NA	NA
NC_045512.2	11149	T	G	19692	18209	45	3	3	29	0.000152307	19697	1	FALSE	NA	NA	NA	NA	NA	NA
NC_045512.2	11149	T	C	19692	18209	45	2	2	60	0.000101538	19697	0.249968	FALSE	NA	NA	NA	NA	NA	NA
NC_045512.2	11150	G	T	19441	17966	44	4	4	24	0.000205666	19449	1	FALSE	NA	NA	NA	NA	NA	NA
NC_045512.2	11150	G	C	19441	17966	44	1	1	32	5.14165e-05	19449	0.999999	FALSE	NA	NA	NA	NA	NA	NA
NC_045512.2	11150	G	A	19441	17966	44	3	2	48	0.00015425	19449	0.312413	FALSE	NA	NA	NA	NA	NA	NA
NC_045512.2	11151	T	C	19668	18314	45	2	1	60	0.000101678	19670	0.250006	FALSE	NA	NA	NA	NA	NA	NA
NC_045512.2	11152	C	G	19565	18224	45	1	1	40	5.11091e-05	19566	0.750019	FALSE	NA	NA	NA	NA	NA	NA
NC_045512.2	11153	A	G	19449	18130	45	1	1	40	5.14139e-05	19450	0.750019	FALSE	NA	NA	NA	NA	NA	NA
NC_045512.2	11154	A	G	19415	18213	44	5	5	40	0.000257467	19420	0.109369	FALSE	NA	NA	NA	NA	NA	NA
NC_045512.2	11155	A	G	19399	18200	44	2	2	24	0.000103087	19401	1	FALSE	NA	NA	NA	NA	NA	NA
NC_045512.2	11156	C	T	19369	18344	43	2	2	32	0.000103247	19371	0.99999	FALSE	NA	NA	NA	NA	NA	NA
NC_045512.2	11157	A	G	19340	18320	43	2	2	32	0.000103402	19342	0.99999	FALSE	NA	NA	NA	NA	NA	NA
NC_045512.2	11158	T	G	19192	18172	43	3	3	34	0.000156274	19197	0.99994	FALSE	NA	NA	NA	NA	NA	NA
NC_045512.2	11158	T	C	19192	18172	43	2	2	40	0.000104183	19197	0.499961	FALSE	NA	NA	NA	NA	NA	NA
NC_045512.2	11158	T	-A	19192	18172	43	1	0	20	5.20915e-05	19197	1	FALSE	NA	NA	NA	NA	NA	NA
NC_045512.2	11159	A	T	19124	18114	43	1	1	40	5.22848e-05	19126	0.749993	FALSE	NA	NA	NA	NA	NA	NA
NC_045512.2	11159	A	G	19124	18114	43	1	1	40	5.22848e-05	19126	0.749993	FALSE	NA	NA	NA	NA	NA	NA
NC_045512.2	11160	A	T	19094	18089	43	2	2	32	0.000104712	19100	0.99999	FALSE	NA	NA	NA	NA	NA	NA
NC_045512.2	11160	A	G	19094	18089	43	2	2	40	0.000104712	19100	0.499941	FALSE	NA	NA	NA	NA	NA	NA
NC_045512.2	11160	A	C	19094	18089	43	2	2	32	0.000104712	19100	0.99999	FALSE	NA	NA	NA	NA	NA	NA
NC_045512.2	11161	G	T	19137	18228	43	1	1	40	5.22521e-05	19138	0.75002	FALSE	NA	NA	NA	NA	NA	NA
NC_045512.2	11162	C	G	18972	18107	43	1	1	40	5.27037e-05	18974	0.750007	FALSE	NA	NA	NA	NA	NA	NA
NC_045512.2	11162	C	A	18972	18107	43	1	1	40	5.27037e-05	18974	0.750007	FALSE	NA	NA	NA	NA	NA	NA
NC_045512.2	11163	A	G	18876	18011	43	1	1	24	5.29745e-05	18877	1	FALSE	NA	NA	NA	NA	NA	NA
NC_045512.2	11164	T	C	18098	17262	42	4	4	40	0.00022097	18102	0.1875	FALSE	NA	NA	NA	NA	NA	NA
NC_045512.2	11166	C	T	18063	17251	43	2	2	32	0.000110711	18065	0.99998	FALSE	NA	NA	NA	NA	NA	NA
NC_045512.2	11167	A	G	18021	17209	43	2	2	32	0.000110969	18023	0.99998	FALSE	NA	NA	NA	NA	NA	NA
NC_045512.2	11168	T	G	17935	17129	43	1	1	24	5.57538e-05	17936	1	FALSE	NA	NA	NA	NA	NA	NA
NC_045512.2	11169	T	G	17278	16484	42	6	6	24	0.000347102	17286	1	FALSE	NA	NA	NA	NA	NA	NA
NC_045512.2	11169	T	C	17278	16484	42	1	1	24	5.78503e-05	17286	1	FALSE	NA	NA	NA	NA	NA	NA
NC_045512.2	11169	T	A	17278	16484	42	1	1	40	5.78503e-05	17286	0.74992	FALSE	NA	NA	NA	NA	NA	NA
NC_045512.2	11170	T	G	17221	16438	43	1	1	24	5.80619e-05	17223	1	FALSE	NA	NA	NA	NA	NA	NA
NC_045512.2	11170	T	C	17221	16438	43	1	1	32	5.80619e-05	17223	0.999996	FALSE	NA	NA	NA	NA	NA	NA
NC_045512.2	11171	C	T	17195	16463	42	1	1	40	5.81463e-05	17198	0.749993	FALSE	NA	NA	NA	NA	NA	NA
NC_045512.2	11171	C	G	17195	16463	42	2	2	40	0.000116293	17198	0.5	FALSE	NA	NA	NA	NA	NA	NA
NC_045512.2	11171	C	-T	17195	16463	42	1	0	20	5.81463e-05	17198	1	FALSE	NA	NA	NA	NA	NA	NA
NC_045512.2	11172	T	G	17025	16288	42	7	7	26	0.000410967	17033	1	FALSE	NA	NA	NA	NA	NA	NA
NC_045512.2	11172	T	C	17025	16288	42	1	1	24	5.87096e-05	17033	1	FALSE	NA	NA	NA	NA	NA	NA
NC_045512.2	11173	C	T	16996	16326	42	2	2	24	0.000117606	17006	1	FALSE	NA	NA	NA	NA	NA	NA
NC_045512.2	11173	C	G	16996	16326	42	6	6	36	0.000352817	17006	0.994695	FALSE	NA	NA	NA	NA	NA	NA
NC_045512.2	11173	C	A	16996	16326	42	2	0	32	0.000117606	17006	0.999962	FALSE	NA	NA	NA	NA	NA	NA
NC_045512.2	11175	G	A	16090	15414	43	1	1	40	6.21465e-05	16091	0.750023	FALSE	NA	NA	NA	NA	NA	NA
NC_045512.2	11176	T	G	15930	15263	42	5	5	28	0.000313775	15935	1	FALSE	NA	NA	NA	NA	NA	NA
NC_045512.2	11177	T	G	15810	15147	42	4	4	36	0.00025294	15814	0.997794	FALSE	NA	NA	NA	NA	NA	NA
NC_045512.2	11178	T	G	15815	15149	42	8	8	27	0.000505561	15824	1	FALSE	NA	NA	NA	NA	NA	NA
NC_045512.2	11178	T	C	15815	15149	42	1	1	24	6.31951e-05	15824	1	FALSE	NA	NA	NA	NA	NA	NA
NC_045512.2	11180	T	G	15711	15047	42	1	1	24	6.36416e-05	15713	1	FALSE	NA	NA	NA	NA	NA	NA
NC_045512.2	11180	T	C	15711	15047	42	1	1	40	6.36416e-05	15713	0.750008	FALSE	NA	NA	NA	NA	NA	NA
NC_045512.2	11181	T	G	15727	15065	42	4	4	40	0.000254275	15731	0.1875	FALSE	NA	NA	NA	NA	NA	NA
NC_045512.2	11182	T	G	15627	14970	42	1	1	40	6.39877e-05	15628	0.750024	FALSE	NA	NA	NA	NA	NA	NA
NC_045512.2	11183	T	G	15578	14921	42	4	4	24	0.000256706	15582	1	FALSE	NA	NA	NA	NA	NA	NA
NC_045512.2	11184	T	G	15299	14655	42	1	1	24	6.53552e-05	15301	1	FALSE	NA	NA	NA	NA	NA	NA
NC_045512.2	11184	T	C	15299	14655	42	1	1	40	6.53552e-05	15301	0.750008	FALSE	NA	NA	NA	NA	NA	NA
NC_045512.2	11185	G	T	18919	15058	41	2	2	32	0.000105697	18922	0.99998	FALSE	NA	NA	NA	NA	NA	NA
NC_045512.2	11185	G	A	18919	15058	41	1	1	40	5.28485e-05	18922	0.749993	FALSE	NA	NA	NA	NA	NA	NA
NC_045512.2	11186	T	G	18860	15000	41	1	0	40	5.30082e-05	18865	0.749967	FALSE	NA	NA	NA	NA	NA	NA
NC_045512.2	11186	T	C	18860	15000	41	3	3	40	0.000159025	18865	0.31247	FALSE	NA	NA	NA	NA	NA	NA
NC_045512.2	11186	T	A	18860	15000	41	1	0	24	5.30082e-05	18865	1	FALSE	NA	NA	NA	NA	NA	NA
NC_045512.2	11187	T	G	18867	14968	41	13	13	28	0.000688413	18884	1	FALSE	NA	NA	NA	NA	NA	NA
NC_045512.2	11187	T	C	18867	14968	41	4	3	32	0.00021182	18884	0.999571	FALSE	NA	NA	NA	NA	NA	NA
NC_045512.2	11188	A	G	19019	15066	42	3	1	38	0.000157696	19024	0.99994	FALSE	NA	NA	NA	NA	NA	NA
NC_045512.2	11188	A	C	19019	15066	42	2	0	32	0.00010513	19024	0.99999	FALSE	NA	NA	NA	NA	NA	NA
NC_045512.2	11189	C	T	18950	14975	42	2	1	32	0.000105463	18964	0.99998	FALSE	NA	NA	NA	NA	NA	NA
NC_045512.2	11189	C	G	18950	14975	42	10	10	28	0.000527315	18964	1	FALSE	NA	NA	NA	NA	NA	NA
NC_045512.2	11189	C	A	18950	14975	42	2	2	24	0.000105463	18964	1	FALSE	NA	NA	NA	NA	NA	NA
NC_045512.2	11190	C	G	19052	15003	42	4	4	28	0.000209908	19056	1	FALSE	NA	NA	NA	NA	NA	NA
NC_045512.2	11191	T	G	18844	14795	42	7	7	33	0.000371294	18853	0.992697	FALSE	NA	NA	NA	NA	NA	NA
NC_045512.2	11191	T	C	18844	14795	42	2	2	32	0.000106084	18853	0.99998	FALSE	NA	NA	NA	NA	NA	NA
NC_045512.2	11192	T	G	19294	14569	41	2	2	40	0.000103632	19299	0.499961	FALSE	NA	NA	NA	NA	NA	NA
NC_045512.2	11192	T	C	19294	14569	41	3	2	24	0.000155448	19299	1	FALSE	NA	NA	NA	NA	NA	NA
NC_045512.2	11193	C	T	19768	14825	42	1	1	40	5.05842e-05	19769	0.750019	FALSE	NA	NA	NA	NA	NA	NA
NC_045512.2	11194	T	G	19361	14432	40	2	2	32	0.000103231	19374	0.99999	FALSE	NA	NA	NA	NA	NA	NA
NC_045512.2	11194	T	C	19361	14432	40	11	6	31	0.000567771	19374	0.950682	FALSE	NA	NA	NA	NA	NA	NA
NC_045512.2	11195	C	T	18819	14701	40	3	2	61	0.000159261	18837	0.124851	FALSE	NA	NA	NA	NA	NA	NA
NC_045512.2	11195	C	A	18819	14701	40	15	0	25	0.000796305	18837	1	FALSE	NA	NA	NA	NA	NA	NA
NC_045512.2	11196	T	G	19461	14524	42	6	6	24	0.000308135	19472	1	FALSE	NA	NA	NA	NA	NA	NA
NC_045512.2	11196	T	C	19461	14524	42	5	4	33	0.000256779	19472	0.999229	FALSE	NA	NA	NA	NA	NA	NA
NC_045512.2	11197	T	G	19293	14235	42	7	7	27	0.0003626	19305	1	FALSE	NA	NA	NA	NA	NA	NA
NC_045512.2	11197	T	C	19293	14235	42	5	3	36	0.000259	19305	0.999229	FALSE	NA	NA	NA	NA	NA	NA
NC_045512.2	11198	G	T	17195	12241	42	2128	2051	42	0.110122	19324	0	TRUE	NA	NA	NA	NA	NA	NA
NC_045512.2	11198	G	A	17195	12241	42	1	1	40	5.17491e-05	19324	0.720037	FALSE	NA	NA	NA	NA	NA	NA
NC_045512.2	11199	C	G	5206	553	41	1	0	40	0.000192049	5207	0.500048	FALSE	NA	NA	NA	NA	NA	NA
NC_045512.2	11202	C	A	5524	611	41	1	0	24	0.000180995	5525	1	FALSE	NA	NA	NA	NA	NA	NA
NC_045512.2	11203	T	G	5568	607	42	3	0	29	0.00053831	5573	1	FALSE	NA	NA	NA	NA	NA	NA
NC_045512.2	11203	T	C	5568	607	42	2	0	32	0.000358873	5573	0.9375	FALSE	NA	NA	NA	NA	NA	NA
NC_045512.2	11204	G	T	5552	579	41	3	3	24	0.000539763	5558	1	FALSE	NA	NA	NA	NA	NA	NA
NC_045512.2	11204	G	C	5552	579	41	2	1	40	0.000359842	5558	0.249843	FALSE	NA	NA	NA	NA	NA	NA
NC_045512.2	11204	G	A	5552	579	41	1	0	40	0.000179921	5558	0.49982	FALSE	NA	NA	NA	NA	NA	NA
NC_045512.2	11206	A	G	5629	639	41	4	1	38	0.000710101	5633	0.746269	FALSE	NA	NA	NA	NA	NA	NA
NC_045512.2	11207	G	A	5741	638	42	1	0	40	0.000174155	5742	0.500044	FALSE	NA	NA	NA	NA	NA	NA
NC_045512.2	11210	T	C	5771	654	42	1	0	40	0.00017325	5772	0.500043	FALSE	NA	NA	NA	NA	NA	NA
NC_045512.2	11211	A	C	5960	670	41	1	0	24	0.000167757	5961	1	FALSE	NA	NA	NA	NA	NA	NA
NC_045512.2	11211	A	+T	5960	670	41	1	0	20	0.000167757	5961	1	FALSE	NA	NA	NA	NA	NA	NA
NC_045512.2	11212	T	C	6219	761	44	2	0	40	0.000321492	6221	0.25002	FALSE	NA	NA	NA	NA	NA	NA
NC_045512.2	11213	T	C	6226	780	44	1	0	32	0.000160591	6227	0.992205	FALSE	NA	NA	NA	NA	NA	NA
NC_045512.2	11215	T	A	6239	788	44	1	0	32	0.000160256	6240	0.992205	FALSE	NA	NA	NA	NA	NA	NA
NC_045512.2	11216	A	C	6213	806	42	5	0	27	0.000804117	6218	1	FALSE	NA	NA	NA	NA	NA	NA
NC_045512.2	11217	A	C	6289	815	44	4	0	28	0.000635627	6293	1	FALSE	NA	NA	NA	NA	NA	NA
NC_045512.2	11219	A	G	6350	825	44	1	0	40	0.000157406	6353	0.499961	FALSE	NA	NA	NA	NA	NA	NA
NC_045512.2	11219	A	C	6350	825	44	2	0	24	0.000314812	6353	1	FALSE	NA	NA	NA	NA	NA	NA
NC_045512.2	11221	G	T	6869	859	44	1	0	40	0.00014556	6870	0.500036	FALSE	NA	NA	NA	NA	NA	NA
NC_045512.2	11222	G	T	7888	918	44	1	1	24	0.000126743	7890	1	FALSE	NA	NA	NA	NA	NA	NA
NC_045512.2	11222	G	C	7888	918	44	1	0	40	0.000126743	7890	0.5	FALSE	NA	NA	NA	NA	NA	NA
NC_045512.2	11224	C	A	8966	1013	44	1	0	24	0.00011152	8967	1	FALSE	NA	NA	NA	NA	NA	NA
NC_045512.2	11225	T	C	8967	1017	44	1	0	40	0.000111508	8968	0.500028	FALSE	NA	NA	NA	NA	NA	NA
NC_045512.2	11226	A	C	8893	1200	45	7	0	26	0.000786517	8900	1	FALSE	NA	NA	NA	NA	NA	NA
NC_045512.2	11227	T	C	9042	1190	46	3	0	40	0.000331675	9045	0.125	FALSE	NA	NA	NA	NA	NA	NA
NC_045512.2	11228	A	C	8997	1215	46	4	0	24	0.000444395	9001	1	FALSE	NA	NA	NA	NA	NA	NA
NC_045512.2	11229	T	C	9080	1212	46	2	0	24	0.000220216	9082	1	FALSE	NA	NA	NA	NA	NA	NA
NC_045512.2	11230	G	T	9090	1222	46	1	0	40	0.000109999	9091	0.500028	FALSE	NA	NA	NA	NA	NA	NA
NC_045512.2	11232	C	T	9003	1246	45	1	0	40	0.000111	9009	0.499889	FALSE	NA	NA	NA	NA	NA	NA
NC_045512.2	11232	C	A	9003	1246	45	5	0	24	0.000555001	9009	1	FALSE	NA	NA	NA	NA	NA	NA
NC_045512.2	11233	T	G	9171	1241	46	1	0	40	0.000108992	9175	0.499945	FALSE	NA	NA	NA	NA	NA	NA
NC_045512.2	11233	T	C	9171	1241	46	3	0	34	0.000326975	9175	0.980744	FALSE	NA	NA	NA	NA	NA	NA
NC_045512.2	11234	G	C	9162	1249	46	3	1	29	0.000327332	9165	1	FALSE	NA	NA	NA	NA	NA	NA
NC_045512.2	11235	C	T	9283	1280	46	1	0	40	0.000107701	9285	0.5	FALSE	NA	NA	NA	NA	NA	NA
NC_045512.2	11235	C	A	9283	1280	46	1	0	24	0.000107701	9285	1	FALSE	NA	NA	NA	NA	NA	NA
NC_045512.2	11236	T	C	9334	1317	46	1	0	64	0.000107124	9335	0.500027	FALSE	NA	NA	NA	NA	NA	NA
NC_045512.2	11237	A	C	9289	1340	46	3	0	24	0.000322858	9292	1	FALSE	NA	NA	NA	NA	NA	NA
NC_045512.2	11238	G	T	9470	1329	46	2	2	24	0.000211149	9472	1	FALSE	NA	NA	NA	NA	NA	NA
NC_045512.2	11239	T	C	9483	1407	47	1	0	40	0.000105441	9484	0.500026	FALSE	NA	NA	NA	NA	NA	NA
NC_045512.2	11240	T	C	9489	1418	47	1	0	40	0.000105374	9490	0.500026	FALSE	NA	NA	NA	NA	NA	NA
NC_045512.2	11243	G	T	9528	1285	44	6	6	26	0.000629261	9535	1	FALSE	NA	NA	NA	NA	NA	NA
NC_045512.2	11243	G	A	9528	1285	44	1	0	40	0.000104877	9535	0.499869	FALSE	NA	NA	NA	NA	NA	NA
NC_045512.2	11244	T	A	9633	1452	47	1	0	40	0.000103799	9634	0.500026	FALSE	NA	NA	NA	NA	NA	NA
NC_045512.2	11246	A	G	9593	1620	48	1	0	40	0.000104221	9595	0.5	FALSE	NA	NA	NA	NA	NA	NA
NC_045512.2	11246	A	C	9593	1620	48	1	0	24	0.000104221	9595	1	FALSE	NA	NA	NA	NA	NA	NA
NC_045512.2	11249	C	T	9771	1635	48	2	0	40	0.000204645	9773	0.250013	FALSE	NA	NA	NA	NA	NA	NA
NC_045512.2	11250	G	C	9946	1655	49	1	0	40	0.000100533	9947	0.500025	FALSE	NA	NA	NA	NA	NA	NA
NC_045512.2	11251	T	C	10111	1654	48	1	0	24	9.88924e-05	10112	1	FALSE	NA	NA	NA	NA	NA	NA
NC_045512.2	11252	A	G	10039	1662	48	2	0	40	0.000199104	10045	0.499888	FALSE	NA	NA	NA	NA	NA	NA
NC_045512.2	11252	A	C	10039	1662	48	4	0	24	0.000398208	10045	1	FALSE	NA	NA	NA	NA	NA	NA
NC_045512.2	11253	T	G	10186	1682	49	1	0	24	9.81547e-05	10188	1	FALSE	NA	NA	NA	NA	NA	NA
NC_045512.2	11253	T	C	10186	1682	49	1	0	40	9.81547e-05	10188	0.750012	FALSE	NA	NA	NA	NA	NA	NA
NC_045512.2	11255	A	T	10184	1732	49	2	0	40	0.00019629	10189	0.499926	FALSE	NA	NA	NA	NA	NA	NA
NC_045512.2	11255	A	C	10184	1732	49	3	0	29	0.000294435	10189	1	FALSE	NA	NA	NA	NA	NA	NA
NC_045512.2	11258	A	T	10245	1757	49	1	1	80	9.758e-05	10248	0.499976	FALSE	NA	NA	NA	NA	NA	NA
NC_045512.2	11258	A	C	10245	1757	49	2	0	32	0.00019516	10248	0.996833	FALSE	NA	NA	NA	NA	NA	NA
NC_045512.2	11259	C	A	10031	1765	47	5	0	27	0.000498206	10036	1	FALSE	NA	NA	NA	NA	NA	NA
NC_045512.2	11260	A	C	10261	1757	49	1	0	40	9.74469e-05	10262	0.750037	FALSE	NA	NA	NA	NA	NA	NA
NC_045512.2	11262	G	A	10562	1782	49	2	0	32	0.000189322	10564	0.996835	FALSE	NA	NA	NA	NA	NA	NA
NC_045512.2	11264	T	G	10702	1791	49	1	1	24	9.3423e-05	10704	1	FALSE	NA	NA	NA	NA	NA	NA
NC_045512.2	11264	T	C	10702	1791	49	1	0	40	9.3423e-05	10704	0.750012	FALSE	NA	NA	NA	NA	NA	NA
NC_045512.2	11266	G	C	11002	1883	49	1	0	40	9.08843e-05	11003	0.750034	FALSE	NA	NA	NA	NA	NA	NA
NC_045512.2	11268	A	G	10966	1921	49	2	2	80	0.000182282	10972	0.24992	FALSE	NA	NA	NA	NA	NA	NA
NC_045512.2	11268	A	C	10966	1921	49	4	0	24	0.000364564	10972	1	FALSE	NA	NA	NA	NA	NA	NA
NC_045512.2	11269	T	A	11058	1915	50	1	0	40	9.04241e-05	11059	0.750034	FALSE	NA	NA	NA	NA	NA	NA
NC_045512.2	11270	A	G	10988	1924	49	1	0	40	9.09835e-05	10991	0.749989	FALSE	NA	NA	NA	NA	NA	NA
NC_045512.2	11270	A	C	10988	1924	49	2	1	24	0.000181967	10991	1	FALSE	NA	NA	NA	NA	NA	NA
NC_045512.2	11274	T	C	11388	1947	49	1	0	24	8.7804e-05	11389	1	FALSE	NA	NA	NA	NA	NA	NA
NC_045512.2	11277	A	G	11294	2048	49	1	0	40	8.85112e-05	11298	0.749967	FALSE	NA	NA	NA	NA	NA	NA
NC_045512.2	11277	A	C	11294	2048	49	3	0	29	0.000265534	11298	1	FALSE	NA	NA	NA	NA	NA	NA
NC_045512.2	11278	T	C	11412	2033	50	1	0	40	8.76117e-05	11414	0.750011	FALSE	NA	NA	NA	NA	NA	NA
NC_045512.2	11278	T	A	11412	2033	50	1	1	40	8.76117e-05	11414	0.750011	FALSE	NA	NA	NA	NA	NA	NA
NC_045512.2	11279	A	G	11304	2048	50	1	0	40	8.84251e-05	11309	0.749945	FALSE	NA	NA	NA	NA	NA	NA
NC_045512.2	11279	A	C	11304	2048	50	4	0	28	0.000353701	11309	1	FALSE	NA	NA	NA	NA	NA	NA
NC_045512.2	11279	A	-CTAGTTTGT	11304	2048	50	2	0	20	0.00017685	11309	1	FALSE	NA	NA	NA	NA	NA	NA
NC_045512.2	11281	T	C	11421	2034	50	1	0	40	8.75503e-05	11422	0.749989	FALSE	NA	NA	NA	NA	NA	NA
NC_045512.2	11282	A	C	11329	2036	50	3	0	29	0.000264737	11332	1	FALSE	NA	NA	NA	NA	NA	NA
NC_045512.2	11282	A	-GTTTGTCTG	11329	2036	50	10	0	20	0.000882301	11334	1	FALSE	NA	NA	NA	NA	NA	NA
NC_045512.2	11283	G	-TTTGTCTGGT	11389	2028	50	1	0	20	8.76732e-05	11406	1	FALSE	NA	NA	NA	NA	NA	NA
NC_045512.2	11284	T	G	11405	2020	50	1	1	24	8.76732e-05	11406	1	FALSE	NA	NA	NA	NA	NA	NA
NC_045512.2	11285	T	C	11411	2019	50	1	1	24	8.76271e-05	11412	1	FALSE	NA	NA	NA	NA	NA	NA
NC_045512.2	11287	G	-TCTGGTTTTA	11345	1997	49	1	0	20	8.80049e-05	11363	1	FALSE	NA	NA	NA	NA	NA	NA
NC_045512.2	11287	G	-TCTGGTTTT	11345	1997	49	11231	0	20	0.988383	11363	0	TRUE	NA	NA	NA	NA	NA	NA
NC_045512.2	11288	T	G	0	0	0	1	0	24	1	1	0.0100367	FALSE	NA	NA	NA	NA	NA	NA
NC_045512.2	11289	C	-TGGTTTTAA	11	7	53	1	0	20	8.95576e-05	11166	0.113889	FALSE	NA	NA	NA	NA	NA	NA
NC_045512.2	11291	G	A	2	1	80	44	7	42	0.956522	46	7.64959e-120	TRUE	NA	NA	NA	NA	NA	NA
NC_045512.2	11296	T	G	3	2	24	237	187	39	0.983402	241	0	TRUE	NA	NA	NA	NA	NA	NA
NC_045512.2	11296	T	A	3	2	24	1	1	40	0.00414938	241	0.000708874	TRUE	NA	NA	NA	NA	NA	NA
NC_045512.2	11297	A	G	11324	2110	50	2	1	40	0.000176507	11331	0.499801	FALSE	NA	NA	NA	NA	NA	NA
NC_045512.2	11297	A	C	11324	2110	50	5	0	24	0.000441267	11331	1	FALSE	NA	NA	NA	NA	NA	NA
NC_045512.2	11298	A	G	11336	2117	50	2	0	24	0.00017632	11343	1	FALSE	NA	NA	NA	NA	NA	NA
NC_045512.2	11298	A	C	11336	2117	50	5	0	27	0.0004408	11343	1	FALSE	NA	NA	NA	NA	NA	NA
NC_045512.2	11299	G	A	11590	2119	51	1	0	80	8.62738e-05	11591	0.500022	FALSE	NA	NA	NA	NA	NA	NA
NC_045512.2	11301	T	C	11716	2440	53	1	0	40	8.53461e-05	11717	0.750032	FALSE	NA	NA	NA	NA	NA	NA
NC_045512.2	11302	A	C	11663	2449	53	1	0	24	8.57339e-05	11664	1	FALSE	NA	NA	NA	NA	NA	NA
NC_045512.2	11303	A	C	11662	2446	53	1	1	64	8.57412e-05	11663	0.500021	FALSE	NA	NA	NA	NA	NA	NA
NC_045512.2	11304	A	G	11668	2459	53	1	0	24	8.56971e-05	11669	1	FALSE	NA	NA	NA	NA	NA	NA
NC_045512.2	11305	A	G	11757	2456	53	1	1	36	8.50485e-05	11758	0.999757	FALSE	NA	NA	NA	NA	NA	NA
NC_045512.2	11306	G	T	11792	2457	53	1	1	24	8.47961e-05	11793	1	FALSE	NA	NA	NA	NA	NA	NA
NC_045512.2	11307	A	G	11780	2508	53	2	1	40	0.00016975	11782	0.500032	FALSE	NA	NA	NA	NA	NA	NA
NC_045512.2	11308	C	G	11769	2510	53	1	0	24	8.49618e-05	11770	1	FALSE	NA	NA	NA	NA	NA	NA
NC_045512.2	11310	G	C	12202	2539	53	3	1	29	0.000245801	12205	1	FALSE	NA	NA	NA	NA	NA	NA
NC_045512.2	11311	T	C	12206	2672	54	2	0	36	0.000163827	12208	0.999087	FALSE	NA	NA	NA	NA	NA	NA
NC_045512.2	11312	G	C	12352	2672	53	1	0	40	8.0952e-05	12353	0.75003	FALSE	NA	NA	NA	NA	NA	NA
NC_045512.2	11313	T	G	12365	2688	54	1	1	32	8.08538e-05	12368	0.999878	FALSE	NA	NA	NA	NA	NA	NA
NC_045512.2	11313	T	C	12365	2688	54	2	0	52	0.000161708	12368	0.24999	FALSE	NA	NA	NA	NA	NA	NA
NC_045512.2	11314	T	C	12324	2805	55	1	1	40	8.11359e-05	12325	0.75003	FALSE	NA	NA	NA	NA	NA	NA
NC_045512.2	11316	T	C	12432	2835	55	1	0	24	8.04311e-05	12433	1	FALSE	NA	NA	NA	NA	NA	NA
NC_045512.2	11318	T	C	12486	2841	55	1	0	24	8.00833e-05	12487	1	FALSE	NA	NA	NA	NA	NA	NA
NC_045512.2	11319	A	C	12165	2792	53	6	0	28	0.000492975	12171	1	FALSE	NA	NA	NA	NA	NA	NA
NC_045512.2	11320	T	G	11996	2912	54	1	1	32	8.33542e-05	11997	0.999757	FALSE	NA	NA	NA	NA	NA	NA
NC_045512.2	11321	G	A	11787	2929	54	1	0	24	8.4832e-05	11788	1	FALSE	NA	NA	NA	NA	NA	NA
NC_045512.2	11323	A	T	11528	3036	53	9	6	44	0.000779964	11539	0.0107251	FALSE	NA	NA	NA	NA	NA	NA
NC_045512.2	11323	A	G	11528	3036	53	1	1	32	8.66626e-05	11539	0.999755	FALSE	NA	NA	NA	NA	NA	NA
NC_045512.2	11323	A	C	11528	3036	53	1	0	24	8.66626e-05	11539	1	FALSE	NA	NA	NA	NA	NA	NA
NC_045512.2	11324	T	C	11515	2998	54	1	0	40	8.68357e-05	11516	0.750033	FALSE	NA	NA	NA	NA	NA	NA
NC_045512.2	11325	C	T	11129	3219	53	1	1	80	8.98311e-05	11132	0.499978	FALSE	NA	NA	NA	NA	NA	NA
NC_045512.2	11325	C	A	11129	3219	53	2	0	36	0.000179662	11132	0.998295	FALSE	NA	NA	NA	NA	NA	NA
NC_045512.2	11326	A	G	11038	3198	53	1	1	40	9.05797e-05	11040	0.750011	FALSE	NA	NA	NA	NA	NA	NA
NC_045512.2	11326	A	C	11038	3198	53	1	0	24	9.05797e-05	11040	1	FALSE	NA	NA	NA	NA	NA	NA
NC_045512.2	11328	C	G	11292	3348	53	1	0	40	8.85504e-05	11293	0.750033	FALSE	NA	NA	NA	NA	NA	NA
NC_045512.2	11329	T	C	11561	4155	56	2	0	40	0.000172965	11563	0.500032	FALSE	NA	NA	NA	NA	NA	NA
NC_045512.2	11330	G	T	11493	4040	53	6	6	24	0.000521785	11499	1	FALSE	NA	NA	NA	NA	NA	NA
NC_045512.2	11331	T	G	11577	4170	56	2	2	32	0.000172682	11582	0.998293	FALSE	NA	NA	NA	NA	NA	NA
NC_045512.2	11331	T	C	11577	4170	56	3	1	33	0.000259023	11582	0.99354	FALSE	NA	NA	NA	NA	NA	NA
NC_045512.2	11332	A	G	11548	4199	56	1	0	24	8.65801e-05	11550	1	FALSE	NA	NA	NA	NA	NA	NA
NC_045512.2	11332	A	C	11548	4199	56	1	0	24	8.65801e-05	11550	1	FALSE	NA	NA	NA	NA	NA	NA
NC_045512.2	11334	T	G	11610	4203	56	3	3	32	0.000258331	11613	0.993546	FALSE	NA	NA	NA	NA	NA	NA
NC_045512.2	11335	G	T	11563	4273	56	1	1	24	8.64678e-05	11565	1	FALSE	NA	NA	NA	NA	NA	NA
NC_045512.2	11335	G	A	11563	4273	56	1	0	40	8.64678e-05	11565	0.750011	FALSE	NA	NA	NA	NA	NA	NA
NC_045512.2	11336	T	G	11451	4174	56	1	1	24	8.7321e-05	11452	1	FALSE	NA	NA	NA	NA	NA	NA
NC_045512.2	11338	A	G	11522	4273	56	1	0	40	8.67679e-05	11525	0.749989	FALSE	NA	NA	NA	NA	NA	NA
NC_045512.2	11338	A	C	11522	4273	56	2	0	24	0.000173536	11525	1	FALSE	NA	NA	NA	NA	NA	NA
NC_045512.2	11339	C	A	11532	4363	56	1	0	40	8.67077e-05	11533	0.750033	FALSE	NA	NA	NA	NA	NA	NA
NC_045512.2	11340	T	G	11523	4393	56	1	0	32	8.67754e-05	11524	0.999757	FALSE	NA	NA	NA	NA	NA	NA
NC_045512.2	11341	A	G	11495	4432	56	2	0	32	0.000173943	11498	0.998295	FALSE	NA	NA	NA	NA	NA	NA
NC_045512.2	11341	A	C	11495	4432	56	1	0	24	8.69716e-05	11498	1	FALSE	NA	NA	NA	NA	NA	NA
NC_045512.2	11342	A	G	11466	4415	56	2	0	40	0.000174383	11469	0.5	FALSE	NA	NA	NA	NA	NA	NA
NC_045512.2	11342	A	C	11466	4415	56	1	0	24	8.71916e-05	11469	1	FALSE	NA	NA	NA	NA	NA	NA
NC_045512.2	11343	T	C	11494	4435	56	1	1	80	8.69943e-05	11495	0.500022	FALSE	NA	NA	NA	NA	NA	NA
NC_045512.2	11344	C	T	11631	4603	57	1	0	40	8.59623e-05	11633	0.750011	FALSE	NA	NA	NA	NA	NA	NA
NC_045512.2	11344	C	A	11631	4603	57	1	0	32	8.59623e-05	11633	0.999757	FALSE	NA	NA	NA	NA	NA	NA
NC_045512.2	11345	C	T	11593	4716	57	1	0	40	8.62441e-05	11595	0.750011	FALSE	NA	NA	NA	NA	NA	NA
NC_045512.2	11345	C	A	11593	4716	57	1	0	40	8.62441e-05	11595	0.750011	FALSE	NA	NA	NA	NA	NA	NA
NC_045512.2	11346	T	C	11519	4667	57	1	0	24	8.68056e-05	11520	1	FALSE	NA	NA	NA	NA	NA	NA
NC_045512.2	11347	T	G	11523	4701	57	1	0	32	8.67679e-05	11525	0.999757	FALSE	NA	NA	NA	NA	NA	NA
NC_045512.2	11347	T	C	11523	4701	57	1	0	40	8.67679e-05	11525	0.750011	FALSE	NA	NA	NA	NA	NA	NA
NC_045512.2	11348	A	G	11449	4763	56	1	1	24	8.73134e-05	11453	1	FALSE	NA	NA	NA	NA	NA	NA
NC_045512.2	11348	A	C	11449	4763	56	3	0	26	0.00026194	11453	1	FALSE	NA	NA	NA	NA	NA	NA
NC_045512.2	11349	T	A	11526	4836	57	1	0	80	8.67528e-05	11527	0.500022	FALSE	NA	NA	NA	NA	NA	NA
NC_045512.2	11351	A	G	11504	4888	57	1	0	24	8.69187e-05	11505	1	FALSE	NA	NA	NA	NA	NA	NA
NC_045512.2	11352	C	T	11221	5186	54	2	1	32	0.00017819	11224	0.998295	FALSE	NA	NA	NA	NA	NA	NA
NC_045512.2	11352	C	A	11221	5186	54	1	0	24	8.90948e-05	11224	1	FALSE	NA	NA	NA	NA	NA	NA
NC_045512.2	11353	A	C	11195	5131	55	1	0	24	8.93176e-05	11196	1	FALSE	NA	NA	NA	NA	NA	NA
NC_045512.2	11354	G	C	11229	5116	56	1	1	40	8.90234e-05	11233	0.749967	FALSE	NA	NA	NA	NA	NA	NA
NC_045512.2	11354	G	A	11229	5116	56	3	0	74	0.00026707	11233	0.124983	FALSE	NA	NA	NA	NA	NA	NA
NC_045512.2	11355	C	T	11462	5579	57	1	0	80	8.72296e-05	11464	0.5	FALSE	NA	NA	NA	NA	NA	NA
NC_045512.2	11355	C	A	11462	5579	57	1	1	80	8.72296e-05	11464	0.5	FALSE	NA	NA	NA	NA	NA	NA
NC_045512.2	11355	C	-A	11462	5579	57	1	0	20	8.72296e-05	11464	1	FALSE	NA	NA	NA	NA	NA	NA
NC_045512.2	11357	A	G	11425	5636	57	1	1	80	8.75197e-05	11426	0.500022	FALSE	NA	NA	NA	NA	NA	NA
NC_045512.2	11358	G	A	11458	5629	57	2	0	40	0.00017452	11460	0.500033	FALSE	NA	NA	NA	NA	NA	NA
NC_045512.2	11360	A	C	11788	6591	59	1	1	24	8.48248e-05	11789	1	FALSE	NA	NA	NA	NA	NA	NA
NC_045512.2	11361	C	A	11750	6739	59	1	0	32	8.50991e-05	11751	0.999757	FALSE	NA	NA	NA	NA	NA	NA
NC_045512.2	11362	T	C	11647	6660	59	2	2	52	0.000171689	11649	0.250011	FALSE	NA	NA	NA	NA	NA	NA
NC_045512.2	11363	G	T	11842	6738	59	1	0	80	8.44309e-05	11844	0.5	FALSE	NA	NA	NA	NA	NA	NA
NC_045512.2	11363	G	A	11842	6738	59	1	0	80	8.44309e-05	11844	0.5	FALSE	NA	NA	NA	NA	NA	NA
NC_045512.2	11365	G	A	12210	7514	62	1	1	80	8.18934e-05	12211	0.50002	FALSE	NA	NA	NA	NA	NA	NA
NC_045512.2	11366	T	G	12216	7632	62	1	1	24	8.18532e-05	12217	1	FALSE	NA	NA	NA	NA	NA	NA
NC_045512.2	11368	T	C	12188	7624	62	1	0	80	8.20412e-05	12189	0.500021	FALSE	NA	NA	NA	NA	NA	NA
NC_045512.2	11370	A	T	12217	7733	61	1	1	24	8.18331e-05	12220	1	FALSE	NA	NA	NA	NA	NA	NA
NC_045512.2	11370	A	G	12217	7733	61	2	2	56	0.000163666	12220	0.24999	FALSE	NA	NA	NA	NA	NA	NA
NC_045512.2	11371	T	G	12210	7893	61	1	1	24	8.18867e-05	12212	1	FALSE	NA	NA	NA	NA	NA	NA
NC_045512.2	11371	T	C	12210	7893	61	1	1	80	8.18867e-05	12212	0.5	FALSE	NA	NA	NA	NA	NA	NA
NC_045512.2	11372	G	C	11935	7757	61	1	1	24	8.37802e-05	11936	1	FALSE	NA	NA	NA	NA	NA	NA
NC_045512.2	11373	A	T	11903	7788	61	2	1	66	0.00016794	11909	0.249927	FALSE	NA	NA	NA	NA	NA	NA
NC_045512.2	11373	A	G	11903	7788	61	4	2	58	0.00033588	11909	0.0624738	FALSE	NA	NA	NA	NA	NA	NA
NC_045512.2	11374	T	C	12012	8126	62	1	0	64	8.32432e-05	12013	0.500021	FALSE	NA	NA	NA	NA	NA	NA
NC_045512.2	11375	G	T	12049	8162	63	1	0	80	8.29807e-05	12051	0.5	FALSE	NA	NA	NA	NA	NA	NA
NC_045512.2	11375	G	A	12049	8162	63	1	1	40	8.29807e-05	12051	0.75001	FALSE	NA	NA	NA	NA	NA	NA
NC_045512.2	11376	G	C	12110	8234	63	1	1	24	8.25696e-05	12111	1	FALSE	NA	NA	NA	NA	NA	NA
NC_045512.2	11377	T	C	12186	8238	63	1	1	80	8.20546e-05	12187	0.500021	FALSE	NA	NA	NA	NA	NA	NA
NC_045512.2	11378	G	T	12276	8319	63	1	1	40	8.14531e-05	12277	0.750031	FALSE	NA	NA	NA	NA	NA	NA
NC_045512.2	11380	T	G	12169	8518	60	4	4	28	0.000328569	12174	1	FALSE	NA	NA	NA	NA	NA	NA
NC_045512.2	11380	T	C	12169	8518	60	1	0	80	8.21423e-05	12174	0.499938	FALSE	NA	NA	NA	NA	NA	NA
NC_045512.2	11381	A	G	12331	8693	61	1	1	40	8.10898e-05	12332	0.75003	FALSE	NA	NA	NA	NA	NA	NA
NC_045512.2	11382	G	T	11888	8642	55	13	13	27	0.00109225	11902	1	FALSE	NA	NA	NA	NA	NA	NA
NC_045512.2	11382	G	A	11888	8642	55	1	0	32	8.40195e-05	11902	0.999755	FALSE	NA	NA	NA	NA	NA	NA
NC_045512.2	11383	G	T	12011	8777	55	9	9	27	0.000748752	12020	1	FALSE	NA	NA	NA	NA	NA	NA
NC_045512.2	11384	A	G	12258	9523	56	4	4	50	0.000326158	12264	0.0624745	FALSE	NA	NA	NA	NA	NA	NA
NC_045512.2	11384	A	C	12258	9523	56	2	0	28	0.000163079	12264	1	FALSE	NA	NA	NA	NA	NA	NA
NC_045512.2	11385	G	T	12273	9535	56	2	2	32	0.000162933	12275	0.999087	FALSE	NA	NA	NA	NA	NA	NA
NC_045512.2	11386	A	G	11873	9191	56	1	1	24	8.42176e-05	11874	1	FALSE	NA	NA	NA	NA	NA	NA
NC_045512.2	11387	G	A	11961	9241	56	1	1	40	8.35981e-05	11962	0.750031	FALSE	NA	NA	NA	NA	NA	NA
NC_045512.2	11388	T	G	11848	9132	56	2	2	24	0.000168762	11851	1	FALSE	NA	NA	NA	NA	NA	NA
NC_045512.2	11388	T	C	11848	9132	56	1	0	32	8.43811e-05	11851	0.999756	FALSE	NA	NA	NA	NA	NA	NA
NC_045512.2	11390	T	G	11789	9087	56	2	2	24	0.000169607	11792	1	FALSE	NA	NA	NA	NA	NA	NA
NC_045512.2	11390	T	C	11789	9087	56	1	1	80	8.48033e-05	11792	0.499979	FALSE	NA	NA	NA	NA	NA	NA
NC_045512.2	11391	G	A	11897	9221	56	1	1	24	8.40477e-05	11898	1	FALSE	NA	NA	NA	NA	NA	NA
NC_045512.2	11393	A	G	11870	9212	56	1	1	64	8.42389e-05	11871	0.500021	FALSE	NA	NA	NA	NA	NA	NA
NC_045512.2	11396	C	-T	11787	9217	56	1	0	20	8.48392e-05	11787	1	FALSE	NA	NA	NA	NA	NA	NA
NC_045512.2	11397	T	G	11638	9080	56	2	2	24	0.000171821	11640	1	FALSE	NA	NA	NA	NA	NA	NA
NC_045512.2	11398	T	G	11538	8980	55	2	2	24	0.000173295	11541	1	FALSE	NA	NA	NA	NA	NA	NA
NC_045512.2	11398	T	C	11538	8980	55	1	0	80	8.66476e-05	11541	0.499978	FALSE	NA	NA	NA	NA	NA	NA
NC_045512.2	11400	T	G	11538	8985	55	6	6	26	0.000519706	11545	1	FALSE	NA	NA	NA	NA	NA	NA
NC_045512.2	11400	T	C	11538	8985	55	1	1	80	8.66176e-05	11545	0.499892	FALSE	NA	NA	NA	NA	NA	NA
NC_045512.2	11401	G	T	11665	9127	56	1	1	40	8.57118e-05	11667	0.750011	FALSE	NA	NA	NA	NA	NA	NA
NC_045512.2	11401	G	A	11665	9127	56	1	1	80	8.57118e-05	11667	0.5	FALSE	NA	NA	NA	NA	NA	NA
NC_045512.2	11402	A	G	11636	9131	56	2	1	40	0.000171851	11638	0.500032	FALSE	NA	NA	NA	NA	NA	NA
NC_045512.2	11403	A	G	11561	9075	55	2	1	44	0.000172965	11563	0.500032	FALSE	NA	NA	NA	NA	NA	NA
NC_045512.2	11405	G	T	11112	8643	54	3	3	29	0.000269857	11117	1	FALSE	NA	NA	NA	NA	NA	NA
NC_045512.2	11405	G	C	11112	8643	54	1	1	32	8.99523e-05	11117	0.999756	FALSE	NA	NA	NA	NA	NA	NA
NC_045512.2	11405	G	A	11112	8643	54	1	0	24	8.99523e-05	11117	1	FALSE	NA	NA	NA	NA	NA	NA
NC_045512.2	11406	T	C	11178	8725	55	1	0	80	8.94534e-05	11179	0.500022	FALSE	NA	NA	NA	NA	NA	NA
NC_045512.2	11408	T	G	11183	8779	55	1	1	24	8.94134e-05	11184	1	FALSE	NA	NA	NA	NA	NA	NA
NC_045512.2	11409	T	G	11192	8789	55	2	2	32	0.000178651	11195	0.998295	FALSE	NA	NA	NA	NA	NA	NA
NC_045512.2	11409	T	C	11192	8789	55	1	1	48	8.93256e-05	11195	0.749989	FALSE	NA	NA	NA	NA	NA	NA
NC_045512.2	11410	G	A	11234	8914	55	1	0	52	8.90076e-05	11235	0.500022	FALSE	NA	NA	NA	NA	NA	NA
NC_045512.2	11411	A	G	11255	9004	54	1	0	40	8.88415e-05	11256	0.750033	FALSE	NA	NA	NA	NA	NA	NA
NC_045512.2	11413	A	G	11193	8976	54	1	1	40	8.93256e-05	11195	0.750011	FALSE	NA	NA	NA	NA	NA	NA
NC_045512.2	11413	A	C	11193	8976	54	1	0	32	8.93256e-05	11195	0.999757	FALSE	NA	NA	NA	NA	NA	NA
NC_045512.2	11414	C	G	11117	8925	54	1	0	40	8.99442e-05	11118	0.750034	FALSE	NA	NA	NA	NA	NA	NA
NC_045512.2	11415	T	G	11030	8844	54	1	1	24	9.06372e-05	11033	1	FALSE	NA	NA	NA	NA	NA	NA
NC_045512.2	11415	T	C	11030	8844	54	2	1	66	0.000181274	11033	0.249989	FALSE	NA	NA	NA	NA	NA	NA
NC_045512.2	11418	T	G	10993	8829	54	1	1	40	9.09587e-05	10994	0.750034	FALSE	NA	NA	NA	NA	NA	NA
NC_045512.2	11419	T	C	11021	8854	54	1	1	64	9.07276e-05	11022	0.500023	FALSE	NA	NA	NA	NA	NA	NA
NC_045512.2	11421	A	G	11023	8936	52	1	1	40	9.07112e-05	11024	0.750034	FALSE	NA	NA	NA	NA	NA	NA
NC_045512.2	11422	T	G	10834	8790	51	6	5	30	0.000553506	10840	0.895062	FALSE	NA	NA	NA	NA	NA	NA
NC_045512.2	11423	A	G	11034	9050	53	1	1	24	9.06208e-05	11035	1	FALSE	NA	NA	NA	NA	NA	NA
NC_045512.2	11427	T	G	10808	8976	52	1	1	24	9.25155e-05	10809	1	FALSE	NA	NA	NA	NA	NA	NA
NC_045512.2	11428	T	C	10795	8977	52	1	1	24	9.26269e-05	10796	1	FALSE	NA	NA	NA	NA	NA	NA
NC_045512.2	11429	T	G	10786	8967	52	1	1	24	9.26956e-05	10788	1	FALSE	NA	NA	NA	NA	NA	NA
NC_045512.2	11429	T	C	10786	8967	52	1	1	24	9.26956e-05	10788	1	FALSE	NA	NA	NA	NA	NA	NA
NC_045512.2	11429	T	-A	10786	8967	52	1	0	20	9.26956e-05	10788	1	FALSE	NA	NA	NA	NA	NA	NA
NC_045512.2	11430	A	T	9271	7731	51	1	1	24	9.28333e-05	10772	1	FALSE	NA	NA	NA	NA	NA	NA
NC_045512.2	11430	A	G	9271	7731	51	1500	1230	51	0.13925	10772	0	TRUE	NA	NA	NA	NA	NA	NA
NC_045512.2	11431	T	G	10783	8972	52	4	4	32	0.000370817	10787	0.971353	FALSE	NA	NA	NA	NA	NA	NA
NC_045512.2	11432	T	G	10786	9058	51	2	2	24	0.000185391	10788	1	FALSE	NA	NA	NA	NA	NA	NA
NC_045512.2	11433	A	G	10810	9148	51	2	2	44	0.00018498	10812	0.500035	FALSE	NA	NA	NA	NA	NA	NA
NC_045512.2	11434	T	G	10734	9075	51	2	2	24	0.000186272	10737	1	FALSE	NA	NA	NA	NA	NA	NA
NC_045512.2	11434	T	C	10734	9075	51	1	1	40	9.31359e-05	10737	0.749988	FALSE	NA	NA	NA	NA	NA	NA
NC_045512.2	11435	G	A	10598	8960	51	1	1	24	9.43485e-05	10599	1	FALSE	NA	NA	NA	NA	NA	NA
NC_045512.2	11436	G	T	9544	7861	45	69	69	25	0.00717554	9616	0.985811	FALSE	NA	NA	NA	NA	NA	NA
NC_045512.2	11436	G	C	9544	7861	45	3	3	29	0.00031198	9616	1	FALSE	NA	NA	NA	NA	NA	NA
NC_045512.2	11437	T	G	10492	8907	51	2	2	40	0.000190567	10495	0.5	FALSE	NA	NA	NA	NA	NA	NA
NC_045512.2	11437	T	C	10492	8907	51	1	1	40	9.52835e-05	10495	0.749988	FALSE	NA	NA	NA	NA	NA	NA
NC_045512.2	11440	T	C	10510	8929	51	1	1	40	9.51384e-05	10511	0.750036	FALSE	NA	NA	NA	NA	NA	NA
NC_045512.2	11441	G	A	10520	8942	51	1	1	40	9.5048e-05	10521	0.750036	FALSE	NA	NA	NA	NA	NA	NA
NC_045512.2	11444	T	C	10279	8739	51	1	1	40	9.72763e-05	10280	0.750036	FALSE	NA	NA	NA	NA	NA	NA
NC_045512.2	11445	T	G	10258	8720	50	1	1	24	9.74564e-05	10261	1	FALSE	NA	NA	NA	NA	NA	NA
NC_045512.2	11445	T	C	10258	8720	50	1	1	32	9.74564e-05	10261	0.999513	FALSE	NA	NA	NA	NA	NA	NA
NC_045512.2	11445	T	A	10258	8720	50	1	0	80	9.74564e-05	10261	0.499976	FALSE	NA	NA	NA	NA	NA	NA
NC_045512.2	11447	G	C	10293	8752	51	1	1	24	9.71345e-05	10295	1	FALSE	NA	NA	NA	NA	NA	NA
NC_045512.2	11447	G	A	10293	8752	51	1	1	40	9.71345e-05	10295	0.750012	FALSE	NA	NA	NA	NA	NA	NA
NC_045512.2	11448	A	G	10283	8747	51	1	1	40	9.7229e-05	10285	0.750012	FALSE	NA	NA	NA	NA	NA	NA
NC_045512.2	11448	A	C	10283	8747	51	1	0	32	9.7229e-05	10285	0.999513	FALSE	NA	NA	NA	NA	NA	NA
NC_045512.2	11449	T	G	10247	8721	50	3	3	29	0.000292683	10250	1	FALSE	NA	NA	NA	NA	NA	NA
NC_045512.2	11452	A	G	9507	8133	50	1	1	40	0.000105175	9508	0.500026	FALSE	NA	NA	NA	NA	NA	NA
NC_045512.2	11455	C	T	9474	8147	50	2	1	32	0.00021106	9476	0.994155	FALSE	NA	NA	NA	NA	NA	NA
NC_045512.2	11457	T	G	9340	8020	50	2	2	40	0.000214087	9342	0.250013	FALSE	NA	NA	NA	NA	NA	NA
NC_045512.2	11458	T	G	9332	8025	50	3	3	29	0.000321371	9335	1	FALSE	NA	NA	NA	NA	NA	NA
NC_045512.2	11459	T	G	9300	8000	50	2	2	24	0.000215008	9302	1	FALSE	NA	NA	NA	NA	NA	NA
NC_045512.2	11461	C	A	9048	7953	48	1	1	40	0.000110509	9049	0.500028	FALSE	NA	NA	NA	NA	NA	NA
NC_045512.2	11463	T	G	9001	7973	48	1	1	24	0.000111074	9003	1	FALSE	NA	NA	NA	NA	NA	NA
NC_045512.2	11463	T	C	9001	7973	48	1	1	40	0.000111074	9003	0.5	FALSE	NA	NA	NA	NA	NA	NA
NC_045512.2	11465	T	G	8714	7701	48	1	1	24	0.000114745	8715	1	FALSE	NA	NA	NA	NA	NA	NA
NC_045512.2	11466	G	T	8709	7750	48	1	1	24	0.000114797	8711	1	FALSE	NA	NA	NA	NA	NA	NA
NC_045512.2	11466	G	C	8709	7750	48	1	1	40	0.000114797	8711	0.5	FALSE	NA	NA	NA	NA	NA	NA
NC_045512.2	11468	G	C	8685	7767	47	2	2	40	0.000230229	8687	0.250014	FALSE	NA	NA	NA	NA	NA	NA
NC_045512.2	11470	T	G	8571	7662	47	2	1	32	0.000233291	8573	0.989281	FALSE	NA	NA	NA	NA	NA	NA
NC_045512.2	11471	C	T	8609	7720	47	1	0	80	0.000116144	8610	0.500029	FALSE	NA	NA	NA	NA	NA	NA
NC_045512.2	11471	C	-T	8609	7720	47	1	0	20	0.000116144	8610	1	FALSE	NA	NA	NA	NA	NA	NA
NC_045512.2	11473	T	G	8562	7675	47	2	2	24	0.000233508	8565	1	FALSE	NA	NA	NA	NA	NA	NA
NC_045512.2	11473	T	C	8562	7675	47	1	1	24	0.000116754	8565	1	FALSE	NA	NA	NA	NA	NA	NA
NC_045512.2	11474	A	C	8606	7722	47	1	1	40	0.000116185	8607	0.500029	FALSE	NA	NA	NA	NA	NA	NA
NC_045512.2	11475	T	G	8528	7641	47	3	3	24	0.000351659	8531	1	FALSE	NA	NA	NA	NA	NA	NA
NC_045512.2	11477	A	G	8508	7648	47	1	1	40	0.000117523	8509	0.500029	FALSE	NA	NA	NA	NA	NA	NA
NC_045512.2	11478	T	G	8392	7667	45	3	3	24	0.00035727	8397	1	FALSE	NA	NA	NA	NA	NA	NA
NC_045512.2	11478	T	C	8392	7667	45	2	1	60	0.00023818	8397	0.249926	FALSE	NA	NA	NA	NA	NA	NA
NC_045512.2	11480	T	C	6837	6208	46	1	1	40	0.000146242	6838	0.500037	FALSE	NA	NA	NA	NA	NA	NA
NC_045512.2	11482	T	G	6786	6189	46	2	2	24	0.000294638	6788	1	FALSE	NA	NA	NA	NA	NA	NA
NC_045512.2	11484	T	G	6785	6188	46	1	1	32	0.000147341	6787	0.9922	FALSE	NA	NA	NA	NA	NA	NA
NC_045512.2	11484	T	C	6785	6188	46	1	1	80	0.000147341	6787	0.5	FALSE	NA	NA	NA	NA	NA	NA
NC_045512.2	11485	T	G	6728	6128	45	4	4	28	0.000594089	6733	1	FALSE	NA	NA	NA	NA	NA	NA
NC_045512.2	11485	T	C	6728	6128	45	1	1	40	0.000148522	6733	0.499889	FALSE	NA	NA	NA	NA	NA	NA
NC_045512.2	11486	A	G	6795	6206	46	1	1	40	0.000147145	6796	0.500037	FALSE	NA	NA	NA	NA	NA	NA
NC_045512.2	11487	C	G	6763	6219	45	1	1	40	0.000147842	6764	0.500037	FALSE	NA	NA	NA	NA	NA	NA
NC_045512.2	11488	T	C	6609	6071	45	1	1	40	0.000151286	6610	0.500038	FALSE	NA	NA	NA	NA	NA	NA
NC_045512.2	11489	T	G	6601	6063	45	3	3	26	0.000454133	6606	1	FALSE	NA	NA	NA	NA	NA	NA
NC_045512.2	11489	T	C	6601	6063	45	2	1	32	0.000302755	6606	0.964852	FALSE	NA	NA	NA	NA	NA	NA
NC_045512.2	11491	T	G	6310	5791	45	1	1	24	0.000158403	6313	1	FALSE	NA	NA	NA	NA	NA	NA
NC_045512.2	11491	T	C	6310	5791	45	2	2	32	0.000316807	6313	0.964887	FALSE	NA	NA	NA	NA	NA	NA
NC_045512.2	11492	A	G	6350	5838	45	1	1	24	0.000157456	6351	1	FALSE	NA	NA	NA	NA	NA	NA
NC_045512.2	11495	T	G	6088	5641	44	2	2	24	0.000328407	6090	1	FALSE	NA	NA	NA	NA	NA	NA
NC_045512.2	11496	A	G	5843	5415	45	3	3	24	0.000512996	5848	1	FALSE	NA	NA	NA	NA	NA	NA
NC_045512.2	11496	A	C	5843	5415	45	2	2	40	0.000341997	5848	0.249893	FALSE	NA	NA	NA	NA	NA	NA
NC_045512.2	11498	T	G	5747	5319	44	8	8	34	0.00138913	5759	0.290091	FALSE	NA	NA	NA	NA	NA	NA
NC_045512.2	11498	T	C	5747	5319	44	3	3	29	0.000520924	5759	1	FALSE	NA	NA	NA	NA	NA	NA
NC_045512.2	11498	T	A	5747	5319	44	1	1	40	0.000173641	5759	0.499565	FALSE	NA	NA	NA	NA	NA	NA
NC_045512.2	11501	G	T	5521	5099	44	4	4	24	0.00072372	5527	1	FALSE	NA	NA	NA	NA	NA	NA
NC_045512.2	11501	G	C	5521	5099	44	1	1	40	0.00018093	5527	0.499819	FALSE	NA	NA	NA	NA	NA	NA
NC_045512.2	11501	G	A	5521	5099	44	1	1	40	0.00018093	5527	0.499819	FALSE	NA	NA	NA	NA	NA	NA
NC_045512.2	11503	T	G	5177	4787	44	1	1	24	0.00019305	5180	1	FALSE	NA	NA	NA	NA	NA	NA
NC_045512.2	11503	T	C	5177	4787	44	2	2	32	0.0003861	5180	0.937563	FALSE	NA	NA	NA	NA	NA	NA
NC_045512.2	11504	G	A	5174	4800	44	1	1	40	0.000193237	5175	0.500048	FALSE	NA	NA	NA	NA	NA	NA
NC_045512.2	11506	A	G	4769	4430	44	1	1	40	0.000209644	4770	0.500052	FALSE	NA	NA	NA	NA	NA	NA
NC_045512.2	11508	T	G	4631	4293	44	5	5	36	0.00107852	4636	0.500133	FALSE	NA	NA	NA	NA	NA	NA
NC_045512.2	11509	T	G	4608	4280	44	2	2	24	0.000433839	4610	1	FALSE	NA	NA	NA	NA	NA	NA
NC_045512.2	11511	C	T	3178	2934	44	1	1	40	0.000314268	3182	0.499843	FALSE	NA	NA	NA	NA	NA	NA
NC_045512.2	11511	C	G	3178	2934	44	2	2	32	0.000628536	3182	0.8125	FALSE	NA	NA	NA	NA	NA	NA
NC_045512.2	11511	C	A	3178	2934	44	1	1	24	0.000314268	3182	1	FALSE	NA	NA	NA	NA	NA	NA
NC_045512.2	11540	G	+T	46	2	41	14	0	20	0.304348	46	0.000189059	TRUE	NA	NA	NA	NA	NA	NA
NC_045512.2	11594	C	A	42	4	40	1	0	24	0.0232558	43	0.505882	FALSE	NA	NA	NA	NA	NA	NA
NC_045512.2	11677	T	C	39	11	47	1	0	24	0.025	40	0.506329	FALSE	NA	NA	NA	NA	NA	NA
NC_045512.2	11692	T	C	20	11	46	11	7	47	0.354839	31	0.00020252	TRUE	NA	NA	NA	NA	NA	NA
NC_045512.2	11727	G	A	0	0	0	39	27	46	1	39	7.34834e-23	TRUE	NA	NA	NA	NA	NA	NA
NC_045512.2	11743	G	T	36	26	38	1	1	24	0.027027	37	0.506849	FALSE	NA	NA	NA	NA	NA	NA
NC_045512.2	11813	A	C	32	26	40	1	0	24	0.030303	33	0.507692	FALSE	NA	NA	NA	NA	NA	NA
NC_045512.2	11817	C	A	1077	78	40	1	0	24	0.000927644	1078	0.999527	FALSE	NA	NA	NA	NA	NA	NA
NC_045512.2	11820	G	T	1305	90	40	1	0	24	0.000765111	1307	0.999941	FALSE	NA	NA	NA	NA	NA	NA
NC_045512.2	11820	G	A	1305	90	40	1	0	24	0.000765111	1307	0.999941	FALSE	NA	NA	NA	NA	NA	NA
NC_045512.2	11821	T	C	1314	88	41	1	0	24	0.000760456	1315	0.999941	FALSE	NA	NA	NA	NA	NA	NA
NC_045512.2	11822	A	C	1302	89	39	1	0	40	0.00076746	1303	0.500192	FALSE	NA	NA	NA	NA	NA	NA
NC_045512.2	11827	A	C	1459	99	40	2	0	24	0.00136893	1461	0.99975	FALSE	NA	NA	NA	NA	NA	NA
NC_045512.2	11829	T	G	1470	110	41	1	0	24	0.00067981	1471	0.999971	FALSE	NA	NA	NA	NA	NA	NA
NC_045512.2	11833	C	A	2101	120	41	41	0	39	0.019141	2142	9.11987e-11	TRUE	NA	NA	NA	NA	NA	NA
NC_045512.2	11834	A	G	2386	131	41	1	0	24	0.00041876	2388	1	FALSE	NA	NA	NA	NA	NA	NA
NC_045512.2	11834	A	C	2386	131	41	1	0	24	0.00041876	2388	1	FALSE	NA	NA	NA	NA	NA	NA
NC_045512.2	11837	G	A	2885	158	42	1	0	24	0.0003465	2886	1	FALSE	NA	NA	NA	NA	NA	NA
NC_045512.2	11843	T	C	3747	172	42	1	0	24	0.000266809	3748	1	FALSE	NA	NA	NA	NA	NA	NA
NC_045512.2	11845	T	G	3750	171	42	2	0	40	0.000532198	3758	0.249634	FALSE	NA	NA	NA	NA	NA	NA
NC_045512.2	11845	T	C	3750	171	42	6	0	29	0.00159659	3758	1	FALSE	NA	NA	NA	NA	NA	NA
NC_045512.2	11845	T	-A	3750	171	42	15	0	20	0.00399148	3758	0.99944	FALSE	NA	NA	NA	NA	NA	NA
NC_045512.2	11846	A	C	3700	171	41	1	0	24	0.000270197	3701	1	FALSE	NA	NA	NA	NA	NA	NA
NC_045512.2	11847	A	T	3744	171	41	1	0	40	0.00026688	3747	0.499933	FALSE	NA	NA	NA	NA	NA	NA
NC_045512.2	11847	A	G	3744	171	41	1	0	40	0.00026688	3747	0.499933	FALSE	NA	NA	NA	NA	NA	NA
NC_045512.2	11847	A	C	3744	171	41	1	0	24	0.00026688	3747	1	FALSE	NA	NA	NA	NA	NA	NA
NC_045512.2	11848	A	G	3734	171	41	3	0	29	0.000802139	3740	1	FALSE	NA	NA	NA	NA	NA	NA
NC_045512.2	11848	A	C	3734	171	41	3	0	34	0.000802139	3740	0.656062	FALSE	NA	NA	NA	NA	NA	NA
NC_045512.2	11849	A	-T	3772	173	41	2	0	20	0.000530223	3772	1	FALSE	NA	NA	NA	NA	NA	NA
NC_045512.2	11850	T	G	3792	173	42	2	0	40	0.000527148	3794	0.249901	FALSE	NA	NA	NA	NA	NA	NA
NC_045512.2	11851	G	-T	3823	170	42	1	0	20	0.000261575	3823	1	FALSE	NA	NA	NA	NA	NA	NA
NC_045512.2	11853	C	-A	3839	172	42	1	0	20	0.000260485	3839	1	FALSE	NA	NA	NA	NA	NA	NA
NC_045512.2	11854	A	C	3805	172	42	3	0	29	0.000787815	3808	1	FALSE	NA	NA	NA	NA	NA	NA
NC_045512.2	11854	A	+G	3805	172	42	1	0	20	0.000262536	3809	1	FALSE	NA	NA	NA	NA	NA	NA
NC_045512.2	11855	G	T	4063	180	42	1	0	24	0.000245942	4066	1	FALSE	NA	NA	NA	NA	NA	NA
NC_045512.2	11855	G	C	4063	180	42	1	0	24	0.000245942	4066	1	FALSE	NA	NA	NA	NA	NA	NA
NC_045512.2	11855	G	A	4063	180	42	1	0	24	0.000245942	4066	1	FALSE	NA	NA	NA	NA	NA	NA
NC_045512.2	11856	A	C	4075	183	41	1	0	24	0.000245339	4076	1	FALSE	NA	NA	NA	NA	NA	NA
NC_045512.2	11857	T	C	4088	187	42	1	0	40	0.000244559	4089	0.500061	FALSE	NA	NA	NA	NA	NA	NA
NC_045512.2	11859	T	-A	4155	190	42	1	0	20	0.000240674	4155	1	FALSE	NA	NA	NA	NA	NA	NA
NC_045512.2	11860	A	G	4122	196	41	1	0	24	0.000242542	4123	1	FALSE	NA	NA	NA	NA	NA	NA
NC_045512.2	11863	G	C	4296	198	42	1	0	24	0.000232666	4298	1	FALSE	NA	NA	NA	NA	NA	NA
NC_045512.2	11863	G	A	4296	198	42	1	0	24	0.000232666	4298	1	FALSE	NA	NA	NA	NA	NA	NA
NC_045512.2	11864	T	C	4307	198	42	2	0	40	0.000464145	4309	0.250029	FALSE	NA	NA	NA	NA	NA	NA
NC_045512.2	11867	A	C	4312	216	42	1	0	24	0.000231857	4313	1	FALSE	NA	NA	NA	NA	NA	NA
NC_045512.2	11869	A	G	4497	220	42	1	0	40	0.000222272	4499	0.5	FALSE	NA	NA	NA	NA	NA	NA
NC_045512.2	11869	A	C	4497	220	42	1	0	24	0.000222272	4499	1	FALSE	NA	NA	NA	NA	NA	NA
NC_045512.2	11871	C	T	4815	241	42	1	0	40	0.000207598	4817	0.5	FALSE	NA	NA	NA	NA	NA	NA
NC_045512.2	11871	C	A	4815	241	42	1	0	40	0.000207598	4817	0.5	FALSE	NA	NA	NA	NA	NA	NA
NC_045512.2	11873	G	A	4848	238	42	1	0	40	0.000206228	4849	0.500052	FALSE	NA	NA	NA	NA	NA	NA
NC_045512.2	11874	T	C	4858	245	42	2	0	40	0.000411523	4860	0.250026	FALSE	NA	NA	NA	NA	NA	NA
NC_045512.2	11875	A	G	4780	246	41	1	0	40	0.000209161	4781	0.500052	FALSE	NA	NA	NA	NA	NA	NA
NC_045512.2	11877	T	C	5132	249	42	1	0	24	0.00019478	5134	1	FALSE	NA	NA	NA	NA	NA	NA
NC_045512.2	11877	T	A	5132	249	42	1	0	40	0.00019478	5134	0.5	FALSE	NA	NA	NA	NA	NA	NA
NC_045512.2	11879	T	C	5142	254	43	1	0	24	0.000194439	5143	1	FALSE	NA	NA	NA	NA	NA	NA
NC_045512.2	11880	T	C	5146	257	43	1	0	40	0.000194288	5147	0.500049	FALSE	NA	NA	NA	NA	NA	NA
NC_045512.2	11881	A	C	5122	266	42	1	0	24	0.000195198	5123	1	FALSE	NA	NA	NA	NA	NA	NA
NC_045512.2	11883	T	C	5170	268	43	1	0	80	0.000193386	5171	0.500048	FALSE	NA	NA	NA	NA	NA	NA
NC_045512.2	11889	T	C	5227	314	43	1	0	40	0.000191278	5228	0.500048	FALSE	NA	NA	NA	NA	NA	NA
NC_045512.2	11891	T	G	5232	402	45	1	1	24	0.000191095	5233	1	FALSE	NA	NA	NA	NA	NA	NA
NC_045512.2	11895	A	G	5224	466	45	1	0	40	0.000191351	5226	0.5	FALSE	NA	NA	NA	NA	NA	NA
NC_045512.2	11895	A	C	5224	466	45	1	0	32	0.000191351	5226	0.984397	FALSE	NA	NA	NA	NA	NA	NA
NC_045512.2	11898	A	G	5259	469	46	1	1	80	0.000190042	5262	0.499952	FALSE	NA	NA	NA	NA	NA	NA
NC_045512.2	11898	A	C	5259	469	46	2	0	24	0.000380084	5262	1	FALSE	NA	NA	NA	NA	NA	NA
NC_045512.2	11899	A	C	5379	496	46	2	0	24	0.000371678	5381	1	FALSE	NA	NA	NA	NA	NA	NA
NC_045512.2	11902	C	A	5150	501	42	4	0	28	0.000776096	5154	1	FALSE	NA	NA	NA	NA	NA	NA
NC_045512.2	11906	G	A	5689	525	45	1	0	40	0.000175747	5690	0.500044	FALSE	NA	NA	NA	NA	NA	NA
NC_045512.2	11908	A	G	5678	542	46	1	1	32	0.000176087	5679	0.984404	FALSE	NA	NA	NA	NA	NA	NA
NC_045512.2	11912	T	C	5693	551	46	2	0	32	0.000351185	5695	0.937586	FALSE	NA	NA	NA	NA	NA	NA
NC_045512.2	11913	C	T	5595	554	44	4	0	28	0.000714413	5599	1	FALSE	NA	NA	NA	NA	NA	NA
NC_045512.2	11914	A	G	5649	554	46	2	0	60	0.000353857	5652	0.249978	FALSE	NA	NA	NA	NA	NA	NA
NC_045512.2	11914	A	C	5649	554	46	1	0	24	0.000176929	5652	1	FALSE	NA	NA	NA	NA	NA	NA
NC_045512.2	11917	A	G	5680	568	46	1	0	24	0.000175901	5685	1	FALSE	NA	NA	NA	NA	NA	NA
NC_045512.2	11917	A	C	5680	568	46	4	0	32	0.000703606	5685	0.74618	FALSE	NA	NA	NA	NA	NA	NA
NC_045512.2	11918	T	C	5782	571	46	2	0	40	0.000345781	5784	0.250022	FALSE	NA	NA	NA	NA	NA	NA
NC_045512.2	11920	T	G	5806	572	46	1	1	24	0.000172206	5807	1	FALSE	NA	NA	NA	NA	NA	NA
NC_045512.2	11921	A	C	5706	576	45	4	0	24	0.000700525	5710	1	FALSE	NA	NA	NA	NA	NA	NA
NC_045512.2	11923	A	G	5808	602	46	1	0	40	0.000172087	5811	0.499957	FALSE	NA	NA	NA	NA	NA	NA
NC_045512.2	11923	A	C	5808	602	46	2	0	24	0.000344175	5811	1	FALSE	NA	NA	NA	NA	NA	NA
NC_045512.2	11925	T	C	5839	597	47	1	0	24	0.000171233	5840	1	FALSE	NA	NA	NA	NA	NA	NA
NC_045512.2	11929	G	T	5919	651	47	1	1	24	0.00016889	5921	1	FALSE	NA	NA	NA	NA	NA	NA
NC_045512.2	11929	G	C	5919	651	47	1	0	40	0.00016889	5921	0.5	FALSE	NA	NA	NA	NA	NA	NA
NC_045512.2	11931	C	T	5936	695	48	1	0	24	0.000168435	5937	1	FALSE	NA	NA	NA	NA	NA	NA
NC_045512.2	11932	T	C	5920	691	48	2	0	32	0.000337724	5922	0.937583	FALSE	NA	NA	NA	NA	NA	NA
NC_045512.2	11934	A	G	5879	710	47	2	0	40	0.00034002	5882	0.249979	FALSE	NA	NA	NA	NA	NA	NA
NC_045512.2	11934	A	C	5879	710	47	1	0	24	0.00017001	5882	1	FALSE	NA	NA	NA	NA	NA	NA
NC_045512.2	11935	A	C	5913	721	47	2	0	24	0.000338123	5915	1	FALSE	NA	NA	NA	NA	NA	NA
NC_045512.2	11939	G	A	6017	730	48	1	0	40	0.000166168	6018	0.500042	FALSE	NA	NA	NA	NA	NA	NA
NC_045512.2	11940	T	C	6041	731	48	1	0	40	0.000165508	6042	0.500041	FALSE	NA	NA	NA	NA	NA	NA
NC_045512.2	11941	C	A	5989	752	48	1	0	24	0.000166945	5990	1	FALSE	NA	NA	NA	NA	NA	NA
NC_045512.2	11943	A	C	5974	748	47	5	0	27	0.00083626	5979	1	FALSE	NA	NA	NA	NA	NA	NA
NC_045512.2	11944	G	A	6087	748	48	2	0	40	0.000328461	6089	0.249979	FALSE	NA	NA	NA	NA	NA	NA
NC_045512.2	11946	T	C	6037	853	49	2	0	32	0.000331181	6039	0.964907	FALSE	NA	NA	NA	NA	NA	NA
NC_045512.2	11947	A	G	5959	868	49	2	2	60	0.000335402	5963	0.249937	FALSE	NA	NA	NA	NA	NA	NA
NC_045512.2	11947	A	C	5959	868	49	2	0	24	0.000335402	5963	1	FALSE	NA	NA	NA	NA	NA	NA
NC_045512.2	11948	C	A	5964	885	49	1	0	24	0.000167645	5965	1	FALSE	NA	NA	NA	NA	NA	NA
NC_045512.2	11949	A	G	5929	918	49	1	0	80	0.00016852	5934	0.499874	FALSE	NA	NA	NA	NA	NA	NA
NC_045512.2	11949	A	C	5929	918	49	4	0	24	0.000674082	5934	1	FALSE	NA	NA	NA	NA	NA	NA
NC_045512.2	11951	A	C	5922	1074	51	2	0	24	0.00033761	5924	1	FALSE	NA	NA	NA	NA	NA	NA
NC_045512.2	11952	A	C	5947	1080	51	1	0	40	0.000168124	5948	0.500042	FALSE	NA	NA	NA	NA	NA	NA
NC_045512.2	11955	A	C	5884	1122	50	1	0	40	0.000169924	5885	0.500042	FALSE	NA	NA	NA	NA	NA	NA
NC_045512.2	11956	C	T	5794	1158	49	1	1	80	0.000172384	5801	0.499784	FALSE	NA	NA	NA	NA	NA	NA
NC_045512.2	11956	C	A	5794	1158	49	6	0	29	0.0010343	5801	1	FALSE	NA	NA	NA	NA	NA	NA
NC_045512.2	11958	T	C	5849	1186	51	4	0	36	0.00068341	5853	0.746262	FALSE	NA	NA	NA	NA	NA	NA
NC_045512.2	11959	T	G	5846	1203	51	1	1	32	0.000170999	5848	0.984395	FALSE	NA	NA	NA	NA	NA	NA
NC_045512.2	11959	T	C	5846	1203	51	1	0	40	0.000170999	5848	0.5	FALSE	NA	NA	NA	NA	NA	NA
NC_045512.2	11960	C	G	5831	1239	51	1	1	32	0.000171468	5832	0.984403	FALSE	NA	NA	NA	NA	NA	NA
NC_045512.2	11964	T	G	5846	1381	52	1	1	24	0.000170999	5848	1	FALSE	NA	NA	NA	NA	NA	NA
NC_045512.2	11964	T	C	5846	1381	52	1	0	40	0.000170999	5848	0.5	FALSE	NA	NA	NA	NA	NA	NA
NC_045512.2	11965	A	C	5701	1412	50	4	0	28	0.000701139	5705	1	FALSE	NA	NA	NA	NA	NA	NA
NC_045512.2	11968	T	G	5763	1645	53	1	1	24	0.00017343	5766	1	FALSE	NA	NA	NA	NA	NA	NA
NC_045512.2	11968	T	C	5763	1645	53	2	1	60	0.000346861	5766	0.249978	FALSE	NA	NA	NA	NA	NA	NA
NC_045512.2	11969	A	C	5725	1691	54	3	0	24	0.000523743	5728	1	FALSE	NA	NA	NA	NA	NA	NA
NC_045512.2	11970	A	G	5754	1697	54	2	2	28	0.000347464	5756	1	FALSE	NA	NA	NA	NA	NA	NA
NC_045512.2	11971	A	C	5762	1752	54	2	0	24	0.000346981	5764	1	FALSE	NA	NA	NA	NA	NA	NA
NC_045512.2	11974	T	G	5834	1826	54	1	1	32	0.00017138	5835	0.984403	FALSE	NA	NA	NA	NA	NA	NA
NC_045512.2	11975	A	C	5791	1828	54	1	0	24	0.000172652	5792	1	FALSE	NA	NA	NA	NA	NA	NA
NC_045512.2	11976	C	T	5811	1900	54	1	0	40	0.000172058	5812	0.500043	FALSE	NA	NA	NA	NA	NA	NA
NC_045512.2	11977	T	C	5809	1901	54	1	0	40	0.000172117	5810	0.500043	FALSE	NA	NA	NA	NA	NA	NA
NC_045512.2	11978	A	G	5772	1917	53	2	1	60	0.0003462	5777	0.249892	FALSE	NA	NA	NA	NA	NA	NA
NC_045512.2	11978	A	C	5772	1917	53	3	0	24	0.000519301	5777	1	FALSE	NA	NA	NA	NA	NA	NA
NC_045512.2	11979	C	A	5652	2100	51	3	0	32	0.000530504	5655	0.855614	FALSE	NA	NA	NA	NA	NA	NA
NC_045512.2	11980	T	A	5791	2042	55	2	0	40	0.000345244	5793	0.250022	FALSE	NA	NA	NA	NA	NA	NA
NC_045512.2	11981	G	T	5747	1993	53	3	3	24	0.000521739	5750	1	FALSE	NA	NA	NA	NA	NA	NA
NC_045512.2	11982	A	G	5797	2117	55	1	1	80	0.000172444	5799	0.5	FALSE	NA	NA	NA	NA	NA	NA
NC_045512.2	11982	A	C	5797	2117	55	1	0	24	0.000172444	5799	1	FALSE	NA	NA	NA	NA	NA	NA
NC_045512.2	11983	A	G	5517	2284	54	2	1	60	0.000362384	5519	0.250023	FALSE	NA	NA	NA	NA	NA	NA
NC_045512.2	11985	C	T	5380	2349	53	1	1	40	0.000185805	5382	0.5	FALSE	NA	NA	NA	NA	NA	NA
NC_045512.2	11985	C	A	5380	2349	53	1	0	24	0.000185805	5382	1	FALSE	NA	NA	NA	NA	NA	NA
NC_045512.2	11986	C	A	5183	2450	51	5	0	36	0.000963763	5188	0.623225	FALSE	NA	NA	NA	NA	NA	NA
NC_045512.2	11988	T	G	5195	2403	52	1	1	24	0.000192456	5196	1	FALSE	NA	NA	NA	NA	NA	NA
NC_045512.2	11989	T	G	5254	2502	52	1	1	24	0.000190259	5256	1	FALSE	NA	NA	NA	NA	NA	NA
NC_045512.2	11989	T	C	5254	2502	52	1	0	40	0.000190259	5256	0.5	FALSE	NA	NA	NA	NA	NA	NA
NC_045512.2	11990	G	-A	5254	2513	52	1	0	20	0.000190331	5254	1	FALSE	NA	NA	NA	NA	NA	NA
NC_045512.2	11990	G	+A	5254	2513	52	1	0	20	0.000190331	5254	1	FALSE	NA	NA	NA	NA	NA	NA
NC_045512.2	11992	A	G	5436	2841	54	1	1	40	0.000183925	5437	0.500046	FALSE	NA	NA	NA	NA	NA	NA
NC_045512.2	11993	A	G	5276	3179	50	1	0	40	0.000189502	5277	0.500047	FALSE	NA	NA	NA	NA	NA	NA
NC_045512.2	11994	A	G	5283	3201	50	1	1	80	0.000189251	5284	0.500047	FALSE	NA	NA	NA	NA	NA	NA
NC_045512.2	11995	A	T	5286	3201	50	1	1	40	0.000189143	5287	0.500047	FALSE	NA	NA	NA	NA	NA	NA
NC_045512.2	11997	T	C	5280	3202	50	1	0	24	0.000189358	5281	1	FALSE	NA	NA	NA	NA	NA	NA
NC_045512.2	11999	G	T	5265	3188	49	5	5	24	0.000948767	5270	1	FALSE	NA	NA	NA	NA	NA	NA
NC_045512.2	12000	T	G	5324	3258	50	1	1	24	0.000187793	5325	1	FALSE	NA	NA	NA	NA	NA	NA
NC_045512.2	12001	T	G	5367	3342	50	1	0	40	0.000186254	5369	0.5	FALSE	NA	NA	NA	NA	NA	NA
NC_045512.2	12001	T	C	5367	3342	50	1	0	40	0.000186254	5369	0.5	FALSE	NA	NA	NA	NA	NA	NA
NC_045512.2	12002	T	C	5380	3376	50	1	1	40	0.000185839	5381	0.500046	FALSE	NA	NA	NA	NA	NA	NA
NC_045512.2	12005	C	A	5274	3520	49	3	1	34	0.000568505	5277	0.855624	FALSE	NA	NA	NA	NA	NA	NA
NC_045512.2	12006	T	G	5291	3483	49	1	1	24	0.000188964	5292	1	FALSE	NA	NA	NA	NA	NA	NA
NC_045512.2	12008	C	A	5286	3573	48	1	0	24	0.000189143	5287	1	FALSE	NA	NA	NA	NA	NA	NA
NC_045512.2	12009	T	G	5329	3553	49	1	1	24	0.000187582	5331	1	FALSE	NA	NA	NA	NA	NA	NA
NC_045512.2	12009	T	C	5329	3553	49	1	1	40	0.000187582	5331	0.5	FALSE	NA	NA	NA	NA	NA	NA
NC_045512.2	12010	T	G	5437	3710	50	1	1	24	0.000183824	5440	1	FALSE	NA	NA	NA	NA	NA	NA
NC_045512.2	12010	T	C	5437	3710	50	2	1	24	0.000367647	5440	1	FALSE	NA	NA	NA	NA	NA	NA
NC_045512.2	12011	T	C	5615	4003	51	1	1	24	0.000178063	5616	1	FALSE	NA	NA	NA	NA	NA	NA
NC_045512.2	12012	C	G	5574	4065	51	1	1	24	0.000179372	5575	1	FALSE	NA	NA	NA	NA	NA	NA
NC_045512.2	12013	T	C	5567	4058	51	1	1	40	0.000179598	5568	0.500045	FALSE	NA	NA	NA	NA	NA	NA
NC_045512.2	12014	G	T	5514	4002	49	2	2	32	0.000362582	5516	0.937589	FALSE	NA	NA	NA	NA	NA	NA
NC_045512.2	12014	G	-T	5514	4002	49	1	0	20	0.000181291	5516	1	FALSE	NA	NA	NA	NA	NA	NA
NC_045512.2	12017	T	G	5636	4159	51	1	1	24	0.000177399	5637	1	FALSE	NA	NA	NA	NA	NA	NA
NC_045512.2	12018	T	C	5623	4146	51	1	0	24	0.000177809	5624	1	FALSE	NA	NA	NA	NA	NA	NA
NC_045512.2	12019	G	A	5592	4236	50	1	1	40	0.000178795	5593	0.500045	FALSE	NA	NA	NA	NA	NA	NA
NC_045512.2	12020	C	T	5523	4326	49	5	5	56	0.000904486	5528	0.0312359	FALSE	NA	NA	NA	NA	NA	NA
NC_045512.2	12021	T	G	5668	4530	49	1	1	24	0.000176336	5671	1	FALSE	NA	NA	NA	NA	NA	NA
NC_045512.2	12021	T	C	5668	4530	49	2	2	40	0.000352671	5671	0.249978	FALSE	NA	NA	NA	NA	NA	NA
NC_045512.2	12023	T	G	5715	4616	49	3	3	29	0.000524567	5719	1	FALSE	NA	NA	NA	NA	NA	NA
NC_045512.2	12023	T	C	5715	4616	49	1	1	80	0.000174856	5719	0.499913	FALSE	NA	NA	NA	NA	NA	NA
NC_045512.2	12024	C	G	5743	4654	49	1	1	40	0.000174095	5744	0.500044	FALSE	NA	NA	NA	NA	NA	NA
NC_045512.2	12026	A	C	5842	4798	49	1	1	24	0.000171145	5843	1	FALSE	NA	NA	NA	NA	NA	NA
NC_045512.2	12027	T	G	6174	5342	49	1	1	40	0.000161943	6175	0.50004	FALSE	NA	NA	NA	NA	NA	NA
NC_045512.2	12028	G	C	6200	5368	49	2	2	32	0.000322425	6203	0.964888	FALSE	NA	NA	NA	NA	NA	NA
NC_045512.2	12028	G	A	6200	5368	49	1	1	40	0.000161212	6203	0.49996	FALSE	NA	NA	NA	NA	NA	NA
NC_045512.2	12030	A	G	6224	5405	49	1	1	40	0.000160643	6225	0.50004	FALSE	NA	NA	NA	NA	NA	NA
NC_045512.2	12031	G	T	6237	5413	49	1	1	24	0.000160282	6239	1	FALSE	NA	NA	NA	NA	NA	NA
NC_045512.2	12031	G	C	6237	5413	49	1	1	40	0.000160282	6239	0.5	FALSE	NA	NA	NA	NA	NA	NA
NC_045512.2	12034	T	C	6235	5412	49	1	1	40	0.000160333	6237	0.5	FALSE	NA	NA	NA	NA	NA	NA
NC_045512.2	12034	T	A	6235	5412	49	1	1	40	0.000160333	6237	0.5	FALSE	NA	NA	NA	NA	NA	NA
NC_045512.2	12035	G	C	6234	5396	49	1	1	80	0.000160333	6237	0.49996	FALSE	NA	NA	NA	NA	NA	NA
NC_045512.2	12035	G	A	6234	5396	49	2	1	60	0.000320667	6237	0.24998	FALSE	NA	NA	NA	NA	NA	NA
NC_045512.2	12037	T	G	6205	5391	49	1	1	24	0.000161108	6207	1	FALSE	NA	NA	NA	NA	NA	NA
NC_045512.2	12037	T	C	6205	5391	49	1	1	40	0.000161108	6207	0.5	FALSE	NA	NA	NA	NA	NA	NA
NC_045512.2	12038	G	T	6147	5329	48	3	3	24	0.000487805	6150	1	FALSE	NA	NA	NA	NA	NA	NA
NC_045512.2	12039	T	G	6165	5347	48	1	1	24	0.000162153	6167	1	FALSE	NA	NA	NA	NA	NA	NA
NC_045512.2	12039	T	C	6165	5347	48	1	0	80	0.000162153	6167	0.5	FALSE	NA	NA	NA	NA	NA	NA
NC_045512.2	12041	G	C	6198	5376	49	1	0	32	0.000161316	6199	0.992205	FALSE	NA	NA	NA	NA	NA	NA
NC_045512.2	12042	A	C	6017	5210	50	1	1	80	0.000166168	6018	0.500042	FALSE	NA	NA	NA	NA	NA	NA
NC_045512.2	12044	A	G	5895	5104	50	1	0	48	0.000169607	5896	0.500042	FALSE	NA	NA	NA	NA	NA	NA
NC_045512.2	12045	T	C	5828	5044	49	1	1	40	0.000171556	5829	0.500043	FALSE	NA	NA	NA	NA	NA	NA
NC_045512.2	12045	T	-A	5828	5044	49	1	0	20	0.000171556	5829	1	FALSE	NA	NA	NA	NA	NA	NA
NC_045512.2	12046	A	G	5867	5088	49	2	1	60	0.000340774	5869	0.249979	FALSE	NA	NA	NA	NA	NA	NA
NC_045512.2	12050	A	C	5816	5130	48	1	0	32	0.00017191	5817	0.984403	FALSE	NA	NA	NA	NA	NA	NA
NC_045512.2	12052	G	A	5816	5121	49	1	1	40	0.00017191	5817	0.500043	FALSE	NA	NA	NA	NA	NA	NA
NC_045512.2	12054	T	G	5683	5090	46	1	1	24	0.000175932	5684	1	FALSE	NA	NA	NA	NA	NA	NA
NC_045512.2	12055	T	G	5696	5101	47	1	1	24	0.000175531	5697	1	FALSE	NA	NA	NA	NA	NA	NA
NC_045512.2	12056	T	G	5712	5120	47	1	1	24	0.000175039	5713	1	FALSE	NA	NA	NA	NA	NA	NA
NC_045512.2	12057	G	T	5570	4996	44	2	2	24	0.000358873	5573	1	FALSE	NA	NA	NA	NA	NA	NA
NC_045512.2	12057	G	A	5570	4996	44	1	1	40	0.000179437	5573	0.499955	FALSE	NA	NA	NA	NA	NA	NA
NC_045512.2	12058	T	G	5694	5123	47	2	2	24	0.000351124	5696	1	FALSE	NA	NA	NA	NA	NA	NA
NC_045512.2	12059	G	T	5037	4458	40	15	15	24	0.00296912	5052	0.999998	FALSE	NA	NA	NA	NA	NA	NA
NC_045512.2	12060	A	G	5741	5178	47	1	0	64	0.000174155	5742	0.500044	FALSE	NA	NA	NA	NA	NA	NA
NC_045512.2	12061	A	G	5724	5160	47	1	1	40	0.000174672	5725	0.500044	FALSE	NA	NA	NA	NA	NA	NA
NC_045512.2	12062	G	T	5557	4999	44	4	4	28	0.000719295	5561	1	FALSE	NA	NA	NA	NA	NA	NA
NC_045512.2	12064	A	G	5717	5166	47	1	1	40	0.000174886	5718	0.500044	FALSE	NA	NA	NA	NA	NA	NA
NC_045512.2	12065	A	T	5724	5169	47	1	1	40	0.000174672	5725	0.500044	FALSE	NA	NA	NA	NA	NA	NA
NC_045512.2	12068	C	T	5705	5200	46	1	0	80	0.000175223	5707	0.5	FALSE	NA	NA	NA	NA	NA	NA
NC_045512.2	12068	C	A	5705	5200	46	1	1	40	0.000175223	5707	0.5	FALSE	NA	NA	NA	NA	NA	NA
NC_045512.2	12070	G	A	5692	5186	46	1	1	40	0.000175654	5693	0.500044	FALSE	NA	NA	NA	NA	NA	NA
NC_045512.2	12071	G	C	5667	5164	46	1	1	40	0.000176429	5668	0.500044	FALSE	NA	NA	NA	NA	NA	NA
NC_045512.2	12073	C	T	5672	5175	46	1	1	40	0.000176211	5675	0.499956	FALSE	NA	NA	NA	NA	NA	NA
NC_045512.2	12073	C	G	5672	5175	46	2	2	28	0.000352423	5675	1	FALSE	NA	NA	NA	NA	NA	NA
NC_045512.2	12075	A	G	5626	5132	46	2	2	52	0.000355303	5629	0.249978	FALSE	NA	NA	NA	NA	NA	NA
NC_045512.2	12075	A	C	5626	5132	46	1	1	40	0.000177651	5629	0.499956	FALSE	NA	NA	NA	NA	NA	NA
NC_045512.2	12076	C	T	5621	5127	46	1	1	40	0.000177873	5622	0.500044	FALSE	NA	NA	NA	NA	NA	NA
NC_045512.2	12078	G	C	5548	5055	46	1	1	40	0.000180213	5549	0.500045	FALSE	NA	NA	NA	NA	NA	NA
NC_045512.2	12079	G	T	5300	4805	43	6	6	32	0.0011308	5306	0.500128	FALSE	NA	NA	NA	NA	NA	NA
NC_045512.2	12081	C	T	5471	5012	45	4	4	36	0.000730327	5477	0.746094	FALSE	NA	NA	NA	NA	NA	NA
NC_045512.2	12081	C	G	5471	5012	45	1	1	24	0.000182582	5477	1	FALSE	NA	NA	NA	NA	NA	NA
NC_045512.2	12081	C	A	5471	5012	45	1	1	40	0.000182582	5477	0.499817	FALSE	NA	NA	NA	NA	NA	NA
NC_045512.2	12082	A	G	5434	4979	45	1	1	40	0.000183993	5435	0.500046	FALSE	NA	NA	NA	NA	NA	NA
NC_045512.2	12083	A	G	5431	4978	46	1	1	40	0.000184094	5432	0.500046	FALSE	NA	NA	NA	NA	NA	NA
NC_045512.2	12084	C	T	5427	4997	45	1	1	40	0.00018423	5428	0.500046	FALSE	NA	NA	NA	NA	NA	NA
NC_045512.2	12085	C	G	5398	4970	45	1	1	40	0.000185219	5399	0.500046	FALSE	NA	NA	NA	NA	NA	NA
NC_045512.2	12086	T	G	5347	4922	45	4	4	32	0.000747384	5352	0.746186	FALSE	NA	NA	NA	NA	NA	NA
NC_045512.2	12086	T	C	5347	4922	45	1	1	40	0.000186846	5352	0.49986	FALSE	NA	NA	NA	NA	NA	NA
NC_045512.2	12087	T	G	5282	4857	43	2	2	24	0.000378501	5284	1	FALSE	NA	NA	NA	NA	NA	NA
NC_045512.2	12088	A	G	5347	4952	45	1	0	80	0.000186986	5348	0.500047	FALSE	NA	NA	NA	NA	NA	NA
NC_045512.2	12090	A	G	5337	4951	45	1	0	36	0.000187336	5338	0.984406	FALSE	NA	NA	NA	NA	NA	NA
NC_045512.2	12091	A	G	5343	4954	45	1	1	24	0.000187126	5344	1	FALSE	NA	NA	NA	NA	NA	NA
NC_045512.2	12092	G	A	5315	4928	45	1	1	40	0.000188111	5316	0.500047	FALSE	NA	NA	NA	NA	NA	NA
NC_045512.2	12094	T	G	5049	4716	44	2	2	32	0.000395961	5051	0.937597	FALSE	NA	NA	NA	NA	NA	NA
NC_045512.2	12097	A	G	5069	4738	44	2	2	32	0.0003944	5071	0.937597	FALSE	NA	NA	NA	NA	NA	NA
NC_045512.2	12098	G	A	5078	4750	44	1	1	40	0.000196889	5079	0.500049	FALSE	NA	NA	NA	NA	NA	NA
NC_045512.2	12102	C	T	4704	4443	42	1	1	24	0.000212404	4708	1	FALSE	NA	NA	NA	NA	NA	NA
NC_045512.2	12102	C	G	4704	4443	42	1	1	40	0.000212404	4708	0.499894	FALSE	NA	NA	NA	NA	NA	NA
NC_045512.2	12102	C	A	4704	4443	42	2	0	32	0.000424809	4708	0.89065	FALSE	NA	NA	NA	NA	NA	NA
NC_045512.2	12103	A	G	4717	4424	44	2	2	32	0.000423729	4720	0.8907	FALSE	NA	NA	NA	NA	NA	NA
NC_045512.2	12103	A	C	4717	4424	44	1	1	40	0.000211864	4720	0.499947	FALSE	NA	NA	NA	NA	NA	NA
NC_045512.2	12105	A	C	4726	4447	43	1	1	40	0.000211551	4727	0.500053	FALSE	NA	NA	NA	NA	NA	NA
NC_045512.2	12108	T	C	4576	4301	43	1	1	40	0.000218484	4577	0.500055	FALSE	NA	NA	NA	NA	NA	NA
NC_045512.2	12110	A	G	4592	4320	43	1	1	24	0.000217723	4593	1	FALSE	NA	NA	NA	NA	NA	NA
NC_045512.2	12112	T	C	4544	4292	43	2	2	40	0.000439947	4546	0.250027	FALSE	NA	NA	NA	NA	NA	NA
NC_045512.2	12113	T	G	4495	4245	43	3	3	24	0.000666815	4499	1	FALSE	NA	NA	NA	NA	NA	NA
NC_045512.2	12113	T	C	4495	4245	43	1	1	40	0.000222272	4499	0.499889	FALSE	NA	NA	NA	NA	NA	NA
NC_045512.2	12114	C	T	4512	4264	43	1	1	40	0.000221582	4513	0.500055	FALSE	NA	NA	NA	NA	NA	NA
NC_045512.2	12122	T	C	3732	3551	42	1	1	40	0.000267881	3733	0.500067	FALSE	NA	NA	NA	NA	NA	NA
NC_045512.2	12124	A	G	3704	3534	42	1	1	40	0.000269906	3705	0.500067	FALSE	NA	NA	NA	NA	NA	NA
NC_045512.2	12127	T	G	3622	3476	42	2	2	32	0.000551876	3624	0.812673	FALSE	NA	NA	NA	NA	NA	NA
NC_045512.2	12128	G	T	3574	3433	42	2	2	24	0.000559284	3576	1	FALSE	NA	NA	NA	NA	NA	NA
NC_045512.2	12130	A	G	3361	3237	42	1	1	24	0.000297442	3362	1	FALSE	NA	NA	NA	NA	NA	NA
NC_045512.2	12132	C	T	3310	3187	42	1	1	40	0.000302024	3311	0.500076	FALSE	NA	NA	NA	NA	NA	NA
NC_045512.2	12133	T	G	3235	3113	42	1	1	24	0.000309023	3236	1	FALSE	NA	NA	NA	NA	NA	NA
NC_045512.2	12134	T	C	3211	3088	42	1	1	40	0.000311333	3212	0.500078	FALSE	NA	NA	NA	NA	NA	NA
NC_045512.2	12136	T	C	3187	3066	42	1	0	80	0.000313676	3188	0.500078	FALSE	NA	NA	NA	NA	NA	NA
NC_045512.2	12137	G	A	3202	3081	42	2	2	40	0.00062422	3204	0.250039	FALSE	NA	NA	NA	NA	NA	NA
NC_045512.2	12139	T	G	3175	3054	42	1	1	24	0.000314762	3177	1	FALSE	NA	NA	NA	NA	NA	NA
NC_045512.2	12139	T	C	3175	3054	42	1	1	40	0.000314762	3177	0.5	FALSE	NA	NA	NA	NA	NA	NA
NC_045512.2	12141	C	T	9377	3242	39	1	0	40	0.000106633	9378	0.500027	FALSE	NA	NA	NA	NA	NA	NA
NC_045512.2	12142	T	G	9023	2836	40	4	2	28	0.000442233	9045	1	FALSE	NA	NA	NA	NA	NA	NA
NC_045512.2	12142	T	C	9023	2836	40	18	17	40	0.00199005	9045	3.77124e-06	TRUE	NA	NA	NA	NA	NA	NA
NC_045512.2	12143	G	A	9759	2858	40	2	0	32	0.000204897	9761	0.994154	FALSE	NA	NA	NA	NA	NA	NA
NC_045512.2	12144	C	A	9807	2846	40	3	0	34	0.00030581	9810	0.98075	FALSE	NA	NA	NA	NA	NA	NA
NC_045512.2	12145	T	G	9836	2840	41	1	0	24	0.000101626	9840	1	FALSE	NA	NA	NA	NA	NA	NA
NC_045512.2	12145	T	C	9836	2840	41	3	0	34	0.000304878	9840	0.980742	FALSE	NA	NA	NA	NA	NA	NA
NC_045512.2	12146	C	G	10037	2849	40	1	0	40	9.96214e-05	10038	0.750037	FALSE	NA	NA	NA	NA	NA	NA
NC_045512.2	12147	A	G	9976	2828	40	1	0	40	0.000100231	9977	0.500025	FALSE	NA	NA	NA	NA	NA	NA
NC_045512.2	12148	A	G	9998	2807	40	3	3	29	0.00029997	10001	1	FALSE	NA	NA	NA	NA	NA	NA
NC_045512.2	12149	G	T	9950	2726	40	2	2	24	0.000200965	9952	1	FALSE	NA	NA	NA	NA	NA	NA
NC_045512.2	12150	A	G	10047	2831	40	1	1	40	9.95124e-05	10049	0.750012	FALSE	NA	NA	NA	NA	NA	NA
NC_045512.2	12150	A	C	10047	2831	40	1	0	40	9.95124e-05	10049	0.750012	FALSE	NA	NA	NA	NA	NA	NA
NC_045512.2	12151	A	C	10118	2805	40	1	0	40	9.8824e-05	10119	0.750037	FALSE	NA	NA	NA	NA	NA	NA
NC_045512.2	12153	C	T	12145	2738	41	1	0	40	8.23249e-05	12147	0.75001	FALSE	NA	NA	NA	NA	NA	NA
NC_045512.2	12153	C	A	12145	2738	41	1	0	32	8.23249e-05	12147	0.999878	FALSE	NA	NA	NA	NA	NA	NA
NC_045512.2	12154	T	C	12134	2739	41	5	0	30	0.000411896	12139	0.975528	FALSE	NA	NA	NA	NA	NA	NA
NC_045512.2	12155	T	C	12116	2687	41	1	1	24	8.25287e-05	12117	1	FALSE	NA	NA	NA	NA	NA	NA
NC_045512.2	12156	A	G	12034	2720	41	1	0	40	8.30565e-05	12040	0.749927	FALSE	NA	NA	NA	NA	NA	NA
NC_045512.2	12156	A	C	12034	2720	41	5	0	27	0.000415282	12040	1	FALSE	NA	NA	NA	NA	NA	NA
NC_045512.2	12157	T	G	12208	2705	41	1	1	24	8.19068e-05	12209	1	FALSE	NA	NA	NA	NA	NA	NA
NC_045512.2	12158	G	T	12467	2738	41	2	1	32	0.000160398	12469	0.999087	FALSE	NA	NA	NA	NA	NA	NA
NC_045512.2	12159	A	C	10260	691	42	6	0	29	0.000584454	10266	1	FALSE	NA	NA	NA	NA	NA	NA
NC_045512.2	12160	G	A	10307	692	42	1	0	24	9.7012e-05	10308	1	FALSE	NA	NA	NA	NA	NA	NA
NC_045512.2	12162	A	G	10290	696	42	1	0	24	9.71534e-05	10293	1	FALSE	NA	NA	NA	NA	NA	NA
NC_045512.2	12162	A	C	10290	696	42	2	0	32	0.000194307	10293	0.996833	FALSE	NA	NA	NA	NA	NA	NA
NC_045512.2	12163	G	C	11161	723	42	4	0	32	0.000358262	11165	0.982459	FALSE	NA	NA	NA	NA	NA	NA
NC_045512.2	12164	G	C	11180	733	42	1	0	40	8.94294e-05	11182	0.750011	FALSE	NA	NA	NA	NA	NA	NA
NC_045512.2	12164	G	A	11180	733	42	1	0	40	8.94294e-05	11182	0.750011	FALSE	NA	NA	NA	NA	NA	NA
NC_045512.2	12165	C	T	11267	738	41	1	0	24	8.87233e-05	11271	1	FALSE	NA	NA	NA	NA	NA	NA
NC_045512.2	12165	C	G	11267	738	41	2	0	40	0.000177447	11271	0.499967	FALSE	NA	NA	NA	NA	NA	NA
NC_045512.2	12165	C	A	11267	738	41	1	0	24	8.87233e-05	11271	1	FALSE	NA	NA	NA	NA	NA	NA
NC_045512.2	12166	T	C	11357	788	42	3	0	24	0.000264085	11360	1	FALSE	NA	NA	NA	NA	NA	NA
NC_045512.2	12168	T	C	11666	924	43	1	0	40	8.57118e-05	11667	0.750032	FALSE	NA	NA	NA	NA	NA	NA
NC_045512.2	12169	T	C	12297	946	43	28	1	43	0.00227181	12325	5.5147e-08	TRUE	NA	NA	NA	NA	NA	NA
NC_045512.2	12170	G	T	12638	957	43	1	0	24	7.91202e-05	12639	1	FALSE	NA	NA	NA	NA	NA	NA
NC_045512.2	12171	C	T	12685	994	43	1	0	80	7.88146e-05	12688	0.49998	FALSE	NA	NA	NA	NA	NA	NA
NC_045512.2	12171	C	G	12685	994	43	1	0	40	7.88146e-05	12688	0.74999	FALSE	NA	NA	NA	NA	NA	NA
NC_045512.2	12171	C	A	12685	994	43	1	0	40	7.88146e-05	12688	0.74999	FALSE	NA	NA	NA	NA	NA	NA
NC_045512.2	12172	T	C	12673	992	43	4	0	36	0.000315532	12677	0.989389	FALSE	NA	NA	NA	NA	NA	NA
NC_045512.2	12173	A	G	12656	1019	43	2	1	60	0.00015799	12659	0.24999	FALSE	NA	NA	NA	NA	NA	NA
NC_045512.2	12173	A	C	12656	1019	43	1	0	40	7.89952e-05	12659	0.74999	FALSE	NA	NA	NA	NA	NA	NA
NC_045512.2	12174	A	C	12652	1017	43	2	0	24	0.000158053	12654	1	FALSE	NA	NA	NA	NA	NA	NA
NC_045512.2	12175	T	C	12877	1037	43	1	0	40	7.76518e-05	12878	0.750029	FALSE	NA	NA	NA	NA	NA	NA
NC_045512.2	12176	G	C	12878	1037	43	4	0	36	0.000310511	12882	0.989388	FALSE	NA	NA	NA	NA	NA	NA
NC_045512.2	12178	T	C	12940	1094	44	3	0	34	0.000231786	12943	0.996317	FALSE	NA	NA	NA	NA	NA	NA
NC_045512.2	12179	G	A	12937	1101	44	1	0	24	7.72917e-05	12938	1	FALSE	NA	NA	NA	NA	NA	NA
NC_045512.2	12180	A	G	13169	1154	44	3	0	45	0.000227669	13177	0.312372	FALSE	NA	NA	NA	NA	NA	NA
NC_045512.2	12180	A	C	13169	1154	44	5	0	30	0.000379449	13177	0.984574	FALSE	NA	NA	NA	NA	NA	NA
NC_045512.2	12181	T	C	13546	1168	44	1	0	40	7.38171e-05	13547	0.750028	FALSE	NA	NA	NA	NA	NA	NA
NC_045512.2	12182	T	G	13527	1167	44	3	0	40	0.000221664	13534	0.312403	FALSE	NA	NA	NA	NA	NA	NA
NC_045512.2	12182	T	C	13527	1167	44	3	0	34	0.000221664	13534	0.997912	FALSE	NA	NA	NA	NA	NA	NA
NC_045512.2	12182	T	A	13527	1167	44	1	0	40	7.3888e-05	13534	0.749917	FALSE	NA	NA	NA	NA	NA	NA
NC_045512.2	12183	C	G	13647	1189	44	1	0	24	7.32708e-05	13648	1	FALSE	NA	NA	NA	NA	NA	NA
NC_045512.2	12184	T	C	13672	1184	44	5	0	36	0.000365551	13678	0.984585	FALSE	NA	NA	NA	NA	NA	NA
NC_045512.2	12184	T	A	13672	1184	44	1	0	40	7.31101e-05	13678	0.749936	FALSE	NA	NA	NA	NA	NA	NA
NC_045512.2	12186	A	G	13659	1201	44	2	0	32	0.000146402	13661	0.999513	FALSE	NA	NA	NA	NA	NA	NA
NC_045512.2	12187	A	C	13678	1197	44	2	0	32	0.000146199	13680	0.999513	FALSE	NA	NA	NA	NA	NA	NA
NC_045512.2	12189	T	C	13762	1222	44	4	0	36	0.000290571	13766	0.993653	FALSE	NA	NA	NA	NA	NA	NA
NC_045512.2	12190	T	C	13754	1224	44	1	0	80	7.27008e-05	13755	0.500018	FALSE	NA	NA	NA	NA	NA	NA
NC_045512.2	12192	T	C	13816	1227	44	1	0	40	7.23746e-05	13817	0.750027	FALSE	NA	NA	NA	NA	NA	NA
NC_045512.2	12193	T	G	13822	1268	44	1	0	40	7.23327e-05	13825	0.749991	FALSE	NA	NA	NA	NA	NA	NA
NC_045512.2	12193	T	C	13822	1268	44	2	0	52	0.000144665	13825	0.249991	FALSE	NA	NA	NA	NA	NA	NA
NC_045512.2	12194	C	T	13907	1277	45	1	0	40	7.18959e-05	13909	0.750009	FALSE	NA	NA	NA	NA	NA	NA
NC_045512.2	12194	C	A	13907	1277	45	1	0	40	7.18959e-05	13909	0.750009	FALSE	NA	NA	NA	NA	NA	NA
NC_045512.2	12195	T	C	13884	1324	45	1	0	40	7.20202e-05	13885	0.750027	FALSE	NA	NA	NA	NA	NA	NA
NC_045512.2	12196	T	C	13868	1344	45	2	0	40	0.000144196	13870	0.500027	FALSE	NA	NA	NA	NA	NA	NA
NC_045512.2	12197	A	G	13720	1364	44	1	0	40	7.28597e-05	13725	0.749954	FALSE	NA	NA	NA	NA	NA	NA
NC_045512.2	12197	A	C	13720	1364	44	4	0	24	0.000291439	13725	1	FALSE	NA	NA	NA	NA	NA	NA
NC_045512.2	12198	A	G	13786	1408	45	1	0	40	7.25163e-05	13790	0.749973	FALSE	NA	NA	NA	NA	NA	NA
NC_045512.2	12198	A	C	13786	1408	45	3	0	24	0.000217549	13790	1	FALSE	NA	NA	NA	NA	NA	NA
NC_045512.2	12199	A	T	13811	1410	45	1	0	40	7.23798e-05	13816	0.749955	FALSE	NA	NA	NA	NA	NA	NA
NC_045512.2	12199	A	G	13811	1410	45	2	0	32	0.00014476	13816	0.999513	FALSE	NA	NA	NA	NA	NA	NA
NC_045512.2	12199	A	C	13811	1410	45	2	0	24	0.00014476	13816	1	FALSE	NA	NA	NA	NA	NA	NA
NC_045512.2	12201	A	G	13919	1414	45	1	0	40	7.18288e-05	13922	0.749991	FALSE	NA	NA	NA	NA	NA	NA
NC_045512.2	12201	A	C	13919	1414	45	2	0	32	0.000143658	13922	0.999513	FALSE	NA	NA	NA	NA	NA	NA
NC_045512.2	12204	T	G	14066	1603	46	1	0	40	7.10884e-05	14067	0.750027	FALSE	NA	NA	NA	NA	NA	NA
NC_045512.2	12205	G	T	14101	1529	44	2	1	52	0.000141804	14104	0.249991	FALSE	NA	NA	NA	NA	NA	NA
NC_045512.2	12205	G	C	14101	1529	44	1	0	40	7.09019e-05	14104	0.749991	FALSE	NA	NA	NA	NA	NA	NA
NC_045512.2	12206	A	C	14093	1664	46	2	0	32	0.000141894	14095	0.999742	FALSE	NA	NA	NA	NA	NA	NA
NC_045512.2	12207	A	G	14081	1664	46	3	0	40	0.000212977	14086	0.31246	FALSE	NA	NA	NA	NA	NA	NA
NC_045512.2	12207	A	C	14081	1664	46	2	0	24	0.000141985	14086	1	FALSE	NA	NA	NA	NA	NA	NA
NC_045512.2	12208	G	C	14143	1651	46	1	1	80	7.06914e-05	14146	0.499982	FALSE	NA	NA	NA	NA	NA	NA
NC_045512.2	12208	G	A	14143	1651	46	2	0	24	0.000141383	14146	1	FALSE	NA	NA	NA	NA	NA	NA
NC_045512.2	12209	A	T	14104	1711	47	1	0	52	7.08868e-05	14107	0.499982	FALSE	NA	NA	NA	NA	NA	NA
NC_045512.2	12209	A	G	14104	1711	47	2	0	40	0.000141774	14107	0.5	FALSE	NA	NA	NA	NA	NA	NA
NC_045512.2	12210	A	G	14135	1711	47	1	1	36	7.07364e-05	14137	0.99997	FALSE	NA	NA	NA	NA	NA	NA
NC_045512.2	12210	A	C	14135	1711	47	1	0	24	7.07364e-05	14137	1	FALSE	NA	NA	NA	NA	NA	NA
NC_045512.2	12216	T	C	15247	1868	47	2	0	32	0.000131156	15249	0.999863	FALSE	NA	NA	NA	NA	NA	NA
NC_045512.2	12218	A	C	15212	1935	47	2	0	32	0.000131458	15214	0.999863	FALSE	NA	NA	NA	NA	NA	NA
NC_045512.2	12219	A	G	15251	2034	48	2	0	40	0.000131113	15254	0.5	FALSE	NA	NA	NA	NA	NA	NA
NC_045512.2	12219	A	C	15251	2034	48	1	0	32	6.55566e-05	15254	0.999985	FALSE	NA	NA	NA	NA	NA	NA
NC_045512.2	12220	T	C	15324	2030	48	3	0	53	0.000195733	15327	0.125	FALSE	NA	NA	NA	NA	NA	NA
NC_045512.2	12221	G	A	15312	2035	48	2	1	80	0.000130599	15314	0.250008	FALSE	NA	NA	NA	NA	NA	NA
NC_045512.2	12222	T	C	15320	2063	48	1	0	24	6.52699e-05	15321	1	FALSE	NA	NA	NA	NA	NA	NA
NC_045512.2	12223	G	T	15538	2071	47	4	3	28	0.000257367	15542	1	FALSE	NA	NA	NA	NA	NA	NA
NC_045512.2	12224	G	T	15542	2087	48	1	0	24	6.43294e-05	15545	1	FALSE	NA	NA	NA	NA	NA	NA
NC_045512.2	12224	G	C	15542	2087	48	1	0	32	6.43294e-05	15545	0.999985	FALSE	NA	NA	NA	NA	NA	NA
NC_045512.2	12224	G	A	15542	2087	48	1	0	24	6.43294e-05	15545	1	FALSE	NA	NA	NA	NA	NA	NA
NC_045512.2	12225	C	A	15556	2162	48	1	0	24	6.42797e-05	15557	1	FALSE	NA	NA	NA	NA	NA	NA
NC_045512.2	12226	T	C	15558	2159	48	5	1	36	0.000321275	15563	0.994106	FALSE	NA	NA	NA	NA	NA	NA
NC_045512.2	12227	A	C	15520	2177	48	1	0	24	6.44288e-05	15521	1	FALSE	NA	NA	NA	NA	NA	NA
NC_045512.2	12228	A	C	15561	2183	48	2	0	24	0.00012851	15563	1	FALSE	NA	NA	NA	NA	NA	NA
NC_045512.2	12229	A	G	15760	2225	48	2	0	40	0.000126887	15762	0.500024	FALSE	NA	NA	NA	NA	NA	NA
NC_045512.2	12230	T	G	15813	2228	49	2	0	32	0.000126462	15815	0.999863	FALSE	NA	NA	NA	NA	NA	NA
NC_045512.2	12232	T	C	15834	2287	49	1	0	40	6.31512e-05	15835	0.750024	FALSE	NA	NA	NA	NA	NA	NA
NC_045512.2	12233	G	T	16012	2303	49	1	0	40	6.24415e-05	16015	0.749992	FALSE	NA	NA	NA	NA	NA	NA
NC_045512.2	12233	G	A	16012	2303	49	2	0	32	0.000124883	16015	0.999928	FALSE	NA	NA	NA	NA	NA	NA
NC_045512.2	12234	A	G	15916	2304	48	3	0	34	0.000188383	15925	0.999344	FALSE	NA	NA	NA	NA	NA	NA
NC_045512.2	12234	A	C	15916	2304	48	6	0	29	0.000376766	15925	1	FALSE	NA	NA	NA	NA	NA	NA
NC_045512.2	12235	A	C	15988	2307	49	1	0	24	6.2543e-05	15989	1	FALSE	NA	NA	NA	NA	NA	NA
NC_045512.2	12236	T	C	16042	2307	49	2	0	32	0.000124657	16044	0.999928	FALSE	NA	NA	NA	NA	NA	NA
NC_045512.2	12237	T	G	16054	2303	49	1	1	24	6.22859e-05	16055	1	FALSE	NA	NA	NA	NA	NA	NA
NC_045512.2	12238	T	C	16057	2329	49	4	0	32	0.000249035	16062	0.998715	FALSE	NA	NA	NA	NA	NA	NA
NC_045512.2	12238	T	A	16057	2329	49	1	1	80	6.22587e-05	16062	0.499953	FALSE	NA	NA	NA	NA	NA	NA
NC_045512.2	12239	G	A	16051	2329	49	1	0	24	6.22975e-05	16052	1	FALSE	NA	NA	NA	NA	NA	NA
NC_045512.2	12240	A	C	15948	2366	48	4	0	32	0.000250752	15952	0.997794	FALSE	NA	NA	NA	NA	NA	NA
NC_045512.2	12241	C	T	16018	2409	48	2	0	60	0.000124836	16021	0.249992	FALSE	NA	NA	NA	NA	NA	NA
NC_045512.2	12241	C	G	16018	2409	48	1	1	40	6.24181e-05	16021	0.749992	FALSE	NA	NA	NA	NA	NA	NA
NC_045512.2	12242	C	T	16104	2389	49	2	1	52	0.00012417	16107	0.249992	FALSE	NA	NA	NA	NA	NA	NA
NC_045512.2	12242	C	G	16104	2389	49	1	0	40	6.20848e-05	16107	0.749992	FALSE	NA	NA	NA	NA	NA	NA
NC_045512.2	12244	T	C	16350	2486	50	1	0	24	6.11583e-05	16351	1	FALSE	NA	NA	NA	NA	NA	NA
NC_045512.2	12245	G	T	16387	2488	50	2	1	80	0.000122033	16389	0.250008	FALSE	NA	NA	NA	NA	NA	NA
NC_045512.2	12246	A	T	16408	2542	50	1	0	40	6.09273e-05	16413	0.749962	FALSE	NA	NA	NA	NA	NA	NA
NC_045512.2	12246	A	G	16408	2542	50	1	0	40	6.09273e-05	16413	0.749962	FALSE	NA	NA	NA	NA	NA	NA
NC_045512.2	12246	A	C	16408	2542	50	3	0	29	0.000182782	16413	1	FALSE	NA	NA	NA	NA	NA	NA
NC_045512.2	12248	G	C	16453	2539	50	1	1	32	6.07755e-05	16454	0.999992	FALSE	NA	NA	NA	NA	NA	NA
NC_045512.2	12249	C	T	16597	2654	50	1	0	40	6.02482e-05	16598	0.750023	FALSE	NA	NA	NA	NA	NA	NA
NC_045512.2	12250	A	G	16507	2647	50	3	0	53	0.000181653	16515	0.124943	FALSE	NA	NA	NA	NA	NA	NA
NC_045512.2	12250	A	C	16507	2647	50	5	0	27	0.000302755	16515	1	FALSE	NA	NA	NA	NA	NA	NA
NC_045512.2	12251	G	T	16911	2666	50	2	0	40	0.000118238	16915	0.499978	FALSE	NA	NA	NA	NA	NA	NA
NC_045512.2	12251	G	A	16911	2666	50	2	1	60	0.000118238	16915	0.249978	FALSE	NA	NA	NA	NA	NA	NA
NC_045512.2	12253	C	A	16539	2689	49	14	1	34	0.000845768	16553	0.707811	FALSE	NA	NA	NA	NA	NA	NA
NC_045512.2	12254	A	G	16850	2726	51	1	1	40	5.93401e-05	16852	0.750007	FALSE	NA	NA	NA	NA	NA	NA
NC_045512.2	12254	A	C	16850	2726	51	1	0	40	5.93401e-05	16852	0.750007	FALSE	NA	NA	NA	NA	NA	NA
NC_045512.2	12255	T	C	16891	2706	51	2	0	32	0.000118392	16893	0.999928	FALSE	NA	NA	NA	NA	NA	NA
NC_045512.2	12256	G	-CA	16933	2719	51	2	0	20	0.000118113	16933	1	FALSE	NA	NA	NA	NA	NA	NA
NC_045512.2	12257	C	T	16981	2838	51	1	1	80	5.88824e-05	16983	0.499985	FALSE	NA	NA	NA	NA	NA	NA
NC_045512.2	12257	C	G	16981	2838	51	1	0	32	5.88824e-05	16983	0.999992	FALSE	NA	NA	NA	NA	NA	NA
NC_045512.2	12257	C	-AA	16981	2838	51	6	0	20	0.000353274	16984	1	FALSE	NA	NA	NA	NA	NA	NA
NC_045512.2	12258	A	G	16898	2916	52	1	0	40	5.91716e-05	16900	0.749978	FALSE	NA	NA	NA	NA	NA	NA
NC_045512.2	12258	A	C	16898	2916	52	1	0	24	5.91716e-05	16900	1	FALSE	NA	NA	NA	NA	NA	NA
NC_045512.2	12258	A	-AC	16898	2916	52	5664	0	20	0.335108	16902	0	TRUE	NA	NA	NA	NA	NA	NA
NC_045512.2	12259	A	G	11206	2016	52	51	25	48	0.00453011	11258	1.39462e-19	TRUE	NA	NA	NA	NA	NA	NA
NC_045512.2	12259	A	C	11206	2016	52	1	0	24	8.88257e-05	11258	1	FALSE	NA	NA	NA	NA	NA	NA
NC_045512.2	12260	C	G	10966	1968	51	1	0	24	9.1083e-05	10979	1	FALSE	NA	NA	NA	NA	NA	NA
NC_045512.2	12260	C	A	10966	1968	51	12	1	30	0.001093	10979	0.437773	FALSE	NA	NA	NA	NA	NA	NA
NC_045512.2	12262	T	C	16871	2893	52	3	1	37	0.000177788	16874	0.999637	FALSE	NA	NA	NA	NA	NA	NA
NC_045512.2	12263	A	C	16807	2925	52	1	0	24	5.94955e-05	16808	1	FALSE	NA	NA	NA	NA	NA	NA
NC_045512.2	12264	A	G	16774	2923	52	1	0	24	5.96054e-05	16777	1	FALSE	NA	NA	NA	NA	NA	NA
NC_045512.2	12264	A	C	16774	2923	52	2	0	24	0.000119211	16777	1	FALSE	NA	NA	NA	NA	NA	NA
NC_045512.2	12266	T	G	16837	3153	53	3	0	37	0.000178137	16841	0.999637	FALSE	NA	NA	NA	NA	NA	NA
NC_045512.2	12266	T	C	16837	3153	53	1	0	24	5.93789e-05	16841	1	FALSE	NA	NA	NA	NA	NA	NA
NC_045512.2	12267	T	C	16846	3156	53	2	0	32	0.000118708	16848	0.999928	FALSE	NA	NA	NA	NA	NA	NA
NC_045512.2	12270	A	G	16759	3191	53	1	0	40	5.96588e-05	16762	0.749993	FALSE	NA	NA	NA	NA	NA	NA
NC_045512.2	12270	A	C	16759	3191	53	2	0	32	0.000119318	16762	0.999928	FALSE	NA	NA	NA	NA	NA	NA
NC_045512.2	12271	A	G	16777	3197	53	2	1	32	0.000119168	16783	0.999928	FALSE	NA	NA	NA	NA	NA	NA
NC_045512.2	12271	A	C	16777	3197	53	4	0	28	0.000238336	16783	1	FALSE	NA	NA	NA	NA	NA	NA
NC_045512.2	12272	A	G	16105	3481	53	3	2	33	0.000186231	16109	0.999637	FALSE	NA	NA	NA	NA	NA	NA
NC_045512.2	12272	A	C	16105	3481	53	1	0	24	6.20771e-05	16109	1	FALSE	NA	NA	NA	NA	NA	NA
NC_045512.2	12273	A	C	16103	3493	53	2	0	24	0.000124185	16105	1	FALSE	NA	NA	NA	NA	NA	NA
NC_045512.2	12277	G	T	15154	4220	52	2	1	32	0.000131952	15157	0.999863	FALSE	NA	NA	NA	NA	NA	NA
NC_045512.2	12277	G	A	15154	4220	52	1	0	40	6.59761e-05	15157	0.749992	FALSE	NA	NA	NA	NA	NA	NA
NC_045512.2	12278	G	A	15132	4242	52	1	0	24	6.60808e-05	15133	1	FALSE	NA	NA	NA	NA	NA	NA
NC_045512.2	12280	T	C	14560	4619	51	2	1	60	0.000137344	14562	0.250009	FALSE	NA	NA	NA	NA	NA	NA
NC_045512.2	12281	G	T	14675	4645	51	2	0	32	0.000136249	14679	0.999741	FALSE	NA	NA	NA	NA	NA	NA
NC_045512.2	12281	G	A	14675	4645	51	2	1	40	0.000136249	14679	0.499974	FALSE	NA	NA	NA	NA	NA	NA
NC_045512.2	12282	A	G	14744	4857	51	1	0	40	6.78104e-05	14747	0.749992	FALSE	NA	NA	NA	NA	NA	NA
NC_045512.2	12282	A	C	14744	4857	51	2	0	24	0.000135621	14747	1	FALSE	NA	NA	NA	NA	NA	NA
NC_045512.2	12283	T	C	14739	4836	52	3	0	37	0.0002035	14742	0.998829	FALSE	NA	NA	NA	NA	NA	NA
NC_045512.2	12284	C	G	14412	5068	51	1	0	48	6.93818e-05	14413	0.750026	FALSE	NA	NA	NA	NA	NA	NA
NC_045512.2	12285	A	G	14396	5101	51	1	0	40	6.94493e-05	14399	0.749991	FALSE	NA	NA	NA	NA	NA	NA
NC_045512.2	12285	A	C	14396	5101	51	2	0	32	0.000138899	14399	0.999741	FALSE	NA	NA	NA	NA	NA	NA
NC_045512.2	12286	A	G	14459	5133	51	1	0	24	6.91515e-05	14461	1	FALSE	NA	NA	NA	NA	NA	NA
NC_045512.2	12286	A	C	14459	5133	51	1	0	32	6.91515e-05	14461	0.99997	FALSE	NA	NA	NA	NA	NA	NA
NC_045512.2	12287	G	T	14630	5158	51	1	0	24	6.8348e-05	14631	1	FALSE	NA	NA	NA	NA	NA	NA
NC_045512.2	12289	T	G	14691	5399	51	2	1	80	0.000136101	14695	0.249974	FALSE	NA	NA	NA	NA	NA	NA
NC_045512.2	12289	T	C	14691	5399	51	2	2	60	0.000136101	14695	0.249974	FALSE	NA	NA	NA	NA	NA	NA
NC_045512.2	12290	A	G	14681	5473	52	1	0	40	6.81106e-05	14682	0.750026	FALSE	NA	NA	NA	NA	NA	NA
NC_045512.2	12292	G	A	14622	5469	51	1	1	40	6.83854e-05	14623	0.750026	FALSE	NA	NA	NA	NA	NA	NA
NC_045512.2	12293	A	C	14760	5550	51	1	0	40	6.77461e-05	14761	0.750025	FALSE	NA	NA	NA	NA	NA	NA
NC_045512.2	12294	C	A	14295	5695	49	7	0	24	0.000489442	14302	1	FALSE	NA	NA	NA	NA	NA	NA
NC_045512.2	12295	C	T	14462	5994	51	1	1	40	6.91372e-05	14464	0.750009	FALSE	NA	NA	NA	NA	NA	NA
NC_045512.2	12295	C	A	14462	5994	51	1	0	24	6.91372e-05	14464	1	FALSE	NA	NA	NA	NA	NA	NA
NC_045512.2	12296	C	T	14155	5979	49	1	1	80	7.06414e-05	14156	0.500018	FALSE	NA	NA	NA	NA	NA	NA
NC_045512.2	12297	A	G	14330	6070	51	2	2	60	0.000139538	14333	0.249991	FALSE	NA	NA	NA	NA	NA	NA
NC_045512.2	12297	A	C	14330	6070	51	1	0	24	6.97691e-05	14333	1	FALSE	NA	NA	NA	NA	NA	NA
NC_045512.2	12298	A	T	14305	6060	51	1	1	64	6.98959e-05	14307	0.5	FALSE	NA	NA	NA	NA	NA	NA
NC_045512.2	12298	A	C	14305	6060	51	1	0	24	6.98959e-05	14307	1	FALSE	NA	NA	NA	NA	NA	NA
NC_045512.2	12299	A	G	14295	6094	51	2	2	32	0.00013985	14301	0.999741	FALSE	NA	NA	NA	NA	NA	NA
NC_045512.2	12299	A	C	14295	6094	51	4	0	38	0.000279701	14301	0.996238	FALSE	NA	NA	NA	NA	NA	NA
NC_045512.2	12300	T	G	14660	6273	51	2	2	24	0.000136398	14663	1	FALSE	NA	NA	NA	NA	NA	NA
NC_045512.2	12300	T	C	14660	6273	51	1	0	80	6.81989e-05	14663	0.499983	FALSE	NA	NA	NA	NA	NA	NA
NC_045512.2	12301	G	A	14719	6335	51	1	1	40	6.79348e-05	14720	0.750025	FALSE	NA	NA	NA	NA	NA	NA
NC_045512.2	12302	T	C	14811	6691	52	1	0	40	6.75128e-05	14812	0.750025	FALSE	NA	NA	NA	NA	NA	NA
NC_045512.2	12304	T	G	14252	7221	51	3	3	24	0.000210438	14256	1	FALSE	NA	NA	NA	NA	NA	NA
NC_045512.2	12304	T	C	14252	7221	51	1	1	24	7.01459e-05	14256	1	FALSE	NA	NA	NA	NA	NA	NA
NC_045512.2	12305	A	G	14284	7580	51	1	0	80	6.99986e-05	14286	0.5	FALSE	NA	NA	NA	NA	NA	NA
NC_045512.2	12305	A	C	14284	7580	51	1	1	32	6.99986e-05	14286	0.99997	FALSE	NA	NA	NA	NA	NA	NA
NC_045512.2	12306	A	G	14123	7687	50	1	0	24	7.07965e-05	14125	1	FALSE	NA	NA	NA	NA	NA	NA
NC_045512.2	12306	A	C	14123	7687	50	1	0	40	7.07965e-05	14125	0.750009	FALSE	NA	NA	NA	NA	NA	NA
NC_045512.2	12307	A	G	14079	7659	50	3	2	50	0.000213008	14084	0.124973	FALSE	NA	NA	NA	NA	NA	NA
NC_045512.2	12307	A	C	14079	7659	50	2	1	28	0.000142005	14084	1	FALSE	NA	NA	NA	NA	NA	NA
NC_045512.2	12308	C	T	14033	7718	50	1	1	40	7.12555e-05	14034	0.750027	FALSE	NA	NA	NA	NA	NA	NA
NC_045512.2	12309	A	G	13758	7490	50	2	2	32	0.000145338	13761	0.999513	FALSE	NA	NA	NA	NA	NA	NA
NC_045512.2	12309	A	C	13758	7490	50	1	0	24	7.26691e-05	13761	1	FALSE	NA	NA	NA	NA	NA	NA
NC_045512.2	12310	G	T	13852	7294	49	11	10	30	0.000793422	13864	0.72946	FALSE	NA	NA	NA	NA	NA	NA
NC_045512.2	12310	G	C	13852	7294	49	1	1	32	7.21293e-05	13864	0.999939	FALSE	NA	NA	NA	NA	NA	NA
NC_045512.2	12312	C	G	14269	8346	50	3	3	48	0.000210202	14272	0.312513	FALSE	NA	NA	NA	NA	NA	NA
NC_045512.2	12313	T	G	14211	8291	50	1	1	24	7.03532e-05	14214	1	FALSE	NA	NA	NA	NA	NA	NA
NC_045512.2	12313	T	C	14211	8291	50	2	2	40	0.000140706	14214	0.5	FALSE	NA	NA	NA	NA	NA	NA
NC_045512.2	12314	A	G	14256	8361	50	3	1	46	0.000210393	14259	0.312513	FALSE	NA	NA	NA	NA	NA	NA
NC_045512.2	12316	A	G	14283	8624	50	1	0	64	7.00035e-05	14285	0.5	FALSE	NA	NA	NA	NA	NA	NA
NC_045512.2	12316	A	C	14283	8624	50	1	0	24	7.00035e-05	14285	1	FALSE	NA	NA	NA	NA	NA	NA
NC_045512.2	12317	T	G	14288	8603	50	2	2	24	0.000139938	14292	1	FALSE	NA	NA	NA	NA	NA	NA
NC_045512.2	12317	T	C	14288	8603	50	2	2	36	0.000139938	14292	0.999741	FALSE	NA	NA	NA	NA	NA	NA
NC_045512.2	12318	C	T	13943	8931	49	1	1	40	7.17103e-05	13945	0.750009	FALSE	NA	NA	NA	NA	NA	NA
NC_045512.2	12318	C	G	13943	8931	49	1	0	24	7.17103e-05	13945	1	FALSE	NA	NA	NA	NA	NA	NA
NC_045512.2	12319	T	G	13461	8497	49	3	3	24	0.000222783	13466	1	FALSE	NA	NA	NA	NA	NA	NA
NC_045512.2	12319	T	C	13461	8497	49	2	1	60	0.000148522	13466	0.249954	FALSE	NA	NA	NA	NA	NA	NA
NC_045512.2	12320	G	T	13560	8545	49	1	1	24	7.37409e-05	13561	1	FALSE	NA	NA	NA	NA	NA	NA
NC_045512.2	12321	A	G	13587	8597	49	3	0	34	0.000220734	13591	0.997915	FALSE	NA	NA	NA	NA	NA	NA
NC_045512.2	12321	A	C	13587	8597	49	1	0	40	7.35781e-05	13591	0.749972	FALSE	NA	NA	NA	NA	NA	NA
NC_045512.2	12322	G	A	13576	8676	49	2	0	24	0.000147297	13578	1	FALSE	NA	NA	NA	NA	NA	NA
NC_045512.2	12324	A	G	13437	8672	49	2	1	60	0.000148821	13439	0.250009	FALSE	NA	NA	NA	NA	NA	NA
NC_045512.2	12326	A	G	13410	8726	48	2	2	32	0.000149109	13413	0.999513	FALSE	NA	NA	NA	NA	NA	NA
NC_045512.2	12326	A	C	13410	8726	48	1	0	24	7.45545e-05	13413	1	FALSE	NA	NA	NA	NA	NA	NA
NC_045512.2	12327	A	G	13400	8718	48	1	1	24	7.46213e-05	13401	1	FALSE	NA	NA	NA	NA	NA	NA
NC_045512.2	12329	A	G	13231	8662	48	2	1	40	0.000151126	13234	0.5	FALSE	NA	NA	NA	NA	NA	NA
NC_045512.2	12329	A	C	13231	8662	48	1	0	40	7.55629e-05	13234	0.749991	FALSE	NA	NA	NA	NA	NA	NA
NC_045512.2	12330	G	A	13323	8659	48	1	1	80	7.50525e-05	13324	0.500019	FALSE	NA	NA	NA	NA	NA	NA
NC_045512.2	12331	G	T	13556	9184	48	9	9	25	0.000663423	13566	1	FALSE	NA	NA	NA	NA	NA	NA
NC_045512.2	12331	G	C	13556	9184	48	1	1	40	7.37137e-05	13566	0.749862	FALSE	NA	NA	NA	NA	NA	NA
NC_045512.2	12332	G	T	13695	9459	48	1	1	24	7.29927e-05	13700	1	FALSE	NA	NA	NA	NA	NA	NA
NC_045512.2	12332	G	A	13695	9459	48	4	4	40	0.000291971	13700	0.187477	FALSE	NA	NA	NA	NA	NA	NA
NC_045512.2	12332	G	-C	13695	9459	48	1	0	20	7.29927e-05	13700	1	FALSE	NA	NA	NA	NA	NA	NA
NC_045512.2	12333	C	T	13602	9545	48	1	1	24	7.35132e-05	13603	1	FALSE	NA	NA	NA	NA	NA	NA
NC_045512.2	12334	A	G	13604	9559	48	3	3	53	0.000220459	13608	0.124986	FALSE	NA	NA	NA	NA	NA	NA
NC_045512.2	12334	A	C	13604	9559	48	1	0	24	7.34862e-05	13608	1	FALSE	NA	NA	NA	NA	NA	NA
NC_045512.2	12335	A	G	13638	9582	48	3	2	29	0.000219925	13641	1	FALSE	NA	NA	NA	NA	NA	NA
NC_045512.2	12336	A	G	13634	9610	48	2	1	52	0.000146671	13636	0.250009	FALSE	NA	NA	NA	NA	NA	NA
NC_045512.2	12338	G	-T	13725	9660	48	1	0	20	7.28597e-05	13725	1	FALSE	NA	NA	NA	NA	NA	NA
NC_045512.2	12340	T	C	13932	9924	48	3	2	52	0.000215285	13935	0.125	FALSE	NA	NA	NA	NA	NA	NA
NC_045512.2	12341	A	G	14043	10051	48	1	1	40	7.12048e-05	14044	0.750027	FALSE	NA	NA	NA	NA	NA	NA
NC_045512.2	12344	A	G	14176	10267	48	1	1	40	7.05368e-05	14177	0.750026	FALSE	NA	NA	NA	NA	NA	NA
NC_045512.2	12345	G	T	14329	10308	49	1	1	24	6.97691e-05	14333	1	FALSE	NA	NA	NA	NA	NA	NA
NC_045512.2	12345	G	A	14329	10308	49	3	3	48	0.000209307	14333	0.312487	FALSE	NA	NA	NA	NA	NA	NA
NC_045512.2	12347	G	A	14299	10336	49	1	0	80	6.99301e-05	14300	0.500017	FALSE	NA	NA	NA	NA	NA	NA
NC_045512.2	12348	C	T	14320	10369	49	1	0	40	6.98275e-05	14321	0.750026	FALSE	NA	NA	NA	NA	NA	NA
NC_045512.2	12349	T	G	15128	11583	50	2	2	24	0.000132188	15130	1	FALSE	NA	NA	NA	NA	NA	NA
NC_045512.2	12350	A	G	15248	11684	51	1	1	40	6.55781e-05	15249	0.750025	FALSE	NA	NA	NA	NA	NA	NA
NC_045512.2	12351	T	G	16635	13654	52	3	3	24	0.00018031	16638	1	FALSE	NA	NA	NA	NA	NA	NA
NC_045512.2	12352	G	A	16730	13776	52	2	2	40	0.000119531	16732	0.500022	FALSE	NA	NA	NA	NA	NA	NA
NC_045512.2	12353	C	T	16707	13796	52	2	2	40	0.000119696	16709	0.500022	FALSE	NA	NA	NA	NA	NA	NA
NC_045512.2	12354	A	G	16366	13463	52	1	1	40	6.10986e-05	16367	0.750023	FALSE	NA	NA	NA	NA	NA	NA
NC_045512.2	12355	G	T	16355	13459	52	2	2	24	0.000122264	16358	1	FALSE	NA	NA	NA	NA	NA	NA
NC_045512.2	12355	G	A	16355	13459	52	1	1	40	6.11322e-05	16358	0.749992	FALSE	NA	NA	NA	NA	NA	NA
NC_045512.2	12356	A	T	16371	13558	52	1	1	24	6.1065e-05	16376	1	FALSE	NA	NA	NA	NA	NA	NA
NC_045512.2	12356	A	G	16371	13558	52	3	3	48	0.000183195	16376	0.312466	FALSE	NA	NA	NA	NA	NA	NA
NC_045512.2	12356	A	C	16371	13558	52	1	1	40	6.1065e-05	16376	0.749962	FALSE	NA	NA	NA	NA	NA	NA
NC_045512.2	12358	A	G	16344	13550	52	3	2	37	0.00018352	16347	0.999637	FALSE	NA	NA	NA	NA	NA	NA
NC_045512.2	12360	T	G	16178	13381	52	2	2	32	0.000123602	16181	0.999928	FALSE	NA	NA	NA	NA	NA	NA
NC_045512.2	12360	T	C	16178	13381	52	1	1	40	6.18009e-05	16181	0.749992	FALSE	NA	NA	NA	NA	NA	NA
NC_045512.2	12361	G	T	16286	13436	52	1	1	80	6.13987e-05	16287	0.500015	FALSE	NA	NA	NA	NA	NA	NA
NC_045512.2	12363	T	C	16126	13719	51	3	0	32	0.000186	16129	0.999637	FALSE	NA	NA	NA	NA	NA	NA
NC_045512.2	12364	T	G	16077	13667	51	2	2	24	0.00012437	16081	1	FALSE	NA	NA	NA	NA	NA	NA
NC_045512.2	12364	T	C	16077	13667	51	2	1	56	0.00012437	16081	0.249977	FALSE	NA	NA	NA	NA	NA	NA
NC_045512.2	12365	T	G	16043	13640	50	4	4	28	0.000249268	16047	1	FALSE	NA	NA	NA	NA	NA	NA
NC_045512.2	12366	T	G	16126	13737	50	3	3	29	0.000185966	16132	1	FALSE	NA	NA	NA	NA	NA	NA
NC_045512.2	12366	T	C	16126	13737	50	3	3	53	0.000185966	16132	0.124965	FALSE	NA	NA	NA	NA	NA	NA
NC_045512.2	12367	C	A	16174	13828	49	1	0	24	6.18238e-05	16175	1	FALSE	NA	NA	NA	NA	NA	NA
NC_045512.2	12368	A	G	16120	13749	51	3	3	37	0.000186058	16124	0.999637	FALSE	NA	NA	NA	NA	NA	NA
NC_045512.2	12368	A	C	16120	13749	51	1	1	40	6.20194e-05	16124	0.749977	FALSE	NA	NA	NA	NA	NA	NA
NC_045512.2	12369	C	T	16116	13778	50	2	2	40	0.000124085	16118	0.500023	FALSE	NA	NA	NA	NA	NA	NA
NC_045512.2	12370	T	G	15768	13430	50	2	2	24	0.000126823	15770	1	FALSE	NA	NA	NA	NA	NA	NA
NC_045512.2	12372	T	G	15778	13438	50	1	1	24	6.33754e-05	15779	1	FALSE	NA	NA	NA	NA	NA	NA
NC_045512.2	12375	T	G	15542	13301	50	1	1	24	6.43294e-05	15545	1	FALSE	NA	NA	NA	NA	NA	NA
NC_045512.2	12375	T	C	15542	13301	50	2	2	52	0.000128659	15545	0.249992	FALSE	NA	NA	NA	NA	NA	NA
NC_045512.2	12376	T	G	15444	13200	49	6	6	28	0.00038835	15450	1	FALSE	NA	NA	NA	NA	NA	NA
NC_045512.2	12377	A	G	15640	13406	50	1	1	24	6.39345e-05	15641	1	FALSE	NA	NA	NA	NA	NA	NA
NC_045512.2	12378	G	A	15647	13408	50	1	1	40	6.39059e-05	15648	0.750024	FALSE	NA	NA	NA	NA	NA	NA
NC_045512.2	12379	A	C	15636	13420	50	1	1	24	6.39509e-05	15637	1	FALSE	NA	NA	NA	NA	NA	NA
NC_045512.2	12380	A	G	15570	13415	50	2	2	40	0.000128436	15572	0.500024	FALSE	NA	NA	NA	NA	NA	NA
NC_045512.2	12381	A	G	15556	13410	50	2	1	64	0.000128551	15558	0.250008	FALSE	NA	NA	NA	NA	NA	NA
NC_045512.2	12382	G	T	15374	13262	50	4	4	32	0.000260112	15378	0.997794	FALSE	NA	NA	NA	NA	NA	NA
NC_045512.2	12384	T	G	15295	13237	49	2	2	32	0.000130736	15298	0.999863	FALSE	NA	NA	NA	NA	NA	NA
NC_045512.2	12384	T	C	15295	13237	49	1	1	40	6.5368e-05	15298	0.749992	FALSE	NA	NA	NA	NA	NA	NA
NC_045512.2	12385	G	T	15366	13314	49	1	1	24	6.50703e-05	15368	1	FALSE	NA	NA	NA	NA	NA	NA
NC_045512.2	12385	G	A	15366	13314	49	1	0	80	6.50703e-05	15368	0.5	FALSE	NA	NA	NA	NA	NA	NA
NC_045512.2	12387	A	G	15380	13362	49	4	4	36	0.00026001	15384	0.997794	FALSE	NA	NA	NA	NA	NA	NA
NC_045512.2	12388	T	G	15336	13322	49	1	1	40	6.51975e-05	15338	0.750008	FALSE	NA	NA	NA	NA	NA	NA
NC_045512.2	12388	T	C	15336	13322	49	1	1	40	6.51975e-05	15338	0.750008	FALSE	NA	NA	NA	NA	NA	NA
NC_045512.2	12389	A	T	15333	13324	49	1	1	40	6.52146e-05	15334	0.750024	FALSE	NA	NA	NA	NA	NA	NA
NC_045512.2	12390	A	G	15312	13305	49	1	1	24	6.5304e-05	15313	1	FALSE	NA	NA	NA	NA	NA	NA
NC_045512.2	12391	T	G	15151	13166	49	5	5	27	0.000329902	15156	1	FALSE	NA	NA	NA	NA	NA	NA
NC_045512.2	12392	G	A	15187	13216	49	1	1	40	6.58415e-05	15188	0.750025	FALSE	NA	NA	NA	NA	NA	NA
NC_045512.2	12393	A	G	15207	13246	49	4	3	44	0.000262968	15211	0.1875	FALSE	NA	NA	NA	NA	NA	NA
NC_045512.2	12394	T	G	14905	12971	49	1	1	24	6.70826e-05	14907	1	FALSE	NA	NA	NA	NA	NA	NA
NC_045512.2	12394	T	C	14905	12971	49	1	1	64	6.70826e-05	14907	0.5	FALSE	NA	NA	NA	NA	NA	NA
NC_045512.2	12395	G	A	14834	12971	47	1	1	64	6.74082e-05	14835	0.500017	FALSE	NA	NA	NA	NA	NA	NA
NC_045512.2	12396	C	T	14931	13135	49	1	1	40	6.69703e-05	14932	0.750025	FALSE	NA	NA	NA	NA	NA	NA
NC_045512.2	12397	A	G	14942	13148	49	1	1	24	6.6921e-05	14943	1	FALSE	NA	NA	NA	NA	NA	NA
NC_045512.2	12398	C	T	14934	13200	48	1	1	40	6.69568e-05	14935	0.750025	FALSE	NA	NA	NA	NA	NA	NA
NC_045512.2	12399	T	G	14506	12784	48	2	2	32	0.000137855	14508	0.999742	FALSE	NA	NA	NA	NA	NA	NA
NC_045512.2	12400	C	A	14599	12879	48	2	2	32	0.000136977	14601	0.999742	FALSE	NA	NA	NA	NA	NA	NA
NC_045512.2	12401	A	G	14582	12865	48	1	1	40	6.8573e-05	14583	0.750026	FALSE	NA	NA	NA	NA	NA	NA
NC_045512.2	12402	A	G	14564	12981	48	2	2	40	0.000137306	14566	0.500026	FALSE	NA	NA	NA	NA	NA	NA
NC_045512.2	12404	A	G	14481	12971	47	2	2	40	0.000138093	14483	0.500026	FALSE	NA	NA	NA	NA	NA	NA
NC_045512.2	12408	T	G	14028	12618	47	3	3	29	0.000213782	14033	1	FALSE	NA	NA	NA	NA	NA	NA
NC_045512.2	12408	T	C	14028	12618	47	2	2	60	0.000142521	14033	0.249955	FALSE	NA	NA	NA	NA	NA	NA
NC_045512.2	12409	T	G	13714	12332	47	1	1	40	7.29022e-05	13717	0.749991	FALSE	NA	NA	NA	NA	NA	NA
NC_045512.2	12409	T	C	13714	12332	47	2	2	24	0.000145804	13717	1	FALSE	NA	NA	NA	NA	NA	NA
NC_045512.2	12410	A	G	13754	12400	47	1	0	80	7.27008e-05	13755	0.500018	FALSE	NA	NA	NA	NA	NA	NA
NC_045512.2	12411	T	G	13666	12310	47	5	5	24	0.000365711	13672	1	FALSE	NA	NA	NA	NA	NA	NA
NC_045512.2	12411	T	C	13666	12310	47	1	1	40	7.31422e-05	13672	0.749936	FALSE	NA	NA	NA	NA	NA	NA
NC_045512.2	12412	C	G	13698	12342	47	2	2	24	0.000145985	13700	1	FALSE	NA	NA	NA	NA	NA	NA
NC_045512.2	12414	A	G	13621	12277	47	2	2	24	0.000146811	13623	1	FALSE	NA	NA	NA	NA	NA	NA
NC_045512.2	12415	C	T	13596	12268	47	1	1	40	7.35456e-05	13597	0.750028	FALSE	NA	NA	NA	NA	NA	NA
NC_045512.2	12416	A	G	13038	11739	47	5	5	40	0.000383347	13043	0.109366	FALSE	NA	NA	NA	NA	NA	NA
NC_045512.2	12418	T	G	12967	11674	47	1	1	24	7.71129e-05	12968	1	FALSE	NA	NA	NA	NA	NA	NA
NC_045512.2	12419	G	A	13037	11758	47	2	2	40	0.000153386	13039	0.500029	FALSE	NA	NA	NA	NA	NA	NA
NC_045512.2	12421	A	G	12985	11705	47	2	2	32	0.000154	12987	0.999087	FALSE	NA	NA	NA	NA	NA	NA
NC_045512.2	12422	A	C	12989	11735	47	1	1	40	7.69823e-05	12990	0.750029	FALSE	NA	NA	NA	NA	NA	NA
NC_045512.2	12423	G	T	7116	5651	37	369	369	24	0.0492854	7487	8.69568e-50	TRUE	NA	NA	NA	NA	NA	NA
NC_045512.2	12423	G	C	7116	5651	37	2	2	28	0.00026713	7487	1	FALSE	NA	NA	NA	NA	NA	NA
NC_045512.2	12424	A	T	12823	11582	47	2	2	40	0.000155933	12826	0.5	FALSE	NA	NA	NA	NA	NA	NA
NC_045512.2	12424	A	G	12823	11582	47	1	1	24	7.79666e-05	12826	1	FALSE	NA	NA	NA	NA	NA	NA
NC_045512.2	12425	G	T	12847	11610	47	1	1	24	7.78271e-05	12849	1	FALSE	NA	NA	NA	NA	NA	NA
NC_045512.2	12425	G	A	12847	11610	47	1	1	40	7.78271e-05	12849	0.75001	FALSE	NA	NA	NA	NA	NA	NA
NC_045512.2	12427	T	G	12316	11106	47	3	3	29	0.000243526	12319	1	FALSE	NA	NA	NA	NA	NA	NA
NC_045512.2	12428	G	A	12317	11109	47	3	3	29	0.000243506	12320	1	FALSE	NA	NA	NA	NA	NA	NA
NC_045512.2	12429	G	T	12163	10954	46	3	3	24	0.000246548	12168	1	FALSE	NA	NA	NA	NA	NA	NA
NC_045512.2	12429	G	A	12163	10954	46	2	1	36	0.000164366	12168	0.999086	FALSE	NA	NA	NA	NA	NA	NA
NC_045512.2	12430	T	G	12258	11053	47	1	1	24	8.15727e-05	12259	1	FALSE	NA	NA	NA	NA	NA	NA
NC_045512.2	12431	T	G	12132	10933	47	4	4	32	0.000329544	12138	0.989381	FALSE	NA	NA	NA	NA	NA	NA
NC_045512.2	12431	T	C	12132	10933	47	2	2	52	0.000164772	12138	0.249928	FALSE	NA	NA	NA	NA	NA	NA
NC_045512.2	12432	G	T	12143	10994	47	1	1	24	8.23452e-05	12144	1	FALSE	NA	NA	NA	NA	NA	NA
NC_045512.2	12433	T	G	11766	10648	46	2	2	32	0.000169952	11768	0.998296	FALSE	NA	NA	NA	NA	NA	NA
NC_045512.2	12434	G	C	11812	10696	47	2	2	40	0.000169291	11814	0.500032	FALSE	NA	NA	NA	NA	NA	NA
NC_045512.2	12436	T	G	11701	10592	46	3	3	24	0.000256257	11707	1	FALSE	NA	NA	NA	NA	NA	NA
NC_045512.2	12436	T	C	11701	10592	46	3	3	34	0.000256257	11707	0.993537	FALSE	NA	NA	NA	NA	NA	NA
NC_045512.2	12438	C	G	11300	10346	45	1	1	40	8.84877e-05	11301	0.750033	FALSE	NA	NA	NA	NA	NA	NA
NC_045512.2	12439	C	T	11266	10314	45	2	2	32	0.000177462	11270	0.998294	FALSE	NA	NA	NA	NA	NA	NA
NC_045512.2	12439	C	G	11266	10314	45	2	2	36	0.000177462	11270	0.998294	FALSE	NA	NA	NA	NA	NA	NA
NC_045512.2	12440	T	G	11218	10257	46	1	1	40	8.91266e-05	11220	0.750011	FALSE	NA	NA	NA	NA	NA	NA
NC_045512.2	12440	T	C	11218	10257	46	1	1	40	8.91266e-05	11220	0.750011	FALSE	NA	NA	NA	NA	NA	NA
NC_045512.2	12441	T	G	11146	10189	46	4	4	36	0.00035868	11152	0.982444	FALSE	NA	NA	NA	NA	NA	NA
NC_045512.2	12441	T	C	11146	10189	46	1	1	40	8.967e-05	11152	0.749922	FALSE	NA	NA	NA	NA	NA	NA
NC_045512.2	12441	T	A	11146	10189	46	1	1	40	8.967e-05	11152	0.749922	FALSE	NA	NA	NA	NA	NA	NA
NC_045512.2	12442	G	A	11196	10239	46	1	1	40	8.93096e-05	11197	0.750033	FALSE	NA	NA	NA	NA	NA	NA
NC_045512.2	12443	A	G	11147	10199	46	1	1	40	8.97022e-05	11148	0.750034	FALSE	NA	NA	NA	NA	NA	NA
NC_045512.2	12444	A	G	11134	10236	45	3	3	40	0.000269372	11137	0.312517	FALSE	NA	NA	NA	NA	NA	NA
NC_045512.2	12446	A	G	10631	9756	46	3	2	53	0.000282114	10634	0.125	FALSE	NA	NA	NA	NA	NA	NA
NC_045512.2	12447	T	G	10537	9660	45	3	3	24	0.000284603	10541	1	FALSE	NA	NA	NA	NA	NA	NA
NC_045512.2	12447	T	C	10537	9660	45	1	1	80	9.48677e-05	10541	0.499953	FALSE	NA	NA	NA	NA	NA	NA
NC_045512.2	12448	A	G	13260	9793	44	1	1	40	7.5392e-05	13264	0.749972	FALSE	NA	NA	NA	NA	NA	NA
NC_045512.2	12448	A	C	13260	9793	44	3	0	29	0.000226176	13264	1	FALSE	NA	NA	NA	NA	NA	NA
NC_045512.2	12449	A	G	13271	9779	44	3	3	34	0.000225972	13276	0.997914	FALSE	NA	NA	NA	NA	NA	NA
NC_045512.2	12449	A	C	13271	9779	44	2	0	24	0.000150648	13276	1	FALSE	NA	NA	NA	NA	NA	NA
NC_045512.2	12450	T	G	13186	9702	44	4	3	32	0.00030326	13190	0.993654	FALSE	NA	NA	NA	NA	NA	NA
NC_045512.2	12451	A	C	13008	9635	44	1	0	24	7.68699e-05	13009	1	FALSE	NA	NA	NA	NA	NA	NA
NC_045512.2	12452	C	G	13083	9641	43	1	1	40	7.64292e-05	13084	0.750029	FALSE	NA	NA	NA	NA	NA	NA
NC_045512.2	12453	C	G	12323	8869	43	1	1	40	8.11425e-05	12324	0.75003	FALSE	NA	NA	NA	NA	NA	NA
NC_045512.2	12454	T	G	12326	8589	43	4	4	32	0.000324386	12331	0.989385	FALSE	NA	NA	NA	NA	NA	NA
NC_045512.2	12454	T	C	12326	8589	43	1	0	40	8.10964e-05	12331	0.749949	FALSE	NA	NA	NA	NA	NA	NA
NC_045512.2	12455	C	G	11752	8683	40	3	1	29	0.000254712	11778	1	FALSE	NA	NA	NA	NA	NA	NA
NC_045512.2	12455	C	A	11752	8683	40	23	0	24	0.00195279	11778	1	FALSE	NA	NA	NA	NA	NA	NA
NC_045512.2	12456	T	G	12079	8316	43	1	1	40	8.27746e-05	12081	0.75001	FALSE	NA	NA	NA	NA	NA	NA
NC_045512.2	12456	T	C	12079	8316	43	1	1	40	8.27746e-05	12081	0.75001	FALSE	NA	NA	NA	NA	NA	NA
NC_045512.2	12457	T	G	12052	8282	43	4	2	28	0.00033173	12058	1	FALSE	NA	NA	NA	NA	NA	NA
NC_045512.2	12457	T	C	12052	8282	43	2	1	32	0.000165865	12058	0.999086	FALSE	NA	NA	NA	NA	NA	NA
NC_045512.2	12458	A	C	12102	8354	43	3	0	34	0.000247831	12105	0.996318	FALSE	NA	NA	NA	NA	NA	NA
NC_045512.2	12459	C	-A	12127	8350	43	1	0	20	8.24606e-05	12127	1	FALSE	NA	NA	NA	NA	NA	NA
NC_045512.2	12460	A	C	12052	8290	43	2	0	24	0.00016592	12054	1	FALSE	NA	NA	NA	NA	NA	NA
NC_045512.2	12461	A	G	11952	8299	42	1	1	40	8.3661e-05	11953	0.750031	FALSE	NA	NA	NA	NA	NA	NA
NC_045512.2	12463	A	G	11215	7571	42	1	1	40	8.91424e-05	11218	0.749989	FALSE	NA	NA	NA	NA	NA	NA
NC_045512.2	12463	A	C	11215	7571	42	2	0	24	0.000178285	11218	1	FALSE	NA	NA	NA	NA	NA	NA
NC_045512.2	12464	G	T	11208	7559	43	1	1	24	8.92061e-05	11210	1	FALSE	NA	NA	NA	NA	NA	NA
NC_045512.2	12464	G	A	11208	7559	43	1	0	24	8.92061e-05	11210	1	FALSE	NA	NA	NA	NA	NA	NA
NC_045512.2	12466	A	G	11015	7416	42	3	3	29	0.000272183	11022	1	FALSE	NA	NA	NA	NA	NA	NA
NC_045512.2	12466	A	C	11015	7416	42	4	1	32	0.000362911	11022	0.982437	FALSE	NA	NA	NA	NA	NA	NA
NC_045512.2	12467	G	T	11100	7444	42	1	0	24	9.00739e-05	11102	1	FALSE	NA	NA	NA	NA	NA	NA
NC_045512.2	12467	G	A	11100	7444	42	1	1	40	9.00739e-05	11102	0.750011	FALSE	NA	NA	NA	NA	NA	NA
NC_045512.2	12468	C	G	11058	7412	42	1	0	40	9.04241e-05	11059	0.750034	FALSE	NA	NA	NA	NA	NA	NA
NC_045512.2	12469	C	G	11035	7410	42	1	1	40	9.06125e-05	11036	0.750034	FALSE	NA	NA	NA	NA	NA	NA
NC_045512.2	12470	A	G	10973	7340	42	3	2	34	0.000273324	10976	0.988793	FALSE	NA	NA	NA	NA	NA	NA
NC_045512.2	12472	A	G	11281	7360	42	9	9	34	0.000797024	11292	0.74831	FALSE	NA	NA	NA	NA	NA	NA
NC_045512.2	12472	A	C	11281	7360	42	2	1	24	0.000177117	11292	1	FALSE	NA	NA	NA	NA	NA	NA
NC_045512.2	12474	T	G	11205	7306	42	6	6	26	0.000535189	11211	1	FALSE	NA	NA	NA	NA	NA	NA
NC_045512.2	12483	T	C	3985	250	41	1	0	40	0.000250815	3987	0.5	FALSE	NA	NA	NA	NA	NA	NA
NC_045512.2	12483	T	A	3985	250	41	1	0	40	0.000250815	3987	0.5	FALSE	NA	NA	NA	NA	NA	NA
NC_045512.2	12484	C	G	3977	262	41	1	0	40	0.000251383	3978	0.500063	FALSE	NA	NA	NA	NA	NA	NA
NC_045512.2	12487	A	G	4133	274	41	1	1	80	0.000241779	4136	0.49994	FALSE	NA	NA	NA	NA	NA	NA
NC_045512.2	12487	A	C	4133	274	41	2	0	24	0.000483559	4136	1	FALSE	NA	NA	NA	NA	NA	NA
NC_045512.2	12491	G	T	3955	243	41	660	44	41	0.143012	4615	2.09713e-210	TRUE	NA	NA	NA	NA	NA	NA
NC_045512.2	12492	A	C	4598	295	41	1	0	24	0.000217439	4599	1	FALSE	NA	NA	NA	NA	NA	NA
NC_045512.2	12496	T	-A	5209	339	42	1	0	20	0.000191975	5209	1	FALSE	NA	NA	NA	NA	NA	NA
NC_045512.2	12498	A	G	5187	377	42	1	0	40	0.000192715	5189	0.5	FALSE	NA	NA	NA	NA	NA	NA
NC_045512.2	12498	A	C	5187	377	42	1	0	24	0.000192715	5189	1	FALSE	NA	NA	NA	NA	NA	NA
NC_045512.2	12499	C	A	5160	382	42	3	0	24	0.000581058	5163	1	FALSE	NA	NA	NA	NA	NA	NA
NC_045512.2	12501	C	A	5206	403	42	3	0	24	0.000575926	5209	1	FALSE	NA	NA	NA	NA	NA	NA
NC_045512.2	12502	A	C	5243	405	42	1	0	24	0.000190694	5244	1	FALSE	NA	NA	NA	NA	NA	NA
NC_045512.2	12502	A	-T	5243	405	42	1	0	20	0.000190694	5244	1	FALSE	NA	NA	NA	NA	NA	NA
NC_045512.2	12503	T	C	5259	413	43	1	0	40	0.000190114	5260	0.5	FALSE	NA	NA	NA	NA	NA	NA
NC_045512.2	12504	A	G	5248	414	43	1	0	40	0.00019044	5251	0.499952	FALSE	NA	NA	NA	NA	NA	NA
NC_045512.2	12504	A	C	5248	414	43	2	0	24	0.00038088	5251	1	FALSE	NA	NA	NA	NA	NA	NA
NC_045512.2	12505	T	+A	5275	412	43	1	0	20	0.000189573	5275	1	FALSE	NA	NA	NA	NA	NA	NA
NC_045512.2	12506	A	C	5259	417	43	2	0	32	0.000380156	5261	0.937594	FALSE	NA	NA	NA	NA	NA	NA
NC_045512.2	12509	A	G	5298	422	43	1	0	80	0.000188715	5299	0.500047	FALSE	NA	NA	NA	NA	NA	NA
NC_045512.2	12510	A	C	5309	423	43	2	0	32	0.000376577	5311	0.937593	FALSE	NA	NA	NA	NA	NA	NA
NC_045512.2	12512	A	C	5339	463	43	2	0	32	0.000374462	5341	0.937592	FALSE	NA	NA	NA	NA	NA	NA
NC_045512.2	12513	C	A	5334	462	43	1	0	24	0.000187441	5335	1	FALSE	NA	NA	NA	NA	NA	NA
NC_045512.2	12514	G	C	5365	460	43	1	0	40	0.000186359	5366	0.500047	FALSE	NA	NA	NA	NA	NA	NA
NC_045512.2	12516	G	T	5272	311	41	7	7	26	0.00132601	5279	1	FALSE	NA	NA	NA	NA	NA	NA
NC_045512.2	12519	A	C	5409	519	44	1	0	24	0.000184843	5410	1	FALSE	NA	NA	NA	NA	NA	NA
NC_045512.2	12521	G	T	5458	522	44	1	0	24	0.00018315	5460	1	FALSE	NA	NA	NA	NA	NA	NA
NC_045512.2	12521	G	A	5458	522	44	1	0	40	0.00018315	5460	0.5	FALSE	NA	NA	NA	NA	NA	NA
NC_045512.2	12524	A	C	5656	546	44	1	0	40	0.000176772	5657	0.500044	FALSE	NA	NA	NA	NA	NA	NA
NC_045512.2	12526	A	C	5640	546	44	2	0	24	0.000354484	5642	1	FALSE	NA	NA	NA	NA	NA	NA
NC_045512.2	12527	A	G	5996	563	44	2	1	32	0.000333389	5999	0.937555	FALSE	NA	NA	NA	NA	NA	NA
NC_045512.2	12527	A	C	5996	563	44	1	0	40	0.000166694	5999	0.499958	FALSE	NA	NA	NA	NA	NA	NA
NC_045512.2	12529	A	G	6026	568	44	1	0	40	0.000165893	6028	0.5	FALSE	NA	NA	NA	NA	NA	NA
NC_045512.2	12529	A	C	6026	568	44	1	0	24	0.000165893	6028	1	FALSE	NA	NA	NA	NA	NA	NA
NC_045512.2	12530	T	C	6040	565	44	1	0	24	0.000165536	6041	1	FALSE	NA	NA	NA	NA	NA	NA
NC_045512.2	12531	T	C	6053	565	44	2	0	32	0.000330306	6055	0.964907	FALSE	NA	NA	NA	NA	NA	NA
NC_045512.2	12532	T	C	6081	568	44	1	0	40	0.000164393	6083	0.5	FALSE	NA	NA	NA	NA	NA	NA
NC_045512.2	12532	T	A	6081	568	44	1	0	40	0.000164393	6083	0.5	FALSE	NA	NA	NA	NA	NA	NA
NC_045512.2	12533	A	C	6028	581	44	3	0	24	0.00049743	6031	1	FALSE	NA	NA	NA	NA	NA	NA
NC_045512.2	12534	C	A	6081	580	44	1	0	40	0.00016442	6082	0.500041	FALSE	NA	NA	NA	NA	NA	NA
NC_045512.2	12537	A	C	6031	587	44	5	0	24	0.000828363	6036	1	FALSE	NA	NA	NA	NA	NA	NA
NC_045512.2	12541	A	C	6213	622	44	2	0	24	0.000321802	6215	1	FALSE	NA	NA	NA	NA	NA	NA
NC_045512.2	12542	T	G	6263	629	45	1	0	24	0.000159617	6265	1	FALSE	NA	NA	NA	NA	NA	NA
NC_045512.2	12542	T	C	6263	629	45	1	0	24	0.000159617	6265	1	FALSE	NA	NA	NA	NA	NA	NA
NC_045512.2	12546	C	A	6347	704	45	1	0	80	0.00015753	6348	0.500039	FALSE	NA	NA	NA	NA	NA	NA
NC_045512.2	12548	T	C	6345	711	45	1	0	24	0.00015758	6346	1	FALSE	NA	NA	NA	NA	NA	NA
NC_045512.2	12549	T	G	6311	686	46	1	1	24	0.000158403	6313	1	FALSE	NA	NA	NA	NA	NA	NA
NC_045512.2	12549	T	C	6311	686	46	1	1	80	0.000158403	6313	0.5	FALSE	NA	NA	NA	NA	NA	NA
NC_045512.2	12551	T	G	6344	698	46	1	1	24	0.000157604	6345	1	FALSE	NA	NA	NA	NA	NA	NA
NC_045512.2	12553	G	A	6369	798	47	1	0	40	0.000156986	6370	0.500039	FALSE	NA	NA	NA	NA	NA	NA
NC_045512.2	12554	G	A	6341	785	47	1	0	40	0.000157679	6342	0.500039	FALSE	NA	NA	NA	NA	NA	NA
NC_045512.2	12554	G	-A	6341	785	47	1	0	20	0.000157679	6342	1	FALSE	NA	NA	NA	NA	NA	NA
NC_045512.2	12560	C	T	6435	895	48	1	0	80	0.000155328	6438	0.499961	FALSE	NA	NA	NA	NA	NA	NA
NC_045512.2	12560	C	A	6435	895	48	2	1	32	0.000310655	6438	0.964886	FALSE	NA	NA	NA	NA	NA	NA
NC_045512.2	12561	A	G	6417	896	48	1	0	40	0.000155763	6420	0.499961	FALSE	NA	NA	NA	NA	NA	NA
NC_045512.2	12561	A	C	6417	896	48	2	0	32	0.000311526	6420	0.964886	FALSE	NA	NA	NA	NA	NA	NA
NC_045512.2	12562	A	G	6399	894	48	2	1	60	0.000312451	6401	0.25002	FALSE	NA	NA	NA	NA	NA	NA
NC_045512.2	12563	C	T	6206	903	46	2	0	40	0.000321543	6220	0.249537	FALSE	NA	NA	NA	NA	NA	NA
NC_045512.2	12563	C	G	6206	903	46	1	1	40	0.000160772	6220	0.499517	FALSE	NA	NA	NA	NA	NA	NA
NC_045512.2	12563	C	A	6206	903	46	11	0	26	0.00176849	6220	1	FALSE	NA	NA	NA	NA	NA	NA
NC_045512.2	12564	A	G	6417	894	48	3	0	40	0.00046729	6420	0.125	FALSE	NA	NA	NA	NA	NA	NA
NC_045512.2	12565	G	T	6512	903	48	1	0	40	0.000153539	6513	0.500038	FALSE	NA	NA	NA	NA	NA	NA
NC_045512.2	12568	T	C	6515	965	49	1	0	32	0.000153468	6516	0.992204	FALSE	NA	NA	NA	NA	NA	NA
NC_045512.2	12570	T	C	6518	977	49	1	0	40	0.000153398	6519	0.500038	FALSE	NA	NA	NA	NA	NA	NA
NC_045512.2	12571	A	C	6473	991	49	3	0	24	0.000463249	6476	1	FALSE	NA	NA	NA	NA	NA	NA
NC_045512.2	12572	G	A	6566	986	50	1	0	24	0.000152277	6567	1	FALSE	NA	NA	NA	NA	NA	NA
NC_045512.2	12573	A	G	6538	1016	50	1	1	48	0.000152929	6539	0.500038	FALSE	NA	NA	NA	NA	NA	NA
NC_045512.2	12574	T	C	6511	1004	50	1	0	80	0.000153563	6512	0.500038	FALSE	NA	NA	NA	NA	NA	NA
NC_045512.2	12577	A	G	6469	997	50	1	0	40	0.00015456	6470	0.500039	FALSE	NA	NA	NA	NA	NA	NA
NC_045512.2	12580	T	C	6306	1190	51	2	0	24	0.000317058	6308	1	FALSE	NA	NA	NA	NA	NA	NA
NC_045512.2	12582	G	C	6316	1177	51	1	0	24	0.000158278	6318	1	FALSE	NA	NA	NA	NA	NA	NA
NC_045512.2	12582	G	A	6316	1177	51	1	1	40	0.000158278	6318	0.5	FALSE	NA	NA	NA	NA	NA	NA
NC_045512.2	12583	T	C	6232	1204	51	1	0	80	0.000160436	6233	0.50004	FALSE	NA	NA	NA	NA	NA	NA
NC_045512.2	12584	A	C	6214	1228	51	1	0	24	0.000160901	6215	1	FALSE	NA	NA	NA	NA	NA	NA
NC_045512.2	12585	A	G	6153	1242	50	2	0	40	0.000324886	6156	0.24998	FALSE	NA	NA	NA	NA	NA	NA
NC_045512.2	12585	A	C	6153	1242	50	1	0	40	0.000162443	6156	0.499959	FALSE	NA	NA	NA	NA	NA	NA
NC_045512.2	12588	T	G	5912	1366	50	1	1	40	0.000169119	5913	0.500042	FALSE	NA	NA	NA	NA	NA	NA
NC_045512.2	12589	T	G	5896	1378	51	2	1	40	0.000339041	5899	0.249979	FALSE	NA	NA	NA	NA	NA	NA
NC_045512.2	12589	T	C	5896	1378	51	1	0	24	0.00016952	5899	1	FALSE	NA	NA	NA	NA	NA	NA
NC_045512.2	12594	A	C	5721	1653	51	1	0	40	0.000174764	5722	0.500044	FALSE	NA	NA	NA	NA	NA	NA
NC_045512.2	12595	A	G	5375	1766	50	3	0	40	0.000557828	5378	0.125	FALSE	NA	NA	NA	NA	NA	NA
NC_045512.2	12596	C	A	5189	1826	50	1	0	24	0.000192678	5190	1	FALSE	NA	NA	NA	NA	NA	NA
NC_045512.2	12599	A	C	5199	1869	50	1	0	24	0.000192308	5200	1	FALSE	NA	NA	NA	NA	NA	NA
NC_045512.2	12600	G	T	5142	1771	48	2	2	24	0.000388802	5144	1	FALSE	NA	NA	NA	NA	NA	NA
NC_045512.2	12603	A	G	5260	2021	51	1	1	40	0.000190042	5262	0.5	FALSE	NA	NA	NA	NA	NA	NA
NC_045512.2	12603	A	C	5260	2021	51	1	0	24	0.000190042	5262	1	FALSE	NA	NA	NA	NA	NA	NA
NC_045512.2	12604	A	G	5252	2025	51	1	0	24	0.000190367	5253	1	FALSE	NA	NA	NA	NA	NA	NA
NC_045512.2	12606	T	G	5173	2260	50	2	2	32	0.000386324	5177	0.937532	FALSE	NA	NA	NA	NA	NA	NA
NC_045512.2	12606	T	C	5173	2260	50	2	0	24	0.000386324	5177	1	FALSE	NA	NA	NA	NA	NA	NA
NC_045512.2	12607	T	G	5182	2278	51	1	1	32	0.000192901	5184	0.984398	FALSE	NA	NA	NA	NA	NA	NA
NC_045512.2	12607	T	C	5182	2278	51	1	0	24	0.000192901	5184	1	FALSE	NA	NA	NA	NA	NA	NA
NC_045512.2	12610	T	C	5203	2290	51	1	0	40	0.00019216	5204	0.500048	FALSE	NA	NA	NA	NA	NA	NA
NC_045512.2	12612	T	G	5209	2339	51	1	1	24	0.000191902	5211	1	FALSE	NA	NA	NA	NA	NA	NA
NC_045512.2	12612	T	C	5209	2339	51	1	1	80	0.000191902	5211	0.5	FALSE	NA	NA	NA	NA	NA	NA
NC_045512.2	12615	A	C	5267	2396	51	1	0	24	0.000189825	5268	1	FALSE	NA	NA	NA	NA	NA	NA
NC_045512.2	12616	C	T	1469	667	51	3833	1770	51	0.722935	5302	0	TRUE	NA	NA	NA	NA	NA	NA
NC_045512.2	12618	A	G	5261	2455	51	2	1	40	0.000380011	5263	0.250024	FALSE	NA	NA	NA	NA	NA	NA
NC_045512.2	12620	T	G	5280	2461	51	2	2	24	0.000378644	5282	1	FALSE	NA	NA	NA	NA	NA	NA
NC_045512.2	12621	C	G	5163	2577	51	1	1	40	0.000193648	5164	0.500048	FALSE	NA	NA	NA	NA	NA	NA
NC_045512.2	12627	A	-T	5293	2785	51	1	0	20	0.000188929	5293	1	FALSE	NA	NA	NA	NA	NA	NA
NC_045512.2	12630	T	C	5281	2796	51	1	1	40	0.000189322	5282	0.500047	FALSE	NA	NA	NA	NA	NA	NA
NC_045512.2	12633	C	A	5440	3138	52	1	0	24	0.00018379	5441	1	FALSE	NA	NA	NA	NA	NA	NA
NC_045512.2	12634	A	C	5507	3235	52	1	1	40	0.000181554	5508	0.500045	FALSE	NA	NA	NA	NA	NA	NA
NC_045512.2	12635	T	C	5459	3188	52	1	1	24	0.00018315	5460	1	FALSE	NA	NA	NA	NA	NA	NA
NC_045512.2	12636	G	T	5357	3137	50	3	3	24	0.000559701	5360	1	FALSE	NA	NA	NA	NA	NA	NA
NC_045512.2	12639	C	A	5633	3591	51	3	0	42	0.000532292	5636	0.125	FALSE	NA	NA	NA	NA	NA	NA
NC_045512.2	12640	T	C	5629	3547	51	1	0	40	0.00017762	5630	0.500044	FALSE	NA	NA	NA	NA	NA	NA
NC_045512.2	12641	C	A	5597	3808	49	1	0	24	0.000178635	5598	1	FALSE	NA	NA	NA	NA	NA	NA
NC_045512.2	12646	T	G	5918	4617	49	1	1	24	0.000168947	5919	1	FALSE	NA	NA	NA	NA	NA	NA
NC_045512.2	12648	T	C	5849	4558	50	1	1	40	0.00017094	5850	0.500043	FALSE	NA	NA	NA	NA	NA	NA
NC_045512.2	12649	A	G	5892	4608	50	1	1	40	0.000169693	5893	0.500042	FALSE	NA	NA	NA	NA	NA	NA
NC_045512.2	12650	A	C	5877	4606	50	1	1	40	0.000170126	5878	0.500043	FALSE	NA	NA	NA	NA	NA	NA
NC_045512.2	12651	C	T	5867	4609	49	1	1	32	0.000170416	5868	0.984403	FALSE	NA	NA	NA	NA	NA	NA
NC_045512.2	12652	A	G	5813	4556	50	1	1	40	0.000171999	5814	0.500043	FALSE	NA	NA	NA	NA	NA	NA
NC_045512.2	12655	T	G	6011	4828	50	1	1	24	0.000166334	6012	1	FALSE	NA	NA	NA	NA	NA	NA
NC_045512.2	12656	T	G	6005	4820	50	1	1	24	0.000166472	6007	1	FALSE	NA	NA	NA	NA	NA	NA
NC_045512.2	12656	T	C	6005	4820	50	1	1	40	0.000166472	6007	0.5	FALSE	NA	NA	NA	NA	NA	NA
NC_045512.2	12657	T	G	5981	4794	48	1	1	24	0.000167168	5982	1	FALSE	NA	NA	NA	NA	NA	NA
NC_045512.2	12661	G	T	6312	5271	49	12	12	25	0.00189753	6324	1	FALSE	NA	NA	NA	NA	NA	NA
NC_045512.2	12662	G	A	6445	5440	51	1	1	40	0.000155135	6446	0.500039	FALSE	NA	NA	NA	NA	NA	NA
NC_045512.2	12666	A	G	6441	5452	51	1	1	40	0.000155207	6443	0.5	FALSE	NA	NA	NA	NA	NA	NA
NC_045512.2	12666	A	C	6441	5452	51	1	0	24	0.000155207	6443	1	FALSE	NA	NA	NA	NA	NA	NA
NC_045512.2	12667	T	G	6420	5430	51	2	2	24	0.000311381	6423	1	FALSE	NA	NA	NA	NA	NA	NA
NC_045512.2	12667	T	C	6420	5430	51	1	1	40	0.00015569	6423	0.499961	FALSE	NA	NA	NA	NA	NA	NA
NC_045512.2	12668	T	G	6407	5432	51	1	1	24	0.000156055	6408	1	FALSE	NA	NA	NA	NA	NA	NA
NC_045512.2	12670	T	G	6296	5356	51	3	3	29	0.000476266	6299	1	FALSE	NA	NA	NA	NA	NA	NA
NC_045512.2	12672	C	T	6301	5467	50	4	4	40	0.000634317	6306	0.0624703	FALSE	NA	NA	NA	NA	NA	NA
NC_045512.2	12672	C	A	6301	5467	50	1	1	24	0.000158579	6306	1	FALSE	NA	NA	NA	NA	NA	NA
NC_045512.2	12673	T	G	6259	5425	50	2	2	32	0.000319438	6261	0.964905	FALSE	NA	NA	NA	NA	NA	NA
NC_045512.2	12674	G	T	6164	5329	46	2	2	24	0.000324359	6166	1	FALSE	NA	NA	NA	NA	NA	NA
NC_045512.2	12680	T	G	6229	5559	47	1	1	40	0.000160488	6231	0.5	FALSE	NA	NA	NA	NA	NA	NA
NC_045512.2	12680	T	C	6229	5559	47	1	1	40	0.000160488	6231	0.5	FALSE	NA	NA	NA	NA	NA	NA
NC_045512.2	12681	T	G	6217	5548	46	2	2	24	0.000321543	6220	1	FALSE	NA	NA	NA	NA	NA	NA
NC_045512.2	12681	T	C	6217	5548	46	1	1	40	0.000160772	6220	0.49996	FALSE	NA	NA	NA	NA	NA	NA
NC_045512.2	12682	A	C	6281	5615	48	1	1	40	0.000159185	6282	0.50004	FALSE	NA	NA	NA	NA	NA	NA
NC_045512.2	12683	C	A	6270	5613	47	1	1	24	0.000159464	6271	1	FALSE	NA	NA	NA	NA	NA	NA
NC_045512.2	12684	A	G	6265	5607	47	2	2	32	0.000319132	6267	0.964905	FALSE	NA	NA	NA	NA	NA	NA
NC_045512.2	12685	G	C	6275	5623	47	1	1	40	0.000159337	6276	0.50004	FALSE	NA	NA	NA	NA	NA	NA
NC_045512.2	12687	A	G	6282	5622	47	1	1	48	0.00015916	6283	0.50004	FALSE	NA	NA	NA	NA	NA	NA
NC_045512.2	12688	T	G	6262	5606	47	1	1	24	0.000159642	6264	1	FALSE	NA	NA	NA	NA	NA	NA
NC_045512.2	12688	T	C	6262	5606	47	1	1	40	0.000159642	6264	0.5	FALSE	NA	NA	NA	NA	NA	NA
NC_045512.2	12689	A	G	6252	5607	47	1	1	24	0.000159872	6255	1	FALSE	NA	NA	NA	NA	NA	NA
NC_045512.2	12689	A	C	6252	5607	47	2	2	24	0.000319744	6255	1	FALSE	NA	NA	NA	NA	NA	NA
NC_045512.2	12691	T	G	6202	5607	47	4	4	32	0.000644538	6206	0.82829	FALSE	NA	NA	NA	NA	NA	NA
NC_045512.2	12693	A	G	6207	5619	47	1	1	80	0.000161082	6208	0.50004	FALSE	NA	NA	NA	NA	NA	NA
NC_045512.2	12695	C	-T	6193	5646	46	1	0	20	0.000161473	6193	1	FALSE	NA	NA	NA	NA	NA	NA
NC_045512.2	12697	T	G	6061	5515	46	2	2	24	0.00032987	6063	1	FALSE	NA	NA	NA	NA	NA	NA
NC_045512.2	12700	T	G	6044	5503	46	1	1	24	0.000165426	6045	1	FALSE	NA	NA	NA	NA	NA	NA
NC_045512.2	12702	C	T	6035	5534	46	1	1	24	0.000165673	6036	1	FALSE	NA	NA	NA	NA	NA	NA
NC_045512.2	12702	C	+A	6035	5534	46	1	0	20	0.000165673	6036	1	FALSE	NA	NA	NA	NA	NA	NA
NC_045512.2	12703	T	G	5810	5323	46	2	2	24	0.000344116	5812	1	FALSE	NA	NA	NA	NA	NA	NA
NC_045512.2	12704	G	T	5782	5294	45	1	1	24	0.000172921	5783	1	FALSE	NA	NA	NA	NA	NA	NA
NC_045512.2	12709	A	T	5700	5273	46	1	1	24	0.000175377	5702	1	FALSE	NA	NA	NA	NA	NA	NA
NC_045512.2	12709	A	G	5700	5273	46	1	0	80	0.000175377	5702	0.5	FALSE	NA	NA	NA	NA	NA	NA
NC_045512.2	12710	C	G	5694	5270	45	1	1	40	0.000175593	5695	0.500044	FALSE	NA	NA	NA	NA	NA	NA
NC_045512.2	12711	T	C	5543	5122	45	1	1	40	0.000180375	5544	0.500045	FALSE	NA	NA	NA	NA	NA	NA
NC_045512.2	12712	A	G	5593	5173	46	1	1	24	0.000178763	5594	1	FALSE	NA	NA	NA	NA	NA	NA
NC_045512.2	12714	G	T	5510	5092	45	2	2	24	0.000362845	5512	1	FALSE	NA	NA	NA	NA	NA	NA
NC_045512.2	12719	A	G	5413	5053	45	1	1	40	0.000184706	5414	0.500046	FALSE	NA	NA	NA	NA	NA	NA
NC_045512.2	12721	G	T	5334	4974	44	1	1	24	0.000187441	5335	1	FALSE	NA	NA	NA	NA	NA	NA
NC_045512.2	12723	C	A	5324	4979	45	1	1	40	0.000187793	5325	0.500047	FALSE	NA	NA	NA	NA	NA	NA
NC_045512.2	12725	T	C	5252	4908	44	1	1	24	0.000190367	5253	1	FALSE	NA	NA	NA	NA	NA	NA
NC_045512.2	12727	T	G	5209	4862	44	2	2	32	0.000383803	5211	0.937594	FALSE	NA	NA	NA	NA	NA	NA
NC_045512.2	12729	C	G	5234	4934	44	1	1	40	0.000191022	5235	0.500048	FALSE	NA	NA	NA	NA	NA	NA
NC_045512.2	12730	T	G	4992	4702	44	3	3	34	0.000600601	4995	0.773602	FALSE	NA	NA	NA	NA	NA	NA
NC_045512.2	12732	C	G	5006	4732	44	1	1	40	0.00019972	5007	0.50005	FALSE	NA	NA	NA	NA	NA	NA
NC_045512.2	12736	T	G	4964	4693	43	1	1	24	0.000201329	4967	1	FALSE	NA	NA	NA	NA	NA	NA
NC_045512.2	12736	T	C	4964	4693	43	2	2	32	0.000402658	4967	0.890696	FALSE	NA	NA	NA	NA	NA	NA
NC_045512.2	12739	T	G	4864	4607	41	2	2	24	0.000411015	4866	1	FALSE	NA	NA	NA	NA	NA	NA
NC_045512.2	12741	C	T	4880	4634	43	1	1	40	0.000204876	4881	0.500051	FALSE	NA	NA	NA	NA	NA	NA
NC_045512.2	12743	C	G	4851	4604	43	2	2	32	0.000412116	4853	0.890746	FALSE	NA	NA	NA	NA	NA	NA
NC_045512.2	12744	A	G	4520	4286	43	2	2	40	0.000442282	4522	0.250028	FALSE	NA	NA	NA	NA	NA	NA
NC_045512.2	12746	A	G	4502	4277	43	4	4	40	0.000887705	4506	0.0624861	FALSE	NA	NA	NA	NA	NA	NA
NC_045512.2	12747	C	T	4504	4286	43	1	1	40	0.000221976	4505	0.500056	FALSE	NA	NA	NA	NA	NA	NA
NC_045512.2	12748	T	G	4420	4205	43	2	2	24	0.000452182	4423	1	FALSE	NA	NA	NA	NA	NA	NA
NC_045512.2	12748	T	C	4420	4205	43	1	1	80	0.000226091	4423	0.499943	FALSE	NA	NA	NA	NA	NA	NA
NC_045512.2	12749	G	A	4391	4178	42	1	1	24	0.000227687	4392	1	FALSE	NA	NA	NA	NA	NA	NA
NC_045512.2	12750	C	T	4240	4032	43	1	1	24	0.000235793	4241	1	FALSE	NA	NA	NA	NA	NA	NA
NC_045512.2	12751	T	G	4227	4020	43	1	1	40	0.000236518	4228	0.500059	FALSE	NA	NA	NA	NA	NA	NA
NC_045512.2	12754	C	T	4240	4044	43	1	1	40	0.000235793	4241	0.500059	FALSE	NA	NA	NA	NA	NA	NA
NC_045512.2	12756	C	T	4231	4049	43	2	2	40	0.000472478	4233	0.25003	FALSE	NA	NA	NA	NA	NA	NA
NC_045512.2	12757	T	G	3938	3759	42	1	1	24	0.000253872	3939	1	FALSE	NA	NA	NA	NA	NA	NA
NC_045512.2	12761	G	T	3957	3779	43	1	1	24	0.000252653	3958	1	FALSE	NA	NA	NA	NA	NA	NA
NC_045512.2	12763	C	T	3891	3730	42	1	1	24	0.000256871	3893	1	FALSE	NA	NA	NA	NA	NA	NA
NC_045512.2	12763	C	A	3891	3730	42	1	1	24	0.000256871	3893	1	FALSE	NA	NA	NA	NA	NA	NA
NC_045512.2	12764	A	G	3844	3683	43	2	2	32	0.000520021	3846	0.812663	FALSE	NA	NA	NA	NA	NA	NA
NC_045512.2	12766	T	G	3797	3637	42	3	3	29	0.000789474	3800	1	FALSE	NA	NA	NA	NA	NA	NA
NC_045512.2	12768	C	T	3722	3566	42	2	2	40	0.000536913	3725	0.249966	FALSE	NA	NA	NA	NA	NA	NA
NC_045512.2	12768	C	A	3722	3566	42	1	1	40	0.000268456	3725	0.499933	FALSE	NA	NA	NA	NA	NA	NA
NC_045512.2	12770	T	G	3647	3491	42	2	2	32	0.000547945	3650	0.812586	FALSE	NA	NA	NA	NA	NA	NA
NC_045512.2	12770	T	C	3647	3491	42	1	1	40	0.000273973	3650	0.499931	FALSE	NA	NA	NA	NA	NA	NA
NC_045512.2	12771	T	G	3638	3480	42	1	1	24	0.000274801	3639	1	FALSE	NA	NA	NA	NA	NA	NA
NC_045512.2	12775	T	G	3490	3344	42	1	1	24	0.000286369	3492	1	FALSE	NA	NA	NA	NA	NA	NA
NC_045512.2	12775	T	C	3490	3344	42	1	1	24	0.000286369	3492	1	FALSE	NA	NA	NA	NA	NA	NA
NC_045512.2	12776	T	G	3289	3145	42	3	3	29	0.000911023	3293	1	FALSE	NA	NA	NA	NA	NA	NA
NC_045512.2	12776	T	C	3289	3145	42	1	1	24	0.000303674	3293	1	FALSE	NA	NA	NA	NA	NA	NA
NC_045512.2	12778	C	G	6085	3395	41	2	2	24	0.000328569	6087	1	FALSE	NA	NA	NA	NA	NA	NA
NC_045512.2	12779	T	G	5999	3324	40	8	7	26	0.00133156	6008	1	FALSE	NA	NA	NA	NA	NA	NA
NC_045512.2	12779	T	C	5999	3324	40	1	0	40	0.000166445	6008	0.499709	FALSE	NA	NA	NA	NA	NA	NA
NC_045512.2	12780	A	G	6067	3426	41	2	1	36	0.000329544	6069	0.964907	FALSE	NA	NA	NA	NA	NA	NA
NC_045512.2	12781	C	G	5939	3416	39	2	2	32	0.000336304	5947	0.937417	FALSE	NA	NA	NA	NA	NA	NA
NC_045512.2	12781	C	A	5939	3416	39	6	0	24	0.00100891	5947	1	FALSE	NA	NA	NA	NA	NA	NA
NC_045512.2	12782	A	G	5657	2994	41	3	3	40	0.000529848	5662	0.124934	FALSE	NA	NA	NA	NA	NA	NA
NC_045512.2	12782	A	C	5657	2994	41	2	0	32	0.000353232	5662	0.9375	FALSE	NA	NA	NA	NA	NA	NA
NC_045512.2	12783	A	G	5782	3006	41	1	1	40	0.000172861	5785	0.499957	FALSE	NA	NA	NA	NA	NA	NA
NC_045512.2	12783	A	C	5782	3006	41	2	0	24	0.000345722	5785	1	FALSE	NA	NA	NA	NA	NA	NA
NC_045512.2	12784	C	G	5783	3004	41	1	0	40	0.000172891	5784	0.500043	FALSE	NA	NA	NA	NA	NA	NA
NC_045512.2	12786	C	A	6371	2913	41	1	0	24	0.000156937	6372	1	FALSE	NA	NA	NA	NA	NA	NA
NC_045512.2	12788	A	C	6065	2556	41	1	0	24	0.000164853	6066	1	FALSE	NA	NA	NA	NA	NA	NA
NC_045512.2	12789	C	T	0	0	0	6040	2523	41	0.999008	6046	0	TRUE	NA	NA	NA	NA	NA	NA
NC_045512.2	12789	C	G	0	0	0	5	5	27	0.000826993	6046	1.22489e-10	TRUE	NA	NA	NA	NA	NA	NA
NC_045512.2	12789	C	A	0	0	0	1	1	40	0.000165399	6046	0.000165399	TRUE	NA	NA	NA	NA	NA	NA
NC_045512.2	12790	A	T	6041	2529	41	1	1	40	0.000165426	6045	0.499917	FALSE	NA	NA	NA	NA	NA	NA
NC_045512.2	12790	A	G	6041	2529	41	2	2	40	0.000330852	6045	0.249938	FALSE	NA	NA	NA	NA	NA	NA
NC_045512.2	12790	A	C	6041	2529	41	1	0	24	0.000165426	6045	1	FALSE	NA	NA	NA	NA	NA	NA
NC_045512.2	12791	A	T	6046	2530	41	1	0	24	0.000165289	6050	1	FALSE	NA	NA	NA	NA	NA	NA
NC_045512.2	12791	A	G	6046	2530	41	1	0	24	0.000165289	6050	1	FALSE	NA	NA	NA	NA	NA	NA
NC_045512.2	12791	A	C	6046	2530	41	2	0	36	0.000330579	6050	0.964871	FALSE	NA	NA	NA	NA	NA	NA
NC_045512.2	12792	A	T	3772	306	41	1	0	40	0.000265041	3773	0.500066	FALSE	NA	NA	NA	NA	NA	NA
NC_045512.2	12793	G	T	3803	290	41	1	1	24	0.000262881	3804	1	FALSE	NA	NA	NA	NA	NA	NA
NC_045512.2	12796	A	G	3978	325	41	1	0	24	0.000251319	3979	1	FALSE	NA	NA	NA	NA	NA	NA
NC_045512.2	12797	G	C	3990	317	41	3	0	34	0.000751127	3994	0.656309	FALSE	NA	NA	NA	NA	NA	NA
NC_045512.2	12797	G	A	3990	317	41	1	0	24	0.000250376	3994	1	FALSE	NA	NA	NA	NA	NA	NA
NC_045512.2	12798	G	T	3978	273	41	1	1	32	0.000251319	3979	0.937579	FALSE	NA	NA	NA	NA	NA	NA
NC_045512.2	12799	T	G	4021	335	42	2	0	40	0.000496771	4026	0.249845	FALSE	NA	NA	NA	NA	NA	NA
NC_045512.2	12799	T	C	4021	335	42	3	0	29	0.000745156	4026	1	FALSE	NA	NA	NA	NA	NA	NA
NC_045512.2	12800	A	G	4035	334	42	1	1	24	0.00024777	4036	1	FALSE	NA	NA	NA	NA	NA	NA
NC_045512.2	12802	G	C	4458	351	42	1	0	40	0.000224266	4459	0.500056	FALSE	NA	NA	NA	NA	NA	NA
NC_045512.2	12803	T	C	4466	423	43	1	0	40	0.000223864	4467	0.500056	FALSE	NA	NA	NA	NA	NA	NA
NC_045512.2	12804	T	C	4465	423	43	1	0	40	0.000223914	4466	0.500056	FALSE	NA	NA	NA	NA	NA	NA
NC_045512.2	12805	T	G	4467	424	43	1	0	40	0.000223764	4469	0.5	FALSE	NA	NA	NA	NA	NA	NA
NC_045512.2	12805	T	C	4467	424	43	1	0	80	0.000223764	4469	0.5	FALSE	NA	NA	NA	NA	NA	NA
NC_045512.2	12806	G	A	4540	426	43	1	0	24	0.000220216	4541	1	FALSE	NA	NA	NA	NA	NA	NA
NC_045512.2	12807	T	C	4542	426	43	2	0	32	0.000440141	4544	0.890754	FALSE	NA	NA	NA	NA	NA	NA
NC_045512.2	12808	A	C	4526	429	42	1	0	24	0.000220897	4527	1	FALSE	NA	NA	NA	NA	NA	NA
NC_045512.2	12810	T	C	4648	429	43	1	0	24	0.000215008	4651	1	FALSE	NA	NA	NA	NA	NA	NA
NC_045512.2	12810	T	A	4648	429	43	2	1	40	0.000430015	4651	0.249973	FALSE	NA	NA	NA	NA	NA	NA
NC_045512.2	12811	T	C	4655	430	43	1	0	24	0.000214777	4656	1	FALSE	NA	NA	NA	NA	NA	NA
NC_045512.2	12814	A	C	4663	451	43	1	0	40	0.000214408	4664	0.500054	FALSE	NA	NA	NA	NA	NA	NA
NC_045512.2	12815	C	T	4	0	36	4732	451	43	0.999155	4736	0	TRUE	NA	NA	NA	NA	NA	NA
NC_045512.2	12819	T	C	4879	453	43	1	0	40	0.000204918	4880	0.500051	FALSE	NA	NA	NA	NA	NA	NA
NC_045512.2	12820	A	T	4866	492	43	1	0	40	0.000205465	4867	0.500051	FALSE	NA	NA	NA	NA	NA	NA
NC_045512.2	12821	T	C	4885	491	44	2	1	52	0.000409249	4887	0.250026	FALSE	NA	NA	NA	NA	NA	NA
NC_045512.2	12823	C	A	4893	492	44	2	0	24	0.00040858	4895	1	FALSE	NA	NA	NA	NA	NA	NA
NC_045512.2	12825	A	C	4963	495	43	2	0	24	0.00040282	4965	1	FALSE	NA	NA	NA	NA	NA	NA
NC_045512.2	12826	T	C	4993	495	44	1	0	24	0.00020024	4994	1	FALSE	NA	NA	NA	NA	NA	NA
NC_045512.2	12827	T	G	4996	494	44	1	0	40	0.00020012	4997	0.50005	FALSE	NA	NA	NA	NA	NA	NA
NC_045512.2	12830	C	T	4985	495	44	1	0	40	0.000200521	4987	0.5	FALSE	NA	NA	NA	NA	NA	NA
NC_045512.2	12830	C	A	4985	495	44	1	0	24	0.000200521	4987	1	FALSE	NA	NA	NA	NA	NA	NA
NC_045512.2	12831	A	C	4980	495	44	1	0	40	0.000200763	4981	0.50005	FALSE	NA	NA	NA	NA	NA	NA
NC_045512.2	12834	A	G	5116	599	45	2	1	72	0.000390778	5118	0.250024	FALSE	NA	NA	NA	NA	NA	NA
NC_045512.2	12834	A	+T	5116	599	45	1	0	20	0.000195389	5118	1	FALSE	NA	NA	NA	NA	NA	NA
NC_045512.2	12835	T	C	5134	599	45	1	0	40	0.000194742	5135	0.500049	FALSE	NA	NA	NA	NA	NA	NA
NC_045512.2	12838	G	A	5134	602	45	2	0	40	0.000389408	5136	0.250024	FALSE	NA	NA	NA	NA	NA	NA
NC_045512.2	12838	G	-A	5134	602	45	2	0	20	0.000389408	5136	1	FALSE	NA	NA	NA	NA	NA	NA
NC_045512.2	12840	A	G	5122	628	45	1	0	40	0.000195198	5123	0.500049	FALSE	NA	NA	NA	NA	NA	NA
NC_045512.2	12844	G	A	5354	704	46	1	0	40	0.000186741	5355	0.500047	FALSE	NA	NA	NA	NA	NA	NA
NC_045512.2	12846	C	G	5373	718	47	1	0	80	0.000186081	5374	0.500047	FALSE	NA	NA	NA	NA	NA	NA
NC_045512.2	12847	T	C	5369	787	48	1	0	40	0.00018622	5370	0.500047	FALSE	NA	NA	NA	NA	NA	NA
NC_045512.2	12850	A	C	5383	799	48	1	0	24	0.000185736	5384	1	FALSE	NA	NA	NA	NA	NA	NA
NC_045512.2	12852	T	G	5428	812	48	1	0	40	0.000184196	5429	0.500046	FALSE	NA	NA	NA	NA	NA	NA
NC_045512.2	12853	C	T	5891	837	48	1	0	40	0.000169722	5892	0.500042	FALSE	NA	NA	NA	NA	NA	NA
NC_045512.2	12854	C	A	5757	839	46	7	0	26	0.00121443	5764	1	FALSE	NA	NA	NA	NA	NA	NA
NC_045512.2	12855	C	A	5607	851	44	13	0	24	0.00231317	5620	1	FALSE	NA	NA	NA	NA	NA	NA
NC_045512.2	12856	T	C	5893	840	47	1	0	24	0.000169664	5894	1	FALSE	NA	NA	NA	NA	NA	NA
NC_045512.2	12857	A	+AG	5850	852	47	1	0	20	0.00017094	5850	1	FALSE	NA	NA	NA	NA	NA	NA
NC_045512.2	12861	G	T	5980	782	45	2	2	28	0.000334336	5982	1	FALSE	NA	NA	NA	NA	NA	NA
NC_045512.2	12864	A	G	6044	885	48	1	0	40	0.000165426	6045	0.500041	FALSE	NA	NA	NA	NA	NA	NA
NC_045512.2	12866	G	C	6043	906	48	1	0	24	0.000165426	6045	1	FALSE	NA	NA	NA	NA	NA	NA
NC_045512.2	12866	G	A	6043	906	48	1	0	40	0.000165426	6045	0.5	FALSE	NA	NA	NA	NA	NA	NA
NC_045512.2	12868	A	G	6105	931	48	1	0	40	0.000163747	6107	0.5	FALSE	NA	NA	NA	NA	NA	NA
NC_045512.2	12868	A	C	6105	931	48	1	0	24	0.000163747	6107	1	FALSE	NA	NA	NA	NA	NA	NA
NC_045512.2	12869	A	G	6110	965	49	1	0	40	0.000163639	6111	0.500041	FALSE	NA	NA	NA	NA	NA	NA
NC_045512.2	12870	C	A	6119	964	49	2	0	24	0.000326744	6121	1	FALSE	NA	NA	NA	NA	NA	NA
NC_045512.2	12871	T	C	6148	964	49	1	0	40	0.000162628	6149	0.500041	FALSE	NA	NA	NA	NA	NA	NA
NC_045512.2	12873	G	T	6254	1012	49	1	0	40	0.000159872	6255	0.50004	FALSE	NA	NA	NA	NA	NA	NA
NC_045512.2	12874	T	C	6260	1014	49	1	0	24	0.000159719	6261	1	FALSE	NA	NA	NA	NA	NA	NA
NC_045512.2	12875	A	C	6230	1058	49	1	0	40	0.000160488	6231	0.50004	FALSE	NA	NA	NA	NA	NA	NA
NC_045512.2	12876	C	G	6341	1114	50	1	0	40	0.000157679	6342	0.500039	FALSE	NA	NA	NA	NA	NA	NA
NC_045512.2	12879	T	C	6485	1130	50	1	0	24	0.000154178	6486	1	FALSE	NA	NA	NA	NA	NA	NA
NC_045512.2	12880	C	T	2	1	52	6471	1130	50	0.999691	6473	0	TRUE	NA	NA	NA	NA	NA	NA
NC_045512.2	12881	T	C	6463	1122	50	1	0	40	0.000154703	6464	0.500039	FALSE	NA	NA	NA	NA	NA	NA
NC_045512.2	12882	A	G	6455	1139	48	1	0	40	0.000154847	6458	0.499961	FALSE	NA	NA	NA	NA	NA	NA
NC_045512.2	12882	A	C	6455	1139	48	2	0	40	0.000309693	6458	0.249981	FALSE	NA	NA	NA	NA	NA	NA
NC_045512.2	12883	T	G	6529	1127	50	1	0	40	0.000153092	6532	0.499962	FALSE	NA	NA	NA	NA	NA	NA
NC_045512.2	12883	T	C	6529	1127	50	2	1	36	0.000306185	6532	0.964886	FALSE	NA	NA	NA	NA	NA	NA
NC_045512.2	12884	A	T	6499	1134	50	1	0	80	0.000153799	6502	0.499962	FALSE	NA	NA	NA	NA	NA	NA
NC_045512.2	12884	A	G	6499	1134	50	2	0	32	0.000307598	6502	0.964886	FALSE	NA	NA	NA	NA	NA	NA
NC_045512.2	12885	C	G	6534	1137	50	1	0	32	0.000152999	6536	0.9922	FALSE	NA	NA	NA	NA	NA	NA
NC_045512.2	12885	C	A	6534	1137	50	1	0	40	0.000152999	6536	0.5	FALSE	NA	NA	NA	NA	NA	NA
NC_045512.2	12888	A	C	6634	1141	50	3	0	24	0.000452011	6637	1	FALSE	NA	NA	NA	NA	NA	NA
NC_045512.2	12889	A	G	6765	1152	50	1	0	40	0.000147754	6768	0.499963	FALSE	NA	NA	NA	NA	NA	NA
NC_045512.2	12889	A	C	6765	1152	50	2	0	24	0.000295508	6768	1	FALSE	NA	NA	NA	NA	NA	NA
NC_045512.2	12891	T	C	6798	1164	51	2	0	40	0.000294118	6800	0.250018	FALSE	NA	NA	NA	NA	NA	NA
NC_045512.2	12893	G	T	5198	901	51	1639	287	51	0.239725	6837	0	TRUE	NA	NA	NA	NA	NA	NA
NC_045512.2	12894	A	G	6793	1259	51	1	0	24	0.000147189	6794	1	FALSE	NA	NA	NA	NA	NA	NA
NC_045512.2	12895	A	C	6808	1277	52	3	0	24	0.000440464	6811	1	FALSE	NA	NA	NA	NA	NA	NA
NC_045512.2	12899	C	G	6838	1256	52	1	0	40	0.00014622	6839	0.500037	FALSE	NA	NA	NA	NA	NA	NA
NC_045512.2	12901	T	G	6831	1267	52	1	1	32	0.000146349	6833	0.9922	FALSE	NA	NA	NA	NA	NA	NA
NC_045512.2	12901	T	C	6831	1267	52	1	0	48	0.000146349	6833	0.5	FALSE	NA	NA	NA	NA	NA	NA
NC_045512.2	12902	T	G	6822	1263	52	1	0	24	0.00014652	6825	1	FALSE	NA	NA	NA	NA	NA	NA
NC_045512.2	12902	T	C	6822	1263	52	2	0	32	0.00029304	6825	0.964884	FALSE	NA	NA	NA	NA	NA	NA
NC_045512.2	12903	G	C	6822	1248	51	1	1	40	0.000146563	6823	0.500037	FALSE	NA	NA	NA	NA	NA	NA
NC_045512.2	12905	A	C	6804	1274	52	1	0	24	0.000146951	6805	1	FALSE	NA	NA	NA	NA	NA	NA
NC_045512.2	12906	G	T	6855	1269	52	1	0	40	0.000145858	6856	0.500036	FALSE	NA	NA	NA	NA	NA	NA
NC_045512.2	12909	T	C	6798	1269	52	1	0	40	0.00014708	6799	0.500037	FALSE	NA	NA	NA	NA	NA	NA
NC_045512.2	12910	T	C	6802	1269	53	1	1	80	0.000146994	6803	0.500037	FALSE	NA	NA	NA	NA	NA	NA
NC_045512.2	12912	T	G	6834	1338	53	2	0	32	0.000292569	6836	0.9649	FALSE	NA	NA	NA	NA	NA	NA
NC_045512.2	12915	C	A	6624	1388	50	4	0	28	0.0006035	6628	1	FALSE	NA	NA	NA	NA	NA	NA
NC_045512.2	12916	A	C	6693	1380	52	1	0	24	0.000149388	6694	1	FALSE	NA	NA	NA	NA	NA	NA
NC_045512.2	12922	A	C	6513	1839	54	1	0	24	0.000153516	6514	1	FALSE	NA	NA	NA	NA	NA	NA
NC_045512.2	12923	C	T	6308	2005	52	1	1	80	0.000158504	6309	0.50004	FALSE	NA	NA	NA	NA	NA	NA
NC_045512.2	12924	C	G	6310	2063	53	2	0	32	0.000316857	6312	0.964904	FALSE	NA	NA	NA	NA	NA	NA
NC_045512.2	12927	A	C	6228	2142	52	1	0	24	0.000160539	6229	1	FALSE	NA	NA	NA	NA	NA	NA
NC_045512.2	12928	A	G	6217	2135	52	2	1	52	0.000321543	6220	0.24998	FALSE	NA	NA	NA	NA	NA	NA
NC_045512.2	12928	A	C	6217	2135	52	1	0	24	0.000160772	6220	1	FALSE	NA	NA	NA	NA	NA	NA
NC_045512.2	12929	G	A	6018	2259	51	1	0	40	0.000166141	6019	0.500042	FALSE	NA	NA	NA	NA	NA	NA
NC_045512.2	12932	C	G	5926	2181	51	1	0	40	0.000168691	5928	0.5	FALSE	NA	NA	NA	NA	NA	NA
NC_045512.2	12932	C	A	5926	2181	51	1	0	24	0.000168691	5928	1	FALSE	NA	NA	NA	NA	NA	NA
NC_045512.2	12935	A	G	5903	2264	51	1	0	24	0.000169377	5904	1	FALSE	NA	NA	NA	NA	NA	NA
NC_045512.2	12936	A	G	5910	2265	51	1	0	24	0.000169147	5912	1	FALSE	NA	NA	NA	NA	NA	NA
NC_045512.2	12936	A	C	5910	2265	51	1	0	24	0.000169147	5912	1	FALSE	NA	NA	NA	NA	NA	NA
NC_045512.2	12938	G	T	5364	2167	46	15	15	25	0.00278862	5379	0.999999	FALSE	NA	NA	NA	NA	NA	NA
NC_045512.2	12939	T	G	5506	2381	49	2	2	32	0.000363042	5509	0.93756	FALSE	NA	NA	NA	NA	NA	NA
NC_045512.2	12939	T	C	5506	2381	49	1	1	40	0.000181521	5509	0.499955	FALSE	NA	NA	NA	NA	NA	NA
NC_045512.2	12940	G	T	5340	2202	46	9	9	26	0.00168256	5349	1	FALSE	NA	NA	NA	NA	NA	NA
NC_045512.2	12942	A	G	5579	2553	49	1	0	40	0.000179211	5580	0.500045	FALSE	NA	NA	NA	NA	NA	NA
NC_045512.2	12944	T	C	5724	2608	50	1	0	40	0.000174672	5725	0.500044	FALSE	NA	NA	NA	NA	NA	NA
NC_045512.2	12946	T	C	5705	2666	49	1	1	24	0.000175254	5706	1	FALSE	NA	NA	NA	NA	NA	NA
NC_045512.2	12950	T	G	5744	2795	50	2	2	24	0.000348068	5746	1	FALSE	NA	NA	NA	NA	NA	NA
NC_045512.2	12951	A	G	5808	2937	50	2	2	32	0.000344175	5811	0.937556	FALSE	NA	NA	NA	NA	NA	NA
NC_045512.2	12951	A	C	5808	2937	50	1	1	40	0.000172087	5811	0.499957	FALSE	NA	NA	NA	NA	NA	NA
NC_045512.2	12954	T	G	5514	2945	50	1	0	40	0.000181291	5516	0.5	FALSE	NA	NA	NA	NA	NA	NA
NC_045512.2	12954	T	C	5514	2945	50	1	0	40	0.000181291	5516	0.5	FALSE	NA	NA	NA	NA	NA	NA
NC_045512.2	12955	T	G	5521	2947	50	1	1	40	0.000181094	5522	0.500045	FALSE	NA	NA	NA	NA	NA	NA
NC_045512.2	12956	A	C	5504	2976	49	1	1	24	0.000181653	5505	1	FALSE	NA	NA	NA	NA	NA	NA
NC_045512.2	12958	T	G	5543	3063	48	1	1	24	0.000180343	5545	1	FALSE	NA	NA	NA	NA	NA	NA
NC_045512.2	12958	T	C	5543	3063	48	1	0	80	0.000180343	5545	0.5	FALSE	NA	NA	NA	NA	NA	NA
NC_045512.2	12959	A	G	5603	3161	50	1	0	40	0.000178444	5604	0.500045	FALSE	NA	NA	NA	NA	NA	NA
NC_045512.2	12960	A	G	5569	3178	50	2	1	32	0.000359002	5571	0.937588	FALSE	NA	NA	NA	NA	NA	NA
NC_045512.2	12961	A	G	5575	3187	50	2	1	32	0.000358551	5578	0.937559	FALSE	NA	NA	NA	NA	NA	NA
NC_045512.2	12961	A	C	5575	3187	50	1	1	40	0.000179276	5578	0.499955	FALSE	NA	NA	NA	NA	NA	NA
NC_045512.2	12965	T	C	5580	3175	50	1	1	80	0.000179179	5581	0.500045	FALSE	NA	NA	NA	NA	NA	NA
NC_045512.2	12966	T	G	5659	3344	48	1	1	24	0.000176678	5660	1	FALSE	NA	NA	NA	NA	NA	NA
NC_045512.2	12968	A	C	5714	3516	50	3	0	29	0.000524751	5717	1	FALSE	NA	NA	NA	NA	NA	NA
NC_045512.2	12969	A	C	5738	3543	50	2	1	24	0.000348432	5740	1	FALSE	NA	NA	NA	NA	NA	NA
NC_045512.2	12970	C	A	5764	3582	50	1	0	24	0.000173461	5765	1	FALSE	NA	NA	NA	NA	NA	NA
NC_045512.2	12971	A	G	5701	3544	50	2	2	40	0.000350631	5704	0.249978	FALSE	NA	NA	NA	NA	NA	NA
NC_045512.2	12971	A	C	5701	3544	50	1	1	40	0.000175316	5704	0.499956	FALSE	NA	NA	NA	NA	NA	NA
NC_045512.2	12972	A	G	5721	3553	50	1	1	32	0.000174734	5723	0.984395	FALSE	NA	NA	NA	NA	NA	NA
NC_045512.2	12972	A	C	5721	3553	50	1	0	40	0.000174734	5723	0.5	FALSE	NA	NA	NA	NA	NA	NA
NC_045512.2	12973	C	A	5735	3569	50	1	0	24	0.000174338	5736	1	FALSE	NA	NA	NA	NA	NA	NA
NC_045512.2	12974	C	G	5735	3584	50	1	1	40	0.000174338	5736	0.500044	FALSE	NA	NA	NA	NA	NA	NA
NC_045512.2	12975	T	G	6297	4432	52	3	3	24	0.000476115	6301	1	FALSE	NA	NA	NA	NA	NA	NA
NC_045512.2	12975	T	C	6297	4432	52	1	0	24	0.000158705	6301	1	FALSE	NA	NA	NA	NA	NA	NA
NC_045512.2	12976	A	G	6468	4593	53	1	0	80	0.000154583	6469	0.500039	FALSE	NA	NA	NA	NA	NA	NA
NC_045512.2	12977	A	G	6487	4608	53	1	1	24	0.000154131	6488	1	FALSE	NA	NA	NA	NA	NA	NA
NC_045512.2	12978	A	G	6466	4590	53	1	1	40	0.000154631	6467	0.500039	FALSE	NA	NA	NA	NA	NA	NA
NC_045512.2	12981	G	T	5940	4012	48	31	30	28	0.00519089	5972	0.999009	FALSE	NA	NA	NA	NA	NA	NA
NC_045512.2	12981	G	C	5940	4012	48	1	1	40	0.000167448	5972	0.498741	FALSE	NA	NA	NA	NA	NA	NA
NC_045512.2	12982	A	G	6555	4780	54	1	1	40	0.000152532	6556	0.500038	FALSE	NA	NA	NA	NA	NA	NA
NC_045512.2	12983	G	T	6497	4739	52	4	4	24	0.00061529	6501	1	FALSE	NA	NA	NA	NA	NA	NA
NC_045512.2	12984	G	T	6607	4904	51	1	1	24	0.000151332	6608	1	FALSE	NA	NA	NA	NA	NA	NA
NC_045512.2	12985	T	G	6706	5086	55	1	1	40	0.000149076	6708	0.5	FALSE	NA	NA	NA	NA	NA	NA
NC_045512.2	12985	T	C	6706	5086	55	1	0	32	0.000149076	6708	0.9922	FALSE	NA	NA	NA	NA	NA	NA
NC_045512.2	12987	T	G	6702	5090	55	2	2	32	0.000298329	6704	0.964901	FALSE	NA	NA	NA	NA	NA	NA
NC_045512.2	12988	G	T	6725	5113	55	1	1	40	0.000148677	6726	0.500037	FALSE	NA	NA	NA	NA	NA	NA
NC_045512.2	12989	G	C	6887	5283	56	1	0	32	0.00014518	6888	0.992203	FALSE	NA	NA	NA	NA	NA	NA
NC_045512.2	12990	T	G	6891	5345	56	2	2	24	0.000290149	6893	1	FALSE	NA	NA	NA	NA	NA	NA
NC_045512.2	12993	T	G	6706	5271	55	2	2	24	0.000298107	6709	1	FALSE	NA	NA	NA	NA	NA	NA
NC_045512.2	12993	T	C	6706	5271	55	1	1	40	0.000149054	6709	0.499963	FALSE	NA	NA	NA	NA	NA	NA
NC_045512.2	12994	T	G	6711	5273	55	1	1	24	0.000148987	6712	1	FALSE	NA	NA	NA	NA	NA	NA
NC_045512.2	12995	G	A	6746	5335	55	1	1	80	0.000148214	6747	0.500037	FALSE	NA	NA	NA	NA	NA	NA
NC_045512.2	12996	G	T	6315	4892	48	6	6	24	0.000949217	6321	1	FALSE	NA	NA	NA	NA	NA	NA
NC_045512.2	12997	T	G	6705	5294	55	1	1	24	0.00014912	6706	1	FALSE	NA	NA	NA	NA	NA	NA
NC_045512.2	13000	T	G	6537	5157	55	1	1	24	0.000152952	6538	1	FALSE	NA	NA	NA	NA	NA	NA
NC_045512.2	13001	T	C	6537	5163	55	1	1	40	0.000152929	6539	0.5	FALSE	NA	NA	NA	NA	NA	NA
NC_045512.2	13001	T	A	6537	5163	55	1	1	80	0.000152929	6539	0.5	FALSE	NA	NA	NA	NA	NA	NA
NC_045512.2	13003	A	G	6517	5165	55	2	2	80	0.000306796	6519	0.250019	FALSE	NA	NA	NA	NA	NA	NA
NC_045512.2	13005	C	T	6511	5366	53	1	0	80	0.000153563	6512	0.500038	FALSE	NA	NA	NA	NA	NA	NA
NC_045512.2	13006	T	G	6485	5340	53	1	1	24	0.000154178	6486	1	FALSE	NA	NA	NA	NA	NA	NA
NC_045512.2	13011	C	G	6510	5397	52	1	1	40	0.000153586	6511	0.500038	FALSE	NA	NA	NA	NA	NA	NA
NC_045512.2	13013	G	C	6507	5409	52	1	1	32	0.000153657	6508	0.992204	FALSE	NA	NA	NA	NA	NA	NA
NC_045512.2	13014	T	G	6437	5348	51	2	2	32	0.000310559	6440	0.964886	FALSE	NA	NA	NA	NA	NA	NA
NC_045512.2	13014	T	C	6437	5348	51	1	1	40	0.00015528	6440	0.499961	FALSE	NA	NA	NA	NA	NA	NA
NC_045512.2	13016	C	T	6453	5365	52	1	1	40	0.000154943	6454	0.500039	FALSE	NA	NA	NA	NA	NA	NA
NC_045512.2	13020	T	G	6302	5248	51	2	2	24	0.000317259	6304	1	FALSE	NA	NA	NA	NA	NA	NA
NC_045512.2	13021	A	G	6367	5326	51	1	0	80	0.000157035	6368	0.500039	FALSE	NA	NA	NA	NA	NA	NA
NC_045512.2	13024	A	T	6276	5290	51	1	1	40	0.000159312	6277	0.50004	FALSE	NA	NA	NA	NA	NA	NA
NC_045512.2	13028	G	T	6039	5158	51	1	1	80	0.000165563	6040	0.500041	FALSE	NA	NA	NA	NA	NA	NA
NC_045512.2	13029	G	T	5807	4914	47	4	4	28	0.00068835	5811	1	FALSE	NA	NA	NA	NA	NA	NA
NC_045512.2	13030	T	G	6019	5138	50	1	1	24	0.000166085	6021	1	FALSE	NA	NA	NA	NA	NA	NA
NC_045512.2	13030	T	C	6019	5138	50	1	1	24	0.000166085	6021	1	FALSE	NA	NA	NA	NA	NA	NA
NC_045512.2	13031	A	G	6028	5152	50	1	1	40	0.000165865	6029	0.500041	FALSE	NA	NA	NA	NA	NA	NA
NC_045512.2	13032	A	T	6024	5148	50	1	1	40	0.000165948	6026	0.5	FALSE	NA	NA	NA	NA	NA	NA
NC_045512.2	13032	A	G	6024	5148	50	1	0	80	0.000165948	6026	0.5	FALSE	NA	NA	NA	NA	NA	NA
NC_045512.2	13039	A	G	5903	5164	49	3	3	29	0.000507958	5906	1	FALSE	NA	NA	NA	NA	NA	NA
NC_045512.2	13040	G	T	5727	5036	46	3	3	34	0.00052356	5730	0.855612	FALSE	NA	NA	NA	NA	NA	NA
NC_045512.2	13040	G	-A	5727	5036	46	1	0	20	0.00017452	5730	1	FALSE	NA	NA	NA	NA	NA	NA
NC_045512.2	13042	A	G	5838	5165	48	1	1	40	0.000171262	5839	0.500043	FALSE	NA	NA	NA	NA	NA	NA
NC_045512.2	13044	T	C	5652	5006	48	1	1	40	0.000176897	5653	0.500044	FALSE	NA	NA	NA	NA	NA	NA
NC_045512.2	13048	T	G	5572	4973	47	1	1	24	0.000179404	5574	1	FALSE	NA	NA	NA	NA	NA	NA
NC_045512.2	13048	T	C	5572	4973	47	1	1	24	0.000179404	5574	1	FALSE	NA	NA	NA	NA	NA	NA
NC_045512.2	13051	C	T	5573	4985	47	1	1	24	0.000179404	5574	1	FALSE	NA	NA	NA	NA	NA	NA
NC_045512.2	13054	T	G	5515	4934	47	1	1	24	0.000181225	5518	1	FALSE	NA	NA	NA	NA	NA	NA
NC_045512.2	13054	T	C	5515	4934	47	2	1	60	0.00036245	5518	0.249977	FALSE	NA	NA	NA	NA	NA	NA
NC_045512.2	13056	C	T	5522	4945	47	1	1	40	0.000181028	5524	0.5	FALSE	NA	NA	NA	NA	NA	NA
NC_045512.2	13056	C	A	5522	4945	47	1	1	40	0.000181028	5524	0.5	FALSE	NA	NA	NA	NA	NA	NA
NC_045512.2	13059	C	T	5493	4992	46	1	1	24	0.000181951	5496	1	FALSE	NA	NA	NA	NA	NA	NA
NC_045512.2	13059	C	A	5493	4992	46	2	1	32	0.000363901	5496	0.93756	FALSE	NA	NA	NA	NA	NA	NA
NC_045512.2	13060	T	G	5433	4932	46	1	1	40	0.000184026	5434	0.500046	FALSE	NA	NA	NA	NA	NA	NA
NC_045512.2	13063	A	G	5389	4889	46	1	1	40	0.000185529	5390	0.500046	FALSE	NA	NA	NA	NA	NA	NA
NC_045512.2	13064	T	G	5376	4876	46	1	1	40	0.000185977	5377	0.500046	FALSE	NA	NA	NA	NA	NA	NA
NC_045512.2	13065	T	A	5329	4831	46	7	7	40	0.00131184	5336	0.00780225	TRUE	NA	NA	NA	NA	NA	NA
NC_045512.2	13067	T	C	5309	4821	46	1	1	24	0.000188324	5310	1	FALSE	NA	NA	NA	NA	NA	NA
NC_045512.2	13069	T	G	5261	4786	46	2	2	40	0.000380011	5263	0.250024	FALSE	NA	NA	NA	NA	NA	NA
NC_045512.2	13070	T	A	4813	4355	47	1	1	40	0.000207727	4814	0.500052	FALSE	NA	NA	NA	NA	NA	NA
NC_045512.2	13071	T	G	4792	4333	47	1	1	24	0.000208594	4794	1	FALSE	NA	NA	NA	NA	NA	NA
NC_045512.2	13071	T	C	4792	4333	47	1	1	40	0.000208594	4794	0.5	FALSE	NA	NA	NA	NA	NA	NA
NC_045512.2	13072	C	T	4778	4425	44	1	1	24	0.000209249	4779	1	FALSE	NA	NA	NA	NA	NA	NA
NC_045512.2	13073	T	C	4746	4391	45	1	1	40	0.000210659	4747	0.500053	FALSE	NA	NA	NA	NA	NA	NA
NC_045512.2	13082	G	A	4593	4271	45	2	0	80	0.000435256	4595	0.250027	FALSE	NA	NA	NA	NA	NA	NA
NC_045512.2	13083	C	G	4577	4257	45	1	1	40	0.000218436	4578	0.500055	FALSE	NA	NA	NA	NA	NA	NA
NC_045512.2	13085	G	T	4492	4174	44	2	2	24	0.000445038	4494	1	FALSE	NA	NA	NA	NA	NA	NA
NC_045512.2	13086	T	G	4476	4157	44	1	1	24	0.000223364	4477	1	FALSE	NA	NA	NA	NA	NA	NA
NC_045512.2	13087	A	G	4514	4196	45	1	1	32	0.000221435	4516	0.968785	FALSE	NA	NA	NA	NA	NA	NA
NC_045512.2	13087	A	C	4514	4196	45	1	1	40	0.000221435	4516	0.5	FALSE	NA	NA	NA	NA	NA	NA
NC_045512.2	13089	A	G	4495	4185	45	1	1	40	0.00022242	4496	0.500056	FALSE	NA	NA	NA	NA	NA	NA
NC_045512.2	13090	T	G	4482	4172	44	1	1	32	0.000223015	4484	0.968785	FALSE	NA	NA	NA	NA	NA	NA
NC_045512.2	13090	T	C	4482	4172	44	1	1	24	0.000223015	4484	1	FALSE	NA	NA	NA	NA	NA	NA
NC_045512.2	13093	T	G	4225	3982	43	1	1	32	0.000236574	4227	0.968787	FALSE	NA	NA	NA	NA	NA	NA
NC_045512.2	13093	T	C	4225	3982	43	1	1	40	0.000236574	4227	0.5	FALSE	NA	NA	NA	NA	NA	NA
NC_045512.2	13094	G	C	4207	3965	44	3	3	29	0.000712589	4210	1	FALSE	NA	NA	NA	NA	NA	NA
NC_045512.2	13097	A	G	4181	3948	43	1	1	24	0.00023912	4182	1	FALSE	NA	NA	NA	NA	NA	NA
NC_045512.2	13099	A	T	4155	3923	43	1	1	40	0.000240616	4156	0.50006	FALSE	NA	NA	NA	NA	NA	NA
NC_045512.2	13103	T	G	4128	3439	42	2	2	24	0.000484144	4131	1	FALSE	NA	NA	NA	NA	NA	NA
NC_045512.2	13103	T	C	4128	3439	42	1	0	24	0.000242072	4131	1	FALSE	NA	NA	NA	NA	NA	NA
NC_045512.2	13106	A	G	4158	3478	43	1	1	40	0.000240442	4159	0.50006	FALSE	NA	NA	NA	NA	NA	NA
NC_045512.2	13107	A	G	4163	3487	43	2	2	40	0.000480192	4165	0.25003	FALSE	NA	NA	NA	NA	NA	NA
NC_045512.2	13111	T	G	3971	3231	43	1	1	40	0.000251762	3972	0.500063	FALSE	NA	NA	NA	NA	NA	NA
NC_045512.2	13112	T	G	3922	3172	43	7	7	33	0.00178072	3931	0.171614	FALSE	NA	NA	NA	NA	NA	NA
NC_045512.2	13112	T	C	3922	3172	43	1	1	40	0.000254388	3931	0.499554	FALSE	NA	NA	NA	NA	NA	NA
NC_045512.2	13112	T	A	3922	3172	43	1	1	24	0.000254388	3931	1	FALSE	NA	NA	NA	NA	NA	NA
NC_045512.2	13114	T	G	3967	3223	42	4	4	32	0.0010073	3971	0.500138	FALSE	NA	NA	NA	NA	NA	NA
NC_045512.2	13116	T	G	3948	3207	42	2	2	32	0.000506329	3950	0.812658	FALSE	NA	NA	NA	NA	NA	NA
NC_045512.2	13121	A	T	307	31	42	422	41	43	0.578875	729	6.20953e-166	TRUE	NA	NA	NA	NA	NA	NA
NC_045512.2	13124	G	T	762	73	42	1	0	40	0.0013089	764	0.5	FALSE	NA	NA	NA	NA	NA	NA
NC_045512.2	13124	G	A	762	73	42	1	0	40	0.0013089	764	0.5	FALSE	NA	NA	NA	NA	NA	NA
NC_045512.2	13129	A	C	792	78	43	1	0	24	0.00126103	793	0.996182	FALSE	NA	NA	NA	NA	NA	NA
NC_045512.2	13131	A	C	812	81	43	1	0	24	0.00123001	813	0.9981	FALSE	NA	NA	NA	NA	NA	NA
NC_045512.2	13132	A	C	840	83	42	1	0	24	0.00118906	841	0.998099	FALSE	NA	NA	NA	NA	NA	NA
NC_045512.2	13154	A	C	1051	100	43	1	0	24	0.00095057	1052	0.999527	FALSE	NA	NA	NA	NA	NA	NA
NC_045512.2	13157	T	C	1102	106	43	2	0	24	0.00181159	1104	0.998342	FALSE	NA	NA	NA	NA	NA	NA
NC_045512.2	13163	A	C	1239	123	43	1	0	24	0.000806452	1240	0.999882	FALSE	NA	NA	NA	NA	NA	NA
NC_045512.2	13164	C	T	1248	123	44	1	0	40	0.000800641	1249	0.5002	FALSE	NA	NA	NA	NA	NA	NA
NC_045512.2	13169	A	G	1458	147	44	1	0	40	0.000684932	1460	0.5	FALSE	NA	NA	NA	NA	NA	NA
NC_045512.2	13169	A	C	1458	147	44	1	0	24	0.000684932	1460	0.999971	FALSE	NA	NA	NA	NA	NA	NA
NC_045512.2	13170	C	A	1492	149	44	1	0	40	0.000669792	1493	0.500168	FALSE	NA	NA	NA	NA	NA	NA
NC_045512.2	13173	G	A	1558	160	44	2	0	40	0.00128205	1560	0.25008	FALSE	NA	NA	NA	NA	NA	NA
NC_045512.2	13174	T	C	1565	162	44	1	0	24	0.00063857	1566	0.999985	FALSE	NA	NA	NA	NA	NA	NA
NC_045512.2	13178	G	A	1593	162	44	1	0	24	0.000627353	1594	0.999985	FALSE	NA	NA	NA	NA	NA	NA
NC_045512.2	13181	C	T	1590	183	45	2	0	40	0.00125549	1593	0.249921	FALSE	NA	NA	NA	NA	NA	NA
NC_045512.2	13181	C	G	1590	183	45	1	0	24	0.000627746	1593	0.999985	FALSE	NA	NA	NA	NA	NA	NA
NC_045512.2	13182	A	C	1590	182	45	2	1	32	0.00125628	1592	0.500236	FALSE	NA	NA	NA	NA	NA	NA
NC_045512.2	13186	A	G	1658	191	46	1	0	40	0.000602773	1659	0.500151	FALSE	NA	NA	NA	NA	NA	NA
NC_045512.2	13193	G	A	1722	193	46	1	0	40	0.000580383	1723	0.500145	FALSE	NA	NA	NA	NA	NA	NA
NC_045512.2	13198	A	G	1720	214	46	1	0	24	0.000581058	1721	0.999996	FALSE	NA	NA	NA	NA	NA	NA
NC_045512.2	13203	A	C	1736	229	47	1	0	40	0.000575705	1737	0.500144	FALSE	NA	NA	NA	NA	NA	NA
NC_045512.2	13204	A	C	1764	232	47	1	0	40	0.000566572	1765	0.500142	FALSE	NA	NA	NA	NA	NA	NA
NC_045512.2	13213	G	A	1784	247	48	1	0	40	0.000560224	1785	0.50014	FALSE	NA	NA	NA	NA	NA	NA
NC_045512.2	13217	C	A	1793	259	49	1	0	40	0.000557414	1794	0.500139	FALSE	NA	NA	NA	NA	NA	NA
NC_045512.2	13219	A	C	1786	269	49	1	0	24	0.000559597	1787	0.999996	FALSE	NA	NA	NA	NA	NA	NA
NC_045512.2	13221	A	G	1798	272	49	1	0	40	0.000555864	1799	0.500139	FALSE	NA	NA	NA	NA	NA	NA
NC_045512.2	13222	A	C	1796	274	49	1	0	40	0.000556483	1797	0.500139	FALSE	NA	NA	NA	NA	NA	NA
NC_045512.2	13224	C	A	1813	275	49	1	0	24	0.000551268	1814	0.999998	FALSE	NA	NA	NA	NA	NA	NA
NC_045512.2	13237	A	C	1808	434	54	1	0	40	0.000552792	1809	0.500138	FALSE	NA	NA	NA	NA	NA	NA
NC_045512.2	13246	T	G	1724	499	53	1	0	40	0.00057971	1725	0.500145	FALSE	NA	NA	NA	NA	NA	NA
NC_045512.2	13248	T	-G	1654	567	54	1	0	20	0.000604595	1654	0.999993	FALSE	NA	NA	NA	NA	NA	NA
NC_045512.2	13249	G	T	1673	568	54	1	0	40	0.000597372	1674	0.5	FALSE	NA	NA	NA	NA	NA	NA
NC_045512.2	13253	T	A	1644	560	53	1	0	80	0.000607903	1645	0.500152	FALSE	NA	NA	NA	NA	NA	NA
NC_045512.2	13259	T	C	1670	665	55	1	0	80	0.000598444	1671	0.50015	FALSE	NA	NA	NA	NA	NA	NA
NC_045512.2	13262	C	A	1661	705	55	2	0	32	0.00120265	1663	0.500226	FALSE	NA	NA	NA	NA	NA	NA
NC_045512.2	13270	T	C	1703	807	57	1	1	80	0.000586854	1704	0.500147	FALSE	NA	NA	NA	NA	NA	NA
NC_045512.2	13276	A	G	1718	893	58	1	1	80	0.000581734	1719	0.500145	FALSE	NA	NA	NA	NA	NA	NA
NC_045512.2	13278	A	G	1705	889	57	2	1	32	0.00117165	1707	0.50022	FALSE	NA	NA	NA	NA	NA	NA
NC_045512.2	13284	A	G	1722	960	58	1	1	24	0.000580383	1723	0.999996	FALSE	NA	NA	NA	NA	NA	NA
NC_045512.2	13288	A	-T	1732	981	58	2	0	20	0.00115473	1732	0.999964	FALSE	NA	NA	NA	NA	NA	NA
NC_045512.2	13291	T	G	1719	997	57	1	1	24	0.000581395	1720	0.999996	FALSE	NA	NA	NA	NA	NA	NA
NC_045512.2	13292	T	G	1709	988	57	1	1	40	0.000584795	1710	0.500146	FALSE	NA	NA	NA	NA	NA	NA
NC_045512.2	13297	C	T	1708	1047	56	1	1	40	0.000585138	1709	0.500146	FALSE	NA	NA	NA	NA	NA	NA
NC_045512.2	13298	T	G	1709	1039	56	1	1	24	0.000584795	1710	0.999996	FALSE	NA	NA	NA	NA	NA	NA
NC_045512.2	13299	T	G	1693	1024	54	2	2	24	0.00117994	1695	0.99993	FALSE	NA	NA	NA	NA	NA	NA
NC_045512.2	13300	A	G	1713	1052	57	1	1	64	0.000583431	1714	0.500146	FALSE	NA	NA	NA	NA	NA	NA
NC_045512.2	13310	T	C	1716	1157	54	1	0	80	0.000582411	1717	0.500146	FALSE	NA	NA	NA	NA	NA	NA
NC_045512.2	13312	T	G	1691	1157	54	1	1	24	0.000591017	1692	0.999993	FALSE	NA	NA	NA	NA	NA	NA
NC_045512.2	13313	G	A	1694	1158	54	1	1	40	0.000589971	1695	0.500148	FALSE	NA	NA	NA	NA	NA	NA
NC_045512.2	13314	T	G	1683	1149	54	1	1	24	0.000593824	1684	0.999993	FALSE	NA	NA	NA	NA	NA	NA
NC_045512.2	13315	A	C	1690	1163	53	1	0	40	0.000591366	1691	0.500148	FALSE	NA	NA	NA	NA	NA	NA
NC_045512.2	13318	A	G	1650	1142	54	3	0	80	0.00181488	1653	0.125	FALSE	NA	NA	NA	NA	NA	NA
NC_045512.2	13324	T	C	1757	1463	50	2	2	40	0.00113701	1759	0.250071	FALSE	NA	NA	NA	NA	NA	NA
NC_045512.2	13336	T	C	1706	1469	49	1	1	40	0.000585823	1707	0.500146	FALSE	NA	NA	NA	NA	NA	NA
NC_045512.2	13339	T	C	1	1	40	1705	1468	49	0.999414	1706	0	TRUE	NA	NA	NA	NA	NA	NA
NC_045512.2	13343	C	T	1676	1469	48	1	1	40	0.000596303	1677	0.500149	FALSE	NA	NA	NA	NA	NA	NA
NC_045512.2	13345	T	C	1663	1461	48	1	1	40	0.000600962	1664	0.50015	FALSE	NA	NA	NA	NA	NA	NA
NC_045512.2	13349	G	A	1660	1458	48	1	1	40	0.000602047	1661	0.500151	FALSE	NA	NA	NA	NA	NA	NA
NC_045512.2	13350	G	T	1631	1433	47	1	1	40	0.000612745	1632	0.500153	FALSE	NA	NA	NA	NA	NA	NA
NC_045512.2	13352	T	G	1603	1406	47	1	1	24	0.000623053	1605	0.999993	FALSE	NA	NA	NA	NA	NA	NA
NC_045512.2	13352	T	C	1603	1406	47	1	1	40	0.000623053	1605	0.5	FALSE	NA	NA	NA	NA	NA	NA
NC_045512.2	13354	T	G	1603	1403	46	1	1	24	0.000623441	1604	0.999993	FALSE	NA	NA	NA	NA	NA	NA
NC_045512.2	13355	A	C	1621	1445	47	1	0	24	0.000616523	1622	0.999993	FALSE	NA	NA	NA	NA	NA	NA
NC_045512.2	13363	A	G	1569	1407	46	1	1	40	0.000636943	1570	0.500159	FALSE	NA	NA	NA	NA	NA	NA
NC_045512.2	13364	A	G	1570	1410	46	1	1	64	0.000636537	1571	0.500159	FALSE	NA	NA	NA	NA	NA	NA
NC_045512.2	13379	G	-T	1334	1211	45	1	0	20	0.000749625	1334	0.999942	FALSE	NA	NA	NA	NA	NA	NA
NC_045512.2	13384	C	T	1243	1137	45	1	1	24	0.000803859	1244	0.999882	FALSE	NA	NA	NA	NA	NA	NA
NC_045512.2	13393	G	T	1033	946	37	2	2	32	0.00193237	1035	0.500363	FALSE	NA	NA	NA	NA	NA	NA
NC_045512.2	13394	A	G	1187	1101	44	1	1	32	0.000841751	1188	0.750316	FALSE	NA	NA	NA	NA	NA	NA
NC_045512.2	13400	T	G	1082	1018	43	1	1	24	0.000923361	1083	0.999526	FALSE	NA	NA	NA	NA	NA	NA
NC_045512.2	13406	T	C	899	841	43	1	1	24	0.00111111	900	0.999048	FALSE	NA	NA	NA	NA	NA	NA
NC_045512.2	13407	G	T	881	823	41	2	2	24	0.00226501	883	0.989481	FALSE	NA	NA	NA	NA	NA	NA
NC_045512.2	13411	T	G	871	814	43	1	1	24	0.00114679	872	0.998097	FALSE	NA	NA	NA	NA	NA	NA
NC_045512.2	13414	T	G	752	702	43	1	1	40	0.00132802	753	0.500332	FALSE	NA	NA	NA	NA	NA	NA
NC_045512.2	13417	T	G	751	702	43	1	1	32	0.00132979	752	0.500333	FALSE	NA	NA	NA	NA	NA	NA
NC_045512.2	13417	T	-C	751	702	43	1	0	20	0.00132979	752	0.996187	FALSE	NA	NA	NA	NA	NA	NA
NC_045512.2	13420	A	C	694	649	43	2	2	40	0.00287356	696	0.25018	FALSE	NA	NA	NA	NA	NA	NA
NC_045512.2	13421	C	A	699	655	43	1	0	24	0.00142857	700	0.996172	FALSE	NA	NA	NA	NA	NA	NA
NC_045512.2	13427	G	A	173	160	43	420	395	43	0.708263	593	1.13908e-179	TRUE	NA	NA	NA	NA	NA	NA
NC_045512.2	13433	A	C	145	132	42	1	1	40	0.00684932	146	0.501718	FALSE	NA	NA	NA	NA	NA	NA
NC_045512.2	13439	C	T	6713	439	35	1	0	40	0.000148588	6730	0.499442	FALSE	NA	NA	NA	NA	NA	NA
NC_045512.2	13439	C	A	6713	439	35	16	0	26	0.00237741	6730	1	FALSE	NA	NA	NA	NA	NA	NA
NC_045512.2	13440	A	C	7281	442	39	6	0	24	0.000823384	7287	1	FALSE	NA	NA	NA	NA	NA	NA
NC_045512.2	13441	G	C	7456	439	39	7	0	30	0.000937584	7466	0.604589	FALSE	NA	NA	NA	NA	NA	NA
NC_045512.2	13441	G	A	7456	439	39	3	0	40	0.000401822	7466	0.124824	FALSE	NA	NA	NA	NA	NA	NA
NC_045512.2	13442	T	C	7486	452	40	1	0	40	0.000133565	7487	0.500033	FALSE	NA	NA	NA	NA	NA	NA
NC_045512.2	13443	C	T	7582	458	40	1	0	24	0.000131718	7592	1	FALSE	NA	NA	NA	NA	NA	NA
NC_045512.2	13443	C	G	7582	458	40	4	0	40	0.00052687	7592	0.062393	FALSE	NA	NA	NA	NA	NA	NA
NC_045512.2	13443	C	A	7582	458	40	5	0	30	0.000658588	7592	0.805993	FALSE	NA	NA	NA	NA	NA	NA
NC_045512.2	13444	A	G	7569	443	39	4	0	32	0.000527983	7576	0.886719	FALSE	NA	NA	NA	NA	NA	NA
NC_045512.2	13444	A	C	7569	443	39	3	2	34	0.000395987	7576	0.945301	FALSE	NA	NA	NA	NA	NA	NA
NC_045512.2	13445	G	A	8746	467	40	1	0	40	0.000114325	8747	0.500029	FALSE	NA	NA	NA	NA	NA	NA
NC_045512.2	13446	C	T	8964	468	40	2	0	40	0.000223015	8968	0.249958	FALSE	NA	NA	NA	NA	NA	NA
NC_045512.2	13446	C	G	8964	468	40	2	0	32	0.000223015	8968	0.98927	FALSE	NA	NA	NA	NA	NA	NA
NC_045512.2	13447	T	C	8969	456	40	1	0	24	0.000111483	8970	1	FALSE	NA	NA	NA	NA	NA	NA
NC_045512.2	13448	G	T	8969	460	40	4	1	36	0.000445633	8976	0.927015	FALSE	NA	NA	NA	NA	NA	NA
NC_045512.2	13448	G	C	8969	460	40	3	0	34	0.000334225	8976	0.967285	FALSE	NA	NA	NA	NA	NA	NA
NC_045512.2	13449	A	G	9313	493	40	3	0	24	0.000322027	9316	1	FALSE	NA	NA	NA	NA	NA	NA
NC_045512.2	13450	T	C	9360	488	40	2	0	32	0.00021363	9362	0.994155	FALSE	NA	NA	NA	NA	NA	NA
NC_045512.2	13451	G	A	9590	494	40	1	0	40	0.000104264	9591	0.500026	FALSE	NA	NA	NA	NA	NA	NA
NC_045512.2	13453	A	G	9566	502	40	1	0	40	0.000104526	9567	0.500026	FALSE	NA	NA	NA	NA	NA	NA
NC_045512.2	13455	A	G	9632	479	40	1	1	40	0.000103778	9636	0.499948	FALSE	NA	NA	NA	NA	NA	NA
NC_045512.2	13455	A	C	9632	479	40	3	1	29	0.000311333	9636	1	FALSE	NA	NA	NA	NA	NA	NA
NC_045512.2	13456	A	C	9614	446	40	5	0	33	0.000519805	9619	0.910328	FALSE	NA	NA	NA	NA	NA	NA
NC_045512.2	13457	T	C	9668	447	40	1	0	40	0.000103423	9669	0.500026	FALSE	NA	NA	NA	NA	NA	NA
NC_045512.2	13458	C	T	9635	449	39	1	0	24	0.000103745	9639	1	FALSE	NA	NA	NA	NA	NA	NA
NC_045512.2	13458	C	G	9635	449	39	3	0	40	0.000311236	9639	0.124981	FALSE	NA	NA	NA	NA	NA	NA
NC_045512.2	13459	G	C	9652	451	40	1	0	40	0.000103584	9654	0.5	FALSE	NA	NA	NA	NA	NA	NA
NC_045512.2	13459	G	A	9652	451	40	1	0	40	0.000103584	9654	0.5	FALSE	NA	NA	NA	NA	NA	NA
NC_045512.2	13462	T	C	9891	454	40	4	0	30	0.000404245	9895	0.953928	FALSE	NA	NA	NA	NA	NA	NA
NC_045512.2	13464	T	C	9948	468	40	1	0	40	0.000100513	9949	0.500025	FALSE	NA	NA	NA	NA	NA	NA
NC_045512.2	13467	A	C	9931	494	40	2	0	32	0.000201349	9933	0.994154	FALSE	NA	NA	NA	NA	NA	NA
NC_045512.2	13468	C	A	9847	496	39	2	0	24	0.000203066	9849	1	FALSE	NA	NA	NA	NA	NA	NA
NC_045512.2	13472	T	C	11120	522	40	1	0	40	8.992e-05	11121	0.750034	FALSE	NA	NA	NA	NA	NA	NA
NC_045512.2	13473	T	G	11131	520	41	2	1	24	0.000179598	11136	1	FALSE	NA	NA	NA	NA	NA	NA
NC_045512.2	13473	T	C	11131	520	41	3	0	34	0.000269397	11136	0.993541	FALSE	NA	NA	NA	NA	NA	NA
NC_045512.2	13474	T	G	11123	520	41	2	0	32	0.000179582	11137	0.998286	FALSE	NA	NA	NA	NA	NA	NA
NC_045512.2	13474	T	C	11123	520	41	12	0	40	0.00107749	11137	0.00170386	TRUE	NA	NA	NA	NA	NA	NA
NC_045512.2	13475	G	A	11149	524	41	1	0	24	8.96861e-05	11150	1	FALSE	NA	NA	NA	NA	NA	NA
NC_045512.2	13476	C	T	11253	556	40	5	0	40	0.000444129	11258	0.109365	FALSE	NA	NA	NA	NA	NA	NA
NC_045512.2	13479	T	G	13911	602	41	1	0	24	7.18701e-05	13914	1	FALSE	NA	NA	NA	NA	NA	NA
NC_045512.2	13479	T	C	13911	602	41	2	0	40	0.00014374	13914	0.5	FALSE	NA	NA	NA	NA	NA	NA
NC_045512.2	13480	G	A	13938	605	41	4	0	40	0.000286903	13942	0.1875	FALSE	NA	NA	NA	NA	NA	NA
NC_045512.2	13481	T	C	13967	602	41	1	0	40	7.15922e-05	13968	0.750027	FALSE	NA	NA	NA	NA	NA	NA
NC_045512.2	13481	T	-A	13967	602	41	1	0	20	7.15922e-05	13968	1	FALSE	NA	NA	NA	NA	NA	NA
NC_045512.2	13482	A	C	13881	633	40	4	0	28	0.000288081	13885	1	FALSE	NA	NA	NA	NA	NA	NA
NC_045512.2	13483	A	G	14113	635	41	2	0	40	0.000141623	14122	0.499841	FALSE	NA	NA	NA	NA	NA	NA
NC_045512.2	13483	A	C	14113	635	41	7	0	33	0.00049568	14122	0.960864	FALSE	NA	NA	NA	NA	NA	NA
NC_045512.2	13484	G	T	14764	639	41	1	0	40	6.77277e-05	14765	0.750025	FALSE	NA	NA	NA	NA	NA	NA
NC_045512.2	13485	T	C	14772	643	41	1	0	24	6.76911e-05	14773	1	FALSE	NA	NA	NA	NA	NA	NA
NC_045512.2	13486	G	A	14755	644	41	2	0	40	0.000135529	14757	0.500025	FALSE	NA	NA	NA	NA	NA	NA
NC_045512.2	13487	C	T	14774	643	41	2	1	60	0.000135345	14777	0.249992	FALSE	NA	NA	NA	NA	NA	NA
NC_045512.2	13487	C	G	14774	643	41	1	0	40	6.76727e-05	14777	0.749992	FALSE	NA	NA	NA	NA	NA	NA
NC_045512.2	13488	A	G	14744	643	41	5	1	48	0.000338983	14750	0.109351	FALSE	NA	NA	NA	NA	NA	NA
NC_045512.2	13488	A	C	14744	643	41	1	0	24	6.77966e-05	14750	1	FALSE	NA	NA	NA	NA	NA	NA
NC_045512.2	13489	G	C	14885	641	41	4	0	40	0.000268655	14889	0.1875	FALSE	NA	NA	NA	NA	NA	NA
NC_045512.2	13490	C	T	14936	727	41	2	0	40	0.000133887	14938	0.500025	FALSE	NA	NA	NA	NA	NA	NA
NC_045512.2	13491	C	G	14875	733	41	4	0	36	0.000268709	14886	0.99623	FALSE	NA	NA	NA	NA	NA	NA
NC_045512.2	13491	C	A	14875	733	41	7	0	24	0.00047024	14886	1	FALSE	NA	NA	NA	NA	NA	NA
NC_045512.2	13492	C	T	15053	733	41	1	0	40	6.64275e-05	15054	0.750025	FALSE	NA	NA	NA	NA	NA	NA
NC_045512.2	13493	G	A	27265	928	41	3	0	24	0.000110019	27268	1	FALSE	NA	NA	NA	NA	NA	NA
NC_045512.2	13494	T	G	27353	947	41	2	0	24	7.31101e-05	27356	1	FALSE	NA	NA	NA	NA	NA	NA
NC_045512.2	13494	T	C	27353	947	41	1	1	24	3.65551e-05	27356	1	FALSE	NA	NA	NA	NA	NA	NA
NC_045512.2	13495	C	A	27458	954	40	3	0	24	0.000109246	27461	1	FALSE	NA	NA	NA	NA	NA	NA
NC_045512.2	13496	T	G	27555	954	41	2	0	32	7.25742e-05	27558	1	FALSE	NA	NA	NA	NA	NA	NA
NC_045512.2	13496	T	C	27555	954	41	1	0	40	3.62871e-05	27558	0.875	FALSE	NA	NA	NA	NA	NA	NA
NC_045512.2	13497	T	G	27546	1100	41	2	0	32	7.25953e-05	27550	1	FALSE	NA	NA	NA	NA	NA	NA
NC_045512.2	13497	T	C	27546	1100	41	2	0	40	7.25953e-05	27550	0.687493	FALSE	NA	NA	NA	NA	NA	NA
NC_045512.2	13498	A	G	27431	1119	41	2	0	40	7.2873e-05	27445	0.687356	FALSE	NA	NA	NA	NA	NA	NA
NC_045512.2	13498	A	C	27431	1119	41	12	0	24	0.000437238	27445	1	FALSE	NA	NA	NA	NA	NA	NA
NC_045512.2	13499	C	T	26728	1153	33	2	0	32	7.48139e-05	26733	1	FALSE	NA	NA	NA	NA	NA	NA
NC_045512.2	13499	C	G	26728	1153	33	2	0	40	7.48139e-05	26733	0.687479	FALSE	NA	NA	NA	NA	NA	NA
NC_045512.2	13499	C	A	26728	1153	33	1	0	24	3.7407e-05	26733	1	FALSE	NA	NA	NA	NA	NA	NA
NC_045512.2	13500	A	G	27399	1155	41	2	0	40	7.29767e-05	27406	0.687452	FALSE	NA	NA	NA	NA	NA	NA
NC_045512.2	13500	A	C	27399	1155	41	5	0	24	0.000182442	27406	1	FALSE	NA	NA	NA	NA	NA	NA
NC_045512.2	13502	C	T	27748	1176	42	3	1	53	0.0001081	27752	0.124993	FALSE	NA	NA	NA	NA	NA	NA
NC_045512.2	13502	C	G	27748	1176	42	1	0	40	3.60334e-05	27752	0.874993	FALSE	NA	NA	NA	NA	NA	NA
NC_045512.2	13503	G	T	29147	1203	42	1	0	24	3.43018e-05	29153	1	FALSE	NA	NA	NA	NA	NA	NA
NC_045512.2	13503	G	A	29147	1203	42	5	0	36	0.000171509	29153	0.999997	FALSE	NA	NA	NA	NA	NA	NA
NC_045512.2	13504	T	G	29198	1287	42	7	0	35	0.000239554	29221	0.999965	FALSE	NA	NA	NA	NA	NA	NA
NC_045512.2	13504	T	C	29198	1287	42	16	0	32	0.000547551	29221	0.982156	FALSE	NA	NA	NA	NA	NA	NA
NC_045512.2	13506	C	T	28733	1307	41	25	2	39	0.00086881	28775	0.707823	FALSE	NA	NA	NA	NA	NA	NA
NC_045512.2	13506	C	G	28733	1307	41	14	0	37	0.000486533	28775	0.990183	FALSE	NA	NA	NA	NA	NA	NA
NC_045512.2	13506	C	A	28733	1307	41	3	0	24	0.000104257	28775	1	FALSE	NA	NA	NA	NA	NA	NA
NC_045512.2	13507	G	C	29167	1299	42	5	0	33	0.000171374	29176	0.999997	FALSE	NA	NA	NA	NA	NA	NA
NC_045512.2	13507	G	A	29167	1299	42	4	1	46	0.000137099	29176	0.343678	FALSE	NA	NA	NA	NA	NA	NA
NC_045512.2	13508	G	T	29944	1325	42	1	0	24	3.33901e-05	29949	1	FALSE	NA	NA	NA	NA	NA	NA
NC_045512.2	13508	G	C	29944	1325	42	2	0	40	6.67802e-05	29949	0.687481	FALSE	NA	NA	NA	NA	NA	NA
NC_045512.2	13508	G	A	29944	1325	42	2	0	40	6.67802e-05	29949	0.687481	FALSE	NA	NA	NA	NA	NA	NA
NC_045512.2	13509	C	T	29897	1491	42	3	0	40	0.000100331	29901	0.5	FALSE	NA	NA	NA	NA	NA	NA
NC_045512.2	13509	C	G	29897	1491	42	1	0	40	3.34437e-05	29901	0.874994	FALSE	NA	NA	NA	NA	NA	NA
NC_045512.2	13510	A	G	29878	1492	42	2	1	60	6.69299e-05	29882	0.249987	FALSE	NA	NA	NA	NA	NA	NA
NC_045512.2	13510	A	C	29878	1492	42	2	0	24	6.69299e-05	29882	1	FALSE	NA	NA	NA	NA	NA	NA
NC_045512.2	13511	C	T	29962	1494	42	4	0	40	0.000133485	29966	0.343758	FALSE	NA	NA	NA	NA	NA	NA
NC_045512.2	13512	A	T	29885	1495	42	1	0	40	3.34515e-05	29894	0.874962	FALSE	NA	NA	NA	NA	NA	NA
NC_045512.2	13512	A	G	29885	1495	42	5	0	36	0.000167258	29894	0.999997	FALSE	NA	NA	NA	NA	NA	NA
NC_045512.2	13512	A	C	29885	1495	42	3	0	34	0.000100355	29894	1	FALSE	NA	NA	NA	NA	NA	NA
NC_045512.2	13512	A	-G	29885	1495	42	3	0	20	0.000100355	29894	1	FALSE	NA	NA	NA	NA	NA	NA
NC_045512.2	13513	G	T	30684	1503	42	2	0	40	6.51721e-05	30688	0.812469	FALSE	NA	NA	NA	NA	NA	NA
NC_045512.2	13513	G	A	30684	1503	42	2	0	32	6.51721e-05	30688	1	FALSE	NA	NA	NA	NA	NA	NA
NC_045512.2	13514	G	C	30741	1643	43	1	0	40	3.25288e-05	30742	0.93751	FALSE	NA	NA	NA	NA	NA	NA
NC_045512.2	13515	C	T	32775	1711	42	1	0	40	3.05092e-05	32777	0.937506	FALSE	NA	NA	NA	NA	NA	NA
NC_045512.2	13515	C	A	32775	1711	42	1	0	24	3.05092e-05	32777	1	FALSE	NA	NA	NA	NA	NA	NA
NC_045512.2	13516	A	G	32664	1712	42	5	0	33	0.000152985	32683	0.999999	FALSE	NA	NA	NA	NA	NA	NA
NC_045512.2	13516	A	C	32664	1712	42	14	0	28	0.000428357	32683	1	FALSE	NA	NA	NA	NA	NA	NA
NC_045512.2	13517	C	T	33809	1880	43	2	0	40	5.91506e-05	33812	0.812509	FALSE	NA	NA	NA	NA	NA	NA
NC_045512.2	13517	C	A	33809	1880	43	1	0	24	2.95753e-05	33812	1	FALSE	NA	NA	NA	NA	NA	NA
NC_045512.2	13518	T	C	33800	1902	43	1	0	40	2.95849e-05	33801	0.937509	FALSE	NA	NA	NA	NA	NA	NA
NC_045512.2	13519	A	G	33725	1907	43	4	0	32	0.000118578	33733	1	FALSE	NA	NA	NA	NA	NA	NA
NC_045512.2	13519	A	C	33725	1907	43	4	0	24	0.000118578	33733	1	FALSE	NA	NA	NA	NA	NA	NA
NC_045512.2	13520	G	A	34993	1928	43	1	0	24	2.85763e-05	34994	1	FALSE	NA	NA	NA	NA	NA	NA
NC_045512.2	13521	T	G	35087	1978	43	3	0	29	8.5492e-05	35091	1	FALSE	NA	NA	NA	NA	NA	NA
NC_045512.2	13521	T	A	35087	1978	43	1	0	40	2.84973e-05	35091	0.937498	FALSE	NA	NA	NA	NA	NA	NA
NC_045512.2	13522	A	T	34717	1996	43	1	0	40	2.87853e-05	34740	0.93743	FALSE	NA	NA	NA	NA	NA	NA
NC_045512.2	13522	A	G	34717	1996	43	2	0	32	5.75705e-05	34740	1	FALSE	NA	NA	NA	NA	NA	NA
NC_045512.2	13522	A	C	34717	1996	43	20	0	30	0.000575705	34740	0.979916	FALSE	NA	NA	NA	NA	NA	NA
NC_045512.2	13523	C	T	35193	2230	43	1	0	40	2.84139e-05	35194	0.937509	FALSE	NA	NA	NA	NA	NA	NA
NC_045512.2	13524	T	C	35195	2233	44	7	0	35	0.000198852	35202	0.999999	FALSE	NA	NA	NA	NA	NA	NA
NC_045512.2	13525	G	T	35220	2237	44	1	0	80	2.83913e-05	35222	0.5	FALSE	NA	NA	NA	NA	NA	NA
NC_045512.2	13525	G	A	35220	2237	44	1	0	40	2.83913e-05	35222	0.937505	FALSE	NA	NA	NA	NA	NA	NA
NC_045512.2	13526	A	G	35173	2266	44	2	0	40	5.68473e-05	35182	0.812456	FALSE	NA	NA	NA	NA	NA	NA
NC_045512.2	13526	A	C	35173	2266	44	7	0	35	0.000198965	35182	0.999999	FALSE	NA	NA	NA	NA	NA	NA
NC_045512.2	13527	T	C	35296	2388	44	2	0	32	5.66604e-05	35298	1	FALSE	NA	NA	NA	NA	NA	NA
NC_045512.2	13528	G	T	38696	2468	43	2	0	32	5.16716e-05	38706	1	FALSE	NA	NA	NA	NA	NA	NA
NC_045512.2	13528	G	C	38696	2468	43	6	0	34	0.000155015	38706	1	FALSE	NA	NA	NA	NA	NA	NA
NC_045512.2	13528	G	A	38696	2468	43	2	0	40	5.16716e-05	38706	0.812452	FALSE	NA	NA	NA	NA	NA	NA
NC_045512.2	13529	T	G	38815	2576	44	1	0	40	2.57606e-05	38819	0.937498	FALSE	NA	NA	NA	NA	NA	NA
NC_045512.2	13529	T	C	38815	2576	44	2	1	60	5.15212e-05	38819	0.24999	FALSE	NA	NA	NA	NA	NA	NA
NC_045512.2	13529	T	A	38815	2576	44	1	0	40	2.57606e-05	38819	0.937498	FALSE	NA	NA	NA	NA	NA	NA
NC_045512.2	13530	C	T	38897	2596	44	11	0	43	0.000282667	38915	0.0286567	FALSE	NA	NA	NA	NA	NA	NA
NC_045512.2	13530	C	A	38897	2596	44	7	0	30	0.000179879	38915	1	FALSE	NA	NA	NA	NA	NA	NA
NC_045512.2	13531	G	C	39225	2609	44	2	0	32	5.09749e-05	39235	1	FALSE	NA	NA	NA	NA	NA	NA
NC_045512.2	13531	G	A	39225	2609	44	8	0	38	0.0002039	39235	0.999999	FALSE	NA	NA	NA	NA	NA	NA
NC_045512.2	13532	T	C	39261	2660	44	8	1	41	0.000203723	39269	0.113273	FALSE	NA	NA	NA	NA	NA	NA
NC_045512.2	13533	A	G	39600	2698	44	2	0	40	5.0491e-05	39611	0.812445	FALSE	NA	NA	NA	NA	NA	NA
NC_045512.2	13533	A	C	39600	2698	44	9	0	31	0.00022721	39611	0.999998	FALSE	NA	NA	NA	NA	NA	NA
NC_045512.2	13534	T	G	39829	2692	44	1	0	24	2.51061e-05	39831	1	FALSE	NA	NA	NA	NA	NA	NA
NC_045512.2	13534	T	C	39829	2692	44	1	0	40	2.51061e-05	39831	0.937505	FALSE	NA	NA	NA	NA	NA	NA
NC_045512.2	13535	A	C	39633	2701	44	3	0	29	7.56888e-05	39636	1	FALSE	NA	NA	NA	NA	NA	NA
NC_045512.2	13536	C	T	39812	2697	44	3	1	34	7.53466e-05	39816	1	FALSE	NA	NA	NA	NA	NA	NA
NC_045512.2	13536	C	G	39812	2697	44	1	1	40	2.51155e-05	39816	0.937498	FALSE	NA	NA	NA	NA	NA	NA
NC_045512.2	13537	A	G	39645	2703	44	3	0	50	7.56563e-05	39653	0.124976	FALSE	NA	NA	NA	NA	NA	NA
NC_045512.2	13537	A	C	39645	2703	44	5	0	30	0.000126094	39653	1	FALSE	NA	NA	NA	NA	NA	NA
NC_045512.2	13538	G	T	39977	2706	44	2	0	40	5.0025e-05	39980	0.812508	FALSE	NA	NA	NA	NA	NA	NA
NC_045512.2	13538	G	A	39977	2706	44	1	0	40	2.50125e-05	39980	0.937502	FALSE	NA	NA	NA	NA	NA	NA
NC_045512.2	13539	G	C	39955	2888	44	7	0	34	0.000175153	39965	1	FALSE	NA	NA	NA	NA	NA	NA
NC_045512.2	13539	G	A	39955	2888	44	3	0	29	7.50657e-05	39965	1	FALSE	NA	NA	NA	NA	NA	NA
NC_045512.2	13540	G	A	40498	2942	44	5	1	52	0.000123448	40503	0.0312481	FALSE	NA	NA	NA	NA	NA	NA
NC_045512.2	13541	C	G	40264	2999	44	6	0	40	0.000148961	40279	0.376823	FALSE	NA	NA	NA	NA	NA	NA
NC_045512.2	13541	C	A	40264	2999	44	9	0	27	0.000223441	40279	1	FALSE	NA	NA	NA	NA	NA	NA
NC_045512.2	13541	C	-T	40264	2999	44	2	0	20	4.96537e-05	40279	1	FALSE	NA	NA	NA	NA	NA	NA
NC_045512.2	13542	T	G	40517	3014	45	1	0	24	2.4678e-05	40522	1	FALSE	NA	NA	NA	NA	NA	NA
NC_045512.2	13542	T	C	40517	3014	45	4	0	46	9.87118e-05	40522	0.636699	FALSE	NA	NA	NA	NA	NA	NA
NC_045512.2	13543	T	G	40557	3016	45	1	0	40	2.46536e-05	40562	0.968748	FALSE	NA	NA	NA	NA	NA	NA
NC_045512.2	13543	T	C	40557	3016	45	3	0	40	7.39609e-05	40562	0.773438	FALSE	NA	NA	NA	NA	NA	NA
NC_045512.2	13543	T	A	40557	3016	45	1	0	40	2.46536e-05	40562	0.968748	FALSE	NA	NA	NA	NA	NA	NA
NC_045512.2	13544	T	G	40544	3026	45	1	0	40	2.46627e-05	40547	0.968752	FALSE	NA	NA	NA	NA	NA	NA
NC_045512.2	13544	T	C	40544	3026	45	2	0	40	4.93255e-05	40547	0.890634	FALSE	NA	NA	NA	NA	NA	NA
NC_045512.2	13545	T	G	40599	3030	45	3	1	37	7.38807e-05	40606	1	FALSE	NA	NA	NA	NA	NA	NA
NC_045512.2	13545	T	C	40599	3030	45	3	0	40	7.38807e-05	40606	0.773417	FALSE	NA	NA	NA	NA	NA	NA
NC_045512.2	13545	T	A	40599	3030	45	1	0	40	2.46269e-05	40606	0.968744	FALSE	NA	NA	NA	NA	NA	NA
NC_045512.2	13546	G	T	40616	3041	45	1	0	32	2.46166e-05	40623	1	FALSE	NA	NA	NA	NA	NA	NA
NC_045512.2	13546	G	C	40616	3041	45	5	0	38	0.000123083	40623	1	FALSE	NA	NA	NA	NA	NA	NA
NC_045512.2	13546	G	A	40616	3041	45	1	0	40	2.46166e-05	40623	0.968744	FALSE	NA	NA	NA	NA	NA	NA
NC_045512.2	13547	A	G	40328	3065	44	7	0	40	0.000173516	40342	0.274316	FALSE	NA	NA	NA	NA	NA	NA
NC_045512.2	13547	A	C	40328	3065	44	7	0	25	0.000173516	40342	1	FALSE	NA	NA	NA	NA	NA	NA
NC_045512.2	13547	A	-C	40328	3065	44	2	0	20	4.95761e-05	40342	1	FALSE	NA	NA	NA	NA	NA	NA
NC_045512.2	13548	C	T	40897	3078	44	3	0	40	7.3346e-05	40902	0.773417	FALSE	NA	NA	NA	NA	NA	NA
NC_045512.2	13548	C	A	40897	3078	44	2	0	32	4.88974e-05	40902	1	FALSE	NA	NA	NA	NA	NA	NA
NC_045512.2	13549	A	G	40846	3048	45	7	0	33	0.000171325	40858	1	FALSE	NA	NA	NA	NA	NA	NA
NC_045512.2	13549	A	C	40846	3048	45	5	0	28	0.000122375	40858	1	FALSE	NA	NA	NA	NA	NA	NA
NC_045512.2	13551	C	T	41417	3065	45	1	0	24	2.41423e-05	41421	1	FALSE	NA	NA	NA	NA	NA	NA
NC_045512.2	13551	C	G	41417	3065	45	1	0	40	2.41423e-05	41421	0.96875	FALSE	NA	NA	NA	NA	NA	NA
NC_045512.2	13551	C	A	41417	3065	45	2	1	60	4.82847e-05	41421	0.249991	FALSE	NA	NA	NA	NA	NA	NA
NC_045512.2	13552	T	C	41381	3052	45	5	1	48	0.000120814	41386	0.500015	FALSE	NA	NA	NA	NA	NA	NA
NC_045512.2	13553	A	G	41011	3094	44	3	1	66	7.31386e-05	41018	0.124982	FALSE	NA	NA	NA	NA	NA	NA
NC_045512.2	13553	A	C	41011	3094	44	4	0	30	9.75182e-05	41018	1	FALSE	NA	NA	NA	NA	NA	NA
NC_045512.2	13554	C	T	40804	3321	44	2	0	40	4.8992e-05	40823	0.890542	FALSE	NA	NA	NA	NA	NA	NA
NC_045512.2	13554	C	A	40804	3321	44	17	0	24	0.000416432	40823	1	FALSE	NA	NA	NA	NA	NA	NA
NC_045512.2	13554	C	+A	40804	3321	44	1	0	20	2.4496e-05	40823	1	FALSE	NA	NA	NA	NA	NA	NA
NC_045512.2	13555	A	G	41192	3316	45	1	0	40	2.42724e-05	41199	0.968744	FALSE	NA	NA	NA	NA	NA	NA
NC_045512.2	13555	A	C	41192	3316	45	6	0	26	0.000145635	41199	1	FALSE	NA	NA	NA	NA	NA	NA
NC_045512.2	13556	A	T	41509	3334	45	1	0	80	2.40854e-05	41519	0.499952	FALSE	NA	NA	NA	NA	NA	NA
NC_045512.2	13556	A	G	41509	3334	45	3	0	40	7.22561e-05	41519	0.773388	FALSE	NA	NA	NA	NA	NA	NA
NC_045512.2	13556	A	C	41509	3334	45	6	0	25	0.000144512	41519	1	FALSE	NA	NA	NA	NA	NA	NA
NC_045512.2	13557	T	G	41915	3310	45	1	0	24	2.38533e-05	41923	1	FALSE	NA	NA	NA	NA	NA	NA
NC_045512.2	13557	T	C	41915	3310	45	6	0	41	0.00014312	41923	0.376931	FALSE	NA	NA	NA	NA	NA	NA
NC_045512.2	13557	T	A	41915	3310	45	1	0	40	2.38533e-05	41923	0.968743	FALSE	NA	NA	NA	NA	NA	NA
NC_045512.2	13558	G	T	42111	3327	45	1	0	40	2.37462e-05	42112	0.968756	FALSE	NA	NA	NA	NA	NA	NA
NC_045512.2	13559	A	C	41978	3348	45	4	0	32	9.52789e-05	41982	1	FALSE	NA	NA	NA	NA	NA	NA
NC_045512.2	13560	T	G	42131	3316	45	1	1	32	2.37344e-05	42133	1	FALSE	NA	NA	NA	NA	NA	NA
NC_045512.2	13560	T	C	42131	3316	45	1	0	24	2.37344e-05	42133	1	FALSE	NA	NA	NA	NA	NA	NA
NC_045512.2	13561	A	G	41953	3332	45	8	0	51	0.00019064	41964	0.0039042	TRUE	NA	NA	NA	NA	NA	NA
NC_045512.2	13561	A	C	41953	3332	45	3	0	24	7.14898e-05	41964	1	FALSE	NA	NA	NA	NA	NA	NA
NC_045512.2	13562	A	G	42020	3332	45	3	0	48	7.13793e-05	42029	0.773398	FALSE	NA	NA	NA	NA	NA	NA
NC_045512.2	13562	A	C	42020	3332	45	6	0	29	0.000142759	42029	1	FALSE	NA	NA	NA	NA	NA	NA
NC_045512.2	13563	A	G	42008	3331	45	1	0	40	2.3801e-05	42015	0.968744	FALSE	NA	NA	NA	NA	NA	NA
NC_045512.2	13563	A	C	42008	3331	45	6	0	24	0.000142806	42015	1	FALSE	NA	NA	NA	NA	NA	NA
NC_045512.2	13564	G	C	42366	3327	45	2	0	40	4.72032e-05	42370	0.890628	FALSE	NA	NA	NA	NA	NA	NA
NC_045512.2	13564	G	A	42366	3327	45	2	0	40	4.72032e-05	42370	0.890628	FALSE	NA	NA	NA	NA	NA	NA
NC_045512.2	13565	T	C	42410	3491	46	2	0	40	4.71542e-05	42414	0.890628	FALSE	NA	NA	NA	NA	NA	NA
NC_045512.2	13565	T	A	42410	3491	46	2	0	60	4.71542e-05	42414	0.249991	FALSE	NA	NA	NA	NA	NA	NA
NC_045512.2	13566	A	G	42155	3456	45	3	0	61	7.11474e-05	42166	0.124964	FALSE	NA	NA	NA	NA	NA	NA
NC_045512.2	13566	A	C	42155	3456	45	8	0	24	0.000189726	42166	1	FALSE	NA	NA	NA	NA	NA	NA
NC_045512.2	13566	A	+GCT	42155	3456	45	1	0	20	2.37158e-05	42166	1	FALSE	NA	NA	NA	NA	NA	NA
NC_045512.2	13567	G	T	42314	3450	46	2	0	60	4.72579e-05	42321	0.249973	FALSE	NA	NA	NA	NA	NA	NA
NC_045512.2	13567	G	C	42314	3450	46	3	0	37	7.08868e-05	42321	1	FALSE	NA	NA	NA	NA	NA	NA
NC_045512.2	13567	G	A	42314	3450	46	2	0	60	4.72579e-05	42321	0.249973	FALSE	NA	NA	NA	NA	NA	NA
NC_045512.2	13568	C	G	42351	3874	46	1	0	40	2.36116e-05	42352	0.968756	FALSE	NA	NA	NA	NA	NA	NA
NC_045512.2	13569	T	G	42345	3858	46	1	1	40	2.36128e-05	42350	0.968748	FALSE	NA	NA	NA	NA	NA	NA
NC_045512.2	13569	T	C	42345	3858	46	4	2	56	9.4451e-05	42350	0.0624956	FALSE	NA	NA	NA	NA	NA	NA
NC_045512.2	13570	G	A	42409	3874	46	1	0	40	2.35793e-05	42410	0.968756	FALSE	NA	NA	NA	NA	NA	NA
NC_045512.2	13571	G	T	42463	3877	46	1	0	40	2.35483e-05	42466	0.968752	FALSE	NA	NA	NA	NA	NA	NA
NC_045512.2	13571	G	A	42463	3877	46	2	0	40	4.70965e-05	42466	0.890633	FALSE	NA	NA	NA	NA	NA	NA
NC_045512.2	13572	T	C	42489	4279	47	2	0	40	4.70688e-05	42491	0.890639	FALSE	NA	NA	NA	NA	NA	NA
NC_045512.2	13573	T	C	42433	4257	47	4	0	32	9.42574e-05	42437	1	FALSE	NA	NA	NA	NA	NA	NA
NC_045512.2	13574	T	G	41978	4507	47	1	0	24	2.38209e-05	41980	1	FALSE	NA	NA	NA	NA	NA	NA
NC_045512.2	13574	T	C	41978	4507	47	1	0	40	2.38209e-05	41980	0.968754	FALSE	NA	NA	NA	NA	NA	NA
NC_045512.2	13575	T	C	41949	4530	47	6	1	64	0.00014301	41955	0.0156233	FALSE	NA	NA	NA	NA	NA	NA
NC_045512.2	13576	G	A	41990	4559	47	2	1	46	4.76281e-05	41992	0.890639	FALSE	NA	NA	NA	NA	NA	NA
NC_045512.2	13577	C	T	41682	5627	49	1	0	40	2.39906e-05	41683	0.968756	FALSE	NA	NA	NA	NA	NA	NA
NC_045512.2	13578	T	G	41671	5599	48	1	1	24	2.39946e-05	41676	1	FALSE	NA	NA	NA	NA	NA	NA
NC_045512.2	13578	T	C	41671	5599	48	4	1	42	9.59785e-05	41676	0.636725	FALSE	NA	NA	NA	NA	NA	NA
NC_045512.2	13579	A	G	41445	5626	49	4	1	46	9.64902e-05	41455	0.636659	FALSE	NA	NA	NA	NA	NA	NA
NC_045512.2	13579	A	C	41445	5626	49	6	1	28	0.000144735	41455	1	FALSE	NA	NA	NA	NA	NA	NA
NC_045512.2	13580	A	G	41377	5641	49	1	0	40	2.41633e-05	41385	0.968742	FALSE	NA	NA	NA	NA	NA	NA
NC_045512.2	13580	A	C	41377	5641	49	7	0	26	0.000169143	41385	1	FALSE	NA	NA	NA	NA	NA	NA
NC_045512.2	13581	A	G	39846	6217	48	2	0	24	5.01869e-05	39851	1	FALSE	NA	NA	NA	NA	NA	NA
NC_045512.2	13581	A	C	39846	6217	48	3	0	29	7.52804e-05	39851	1	FALSE	NA	NA	NA	NA	NA	NA
NC_045512.2	13582	T	C	39976	6248	48	2	0	40	5.00275e-05	39978	0.812516	FALSE	NA	NA	NA	NA	NA	NA
NC_045512.2	13583	T	G	39984	6244	48	1	1	40	2.50044e-05	39993	0.937483	FALSE	NA	NA	NA	NA	NA	NA
NC_045512.2	13583	T	C	39984	6244	48	8	0	36	0.000200035	39993	0.999999	FALSE	NA	NA	NA	NA	NA	NA
NC_045512.2	13584	C	T	39859	6386	48	1	0	40	2.50872e-05	39861	0.937505	FALSE	NA	NA	NA	NA	NA	NA
NC_045512.2	13584	C	G	39859	6386	48	1	1	32	2.50872e-05	39861	1	FALSE	NA	NA	NA	NA	NA	NA
NC_045512.2	13585	C	T	38536	6673	45	1	0	40	2.59437e-05	38545	0.937482	FALSE	NA	NA	NA	NA	NA	NA
NC_045512.2	13585	C	A	38536	6673	45	8	2	38	0.00020755	38545	0.999999	FALSE	NA	NA	NA	NA	NA	NA
NC_045512.2	13586	T	G	39179	6696	48	3	3	29	7.65599e-05	39185	1	FALSE	NA	NA	NA	NA	NA	NA
NC_045512.2	13586	T	C	39179	6696	48	3	1	48	7.65599e-05	39185	0.656232	FALSE	NA	NA	NA	NA	NA	NA
NC_045512.2	13586	T	-A	39179	6696	48	4	0	20	0.00010208	39185	1	FALSE	NA	NA	NA	NA	NA	NA
NC_045512.2	13586	T	+A	39179	6696	48	1	0	20	2.552e-05	39185	1	FALSE	NA	NA	NA	NA	NA	NA
NC_045512.2	13587	A	G	38827	6829	47	2	0	40	5.14867e-05	38845	0.812355	FALSE	NA	NA	NA	NA	NA	NA
NC_045512.2	13587	A	C	38827	6829	47	16	0	25	0.000411893	38845	1	FALSE	NA	NA	NA	NA	NA	NA
NC_045512.2	13588	A	G	39018	6835	48	1	0	80	2.56259e-05	39023	0.499981	FALSE	NA	NA	NA	NA	NA	NA
NC_045512.2	13588	A	C	39018	6835	48	4	0	24	0.000102504	39023	1	FALSE	NA	NA	NA	NA	NA	NA
NC_045512.2	13589	A	G	38701	6920	48	6	2	48	0.000154995	38711	0.253855	FALSE	NA	NA	NA	NA	NA	NA
NC_045512.2	13589	A	C	38701	6920	48	4	0	24	0.00010333	38711	1	FALSE	NA	NA	NA	NA	NA	NA
NC_045512.2	13590	A	C	39207	7238	48	4	0	28	0.000102012	39211	1	FALSE	NA	NA	NA	NA	NA	NA
NC_045512.2	13591	A	C	39223	7283	48	6	0	26	0.000152948	39229	1	FALSE	NA	NA	NA	NA	NA	NA
NC_045512.2	13593	T	C	39209	7514	49	4	0	44	0.000102007	39213	0.500014	FALSE	NA	NA	NA	NA	NA	NA
NC_045512.2	13594	A	C	39061	7563	49	6	0	28	0.000153582	39067	1	FALSE	NA	NA	NA	NA	NA	NA
NC_045512.2	13595	A	G	39078	7563	49	4	0	28	0.000102336	39087	1	FALSE	NA	NA	NA	NA	NA	NA
NC_045512.2	13595	A	C	39078	7563	49	5	0	32	0.00012792	39087	1	FALSE	NA	NA	NA	NA	NA	NA
NC_045512.2	13596	T	G	38603	7759	48	1	1	24	2.59027e-05	38606	1	FALSE	NA	NA	NA	NA	NA	NA
NC_045512.2	13596	T	C	38603	7759	48	2	0	32	5.18054e-05	38606	1	FALSE	NA	NA	NA	NA	NA	NA
NC_045512.2	13597	T	G	38527	7816	48	1	0	24	2.59484e-05	38538	1	FALSE	NA	NA	NA	NA	NA	NA
NC_045512.2	13597	T	C	38527	7816	48	10	2	44	0.000259484	38538	0.046129	FALSE	NA	NA	NA	NA	NA	NA
NC_045512.2	13599	T	C	38462	7788	49	2	0	32	5.19967e-05	38464	1	FALSE	NA	NA	NA	NA	NA	NA
NC_045512.2	13600	T	G	38299	8077	49	2	2	32	5.2218e-05	38301	1	FALSE	NA	NA	NA	NA	NA	NA
NC_045512.2	13601	G	T	38239	8069	49	1	0	24	2.61499e-05	38241	1	FALSE	NA	NA	NA	NA	NA	NA
NC_045512.2	13601	G	A	38239	8069	49	1	1	80	2.61499e-05	38241	0.5	FALSE	NA	NA	NA	NA	NA	NA
NC_045512.2	13602	T	C	38160	8124	49	2	0	32	5.24082e-05	38162	1	FALSE	NA	NA	NA	NA	NA	NA
NC_045512.2	13603	C	T	38093	8149	49	8	2	58	0.000209941	38106	0.00390318	TRUE	NA	NA	NA	NA	NA	NA
NC_045512.2	13603	C	A	38093	8149	49	5	0	36	0.000131213	38106	1	FALSE	NA	NA	NA	NA	NA	NA
NC_045512.2	13604	G	T	38121	8152	49	1	0	40	2.62302e-05	38124	0.937502	FALSE	NA	NA	NA	NA	NA	NA
NC_045512.2	13604	G	A	38121	8152	49	2	1	80	5.24604e-05	38124	0.249997	FALSE	NA	NA	NA	NA	NA	NA
NC_045512.2	13605	C	A	38009	8149	49	1	0	24	2.63089e-05	38010	1	FALSE	NA	NA	NA	NA	NA	NA
NC_045512.2	13606	T	G	38089	8132	49	1	1	24	2.62447e-05	38103	1	FALSE	NA	NA	NA	NA	NA	NA
NC_045512.2	13606	T	C	38089	8132	49	13	4	43	0.00034118	38103	0.0106288	FALSE	NA	NA	NA	NA	NA	NA
NC_045512.2	13607	T	G	38407	9070	50	4	3	32	0.000104126	38415	1	FALSE	NA	NA	NA	NA	NA	NA
NC_045512.2	13607	T	C	38407	9070	50	4	0	40	0.000104126	38415	0.499957	FALSE	NA	NA	NA	NA	NA	NA
NC_045512.2	13608	C	A	32506	9291	41	95	0	25	0.00291402	32601	1	FALSE	NA	NA	NA	NA	NA	NA
NC_045512.2	13609	C	T	38358	9161	50	1	1	80	2.60675e-05	38362	0.499987	FALSE	NA	NA	NA	NA	NA	NA
NC_045512.2	13609	C	A	38358	9161	50	3	0	24	7.82024e-05	38362	1	FALSE	NA	NA	NA	NA	NA	NA
NC_045512.2	13610	A	G	38342	9170	50	3	1	37	7.82309e-05	38348	1	FALSE	NA	NA	NA	NA	NA	NA
NC_045512.2	13610	A	C	38342	9170	50	3	0	24	7.82309e-05	38348	1	FALSE	NA	NA	NA	NA	NA	NA
NC_045512.2	13611	A	T	38190	9211	50	1	0	64	2.61794e-05	38198	0.499961	FALSE	NA	NA	NA	NA	NA	NA
NC_045512.2	13611	A	G	38190	9211	50	1	1	80	2.61794e-05	38198	0.499961	FALSE	NA	NA	NA	NA	NA	NA
NC_045512.2	13611	A	C	38190	9211	50	6	0	24	0.000157076	38198	1	FALSE	NA	NA	NA	NA	NA	NA
NC_045512.2	13612	G	T	38291	9035	49	5	5	27	0.000130562	38296	1	FALSE	NA	NA	NA	NA	NA	NA
NC_045512.2	13612	G	-A	38291	9035	49	2	0	20	5.22248e-05	38296	1	FALSE	NA	NA	NA	NA	NA	NA
NC_045512.2	13613	A	G	38389	9666	50	4	2	34	0.000104178	38396	1	FALSE	NA	NA	NA	NA	NA	NA
NC_045512.2	13613	A	C	38389	9666	50	3	0	24	7.81331e-05	38396	1	FALSE	NA	NA	NA	NA	NA	NA
NC_045512.2	13614	A	G	38424	9662	50	3	1	40	7.80681e-05	38428	0.656256	FALSE	NA	NA	NA	NA	NA	NA
NC_045512.2	13614	A	C	38424	9662	50	1	0	24	2.60227e-05	38428	1	FALSE	NA	NA	NA	NA	NA	NA
NC_045512.2	13616	A	G	38382	9638	50	17	4	45	0.000442674	38403	0.00128613	TRUE	NA	NA	NA	NA	NA	NA
NC_045512.2	13616	A	C	38382	9638	50	4	0	26	0.000104159	38403	1	FALSE	NA	NA	NA	NA	NA	NA
NC_045512.2	13617	G	T	38636	9654	51	3	1	40	7.76398e-05	38640	0.656256	FALSE	NA	NA	NA	NA	NA	NA
NC_045512.2	13617	G	A	38636	9654	51	1	0	40	2.58799e-05	38640	0.937498	FALSE	NA	NA	NA	NA	NA	NA
NC_045512.2	13618	G	A	38737	10019	51	1	0	24	2.58144e-05	38738	1	FALSE	NA	NA	NA	NA	NA	NA
NC_045512.2	13619	A	G	38800	10479	51	2	1	40	5.15424e-05	38803	0.812508	FALSE	NA	NA	NA	NA	NA	NA
NC_045512.2	13619	A	C	38800	10479	51	1	0	24	2.57712e-05	38803	1	FALSE	NA	NA	NA	NA	NA	NA
NC_045512.2	13620	C	A	38234	10659	51	2	0	32	5.23067e-05	38236	1	FALSE	NA	NA	NA	NA	NA	NA
NC_045512.2	13623	A	G	38402	11284	52	4	1	32	0.000104142	38409	1	FALSE	NA	NA	NA	NA	NA	NA
NC_045512.2	13623	A	C	38402	11284	52	3	0	24	7.81067e-05	38409	1	FALSE	NA	NA	NA	NA	NA	NA
NC_045512.2	13624	G	T	38543	11257	52	1	0	24	2.5943e-05	38546	1	FALSE	NA	NA	NA	NA	NA	NA
NC_045512.2	13624	G	A	38543	11257	52	2	0	60	5.18861e-05	38546	0.249997	FALSE	NA	NA	NA	NA	NA	NA
NC_045512.2	13625	A	G	38802	12141	53	1	0	32	2.57705e-05	38804	1	FALSE	NA	NA	NA	NA	NA	NA
NC_045512.2	13625	A	C	38802	12141	53	1	0	32	2.57705e-05	38804	1	FALSE	NA	NA	NA	NA	NA	NA
NC_045512.2	13626	T	G	38698	11961	52	3	3	29	7.75174e-05	38701	1	FALSE	NA	NA	NA	NA	NA	NA
NC_045512.2	13627	G	T	38589	11991	53	6	5	26	0.000155444	38599	1	FALSE	NA	NA	NA	NA	NA	NA
NC_045512.2	13627	G	A	38589	11991	53	4	1	43	0.00010363	38599	0.499929	FALSE	NA	NA	NA	NA	NA	NA
NC_045512.2	13628	A	G	38767	12568	53	3	0	40	7.73694e-05	38775	0.656208	FALSE	NA	NA	NA	NA	NA	NA
NC_045512.2	13628	A	C	38767	12568	53	5	0	24	0.000128949	38775	1	FALSE	NA	NA	NA	NA	NA	NA
NC_045512.2	13629	C	T	39123	16787	56	1	1	80	2.55591e-05	39125	0.5	FALSE	NA	NA	NA	NA	NA	NA
NC_045512.2	13629	C	A	39123	16787	56	1	0	40	2.55591e-05	39125	0.937505	FALSE	NA	NA	NA	NA	NA	NA
NC_045512.2	13630	A	G	39031	16777	56	2	1	60	5.12361e-05	39035	0.24999	FALSE	NA	NA	NA	NA	NA	NA
NC_045512.2	13630	A	C	39031	16777	56	2	0	28	5.12361e-05	39035	1	FALSE	NA	NA	NA	NA	NA	NA
NC_045512.2	13631	A	C	39255	17156	56	4	0	28	0.000101887	39259	1	FALSE	NA	NA	NA	NA	NA	NA
NC_045512.2	13632	T	G	39356	17152	57	1	1	32	2.54084e-05	39357	1	FALSE	NA	NA	NA	NA	NA	NA
NC_045512.2	13633	T	G	39468	17775	57	4	4	24	0.00010133	39475	1	FALSE	NA	NA	NA	NA	NA	NA
NC_045512.2	13633	T	C	39468	17775	57	3	0	61	7.59975e-05	39475	0.124981	FALSE	NA	NA	NA	NA	NA	NA
NC_045512.2	13634	T	G	40095	19506	58	1	1	40	2.49383e-05	40099	0.96875	FALSE	NA	NA	NA	NA	NA	NA
NC_045512.2	13634	T	C	40095	19506	58	2	1	32	4.98766e-05	40099	1	FALSE	NA	NA	NA	NA	NA	NA
NC_045512.2	13634	T	A	40095	19506	58	1	1	80	2.49383e-05	40099	0.499988	FALSE	NA	NA	NA	NA	NA	NA
NC_045512.2	13635	A	G	40608	21494	58	3	2	74	7.38698e-05	40612	0.124995	FALSE	NA	NA	NA	NA	NA	NA
NC_045512.2	13635	A	C	40608	21494	58	1	0	24	2.46233e-05	40612	1	FALSE	NA	NA	NA	NA	NA	NA
NC_045512.2	13636	A	G	40748	21564	60	2	1	58	4.90773e-05	40752	0.249991	FALSE	NA	NA	NA	NA	NA	NA
NC_045512.2	13636	A	C	40748	21564	60	2	1	32	4.90773e-05	40752	1	FALSE	NA	NA	NA	NA	NA	NA
NC_045512.2	13637	T	G	40840	21746	60	4	3	24	9.79288e-05	40846	1	FALSE	NA	NA	NA	NA	NA	NA
NC_045512.2	13637	T	C	40840	21746	60	2	0	60	4.89644e-05	40846	0.249979	FALSE	NA	NA	NA	NA	NA	NA
NC_045512.2	13638	T	G	40718	21736	60	1	1	24	2.45549e-05	40725	1	FALSE	NA	NA	NA	NA	NA	NA
NC_045512.2	13638	T	C	40718	21736	60	6	2	50	0.00014733	40725	0.0156221	FALSE	NA	NA	NA	NA	NA	NA
NC_045512.2	13639	G	A	41014	21880	61	2	1	60	4.87615e-05	41016	0.250003	FALSE	NA	NA	NA	NA	NA	NA
NC_045512.2	13640	A	G	40976	22304	60	1	0	64	2.43998e-05	40984	0.499963	FALSE	NA	NA	NA	NA	NA	NA
NC_045512.2	13640	A	C	40976	22304	60	7	1	26	0.000170798	40984	1	FALSE	NA	NA	NA	NA	NA	NA
NC_045512.2	13641	T	G	41058	22242	61	5	5	30	0.000121749	41068	1	FALSE	NA	NA	NA	NA	NA	NA
NC_045512.2	13641	T	C	41058	22242	61	5	2	63	0.000121749	41068	0.0312386	FALSE	NA	NA	NA	NA	NA	NA
NC_045512.2	13642	T	G	41036	22323	61	2	2	24	4.87234e-05	41048	1	FALSE	NA	NA	NA	NA	NA	NA
NC_045512.2	13642	T	C	41036	22323	61	9	4	45	0.000219256	41048	0.133385	FALSE	NA	NA	NA	NA	NA	NA
NC_045512.2	13642	T	A	41036	22323	61	1	1	80	2.43617e-05	41048	0.499939	FALSE	NA	NA	NA	NA	NA	NA
NC_045512.2	13643	C	T	38371	27014	53	2	0	52	5.21173e-05	38375	0.24999	FALSE	NA	NA	NA	NA	NA	NA
NC_045512.2	13643	C	A	38371	27014	53	2	1	32	5.21173e-05	38375	1	FALSE	NA	NA	NA	NA	NA	NA
NC_045512.2	13643	C	-T	38371	27014	53	1	0	20	2.60586e-05	38375	1	FALSE	NA	NA	NA	NA	NA	NA
NC_045512.2	13644	T	G	38704	27709	51	5	5	36	0.000129162	38711	1	FALSE	NA	NA	NA	NA	NA	NA
NC_045512.2	13644	T	C	38704	27709	51	2	1	60	5.16649e-05	38711	0.249964	FALSE	NA	NA	NA	NA	NA	NA
NC_045512.2	13645	T	G	39374	28453	54	3	3	24	7.61866e-05	39377	1	FALSE	NA	NA	NA	NA	NA	NA
NC_045512.2	13647	C	+T	39526	28708	53	1	0	20	2.52998e-05	39526	1	FALSE	NA	NA	NA	NA	NA	NA
NC_045512.2	13648	T	G	39020	28217	53	4	4	32	0.000102496	39026	1	FALSE	NA	NA	NA	NA	NA	NA
NC_045512.2	13648	T	C	39020	28217	53	2	2	32	5.12479e-05	39026	1	FALSE	NA	NA	NA	NA	NA	NA
NC_045512.2	13649	T	G	39248	28542	53	4	4	32	0.000101895	39256	1	FALSE	NA	NA	NA	NA	NA	NA
NC_045512.2	13649	T	C	39248	28542	53	3	2	37	7.64214e-05	39256	1	FALSE	NA	NA	NA	NA	NA	NA
NC_045512.2	13649	T	A	39248	28542	53	1	1	40	2.54738e-05	39256	0.937486	FALSE	NA	NA	NA	NA	NA	NA
NC_045512.2	13650	T	G	39400	28828	54	1	1	24	2.53775e-05	39405	1	FALSE	NA	NA	NA	NA	NA	NA
NC_045512.2	13650	T	C	39400	28828	54	4	2	28	0.00010151	39405	1	FALSE	NA	NA	NA	NA	NA	NA
NC_045512.2	13651	G	T	39188	28494	53	25	25	25	0.000637495	39216	1	FALSE	NA	NA	NA	NA	NA	NA
NC_045512.2	13651	G	C	39188	28494	53	1	1	40	2.54998e-05	39216	0.937422	FALSE	NA	NA	NA	NA	NA	NA
NC_045512.2	13651	G	A	39188	28494	53	2	1	60	5.09996e-05	39216	0.249837	FALSE	NA	NA	NA	NA	NA	NA
NC_045512.2	13652	T	G	40327	30068	54	3	3	24	7.43845e-05	40331	1	FALSE	NA	NA	NA	NA	NA	NA
NC_045512.2	13652	T	C	40327	30068	54	1	1	24	2.47948e-05	40331	1	FALSE	NA	NA	NA	NA	NA	NA
NC_045512.2	13653	A	G	40469	30262	53	3	3	40	7.41235e-05	40473	0.773448	FALSE	NA	NA	NA	NA	NA	NA
NC_045512.2	13653	A	C	40469	30262	53	1	0	24	2.47078e-05	40473	1	FALSE	NA	NA	NA	NA	NA	NA
NC_045512.2	13653	A	-G	40469	30262	53	1	0	20	2.47078e-05	40473	1	FALSE	NA	NA	NA	NA	NA	NA
NC_045512.2	13654	G	T	40284	30717	53	5	5	35	0.000124094	40292	1	FALSE	NA	NA	NA	NA	NA	NA
NC_045512.2	13654	G	A	40284	30717	53	3	2	52	7.44565e-05	40292	0.124977	FALSE	NA	NA	NA	NA	NA	NA
NC_045512.2	13655	T	G	40025	30557	53	9	9	30	0.000224803	40035	0.999999	FALSE	NA	NA	NA	NA	NA	NA
NC_045512.2	13655	T	C	40025	30557	53	1	1	48	2.49781e-05	40035	0.968738	FALSE	NA	NA	NA	NA	NA	NA
NC_045512.2	13656	T	G	40345	31059	52	10	10	25	0.00024777	40360	1	FALSE	NA	NA	NA	NA	NA	NA
NC_045512.2	13656	T	C	40345	31059	52	3	2	34	7.4331e-05	40360	1	FALSE	NA	NA	NA	NA	NA	NA
NC_045512.2	13656	T	A	40345	31059	52	2	2	40	4.9554e-05	40360	0.890564	FALSE	NA	NA	NA	NA	NA	NA
NC_045512.2	13658	A	G	41040	31902	53	3	2	48	7.30941e-05	41043	0.773457	FALSE	NA	NA	NA	NA	NA	NA
NC_045512.2	13659	G	T	26729	16527	42	672	671	24	0.0245229	27403	3.33085e-40	TRUE	NA	NA	NA	NA	NA	NA
NC_045512.2	13659	G	A	26729	16527	42	2	1	32	7.29847e-05	27403	1	FALSE	NA	NA	NA	NA	NA	NA
NC_045512.2	13660	A	G	41441	32912	53	7	6	33	0.000168886	41448	1	FALSE	NA	NA	NA	NA	NA	NA
NC_045512.2	13661	G	T	41246	32696	53	2	2	32	4.84872e-05	41248	1	FALSE	NA	NA	NA	NA	NA	NA
NC_045512.2	13662	A	G	41358	32855	53	5	4	41	0.000120878	41364	0.5	FALSE	NA	NA	NA	NA	NA	NA
NC_045512.2	13662	A	C	41358	32855	53	1	1	24	2.41756e-05	41364	1	FALSE	NA	NA	NA	NA	NA	NA
NC_045512.2	13663	C	T	41093	32995	52	2	2	32	4.86665e-05	41096	1	FALSE	NA	NA	NA	NA	NA	NA
NC_045512.2	13663	C	A	41093	32995	52	1	0	24	2.43333e-05	41096	1	FALSE	NA	NA	NA	NA	NA	NA
NC_045512.2	13664	A	G	41083	32964	53	9	8	43	0.000219015	41093	0.133404	FALSE	NA	NA	NA	NA	NA	NA
NC_045512.2	13664	A	C	41083	32964	53	1	1	40	2.4335e-05	41093	0.968739	FALSE	NA	NA	NA	NA	NA	NA
NC_045512.2	13664	A	+G	41083	32964	53	2	0	20	4.86701e-05	41093	1	FALSE	NA	NA	NA	NA	NA	NA
NC_045512.2	13665	C	T	41056	33906	51	3	1	53	7.30603e-05	41062	0.124986	FALSE	NA	NA	NA	NA	NA	NA
NC_045512.2	13665	C	A	41056	33906	51	3	2	42	7.30603e-05	41062	0.773428	FALSE	NA	NA	NA	NA	NA	NA
NC_045512.2	13666	A	T	42733	36048	52	1	1	40	2.34006e-05	42734	0.968755	FALSE	NA	NA	NA	NA	NA	NA
NC_045512.2	13668	T	G	42199	35990	51	8	7	29	0.000189529	42210	1	FALSE	NA	NA	NA	NA	NA	NA
NC_045512.2	13668	T	C	42199	35990	51	3	2	53	7.10732e-05	42210	0.124964	FALSE	NA	NA	NA	NA	NA	NA
NC_045512.2	13669	T	G	42224	35982	51	6	6	24	0.000142069	42233	1	FALSE	NA	NA	NA	NA	NA	NA
NC_045512.2	13669	T	C	42224	35982	51	3	2	66	7.10345e-05	42233	0.124973	FALSE	NA	NA	NA	NA	NA	NA
NC_045512.2	13669	T	+TC	42224	35982	51	1	0	20	2.36782e-05	42233	1	FALSE	NA	NA	NA	NA	NA	NA
NC_045512.2	13670	T	G	42102	35894	50	2	2	32	4.7498e-05	42107	1	FALSE	NA	NA	NA	NA	NA	NA
NC_045512.2	13670	T	C	42102	35894	50	3	0	53	7.12471e-05	42107	0.124991	FALSE	NA	NA	NA	NA	NA	NA
NC_045512.2	13671	C	T	42341	36660	50	1	0	80	2.36172e-05	42342	0.500006	FALSE	NA	NA	NA	NA	NA	NA
NC_045512.2	13672	T	G	42090	36406	49	5	5	24	0.00011877	42098	1	FALSE	NA	NA	NA	NA	NA	NA
NC_045512.2	13672	T	C	42090	36406	49	3	3	52	7.12623e-05	42098	0.124978	FALSE	NA	NA	NA	NA	NA	NA
NC_045512.2	13673	C	A	42250	37087	45	7	1	33	0.000165653	42257	1	FALSE	NA	NA	NA	NA	NA	NA
NC_045512.2	13674	T	G	41615	36013	50	3	3	24	7.20738e-05	41624	1	FALSE	NA	NA	NA	NA	NA	NA
NC_045512.2	13674	T	C	41615	36013	50	6	6	38	0.000144148	41624	1	FALSE	NA	NA	NA	NA	NA	NA
NC_045512.2	13675	A	G	41792	36208	50	3	1	66	7.17772e-05	41796	0.124996	FALSE	NA	NA	NA	NA	NA	NA
NC_045512.2	13675	A	C	41792	36208	50	1	1	40	2.39257e-05	41796	0.96875	FALSE	NA	NA	NA	NA	NA	NA
NC_045512.2	13676	A	G	41697	36173	49	3	3	53	7.19407e-05	41701	0.124996	FALSE	NA	NA	NA	NA	NA	NA
NC_045512.2	13676	A	C	41697	36173	49	1	0	24	2.39802e-05	41701	1	FALSE	NA	NA	NA	NA	NA	NA
NC_045512.2	13677	C	A	41724	37754	47	2	1	36	4.79317e-05	41726	1	FALSE	NA	NA	NA	NA	NA	NA
NC_045512.2	13678	T	G	41233	37282	46	10	9	28	0.000242436	41248	1	FALSE	NA	NA	NA	NA	NA	NA
NC_045512.2	13678	T	C	41233	37282	46	5	4	47	0.000121218	41248	0.499866	FALSE	NA	NA	NA	NA	NA	NA
NC_045512.2	13679	A	T	41466	37520	47	1	1	40	2.41144e-05	41469	0.968752	FALSE	NA	NA	NA	NA	NA	NA
NC_045512.2	13679	A	G	41466	37520	47	2	1	60	4.82288e-05	41469	0.249997	FALSE	NA	NA	NA	NA	NA	NA
NC_045512.2	13680	C	T	41230	37483	46	1	1	40	2.42518e-05	41234	0.96875	FALSE	NA	NA	NA	NA	NA	NA
NC_045512.2	13680	C	G	41230	37483	46	1	0	80	2.42518e-05	41234	0.499988	FALSE	NA	NA	NA	NA	NA	NA
NC_045512.2	13680	C	A	41230	37483	46	2	1	28	4.85037e-05	41234	1	FALSE	NA	NA	NA	NA	NA	NA
NC_045512.2	13681	C	T	41264	37533	46	1	1	40	2.42324e-05	41267	0.968752	FALSE	NA	NA	NA	NA	NA	NA
NC_045512.2	13681	C	A	41264	37533	46	2	2	32	4.84649e-05	41267	1	FALSE	NA	NA	NA	NA	NA	NA
NC_045512.2	13682	A	G	41175	37464	46	4	4	36	9.71322e-05	41181	1	FALSE	NA	NA	NA	NA	NA	NA
NC_045512.2	13682	A	C	41175	37464	46	2	1	60	4.85661e-05	41181	0.249979	FALSE	NA	NA	NA	NA	NA	NA
NC_045512.2	13683	A	G	41167	37464	46	3	3	29	7.28686e-05	41170	1	FALSE	NA	NA	NA	NA	NA	NA
NC_045512.2	13684	C	T	41090	37619	46	2	2	40	4.86689e-05	41094	0.890628	FALSE	NA	NA	NA	NA	NA	NA
NC_045512.2	13684	C	A	41090	37619	46	2	2	32	4.86689e-05	41094	1	FALSE	NA	NA	NA	NA	NA	NA
NC_045512.2	13685	A	G	41073	37606	46	4	4	36	9.73757e-05	41078	1	FALSE	NA	NA	NA	NA	NA	NA
NC_045512.2	13685	A	C	41073	37606	46	1	1	40	2.43439e-05	41078	0.968748	FALSE	NA	NA	NA	NA	NA	NA
NC_045512.2	13686	T	G	40440	36987	46	7	7	29	0.000173062	40448	1	FALSE	NA	NA	NA	NA	NA	NA
NC_045512.2	13686	T	C	40440	36987	46	1	1	24	2.47231e-05	40448	1	FALSE	NA	NA	NA	NA	NA	NA
NC_045512.2	13687	G	T	33672	30087	39	455	455	25	0.0133322	34128	2.72941e-05	TRUE	NA	NA	NA	NA	NA	NA
NC_045512.2	13687	G	A	33672	30087	39	1	1	40	2.93015e-05	34128	0.935815	FALSE	NA	NA	NA	NA	NA	NA
NC_045512.2	13688	A	G	40625	37189	46	6	6	32	0.00014767	40631	1	FALSE	NA	NA	NA	NA	NA	NA
NC_045512.2	13689	A	G	40595	37246	46	5	5	35	0.00012315	40601	1	FALSE	NA	NA	NA	NA	NA	NA
NC_045512.2	13689	A	C	40595	37246	46	1	1	40	2.46299e-05	40601	0.968746	FALSE	NA	NA	NA	NA	NA	NA
NC_045512.2	13690	G	T	38175	34796	42	132	132	26	0.00344585	38307	1	FALSE	NA	NA	NA	NA	NA	NA
NC_045512.2	13691	A	G	40598	37512	45	1	1	40	2.46311e-05	40599	0.968756	FALSE	NA	NA	NA	NA	NA	NA
NC_045512.2	13692	A	G	40519	37461	45	6	5	44	0.000148057	40525	0.376961	FALSE	NA	NA	NA	NA	NA	NA
NC_045512.2	13693	A	G	40384	37336	45	6	6	40	0.000148548	40391	0.376946	FALSE	NA	NA	NA	NA	NA	NA
NC_045512.2	13693	A	C	40384	37336	45	1	0	32	2.4758e-05	40391	1	FALSE	NA	NA	NA	NA	NA	NA
NC_045512.2	13694	C	T	40349	37327	45	1	1	24	2.47831e-05	40350	1	FALSE	NA	NA	NA	NA	NA	NA
NC_045512.2	13695	A	C	40325	37304	45	1	1	40	2.47979e-05	40326	0.968756	FALSE	NA	NA	NA	NA	NA	NA
NC_045512.2	13696	A	T	40340	37321	45	1	1	40	2.47887e-05	40341	0.968756	FALSE	NA	NA	NA	NA	NA	NA
NC_045512.2	13696	A	-T	40340	37321	45	1	0	20	2.47887e-05	40341	1	FALSE	NA	NA	NA	NA	NA	NA
NC_045512.2	13697	T	G	40068	37093	45	9	9	26	0.000224562	40078	1	FALSE	NA	NA	NA	NA	NA	NA
NC_045512.2	13697	T	C	40068	37093	45	1	1	40	2.49513e-05	40078	0.968736	FALSE	NA	NA	NA	NA	NA	NA
NC_045512.2	13698	T	G	40081	37107	45	2	2	24	4.9889e-05	40089	1	FALSE	NA	NA	NA	NA	NA	NA
NC_045512.2	13698	T	C	40081	37107	45	5	5	39	0.000124722	40089	1	FALSE	NA	NA	NA	NA	NA	NA
NC_045512.2	13698	T	A	40081	37107	45	1	1	24	2.49445e-05	40089	1	FALSE	NA	NA	NA	NA	NA	NA
NC_045512.2	13699	T	G	40054	37294	44	6	6	24	0.000149768	40062	1	FALSE	NA	NA	NA	NA	NA	NA
NC_045512.2	13699	T	C	40054	37294	44	2	1	60	4.99226e-05	40062	0.249966	FALSE	NA	NA	NA	NA	NA	NA
NC_045512.2	13700	A	G	40283	37539	44	3	3	40	7.44657e-05	40287	0.773448	FALSE	NA	NA	NA	NA	NA	NA
NC_045512.2	13700	A	C	40283	37539	44	1	1	40	2.48219e-05	40287	0.96875	FALSE	NA	NA	NA	NA	NA	NA
NC_045512.2	13701	T	G	39933	37199	44	8	8	24	0.000200285	39943	1	FALSE	NA	NA	NA	NA	NA	NA
NC_045512.2	13701	T	C	39933	37199	44	2	2	40	5.00714e-05	39943	0.812453	FALSE	NA	NA	NA	NA	NA	NA
NC_045512.2	13702	A	G	40196	37617	44	1	1	40	2.48775e-05	40197	0.968756	FALSE	NA	NA	NA	NA	NA	NA
NC_045512.2	13703	A	T	40119	37549	44	1	1	24	2.49178e-05	40132	1	FALSE	NA	NA	NA	NA	NA	NA
NC_045512.2	13703	A	G	40119	37549	44	8	8	43	0.000199342	40132	0.193781	FALSE	NA	NA	NA	NA	NA	NA
NC_045512.2	13703	A	C	40119	37549	44	4	3	38	9.96711e-05	40132	1	FALSE	NA	NA	NA	NA	NA	NA
NC_045512.2	13704	T	G	39976	37409	44	1	1	24	2.50125e-05	39980	1	FALSE	NA	NA	NA	NA	NA	NA
NC_045512.2	13704	T	C	39976	37409	44	2	2	32	5.0025e-05	39980	1	FALSE	NA	NA	NA	NA	NA	NA
NC_045512.2	13704	T	A	39976	37409	44	1	0	64	2.50125e-05	39980	0.499987	FALSE	NA	NA	NA	NA	NA	NA
NC_045512.2	13705	T	G	39145	36600	43	1	1	40	2.55421e-05	39151	0.937492	FALSE	NA	NA	NA	NA	NA	NA
NC_045512.2	13705	T	C	39145	36600	43	5	5	33	0.000127711	39151	1	FALSE	NA	NA	NA	NA	NA	NA
NC_045512.2	13706	T	A	39526	36985	44	1	1	40	2.52992e-05	39527	0.937508	FALSE	NA	NA	NA	NA	NA	NA
NC_045512.2	13707	A	G	39672	37310	43	3	3	34	7.56125e-05	39676	1	FALSE	NA	NA	NA	NA	NA	NA
NC_045512.2	13707	A	C	39672	37310	43	1	1	40	2.52042e-05	39676	0.937498	FALSE	NA	NA	NA	NA	NA	NA
NC_045512.2	13708	C	G	39635	37484	43	2	2	32	5.04579e-05	39637	1	FALSE	NA	NA	NA	NA	NA	NA
NC_045512.2	13709	T	G	39286	37137	43	11	11	24	0.000279884	39302	1	FALSE	NA	NA	NA	NA	NA	NA
NC_045512.2	13709	T	C	39286	37137	43	5	5	33	0.00012722	39302	1	FALSE	NA	NA	NA	NA	NA	NA
NC_045512.2	13710	T	G	39224	37074	43	17	17	25	0.000433198	39243	1	FALSE	NA	NA	NA	NA	NA	NA
NC_045512.2	13710	T	C	39224	37074	43	2	2	32	5.09645e-05	39243	1	FALSE	NA	NA	NA	NA	NA	NA
NC_045512.2	13710	T	-A	39224	37074	43	2	0	20	5.09645e-05	39243	1	FALSE	NA	NA	NA	NA	NA	NA
NC_045512.2	13711	A	T	39609	37471	43	3	3	42	7.57212e-05	39619	0.656161	FALSE	NA	NA	NA	NA	NA	NA
NC_045512.2	13711	A	G	39609	37471	43	6	6	37	0.000151442	39619	1	FALSE	NA	NA	NA	NA	NA	NA
NC_045512.2	13711	A	C	39609	37471	43	1	1	40	2.52404e-05	39619	0.937473	FALSE	NA	NA	NA	NA	NA	NA
NC_045512.2	13712	A	T	39558	37423	43	1	1	40	2.52768e-05	39562	0.937498	FALSE	NA	NA	NA	NA	NA	NA
NC_045512.2	13712	A	G	39558	37423	43	3	3	33	7.58303e-05	39562	1	FALSE	NA	NA	NA	NA	NA	NA
NC_045512.2	13713	G	T	39312	37199	43	6	5	42	0.000152586	39322	0.253856	FALSE	NA	NA	NA	NA	NA	NA
NC_045512.2	13713	G	C	39312	37199	43	3	3	34	7.62932e-05	39322	1	FALSE	NA	NA	NA	NA	NA	NA
NC_045512.2	13713	G	A	39312	37199	43	1	1	40	2.54311e-05	39322	0.937479	FALSE	NA	NA	NA	NA	NA	NA
NC_045512.2	13714	G	A	39595	37488	43	1	1	24	2.52551e-05	39596	1	FALSE	NA	NA	NA	NA	NA	NA
NC_045512.2	13715	A	G	39514	37511	43	4	4	36	0.000101215	39520	1	FALSE	NA	NA	NA	NA	NA	NA
NC_045512.2	13715	A	C	39514	37511	43	2	2	32	5.06073e-05	39520	1	FALSE	NA	NA	NA	NA	NA	NA
NC_045512.2	13716	T	G	39043	37053	43	4	4	24	0.000102438	39048	1	FALSE	NA	NA	NA	NA	NA	NA
NC_045512.2	13716	T	C	39043	37053	43	1	1	40	2.56095e-05	39048	0.937495	FALSE	NA	NA	NA	NA	NA	NA
NC_045512.2	13716	T	+C	39043	37053	43	2	0	20	5.1219e-05	39048	1	FALSE	NA	NA	NA	NA	NA	NA
NC_045512.2	13717	T	G	38172	36225	43	1	1	24	2.61952e-05	38175	1	FALSE	NA	NA	NA	NA	NA	NA
NC_045512.2	13717	T	C	38172	36225	43	2	2	40	5.23903e-05	38175	0.812508	FALSE	NA	NA	NA	NA	NA	NA
NC_045512.2	13719	T	G	38131	36178	43	4	4	28	0.000104871	38142	1	FALSE	NA	NA	NA	NA	NA	NA
NC_045512.2	13719	T	C	38131	36178	43	6	6	44	0.000157307	38142	0.253842	FALSE	NA	NA	NA	NA	NA	NA
NC_045512.2	13719	T	A	38131	36178	43	1	1	24	2.62178e-05	38142	1	FALSE	NA	NA	NA	NA	NA	NA
NC_045512.2	13719	T	-C	38131	36178	43	3	0	20	7.86535e-05	38142	1	FALSE	NA	NA	NA	NA	NA	NA
NC_045512.2	13720	C	T	38264	36367	43	1	1	40	2.61329e-05	38266	0.937495	FALSE	NA	NA	NA	NA	NA	NA
NC_045512.2	13720	C	A	38264	36367	43	1	0	80	2.61329e-05	38266	0.49998	FALSE	NA	NA	NA	NA	NA	NA
NC_045512.2	13721	C	T	38206	36332	43	3	2	53	7.85135e-05	38210	0.124995	FALSE	NA	NA	NA	NA	NA	NA
NC_045512.2	13721	C	G	38206	36332	43	1	1	40	2.61712e-05	38210	0.937498	FALSE	NA	NA	NA	NA	NA	NA
NC_045512.2	13722	A	G	37416	35573	43	2	2	32	5.34502e-05	37418	1	FALSE	NA	NA	NA	NA	NA	NA
NC_045512.2	13723	G	T	37393	35537	43	1	1	40	2.67415e-05	37395	0.937505	FALSE	NA	NA	NA	NA	NA	NA
NC_045512.2	13723	G	A	37393	35537	43	1	1	40	2.67415e-05	37395	0.937505	FALSE	NA	NA	NA	NA	NA	NA
NC_045512.2	13724	C	G	37359	35592	43	1	1	40	2.67644e-05	37363	0.937498	FALSE	NA	NA	NA	NA	NA	NA
NC_045512.2	13724	C	A	37359	35592	43	3	3	40	8.02933e-05	37363	0.656256	FALSE	NA	NA	NA	NA	NA	NA
NC_045512.2	13725	T	G	36999	35239	43	13	13	24	0.000351199	37016	1	FALSE	NA	NA	NA	NA	NA	NA
NC_045512.2	13725	T	C	36999	35239	43	4	3	52	0.000108061	37016	0.0624544	FALSE	NA	NA	NA	NA	NA	NA
NC_045512.2	13726	G	T	37183	35426	43	1	1	24	2.68918e-05	37186	1	FALSE	NA	NA	NA	NA	NA	NA
NC_045512.2	13726	G	C	37183	35426	43	1	1	40	2.68918e-05	37186	0.937502	FALSE	NA	NA	NA	NA	NA	NA
NC_045512.2	13726	G	A	37183	35426	43	1	1	40	2.68918e-05	37186	0.937502	FALSE	NA	NA	NA	NA	NA	NA
NC_045512.2	13727	T	G	35097	33367	43	4	4	28	0.000113944	35105	1	FALSE	NA	NA	NA	NA	NA	NA
NC_045512.2	13727	T	C	35097	33367	43	4	4	36	0.000113944	35105	1	FALSE	NA	NA	NA	NA	NA	NA
NC_045512.2	13728	T	G	35073	33341	43	5	5	27	0.000142535	35079	1	FALSE	NA	NA	NA	NA	NA	NA
NC_045512.2	13728	T	C	35073	33341	43	1	1	24	2.85071e-05	35079	1	FALSE	NA	NA	NA	NA	NA	NA
NC_045512.2	13729	G	T	35322	33595	43	1	0	80	2.83062e-05	35328	0.499972	FALSE	NA	NA	NA	NA	NA	NA
NC_045512.2	13729	G	C	35322	33595	43	2	1	40	5.66123e-05	35328	0.812482	FALSE	NA	NA	NA	NA	NA	NA
NC_045512.2	13729	G	A	35322	33595	43	3	3	40	8.49185e-05	35328	0.65623	FALSE	NA	NA	NA	NA	NA	NA
NC_045512.2	13730	C	T	35245	33518	43	1	1	40	2.8372e-05	35246	0.937509	FALSE	NA	NA	NA	NA	NA	NA
NC_045512.2	13731	T	G	34872	33147	42	7	7	24	0.000200682	34881	1	FALSE	NA	NA	NA	NA	NA	NA
NC_045512.2	13731	T	C	34872	33147	42	2	2	40	5.73378e-05	34881	0.812455	FALSE	NA	NA	NA	NA	NA	NA
NC_045512.2	13732	A	G	35136	33417	43	6	6	34	0.000170736	35142	1	FALSE	NA	NA	NA	NA	NA	NA
NC_045512.2	13733	A	G	35052	33330	43	3	3	32	8.55774e-05	35056	1	FALSE	NA	NA	NA	NA	NA	NA
NC_045512.2	13733	A	C	35052	33330	43	1	1	24	2.85258e-05	35056	1	FALSE	NA	NA	NA	NA	NA	NA
NC_045512.2	13734	A	G	35049	33324	43	1	1	40	2.85307e-05	35050	0.937509	FALSE	NA	NA	NA	NA	NA	NA
NC_045512.2	13735	C	T	34946	33334	43	3	3	34	8.58394e-05	34949	1	FALSE	NA	NA	NA	NA	NA	NA
NC_045512.2	13736	A	G	34820	33218	43	4	4	40	0.000114863	34824	0.500016	FALSE	NA	NA	NA	NA	NA	NA
NC_045512.2	13737	T	G	34450	32846	43	4	4	28	0.00011609	34456	1	FALSE	NA	NA	NA	NA	NA	NA
NC_045512.2	13737	T	C	34450	32846	43	2	2	40	5.8045e-05	34456	0.812482	FALSE	NA	NA	NA	NA	NA	NA
NC_045512.2	13739	A	T	34509	32909	43	1	1	40	2.89754e-05	34512	0.937502	FALSE	NA	NA	NA	NA	NA	NA
NC_045512.2	13739	A	G	34509	32909	43	2	2	40	5.79509e-05	34512	0.812509	FALSE	NA	NA	NA	NA	NA	NA
NC_045512.2	13740	C	A	34438	33060	42	2	2	32	5.8072e-05	34440	1	FALSE	NA	NA	NA	NA	NA	NA
NC_045512.2	13741	T	G	33817	32441	42	2	2	24	5.91349e-05	33821	1	FALSE	NA	NA	NA	NA	NA	NA
NC_045512.2	13741	T	C	33817	32441	42	2	2	32	5.91349e-05	33821	1	FALSE	NA	NA	NA	NA	NA	NA
NC_045512.2	13742	T	G	33793	32415	42	2	2	32	5.91769e-05	33797	1	FALSE	NA	NA	NA	NA	NA	NA
NC_045512.2	13742	T	C	33793	32415	42	2	1	44	5.91769e-05	33797	0.8125	FALSE	NA	NA	NA	NA	NA	NA
NC_045512.2	13743	C	G	33803	32443	42	2	2	40	5.91628e-05	33805	0.812518	FALSE	NA	NA	NA	NA	NA	NA
NC_045512.2	13744	T	G	33272	31912	42	15	15	28	0.000450572	33291	1	FALSE	NA	NA	NA	NA	NA	NA
NC_045512.2	13744	T	C	33272	31912	42	4	4	32	0.000120153	33291	1	FALSE	NA	NA	NA	NA	NA	NA
NC_045512.2	13745	T	G	33318	31961	42	3	3	29	9.00279e-05	33323	1	FALSE	NA	NA	NA	NA	NA	NA
NC_045512.2	13745	T	C	33318	31961	42	1	1	40	3.00093e-05	33323	0.937494	FALSE	NA	NA	NA	NA	NA	NA
NC_045512.2	13745	T	A	33318	31961	42	1	1	40	3.00093e-05	33323	0.937494	FALSE	NA	NA	NA	NA	NA	NA
NC_045512.2	13746	T	G	33061	31701	42	8	8	26	0.000241904	33071	1	FALSE	NA	NA	NA	NA	NA	NA
NC_045512.2	13746	T	C	33061	31701	42	2	2	38	6.04759e-05	33071	1	FALSE	NA	NA	NA	NA	NA	NA
NC_045512.2	13748	A	G	33458	32155	42	13	13	36	0.000388373	33473	0.999182	FALSE	NA	NA	NA	NA	NA	NA
NC_045512.2	13748	A	C	33458	32155	42	2	1	36	5.97496e-05	33473	1	FALSE	NA	NA	NA	NA	NA	NA
NC_045512.2	13749	G	T	33517	32231	42	1	1	24	2.98347e-05	33518	1	FALSE	NA	NA	NA	NA	NA	NA
NC_045512.2	13750	T	G	32840	31548	41	18	18	31	0.000547795	32859	0.983613	FALSE	NA	NA	NA	NA	NA	NA
NC_045512.2	13750	T	C	32840	31548	41	1	1	64	3.04331e-05	32859	0.499871	FALSE	NA	NA	NA	NA	NA	NA
NC_045512.2	13751	T	G	32357	31081	41	12	12	25	0.000370725	32369	1	FALSE	NA	NA	NA	NA	NA	NA
NC_045512.2	13752	T	G	32176	30898	40	10	10	28	0.000310665	32189	1	FALSE	NA	NA	NA	NA	NA	NA
NC_045512.2	13752	T	C	32176	30898	40	2	2	40	6.2133e-05	32189	0.812413	FALSE	NA	NA	NA	NA	NA	NA
NC_045512.2	13752	T	A	32176	30898	40	1	1	40	3.10665e-05	32189	0.937463	FALSE	NA	NA	NA	NA	NA	NA
NC_045512.2	13753	A	G	32864	31599	42	5	5	40	0.000152114	32870	0.363273	FALSE	NA	NA	NA	NA	NA	NA
NC_045512.2	13753	A	C	32864	31599	42	1	1	40	3.04229e-05	32870	0.93749	FALSE	NA	NA	NA	NA	NA	NA
NC_045512.2	13755	A	G	32821	31545	42	9	9	32	0.00027414	32830	0.999944	FALSE	NA	NA	NA	NA	NA	NA
NC_045512.2	13756	A	G	32753	31504	42	12	12	34	0.000366233	32766	0.999372	FALSE	NA	NA	NA	NA	NA	NA
NC_045512.2	13756	A	C	32753	31504	42	1	1	40	3.05194e-05	32766	0.937464	FALSE	NA	NA	NA	NA	NA	NA
NC_045512.2	13757	T	G	32358	31115	41	11	11	24	0.000339831	32369	1	FALSE	NA	NA	NA	NA	NA	NA
NC_045512.2	13757	T	-AGAC	32358	31115	41	1	0	20	3.08938e-05	32369	1	FALSE	NA	NA	NA	NA	NA	NA
NC_045512.2	13758	A	G	31102	29913	42	6	6	32	0.000192839	31114	0.999996	FALSE	NA	NA	NA	NA	NA	NA
NC_045512.2	13758	A	C	31102	29913	42	6	6	40	0.000192839	31114	0.253796	FALSE	NA	NA	NA	NA	NA	NA
NC_045512.2	13759	G	T	31167	29976	42	1	1	24	3.20842e-05	31168	1	FALSE	NA	NA	NA	NA	NA	NA
NC_045512.2	13760	A	G	31043	29882	42	5	5	36	0.000161041	31048	0.999999	FALSE	NA	NA	NA	NA	NA	NA
NC_045512.2	13761	C	T	30976	29822	42	3	3	40	9.68117e-05	30988	0.656121	FALSE	NA	NA	NA	NA	NA	NA
NC_045512.2	13761	C	G	30976	29822	42	4	4	28	0.000129082	30988	1	FALSE	NA	NA	NA	NA	NA	NA
NC_045512.2	13761	C	A	30976	29822	42	5	5	36	0.000161353	30988	0.999998	FALSE	NA	NA	NA	NA	NA	NA
NC_045512.2	13763	G	T	27584	26467	37	144	144	25	0.005192	27735	1	FALSE	NA	NA	NA	NA	NA	NA
NC_045512.2	13763	G	C	27584	26467	37	2	2	32	7.21111e-05	27735	1	FALSE	NA	NA	NA	NA	NA	NA
NC_045512.2	13763	G	A	27584	26467	37	5	5	40	0.000180278	27735	0.224403	FALSE	NA	NA	NA	NA	NA	NA
NC_045512.2	13764	T	G	30110	29003	42	6	6	34	0.000199216	30118	0.999994	FALSE	NA	NA	NA	NA	NA	NA
NC_045512.2	13764	T	C	30110	29003	42	2	2	40	6.64055e-05	30118	0.812458	FALSE	NA	NA	NA	NA	NA	NA
NC_045512.2	13765	G	T	29898	28795	41	7	7	28	0.000234059	29907	1	FALSE	NA	NA	NA	NA	NA	NA
NC_045512.2	13765	G	A	29898	28795	41	2	2	24	6.6874e-05	29907	1	FALSE	NA	NA	NA	NA	NA	NA
NC_045512.2	13766	A	G	30160	29057	42	14	14	33	0.000463868	30181	0.995224	FALSE	NA	NA	NA	NA	NA	NA
NC_045512.2	13766	A	C	30160	29057	42	7	7	35	0.000231934	30181	0.999979	FALSE	NA	NA	NA	NA	NA	NA
NC_045512.2	13767	C	T	30172	29152	42	2	2	32	6.628e-05	30175	1	FALSE	NA	NA	NA	NA	NA	NA
NC_045512.2	13767	C	A	30172	29152	42	1	1	24	3.314e-05	30175	1	FALSE	NA	NA	NA	NA	NA	NA
NC_045512.2	13768	A	G	29527	28518	42	11	10	31	0.000372313	29545	0.998891	FALSE	NA	NA	NA	NA	NA	NA
NC_045512.2	13768	A	C	29527	28518	42	7	7	37	0.000236927	29545	0.999965	FALSE	NA	NA	NA	NA	NA	NA
NC_045512.2	13769	T	G	29364	28364	42	4	4	28	0.000136198	29369	1	FALSE	NA	NA	NA	NA	NA	NA
NC_045512.2	13769	T	C	29364	28364	42	1	1	24	3.40495e-05	29369	1	FALSE	NA	NA	NA	NA	NA	NA
NC_045512.2	13770	G	C	28802	27815	42	1	1	40	3.47186e-05	28803	0.875013	FALSE	NA	NA	NA	NA	NA	NA
NC_045512.2	13771	G	T	37724	28170	41	2	2	24	5.30054e-05	37732	1	FALSE	NA	NA	NA	NA	NA	NA
NC_045512.2	13771	G	C	37724	28170	41	5	5	27	0.000132514	37732	1	FALSE	NA	NA	NA	NA	NA	NA
NC_045512.2	13771	G	A	37724	28170	41	1	0	40	2.65027e-05	37732	0.937485	FALSE	NA	NA	NA	NA	NA	NA
NC_045512.2	13772	T	G	36420	26930	41	15	15	28	0.000411602	36443	1	FALSE	NA	NA	NA	NA	NA	NA
NC_045512.2	13772	T	C	36420	26930	41	8	5	40	0.000219521	36443	0.11314	FALSE	NA	NA	NA	NA	NA	NA
NC_045512.2	13773	A	T	36832	27156	41	1	1	40	2.71422e-05	36843	0.937475	FALSE	NA	NA	NA	NA	NA	NA
NC_045512.2	13773	A	G	36832	27156	41	5	5	30	0.000135711	36843	1	FALSE	NA	NA	NA	NA	NA	NA
NC_045512.2	13773	A	C	36832	27156	41	5	1	24	0.000135711	36843	1	FALSE	NA	NA	NA	NA	NA	NA
NC_045512.2	13774	C	T	36843	27128	41	1	1	40	2.71363e-05	36851	0.937485	FALSE	NA	NA	NA	NA	NA	NA
NC_045512.2	13774	C	G	36843	27128	41	6	5	26	0.000162818	36851	1	FALSE	NA	NA	NA	NA	NA	NA
NC_045512.2	13774	C	A	36843	27128	41	1	1	40	2.71363e-05	36851	0.937485	FALSE	NA	NA	NA	NA	NA	NA
NC_045512.2	13775	C	T	36537	26308	41	1	1	40	2.73658e-05	36542	0.937495	FALSE	NA	NA	NA	NA	NA	NA
NC_045512.2	13775	C	G	36537	26308	41	3	3	29	8.20973e-05	36542	1	FALSE	NA	NA	NA	NA	NA	NA
NC_045512.2	13775	C	A	36537	26308	41	1	0	24	2.73658e-05	36542	1	FALSE	NA	NA	NA	NA	NA	NA
NC_045512.2	13776	A	G	36996	25775	41	3	3	40	8.10701e-05	37005	0.656193	FALSE	NA	NA	NA	NA	NA	NA
NC_045512.2	13776	A	C	36996	25775	41	6	1	37	0.00016214	37005	1	FALSE	NA	NA	NA	NA	NA	NA
NC_045512.2	13777	C	T	37982	25641	41	5	4	36	0.000131603	37993	1	FALSE	NA	NA	NA	NA	NA	NA
NC_045512.2	13777	C	G	37982	25641	41	2	2	24	5.26413e-05	37993	1	FALSE	NA	NA	NA	NA	NA	NA
NC_045512.2	13777	C	A	37982	25641	41	4	1	30	0.000105283	37993	1	FALSE	NA	NA	NA	NA	NA	NA
NC_045512.2	13778	A	G	37365	25059	41	6	6	32	0.000160501	37383	1	FALSE	NA	NA	NA	NA	NA	NA
NC_045512.2	13778	A	C	37365	25059	41	12	0	28	0.000321002	37383	1	FALSE	NA	NA	NA	NA	NA	NA
NC_045512.2	13779	T	G	37364	24834	41	9	8	29	0.000240796	37376	1	FALSE	NA	NA	NA	NA	NA	NA
NC_045512.2	13779	T	C	37364	24834	41	3	3	34	8.02654e-05	37376	1	FALSE	NA	NA	NA	NA	NA	NA
NC_045512.2	13780	A	G	31487	19206	41	1	1	24	3.17491e-05	31497	1	FALSE	NA	NA	NA	NA	NA	NA
NC_045512.2	13780	A	C	31487	19206	41	9	0	25	0.000285741	31497	1	FALSE	NA	NA	NA	NA	NA	NA
NC_045512.2	13781	T	G	31663	19005	41	13	13	28	0.000410392	31677	1	FALSE	NA	NA	NA	NA	NA	NA
NC_045512.2	13781	T	C	31663	19005	41	1	1	40	3.15686e-05	31677	0.937459	FALSE	NA	NA	NA	NA	NA	NA
NC_045512.2	13782	A	G	31229	18755	41	6	2	26	0.000192043	31243	1	FALSE	NA	NA	NA	NA	NA	NA
NC_045512.2	13782	A	C	31229	18755	41	8	0	28	0.000256057	31243	1	FALSE	NA	NA	NA	NA	NA	NA
NC_045512.2	13783	T	G	31080	18541	41	5	5	30	0.000160803	31094	0.999999	FALSE	NA	NA	NA	NA	NA	NA
NC_045512.2	13783	T	C	31080	18541	41	8	4	30	0.000257284	31094	0.999965	FALSE	NA	NA	NA	NA	NA	NA
NC_045512.2	13783	T	A	31080	18541	41	1	1	40	3.21605e-05	31094	0.937458	FALSE	NA	NA	NA	NA	NA	NA
NC_045512.2	13784	C	T	29998	17504	41	3	2	34	9.99933e-05	30002	1	FALSE	NA	NA	NA	NA	NA	NA
NC_045512.2	13784	C	A	29998	17504	41	1	0	40	3.33311e-05	30002	0.937498	FALSE	NA	NA	NA	NA	NA	NA
NC_045512.2	13785	A	G	12552	584	41	1	0	24	7.96495e-05	12555	1	FALSE	NA	NA	NA	NA	NA	NA
NC_045512.2	13785	A	C	12552	584	41	2	0	24	0.000159299	12555	1	FALSE	NA	NA	NA	NA	NA	NA
NC_045512.2	13786	C	T	11981	606	35	2	0	40	0.000166223	12032	0.498501	FALSE	NA	NA	NA	NA	NA	NA
NC_045512.2	13786	C	A	11981	606	35	49	0	25	0.00407247	12032	1	FALSE	NA	NA	NA	NA	NA	NA
NC_045512.2	13787	G	T	13179	601	41	1	0	24	7.5861e-05	13182	1	FALSE	NA	NA	NA	NA	NA	NA
NC_045512.2	13787	G	C	13179	601	41	2	0	40	0.000151722	13182	0.5	FALSE	NA	NA	NA	NA	NA	NA
NC_045512.2	13788	T	G	13214	604	41	1	0	24	7.56544e-05	13218	1	FALSE	NA	NA	NA	NA	NA	NA
NC_045512.2	13788	T	C	13214	604	41	2	0	32	0.000151309	13218	0.999513	FALSE	NA	NA	NA	NA	NA	NA
NC_045512.2	13788	T	A	13214	604	41	1	0	24	7.56544e-05	13218	1	FALSE	NA	NA	NA	NA	NA	NA
NC_045512.2	13789	C	G	13194	627	41	3	0	37	0.000227273	13200	0.997913	FALSE	NA	NA	NA	NA	NA	NA
NC_045512.2	13789	C	A	13194	627	41	3	0	24	0.000227273	13200	1	FALSE	NA	NA	NA	NA	NA	NA
NC_045512.2	13790	A	T	13109	625	41	1	0	40	7.61789e-05	13127	0.749705	FALSE	NA	NA	NA	NA	NA	NA
NC_045512.2	13790	A	G	13109	625	41	6	0	32	0.000457073	13127	0.968133	FALSE	NA	NA	NA	NA	NA	NA
NC_045512.2	13790	A	C	13109	625	41	11	0	34	0.000837968	13127	0.729091	FALSE	NA	NA	NA	NA	NA	NA
NC_045512.2	13791	A	C	13211	630	41	4	0	24	0.000302686	13215	1	FALSE	NA	NA	NA	NA	NA	NA
NC_045512.2	13792	C	T	13396	630	41	1	0	40	7.46324e-05	13399	0.749991	FALSE	NA	NA	NA	NA	NA	NA
NC_045512.2	13792	C	G	13396	630	41	1	0	24	7.46324e-05	13399	1	FALSE	NA	NA	NA	NA	NA	NA
NC_045512.2	13792	C	A	13396	630	41	1	0	24	7.46324e-05	13399	1	FALSE	NA	NA	NA	NA	NA	NA
NC_045512.2	13793	G	A	13642	634	41	1	0	40	7.32977e-05	13643	0.750027	FALSE	NA	NA	NA	NA	NA	NA
NC_045512.2	13794	T	G	13677	642	41	2	0	32	0.00014621	13679	0.999513	FALSE	NA	NA	NA	NA	NA	NA
NC_045512.2	13795	C	A	13677	646	41	1	0	24	7.31101e-05	13678	1	FALSE	NA	NA	NA	NA	NA	NA
NC_045512.2	13795	C	-T	13677	646	41	1	0	20	7.31101e-05	13678	1	FALSE	NA	NA	NA	NA	NA	NA
NC_045512.2	13796	T	C	13742	648	41	1	0	40	7.27643e-05	13743	0.750009	FALSE	NA	NA	NA	NA	NA	NA
NC_045512.2	13797	T	C	13766	651	41	2	0	24	0.000145264	13768	1	FALSE	NA	NA	NA	NA	NA	NA
NC_045512.2	13798	A	C	14103	663	40	7	0	26	0.000496102	14110	1	FALSE	NA	NA	NA	NA	NA	NA
NC_045512.2	13799	C	G	14492	667	40	1	0	40	6.89988e-05	14493	0.750026	FALSE	NA	NA	NA	NA	NA	NA
NC_045512.2	13800	T	G	14510	664	41	2	0	24	0.000137741	14520	1	FALSE	NA	NA	NA	NA	NA	NA
NC_045512.2	13800	T	C	14510	664	41	8	0	32	0.000550964	14520	0.933152	FALSE	NA	NA	NA	NA	NA	NA
NC_045512.2	13801	A	G	14561	698	41	1	0	40	6.86672e-05	14563	0.750009	FALSE	NA	NA	NA	NA	NA	NA
NC_045512.2	13801	A	C	14561	698	41	1	0	24	6.86672e-05	14563	1	FALSE	NA	NA	NA	NA	NA	NA
NC_045512.2	13802	A	C	14546	738	41	3	0	29	0.0002062	14549	1	FALSE	NA	NA	NA	NA	NA	NA
NC_045512.2	13803	A	C	15026	743	41	3	0	24	0.000199614	15029	1	FALSE	NA	NA	NA	NA	NA	NA
NC_045512.2	13804	T	C	15094	770	42	3	0	34	0.000198715	15097	0.999346	FALSE	NA	NA	NA	NA	NA	NA
NC_045512.2	13805	A	C	15007	781	41	3	0	24	0.000199867	15010	1	FALSE	NA	NA	NA	NA	NA	NA
NC_045512.2	13807	A	G	15481	953	42	1	0	80	6.45661e-05	15488	0.499919	FALSE	NA	NA	NA	NA	NA	NA
NC_045512.2	13807	A	C	15481	953	42	6	0	24	0.000387397	15488	1	FALSE	NA	NA	NA	NA	NA	NA
NC_045512.2	13808	C	T	15861	979	43	1	0	40	6.30438e-05	15862	0.750024	FALSE	NA	NA	NA	NA	NA	NA
NC_045512.2	13809	A	G	15737	1011	42	1	0	40	6.35243e-05	15742	0.74996	FALSE	NA	NA	NA	NA	NA	NA
NC_045512.2	13809	A	C	15737	1011	42	4	0	34	0.000254097	15742	0.997793	FALSE	NA	NA	NA	NA	NA	NA
NC_045512.2	13810	A	T	16132	1074	43	2	1	40	0.000123916	16140	0.499884	FALSE	NA	NA	NA	NA	NA	NA
NC_045512.2	13810	A	G	16132	1074	43	1	0	40	6.19579e-05	16140	0.749915	FALSE	NA	NA	NA	NA	NA	NA
NC_045512.2	13810	A	C	16132	1074	43	5	0	30	0.000309789	16140	0.996407	FALSE	NA	NA	NA	NA	NA	NA
NC_045512.2	13811	T	G	16387	1076	43	1	0	40	6.10203e-05	16388	0.750023	FALSE	NA	NA	NA	NA	NA	NA
NC_045512.2	13812	G	T	16597	1080	43	1	0	40	6.0241e-05	16600	0.749992	FALSE	NA	NA	NA	NA	NA	NA
NC_045512.2	13812	G	A	16597	1080	43	2	0	40	0.000120482	16600	0.5	FALSE	NA	NA	NA	NA	NA	NA
NC_045512.2	13813	G	T	16622	1087	43	1	0	40	6.0154e-05	16624	0.750008	FALSE	NA	NA	NA	NA	NA	NA
NC_045512.2	13813	G	A	16622	1087	43	1	0	40	6.0154e-05	16624	0.750008	FALSE	NA	NA	NA	NA	NA	NA
NC_045512.2	13814	C	G	16657	1087	43	2	0	40	0.000120048	16660	0.5	FALSE	NA	NA	NA	NA	NA	NA
NC_045512.2	13814	C	A	16657	1087	43	1	0	24	6.0024e-05	16660	1	FALSE	NA	NA	NA	NA	NA	NA
NC_045512.2	13815	A	G	16476	1090	42	2	0	40	0.000121337	16483	0.499909	FALSE	NA	NA	NA	NA	NA	NA
NC_045512.2	13815	A	C	16476	1090	42	5	0	27	0.000303343	16483	1	FALSE	NA	NA	NA	NA	NA	NA
NC_045512.2	13816	G	T	17077	1098	43	1	0	24	5.85549e-05	17078	1	FALSE	NA	NA	NA	NA	NA	NA
NC_045512.2	13817	A	C	17075	1143	43	3	0	29	0.000175665	17078	1	FALSE	NA	NA	NA	NA	NA	NA
NC_045512.2	13818	C	T	17186	1199	43	2	0	40	0.000116347	17190	0.499978	FALSE	NA	NA	NA	NA	NA	NA
NC_045512.2	13818	C	G	17186	1199	43	1	1	32	5.81734e-05	17190	0.999996	FALSE	NA	NA	NA	NA	NA	NA
NC_045512.2	13818	C	A	17186	1199	43	1	0	24	5.81734e-05	17190	1	FALSE	NA	NA	NA	NA	NA	NA
NC_045512.2	13819	C	T	17178	1200	43	3	0	40	0.000174561	17186	0.312402	FALSE	NA	NA	NA	NA	NA	NA
NC_045512.2	13819	C	G	17178	1200	43	4	0	32	0.000232748	17186	0.999257	FALSE	NA	NA	NA	NA	NA	NA
NC_045512.2	13819	C	A	17178	1200	43	1	0	40	5.81869e-05	17186	0.74992	FALSE	NA	NA	NA	NA	NA	NA
NC_045512.2	13820	T	C	17201	1200	43	4	0	36	0.000232477	17206	0.999258	FALSE	NA	NA	NA	NA	NA	NA
NC_045512.2	13820	T	A	17201	1200	43	1	0	40	5.81193e-05	17206	0.749964	FALSE	NA	NA	NA	NA	NA	NA
NC_045512.2	13821	C	T	18118	1267	42	3	0	34	0.000165481	18129	0.999889	FALSE	NA	NA	NA	NA	NA	NA
NC_045512.2	13821	C	G	18118	1267	42	1	0	40	5.51602e-05	18129	0.749883	FALSE	NA	NA	NA	NA	NA	NA
NC_045512.2	13821	C	A	18118	1267	42	7	0	24	0.000386122	18129	1	FALSE	NA	NA	NA	NA	NA	NA
NC_045512.2	13822	G	C	18454	1264	43	1	0	40	5.418e-05	18457	0.749993	FALSE	NA	NA	NA	NA	NA	NA
NC_045512.2	13822	G	A	18454	1264	43	2	1	40	0.00010836	18457	0.5	FALSE	NA	NA	NA	NA	NA	NA
NC_045512.2	13823	T	G	18528	1328	44	2	0	40	0.000107916	18533	0.49996	FALSE	NA	NA	NA	NA	NA	NA
NC_045512.2	13823	T	C	18528	1328	44	3	0	29	0.000161873	18533	1	FALSE	NA	NA	NA	NA	NA	NA
NC_045512.2	13824	C	A	18537	1333	44	1	0	24	5.39433e-05	18538	1	FALSE	NA	NA	NA	NA	NA	NA
NC_045512.2	13825	T	G	18516	1326	44	1	0	24	5.40044e-05	18517	1	FALSE	NA	NA	NA	NA	NA	NA
NC_045512.2	13826	A	T	18331	1358	43	1	0	24	5.45256e-05	18340	1	FALSE	NA	NA	NA	NA	NA	NA
NC_045512.2	13826	A	G	18331	1358	43	1	0	40	5.45256e-05	18340	0.749911	FALSE	NA	NA	NA	NA	NA	NA
NC_045512.2	13826	A	C	18331	1358	43	7	0	24	0.000381679	18340	1	FALSE	NA	NA	NA	NA	NA	NA
NC_045512.2	13827	T	C	18553	1367	44	1	0	80	5.38967e-05	18554	0.500013	FALSE	NA	NA	NA	NA	NA	NA
NC_045512.2	13828	G	T	18760	1378	44	1	0	40	5.33021e-05	18761	0.75002	FALSE	NA	NA	NA	NA	NA	NA
NC_045512.2	13829	C	T	19129	1500	43	1	0	24	5.22712e-05	19131	1	FALSE	NA	NA	NA	NA	NA	NA
NC_045512.2	13829	C	A	19129	1500	43	1	0	40	5.22712e-05	19131	0.750007	FALSE	NA	NA	NA	NA	NA	NA
NC_045512.2	13830	T	C	19203	1502	44	2	0	24	0.00010414	19205	1	FALSE	NA	NA	NA	NA	NA	NA
NC_045512.2	13832	T	G	19258	1571	44	2	0	32	0.000103799	19268	0.99999	FALSE	NA	NA	NA	NA	NA	NA
NC_045512.2	13832	T	C	19258	1571	44	8	0	30	0.000415196	19268	0.990439	FALSE	NA	NA	NA	NA	NA	NA
NC_045512.2	13833	A	T	19070	1590	44	1	0	40	5.24109e-05	19080	0.749902	FALSE	NA	NA	NA	NA	NA	NA
NC_045512.2	13833	A	C	19070	1590	44	9	0	25	0.000471698	19080	1	FALSE	NA	NA	NA	NA	NA	NA
NC_045512.2	13834	A	G	19148	1591	44	3	0	40	0.000156584	19159	0.312353	FALSE	NA	NA	NA	NA	NA	NA
NC_045512.2	13834	A	C	19148	1591	44	8	0	28	0.000417558	19159	1	FALSE	NA	NA	NA	NA	NA	NA
NC_045512.2	13836	G	T	19302	1599	44	11	1	43	0.000569476	19316	0.00316841	TRUE	NA	NA	NA	NA	NA	NA
NC_045512.2	13836	G	A	19302	1599	44	3	0	34	0.000155312	19316	0.999939	FALSE	NA	NA	NA	NA	NA	NA
NC_045512.2	13837	C	T	19181	1603	44	1	0	40	5.21268e-05	19184	0.749993	FALSE	NA	NA	NA	NA	NA	NA
NC_045512.2	13837	C	G	19181	1603	44	1	0	40	5.21268e-05	19184	0.749993	FALSE	NA	NA	NA	NA	NA	NA
NC_045512.2	13837	C	A	19181	1603	44	1	0	24	5.21268e-05	19184	1	FALSE	NA	NA	NA	NA	NA	NA
NC_045512.2	13839	T	C	19395	1734	45	1	0	40	5.15544e-05	19397	0.750006	FALSE	NA	NA	NA	NA	NA	NA
NC_045512.2	13839	T	A	19395	1734	45	1	0	40	5.15544e-05	19397	0.750006	FALSE	NA	NA	NA	NA	NA	NA
NC_045512.2	13840	T	C	19398	1827	45	2	0	40	0.000103093	19400	0.500019	FALSE	NA	NA	NA	NA	NA	NA
NC_045512.2	13841	T	C	19426	1822	45	3	1	66	0.000154408	19429	0.125	FALSE	NA	NA	NA	NA	NA	NA
NC_045512.2	13842	T	C	19466	1826	45	3	0	29	0.000154091	19469	1	FALSE	NA	NA	NA	NA	NA	NA
NC_045512.2	13844	A	C	19377	1875	45	4	0	28	0.000206388	19381	1	FALSE	NA	NA	NA	NA	NA	NA
NC_045512.2	13845	T	C	19519	1937	45	1	0	24	5.12295e-05	19520	1	FALSE	NA	NA	NA	NA	NA	NA
NC_045512.2	13847	A	G	19474	1945	45	1	0	40	5.13373e-05	19479	0.749968	FALSE	NA	NA	NA	NA	NA	NA
NC_045512.2	13847	A	C	19474	1945	45	4	0	28	0.000205349	19479	1	FALSE	NA	NA	NA	NA	NA	NA
NC_045512.2	13848	A	G	20218	1987	45	1	0	24	4.9456e-05	20220	1	FALSE	NA	NA	NA	NA	NA	NA
NC_045512.2	13848	A	C	20218	1987	45	1	0	24	4.9456e-05	20220	1	FALSE	NA	NA	NA	NA	NA	NA
NC_045512.2	13849	G	A	20420	1992	45	2	0	40	9.79336e-05	20422	0.687528	FALSE	NA	NA	NA	NA	NA	NA
NC_045512.2	13850	G	C	20406	1971	45	1	0	24	4.90028e-05	20407	1	FALSE	NA	NA	NA	NA	NA	NA
NC_045512.2	13851	T	C	20470	2038	46	1	0	40	4.88496e-05	20471	0.875018	FALSE	NA	NA	NA	NA	NA	NA
NC_045512.2	13852	A	G	20386	2053	45	5	1	48	0.000245134	20397	0.226442	FALSE	NA	NA	NA	NA	NA	NA
NC_045512.2	13852	A	C	20386	2053	45	6	0	32	0.000294161	20397	0.998755	FALSE	NA	NA	NA	NA	NA	NA
NC_045512.2	13853	A	C	20484	2052	46	3	0	29	0.000146434	20487	1	FALSE	NA	NA	NA	NA	NA	NA
NC_045512.2	13854	T	C	20829	2069	46	1	0	40	4.80077e-05	20830	0.875018	FALSE	NA	NA	NA	NA	NA	NA
NC_045512.2	13855	T	C	20828	2073	46	3	0	40	0.000144016	20831	0.500023	FALSE	NA	NA	NA	NA	NA	NA
NC_045512.2	13856	G	T	20818	2034	45	4	4	32	0.000192105	20822	0.999862	FALSE	NA	NA	NA	NA	NA	NA
NC_045512.2	13857	T	G	20878	2344	47	1	0	40	4.78813e-05	20885	0.874964	FALSE	NA	NA	NA	NA	NA	NA
NC_045512.2	13857	T	C	20878	2344	47	4	0	32	0.000191525	20885	0.999862	FALSE	NA	NA	NA	NA	NA	NA
NC_045512.2	13857	T	A	20878	2344	47	2	0	40	9.57625e-05	20885	0.687437	FALSE	NA	NA	NA	NA	NA	NA
NC_045512.2	13858	G	T	20836	2349	47	1	1	32	4.798e-05	20842	1	FALSE	NA	NA	NA	NA	NA	NA
NC_045512.2	13858	G	C	20836	2349	47	2	0	40	9.59601e-05	20842	0.687455	FALSE	NA	NA	NA	NA	NA	NA
NC_045512.2	13858	G	A	20836	2349	47	3	0	40	0.00014394	20842	0.499955	FALSE	NA	NA	NA	NA	NA	NA
NC_045512.2	13859	A	G	20790	2356	47	1	0	32	4.80885e-05	20795	1	FALSE	NA	NA	NA	NA	NA	NA
NC_045512.2	13859	A	C	20790	2356	47	4	0	28	0.000192354	20795	1	FALSE	NA	NA	NA	NA	NA	NA
NC_045512.2	13860	C	A	20459	2361	45	9	0	25	0.000439711	20468	1	FALSE	NA	NA	NA	NA	NA	NA
NC_045512.2	13861	A	G	20761	2458	47	1	0	40	4.8158e-05	20765	0.874991	FALSE	NA	NA	NA	NA	NA	NA
NC_045512.2	13861	A	C	20761	2458	47	3	1	24	0.000144474	20765	1	FALSE	NA	NA	NA	NA	NA	NA
NC_045512.2	13862	C	T	21422	2482	47	3	0	40	0.000140023	21425	0.500022	FALSE	NA	NA	NA	NA	NA	NA
NC_045512.2	13863	A	G	21191	2477	46	2	1	28	9.43307e-05	21202	1	FALSE	NA	NA	NA	NA	NA	NA
NC_045512.2	13863	A	C	21191	2477	46	9	0	27	0.000424488	21202	1	FALSE	NA	NA	NA	NA	NA	NA
NC_045512.2	13864	T	C	21414	2610	47	3	0	34	0.000140076	21417	0.999982	FALSE	NA	NA	NA	NA	NA	NA
NC_045512.2	13865	T	G	21416	2601	47	1	0	24	4.66919e-05	21417	1	FALSE	NA	NA	NA	NA	NA	NA
NC_045512.2	13866	A	G	21229	2884	48	1	0	40	4.7081e-05	21240	0.874929	FALSE	NA	NA	NA	NA	NA	NA
NC_045512.2	13866	A	C	21229	2884	48	10	0	27	0.00047081	21240	1	FALSE	NA	NA	NA	NA	NA	NA
NC_045512.2	13867	A	C	21278	2887	48	6	1	24	0.000281902	21284	1	FALSE	NA	NA	NA	NA	NA	NA
NC_045512.2	13868	A	G	21593	2915	48	1	0	40	4.62963e-05	21600	0.874965	FALSE	NA	NA	NA	NA	NA	NA
NC_045512.2	13868	A	C	21593	2915	48	6	0	32	0.000277778	21600	0.999246	FALSE	NA	NA	NA	NA	NA	NA
NC_045512.2	13869	A	G	21624	2916	48	1	0	48	4.62364e-05	21628	0.874991	FALSE	NA	NA	NA	NA	NA	NA
NC_045512.2	13869	A	C	21624	2916	48	3	0	24	0.000138709	21628	1	FALSE	NA	NA	NA	NA	NA	NA
NC_045512.2	13870	G	+A	21738	2920	48	2	0	20	9.20048e-05	21738	1	FALSE	NA	NA	NA	NA	NA	NA
NC_045512.2	13871	A	C	21652	3073	49	1	0	24	4.6183e-05	21653	1	FALSE	NA	NA	NA	NA	NA	NA
NC_045512.2	13872	A	T	21636	3072	49	1	0	24	4.62107e-05	21640	1	FALSE	NA	NA	NA	NA	NA	NA
NC_045512.2	13872	A	G	21636	3072	49	2	0	24	9.24214e-05	21640	1	FALSE	NA	NA	NA	NA	NA	NA
NC_045512.2	13872	A	C	21636	3072	49	1	0	24	4.62107e-05	21640	1	FALSE	NA	NA	NA	NA	NA	NA
NC_045512.2	13873	A	G	21506	3079	48	3	0	24	0.00013947	21510	1	FALSE	NA	NA	NA	NA	NA	NA
NC_045512.2	13873	A	C	21506	3079	48	1	0	24	4.649e-05	21510	1	FALSE	NA	NA	NA	NA	NA	NA
NC_045512.2	13875	A	G	21696	3247	50	3	1	48	0.000138236	21702	0.499957	FALSE	NA	NA	NA	NA	NA	NA
NC_045512.2	13875	A	C	21696	3247	50	3	0	24	0.000138236	21702	1	FALSE	NA	NA	NA	NA	NA	NA
NC_045512.2	13876	C	G	21755	3288	49	1	0	24	4.59622e-05	21757	1	FALSE	NA	NA	NA	NA	NA	NA
NC_045512.2	13876	C	A	21755	3288	49	1	0	40	4.59622e-05	21757	0.875009	FALSE	NA	NA	NA	NA	NA	NA
NC_045512.2	13877	T	G	21657	3236	50	1	0	24	4.61681e-05	21660	1	FALSE	NA	NA	NA	NA	NA	NA
NC_045512.2	13877	T	C	21657	3236	50	2	1	56	9.23361e-05	21660	0.249994	FALSE	NA	NA	NA	NA	NA	NA
NC_045512.2	13878	T	A	21719	3232	50	1	0	40	4.60405e-05	21720	0.875017	FALSE	NA	NA	NA	NA	NA	NA
NC_045512.2	13879	G	T	21866	3204	49	3	2	29	0.000137168	21871	1	FALSE	NA	NA	NA	NA	NA	NA
NC_045512.2	13879	G	C	21866	3204	49	2	0	32	9.14453e-05	21871	0.999997	FALSE	NA	NA	NA	NA	NA	NA
NC_045512.2	13880	T	C	21915	3249	50	1	0	40	4.56288e-05	21916	0.875017	FALSE	NA	NA	NA	NA	NA	NA
NC_045512.2	13882	A	G	21800	3310	50	3	0	40	0.000137583	21805	0.499979	FALSE	NA	NA	NA	NA	NA	NA
NC_045512.2	13882	A	C	21800	3310	50	2	0	24	9.17221e-05	21805	1	FALSE	NA	NA	NA	NA	NA	NA
NC_045512.2	13883	C	T	21238	3356	48	1	1	80	4.69881e-05	21282	0.499506	FALSE	NA	NA	NA	NA	NA	NA
NC_045512.2	13883	C	A	21238	3356	48	43	0	25	0.00202049	21282	1	FALSE	NA	NA	NA	NA	NA	NA
NC_045512.2	13884	A	G	22086	3348	50	1	0	40	4.52694e-05	22090	0.874992	FALSE	NA	NA	NA	NA	NA	NA
NC_045512.2	13884	A	C	22086	3348	50	3	0	29	0.000135808	22090	1	FALSE	NA	NA	NA	NA	NA	NA
NC_045512.2	13886	A	G	22120	3468	50	1	0	40	4.51977e-05	22125	0.874983	FALSE	NA	NA	NA	NA	NA	NA
NC_045512.2	13886	A	C	22120	3468	50	4	0	32	0.000180791	22125	0.999956	FALSE	NA	NA	NA	NA	NA	NA
NC_045512.2	13888	A	G	22625	3470	50	3	1	40	0.000132515	22639	0.499793	FALSE	NA	NA	NA	NA	NA	NA
NC_045512.2	13888	A	C	22625	3470	50	11	2	32	0.000485887	22639	0.982481	FALSE	NA	NA	NA	NA	NA	NA
NC_045512.2	13889	A	T	22694	3477	50	1	1	64	4.40548e-05	22699	0.499967	FALSE	NA	NA	NA	NA	NA	NA
NC_045512.2	13889	A	G	22694	3477	50	1	0	40	4.40548e-05	22699	0.874983	FALSE	NA	NA	NA	NA	NA	NA
NC_045512.2	13889	A	C	22694	3477	50	3	0	24	0.000132164	22699	1	FALSE	NA	NA	NA	NA	NA	NA
NC_045512.2	13890	T	C	22702	3488	49	1	0	24	4.4047e-05	22703	1	FALSE	NA	NA	NA	NA	NA	NA
NC_045512.2	13891	T	C	22788	3556	50	3	0	40	0.000131631	22791	0.500021	FALSE	NA	NA	NA	NA	NA	NA
NC_045512.2	13893	T	C	22721	3558	50	3	0	56	0.000132013	22725	0.124992	FALSE	NA	NA	NA	NA	NA	NA
NC_045512.2	13893	T	A	22721	3558	50	1	0	40	4.40044e-05	22725	0.874992	FALSE	NA	NA	NA	NA	NA	NA
NC_045512.2	13897	G	A	22607	3729	52	2	0	40	8.84603e-05	22609	0.687525	FALSE	NA	NA	NA	NA	NA	NA
NC_045512.2	13898	A	G	22430	3814	51	5	1	39	0.000222816	22440	0.999845	FALSE	NA	NA	NA	NA	NA	NA
NC_045512.2	13898	A	C	22430	3814	51	5	0	30	0.000222816	22440	0.999845	FALSE	NA	NA	NA	NA	NA	NA
NC_045512.2	13899	T	C	22581	3832	52	1	0	24	4.42831e-05	22582	1	FALSE	NA	NA	NA	NA	NA	NA
NC_045512.2	13900	G	C	21615	4184	51	5	0	27	0.000231267	21620	1	FALSE	NA	NA	NA	NA	NA	NA
NC_045512.2	13901	A	G	21487	4222	51	2	0	32	9.30622e-05	21491	0.999997	FALSE	NA	NA	NA	NA	NA	NA
NC_045512.2	13901	A	C	21487	4222	51	2	0	24	9.30622e-05	21491	1	FALSE	NA	NA	NA	NA	NA	NA
NC_045512.2	13902	T	G	21608	4204	51	1	0	40	4.62684e-05	21613	0.874983	FALSE	NA	NA	NA	NA	NA	NA
NC_045512.2	13902	T	C	21608	4204	51	4	1	58	0.000185074	21613	0.0624913	FALSE	NA	NA	NA	NA	NA	NA
NC_045512.2	13903	G	A	21686	4238	51	3	0	48	0.000138319	21689	0.500022	FALSE	NA	NA	NA	NA	NA	NA
NC_045512.2	13904	A	G	21450	4468	51	3	1	24	0.000139801	21459	1	FALSE	NA	NA	NA	NA	NA	NA
NC_045512.2	13904	A	C	21450	4468	51	6	0	26	0.000279603	21459	1	FALSE	NA	NA	NA	NA	NA	NA
NC_045512.2	13905	T	G	21296	4753	52	1	0	24	4.69462e-05	21301	1	FALSE	NA	NA	NA	NA	NA	NA
NC_045512.2	13905	T	C	21296	4753	52	4	1	32	0.000187785	21301	0.999922	FALSE	NA	NA	NA	NA	NA	NA
NC_045512.2	13906	T	G	21283	4781	52	2	1	32	9.39541e-05	21287	0.999997	FALSE	NA	NA	NA	NA	NA	NA
NC_045512.2	13906	T	C	21283	4781	52	2	0	30	9.39541e-05	21287	0.999997	FALSE	NA	NA	NA	NA	NA	NA
NC_045512.2	13907	A	G	21038	4830	51	3	1	44	0.000142545	21046	0.499911	FALSE	NA	NA	NA	NA	NA	NA
NC_045512.2	13907	A	C	21038	4830	51	5	0	24	0.000237575	21046	1	FALSE	NA	NA	NA	NA	NA	NA
NC_045512.2	13908	T	C	21323	5078	53	3	1	42	0.000140673	21326	0.500022	FALSE	NA	NA	NA	NA	NA	NA
NC_045512.2	13909	T	C	21262	5076	53	2	0	40	9.40557e-05	21264	0.687526	FALSE	NA	NA	NA	NA	NA	NA
NC_045512.2	13910	T	G	21035	5243	53	1	1	32	4.7533e-05	21038	1	FALSE	NA	NA	NA	NA	NA	NA
NC_045512.2	13910	T	C	21035	5243	53	2	0	40	9.50661e-05	21038	0.687509	FALSE	NA	NA	NA	NA	NA	NA
NC_045512.2	13911	C	T	19918	5368	47	1	0	24	5.01756e-05	19930	1	FALSE	NA	NA	NA	NA	NA	NA
NC_045512.2	13911	C	A	19918	5368	47	11	0	24	0.000551932	19930	1	FALSE	NA	NA	NA	NA	NA	NA
NC_045512.2	13912	A	C	20452	5349	51	7	0	24	0.000342148	20459	1	FALSE	NA	NA	NA	NA	NA	NA
NC_045512.2	13913	A	T	20475	5536	50	1	0	40	4.88091e-05	20488	0.874908	FALSE	NA	NA	NA	NA	NA	NA
NC_045512.2	13913	A	G	20475	5536	50	1	0	24	4.88091e-05	20488	1	FALSE	NA	NA	NA	NA	NA	NA
NC_045512.2	13913	A	C	20475	5536	50	11	0	25	0.0005369	20488	1	FALSE	NA	NA	NA	NA	NA	NA
NC_045512.2	13914	T	G	20444	5741	52	1	1	32	4.89069e-05	20447	1	FALSE	NA	NA	NA	NA	NA	NA
NC_045512.2	13914	T	C	20444	5741	52	2	0	32	9.78139e-05	20447	0.999995	FALSE	NA	NA	NA	NA	NA	NA
NC_045512.2	13914	T	-A	20444	5741	52	2	0	20	9.78139e-05	20447	1	FALSE	NA	NA	NA	NA	NA	NA
NC_045512.2	13915	A	C	20555	6012	53	2	0	24	9.72905e-05	20557	1	FALSE	NA	NA	NA	NA	NA	NA
NC_045512.2	13916	A	G	20501	6030	53	2	0	24	9.75419e-05	20504	1	FALSE	NA	NA	NA	NA	NA	NA
NC_045512.2	13916	A	C	20501	6030	53	1	0	24	4.8771e-05	20504	1	FALSE	NA	NA	NA	NA	NA	NA
NC_045512.2	13917	A	G	20304	6102	53	2	1	44	9.84591e-05	20313	0.687398	FALSE	NA	NA	NA	NA	NA	NA
NC_045512.2	13917	A	C	20304	6102	53	7	0	28	0.000344607	20313	1	FALSE	NA	NA	NA	NA	NA	NA
NC_045512.2	13919	A	G	20171	6156	52	2	1	72	9.91277e-05	20176	0.249969	FALSE	NA	NA	NA	NA	NA	NA
NC_045512.2	13919	A	C	20171	6156	52	3	0	24	0.000148692	20176	1	FALSE	NA	NA	NA	NA	NA	NA
NC_045512.2	13920	G	C	20158	6258	52	2	2	40	9.92063e-05	20160	0.687528	FALSE	NA	NA	NA	NA	NA	NA
NC_045512.2	13921	G	T	20180	6425	53	3	2	29	0.000148633	20184	1	FALSE	NA	NA	NA	NA	NA	NA
NC_045512.2	13921	G	C	20180	6425	53	1	1	40	4.95442e-05	20184	0.874991	FALSE	NA	NA	NA	NA	NA	NA
NC_045512.2	13922	A	G	18737	7094	51	1	0	40	5.33646e-05	18739	0.750007	FALSE	NA	NA	NA	NA	NA	NA
NC_045512.2	13922	A	C	18737	7094	51	1	0	24	5.33646e-05	18739	1	FALSE	NA	NA	NA	NA	NA	NA
NC_045512.2	13924	T	G	18536	7525	51	4	4	28	0.000215738	18541	1	FALSE	NA	NA	NA	NA	NA	NA
NC_045512.2	13924	T	C	18536	7525	51	1	0	40	5.39345e-05	18541	0.749966	FALSE	NA	NA	NA	NA	NA	NA
NC_045512.2	13925	G	A	18761	7608	51	1	1	40	5.32992e-05	18762	0.75002	FALSE	NA	NA	NA	NA	NA	NA
NC_045512.2	13926	G	A	18838	7595	51	1	0	40	5.30814e-05	18839	0.75002	FALSE	NA	NA	NA	NA	NA	NA
NC_045512.2	13927	T	G	18275	7820	50	2	2	32	0.000109415	18279	0.99998	FALSE	NA	NA	NA	NA	NA	NA
NC_045512.2	13927	T	C	18275	7820	50	2	1	40	0.000109415	18279	0.499979	FALSE	NA	NA	NA	NA	NA	NA
NC_045512.2	13928	A	G	17675	8164	49	1	0	64	5.65675e-05	17678	0.499986	FALSE	NA	NA	NA	NA	NA	NA
NC_045512.2	13928	A	C	17675	8164	49	2	0	24	0.000113135	17678	1	FALSE	NA	NA	NA	NA	NA	NA
NC_045512.2	13929	T	G	17693	8151	49	1	1	24	5.65163e-05	17694	1	FALSE	NA	NA	NA	NA	NA	NA
NC_045512.2	13930	G	T	17659	8258	49	1	1	80	5.66251e-05	17660	0.500014	FALSE	NA	NA	NA	NA	NA	NA
NC_045512.2	13931	A	G	17916	8663	50	3	3	34	0.000167411	17920	0.999799	FALSE	NA	NA	NA	NA	NA	NA
NC_045512.2	13931	A	C	17916	8663	50	1	0	24	5.58036e-05	17920	1	FALSE	NA	NA	NA	NA	NA	NA
NC_045512.2	13932	T	G	17867	8767	49	1	1	40	5.5966e-05	17868	0.750021	FALSE	NA	NA	NA	NA	NA	NA
NC_045512.2	13933	T	G	17827	8736	50	2	1	24	0.000112158	17832	1	FALSE	NA	NA	NA	NA	NA	NA
NC_045512.2	13933	T	C	17827	8736	50	3	1	56	0.000168237	17832	0.124979	FALSE	NA	NA	NA	NA	NA	NA
NC_045512.2	13934	T	G	17751	8686	50	2	2	28	0.000112644	17755	1	FALSE	NA	NA	NA	NA	NA	NA
NC_045512.2	13934	T	C	17751	8686	50	2	1	40	0.000112644	17755	0.499979	FALSE	NA	NA	NA	NA	NA	NA
NC_045512.2	13935	T	G	17618	8579	49	6	6	26	0.000340445	17624	1	FALSE	NA	NA	NA	NA	NA	NA
NC_045512.2	13936	G	T	17133	8079	46	12	12	24	0.000699913	17145	1	FALSE	NA	NA	NA	NA	NA	NA
NC_045512.2	13937	T	G	17358	8735	48	12	12	26	0.000690727	17373	1	FALSE	NA	NA	NA	NA	NA	NA
NC_045512.2	13937	T	C	17358	8735	48	3	1	57	0.000172682	17373	0.12487	FALSE	NA	NA	NA	NA	NA	NA
NC_045512.2	13938	A	G	17473	9010	49	4	4	38	0.00022882	17481	0.999256	FALSE	NA	NA	NA	NA	NA	NA
NC_045512.2	13938	A	C	17473	9010	49	4	0	28	0.00022882	17481	1	FALSE	NA	NA	NA	NA	NA	NA
NC_045512.2	13939	G	T	17581	9033	49	1	0	80	5.68731e-05	17583	0.5	FALSE	NA	NA	NA	NA	NA	NA
NC_045512.2	13939	G	C	17581	9033	49	1	0	24	5.68731e-05	17583	1	FALSE	NA	NA	NA	NA	NA	NA
NC_045512.2	13940	A	G	17628	9204	50	1	1	48	5.67183e-05	17631	0.749993	FALSE	NA	NA	NA	NA	NA	NA
NC_045512.2	13940	A	C	17628	9204	50	2	0	24	0.000113437	17631	1	FALSE	NA	NA	NA	NA	NA	NA
NC_045512.2	13941	A	G	17639	9215	50	3	2	40	0.00017002	17645	0.312447	FALSE	NA	NA	NA	NA	NA	NA
NC_045512.2	13941	A	C	17639	9215	50	3	0	24	0.00017002	17645	1	FALSE	NA	NA	NA	NA	NA	NA
NC_045512.2	13942	A	C	17632	9247	50	1	1	40	5.67118e-05	17633	0.750021	FALSE	NA	NA	NA	NA	NA	NA
NC_045512.2	13943	A	G	17847	9605	50	3	3	34	0.000168048	17852	0.999799	FALSE	NA	NA	NA	NA	NA	NA
NC_045512.2	13943	A	C	17847	9605	50	2	1	36	0.000112032	17852	0.999962	FALSE	NA	NA	NA	NA	NA	NA
NC_045512.2	13944	C	T	17830	9685	49	1	1	32	5.60727e-05	17834	0.999996	FALSE	NA	NA	NA	NA	NA	NA
NC_045512.2	13944	C	A	17830	9685	49	3	0	29	0.000168218	17834	1	FALSE	NA	NA	NA	NA	NA	NA
NC_045512.2	13945	C	A	18144	10127	50	1	0	24	5.51116e-05	18145	1	FALSE	NA	NA	NA	NA	NA	NA
NC_045512.2	13946	C	T	17952	10097	49	1	0	32	5.56855e-05	17958	0.999996	FALSE	NA	NA	NA	NA	NA	NA
NC_045512.2	13946	C	A	17952	10097	49	5	1	24	0.000278427	17958	1	FALSE	NA	NA	NA	NA	NA	NA
NC_045512.2	13947	A	G	18116	10110	50	1	1	40	5.51876e-05	18120	0.749979	FALSE	NA	NA	NA	NA	NA	NA
NC_045512.2	13947	A	C	18116	10110	50	3	1	24	0.000165563	18120	1	FALSE	NA	NA	NA	NA	NA	NA
NC_045512.2	13949	A	G	18237	10468	49	3	1	33	0.000164456	18242	0.99989	FALSE	NA	NA	NA	NA	NA	NA
NC_045512.2	13949	A	C	18237	10468	49	2	0	24	0.000109637	18242	1	FALSE	NA	NA	NA	NA	NA	NA
NC_045512.2	13950	T	G	18137	10436	49	5	5	27	0.000275604	18142	1	FALSE	NA	NA	NA	NA	NA	NA
NC_045512.2	13951	A	C	18370	10705	49	1	0	24	5.44336e-05	18371	1	FALSE	NA	NA	NA	NA	NA	NA
NC_045512.2	13953	A	G	18198	10608	49	1	1	40	5.49481e-05	18199	0.750021	FALSE	NA	NA	NA	NA	NA	NA
NC_045512.2	13954	T	C	18047	10688	49	1	1	40	5.54078e-05	18048	0.750021	FALSE	NA	NA	NA	NA	NA	NA
NC_045512.2	13955	T	G	17723	10370	47	8	8	24	0.000451162	17732	1	FALSE	NA	NA	NA	NA	NA	NA
NC_045512.2	13955	T	C	17723	10370	47	1	1	80	5.63952e-05	17732	0.499901	FALSE	NA	NA	NA	NA	NA	NA
NC_045512.2	13956	A	C	17914	10723	48	2	0	24	0.000111632	17916	1	FALSE	NA	NA	NA	NA	NA	NA
NC_045512.2	13957	C	G	17189	10409	47	1	1	40	5.81497e-05	17197	0.74992	FALSE	NA	NA	NA	NA	NA	NA
NC_045512.2	13957	C	A	17189	10409	47	7	0	28	0.000407048	17197	1	FALSE	NA	NA	NA	NA	NA	NA
NC_045512.2	13958	G	T	17395	10430	48	1	1	40	5.74812e-05	17397	0.750007	FALSE	NA	NA	NA	NA	NA	NA
NC_045512.2	13958	G	C	17395	10430	48	1	1	32	5.74812e-05	17397	0.999996	FALSE	NA	NA	NA	NA	NA	NA
NC_045512.2	13959	C	T	17289	10433	48	3	1	61	0.000173491	17292	0.125	FALSE	NA	NA	NA	NA	NA	NA
NC_045512.2	13961	T	G	17235	10764	48	6	6	24	0.000347927	17245	1	FALSE	NA	NA	NA	NA	NA	NA
NC_045512.2	13961	T	C	17235	10764	48	4	2	32	0.000231951	17245	0.999256	FALSE	NA	NA	NA	NA	NA	NA
NC_045512.2	13962	A	G	17226	11005	47	1	1	64	5.8045e-05	17228	0.5	FALSE	NA	NA	NA	NA	NA	NA
NC_045512.2	13962	A	C	17226	11005	47	1	0	24	5.8045e-05	17228	1	FALSE	NA	NA	NA	NA	NA	NA
NC_045512.2	13963	T	G	17043	10850	48	8	8	24	0.000469181	17051	1	FALSE	NA	NA	NA	NA	NA	NA
NC_045512.2	13964	A	G	17361	11299	48	1	0	40	5.75971e-05	17362	0.750022	FALSE	NA	NA	NA	NA	NA	NA
NC_045512.2	13965	C	T	17624	11497	48	1	1	24	5.67376e-05	17625	1	FALSE	NA	NA	NA	NA	NA	NA
NC_045512.2	13966	G	T	17510	11403	48	2	2	24	0.000114181	17516	1	FALSE	NA	NA	NA	NA	NA	NA
NC_045512.2	13966	G	A	17510	11403	48	4	2	50	0.000228363	17516	0.0624822	FALSE	NA	NA	NA	NA	NA	NA
NC_045512.2	13967	C	T	17492	11694	48	1	0	80	5.71657e-05	17493	0.500014	FALSE	NA	NA	NA	NA	NA	NA
NC_045512.2	13970	A	C	17841	12266	48	1	0	40	5.60475e-05	17842	0.750021	FALSE	NA	NA	NA	NA	NA	NA
NC_045512.2	13971	C	A	17292	12567	47	3	0	29	0.000173461	17295	1	FALSE	NA	NA	NA	NA	NA	NA
NC_045512.2	13972	T	A	17407	12638	47	1	0	24	5.74449e-05	17408	1	FALSE	NA	NA	NA	NA	NA	NA
NC_045512.2	13973	T	G	17160	12391	47	15	15	24	0.000873159	17179	1	FALSE	NA	NA	NA	NA	NA	NA
NC_045512.2	13973	T	C	17160	12391	47	4	1	40	0.000232842	17179	0.187227	FALSE	NA	NA	NA	NA	NA	NA
NC_045512.2	13974	A	G	17312	12610	47	2	1	40	0.000115507	17315	0.5	FALSE	NA	NA	NA	NA	NA	NA
NC_045512.2	13974	A	C	17312	12610	47	1	0	24	5.77534e-05	17315	1	FALSE	NA	NA	NA	NA	NA	NA
NC_045512.2	13975	G	T	17246	12473	47	2	2	24	0.000115955	17248	1	FALSE	NA	NA	NA	NA	NA	NA
NC_045512.2	13976	G	T	16819	12139	45	54	54	26	0.00320019	16874	1	FALSE	NA	NA	NA	NA	NA	NA
NC_045512.2	13976	G	C	16819	12139	45	1	1	24	5.92628e-05	16874	1	FALSE	NA	NA	NA	NA	NA	NA
NC_045512.2	13977	T	G	17513	12890	47	14	14	27	0.000798722	17528	1	FALSE	NA	NA	NA	NA	NA	NA
NC_045512.2	13977	T	C	17513	12890	47	1	1	40	5.70516e-05	17528	0.749822	FALSE	NA	NA	NA	NA	NA	NA
NC_045512.2	13978	G	-AA	17687	13095	47	1	0	20	5.65387e-05	17687	1	FALSE	NA	NA	NA	NA	NA	NA
NC_045512.2	13979	A	G	19297	15330	49	3	2	40	0.00015544	19300	0.31249	FALSE	NA	NA	NA	NA	NA	NA
NC_045512.2	13980	A	G	19115	15431	48	1	1	40	5.23122e-05	19116	0.750007	FALSE	NA	NA	NA	NA	NA	NA
NC_045512.2	13981	C	T	21163	17894	49	1	1	80	4.725e-05	21164	0.500012	FALSE	NA	NA	NA	NA	NA	NA
NC_045512.2	13982	G	C	20122	16829	44	1	0	80	4.96746e-05	20131	0.499913	FALSE	NA	NA	NA	NA	NA	NA
NC_045512.2	13982	G	A	20122	16829	44	8	8	28	0.000397397	20131	1	FALSE	NA	NA	NA	NA	NA	NA
NC_045512.2	13983	T	G	20922	17647	49	9	9	27	0.000429964	20932	1	FALSE	NA	NA	NA	NA	NA	NA
NC_045512.2	13983	T	C	20922	17647	49	1	1	40	4.77737e-05	20932	0.874937	FALSE	NA	NA	NA	NA	NA	NA
NC_045512.2	13984	G	T	21254	17997	49	1	1	40	4.70411e-05	21258	0.874991	FALSE	NA	NA	NA	NA	NA	NA
NC_045512.2	13984	G	A	21254	17997	49	3	3	40	0.000141123	21258	0.5	FALSE	NA	NA	NA	NA	NA	NA
NC_045512.2	13985	T	G	21267	18131	48	18	18	26	0.000845666	21285	1	FALSE	NA	NA	NA	NA	NA	NA
NC_045512.2	13986	A	G	21867	18785	48	2	1	36	9.14537e-05	21869	0.999997	FALSE	NA	NA	NA	NA	NA	NA
NC_045512.2	13987	C	T	21937	18888	49	2	2	32	9.11577e-05	21940	0.999997	FALSE	NA	NA	NA	NA	NA	NA
NC_045512.2	13987	C	G	21937	18888	49	1	1	40	4.55789e-05	21940	0.875	FALSE	NA	NA	NA	NA	NA	NA
NC_045512.2	13988	G	T	21971	18925	49	4	4	24	0.000182008	21977	1	FALSE	NA	NA	NA	NA	NA	NA
NC_045512.2	13988	G	A	21971	18925	49	2	2	40	9.10042e-05	21977	0.687457	FALSE	NA	NA	NA	NA	NA	NA
NC_045512.2	13992	A	C	21545	18594	49	1	0	24	4.64123e-05	21546	1	FALSE	NA	NA	NA	NA	NA	NA
NC_045512.2	13993	G	T	21285	18307	48	9	9	24	0.000422634	21295	1	FALSE	NA	NA	NA	NA	NA	NA
NC_045512.2	13993	G	A	21285	18307	48	1	1	24	4.69594e-05	21295	1	FALSE	NA	NA	NA	NA	NA	NA
NC_045512.2	13994	C	T	21498	18566	49	2	2	24	9.30233e-05	21500	1	FALSE	NA	NA	NA	NA	NA	NA
NC_045512.2	13995	T	G	21446	18527	50	5	5	30	0.000233013	21458	0.999734	FALSE	NA	NA	NA	NA	NA	NA
NC_045512.2	13995	T	C	21446	18527	50	6	5	41	0.000279616	21458	0.144432	FALSE	NA	NA	NA	NA	NA	NA
NC_045512.2	13995	T	A	21446	18527	50	1	1	40	4.66027e-05	21458	0.874921	FALSE	NA	NA	NA	NA	NA	NA
NC_045512.2	13996	T	G	21277	18361	50	4	4	28	0.000187952	21282	1	FALSE	NA	NA	NA	NA	NA	NA
NC_045512.2	13996	T	C	21277	18361	50	1	1	40	4.69881e-05	21282	0.874982	FALSE	NA	NA	NA	NA	NA	NA
NC_045512.2	13997	T	G	21152	18246	49	8	8	28	0.000378036	21162	1	FALSE	NA	NA	NA	NA	NA	NA
NC_045512.2	13997	T	C	21152	18246	49	2	2	40	9.4509e-05	21162	0.687385	FALSE	NA	NA	NA	NA	NA	NA
NC_045512.2	13997	T	+G	21152	18246	49	1	0	20	4.72545e-05	21162	1	FALSE	NA	NA	NA	NA	NA	NA
NC_045512.2	13998	G	T	20745	17785	47	41	41	26	0.00197248	20786	1	FALSE	NA	NA	NA	NA	NA	NA
NC_045512.2	13999	T	G	21338	18740	48	5	5	24	0.000234247	21345	1	FALSE	NA	NA	NA	NA	NA	NA
NC_045512.2	13999	T	C	21338	18740	48	2	1	60	9.36988e-05	21345	0.249947	FALSE	NA	NA	NA	NA	NA	NA
NC_045512.2	14000	T	G	20302	17695	45	73	73	26	0.00358229	20378	1	FALSE	NA	NA	NA	NA	NA	NA
NC_045512.2	14000	T	C	20302	17695	45	3	2	48	0.000147218	20378	0.498341	FALSE	NA	NA	NA	NA	NA	NA
NC_045512.2	14001	A	T	21494	18948	48	1	1	40	4.6516e-05	21498	0.874983	FALSE	NA	NA	NA	NA	NA	NA
NC_045512.2	14001	A	G	21494	18948	48	3	3	40	0.000139548	21498	0.499978	FALSE	NA	NA	NA	NA	NA	NA
NC_045512.2	14002	A	G	21415	18871	48	1	1	40	4.66941e-05	21416	0.875018	FALSE	NA	NA	NA	NA	NA	NA
NC_045512.2	14003	A	G	21493	18990	48	2	2	40	9.30406e-05	21496	0.687509	FALSE	NA	NA	NA	NA	NA	NA
NC_045512.2	14003	A	C	21493	18990	48	1	1	40	4.65203e-05	21496	0.875	FALSE	NA	NA	NA	NA	NA	NA
NC_045512.2	14005	A	C	21445	19075	48	1	1	40	4.66287e-05	21446	0.875017	FALSE	NA	NA	NA	NA	NA	NA
NC_045512.2	14006	C	T	21385	19006	47	2	2	40	9.35104e-05	21388	0.687509	FALSE	NA	NA	NA	NA	NA	NA
NC_045512.2	14006	C	A	21385	19006	47	1	1	40	4.67552e-05	21388	0.875	FALSE	NA	NA	NA	NA	NA	NA
NC_045512.2	14007	A	G	20854	18509	48	3	3	29	0.00014383	20858	1	FALSE	NA	NA	NA	NA	NA	NA
NC_045512.2	14007	A	C	20854	18509	48	1	1	40	4.79432e-05	20858	0.874991	FALSE	NA	NA	NA	NA	NA	NA
NC_045512.2	14008	G	T	21020	18618	48	1	1	24	4.75715e-05	21021	1	FALSE	NA	NA	NA	NA	NA	NA
NC_045512.2	14009	T	G	20432	18011	47	26	26	26	0.00127077	20460	1	FALSE	NA	NA	NA	NA	NA	NA
NC_045512.2	14009	T	C	20432	18011	47	2	2	40	9.77517e-05	20460	0.687051	FALSE	NA	NA	NA	NA	NA	NA
NC_045512.2	14010	A	C	20989	18598	48	1	0	32	4.76417e-05	20990	1	FALSE	NA	NA	NA	NA	NA	NA
NC_045512.2	14011	C	T	21003	18610	48	1	1	40	4.761e-05	21004	0.875018	FALSE	NA	NA	NA	NA	NA	NA
NC_045512.2	14012	A	C	20806	18432	48	2	1	36	9.61169e-05	20808	0.999995	FALSE	NA	NA	NA	NA	NA	NA
NC_045512.2	14013	A	C	20792	18629	47	1	1	32	4.80931e-05	20793	1	FALSE	NA	NA	NA	NA	NA	NA
NC_045512.2	14014	T	C	20730	18569	47	4	4	26	0.00019292	20734	1	FALSE	NA	NA	NA	NA	NA	NA
NC_045512.2	14015	T	C	20495	18342	47	3	3	32	0.000146356	20498	0.999967	FALSE	NA	NA	NA	NA	NA	NA
NC_045512.2	14015	T	+C	20495	18342	47	1	0	20	4.87852e-05	20498	1	FALSE	NA	NA	NA	NA	NA	NA
NC_045512.2	14017	T	G	19970	17970	47	5	5	25	0.000250275	19978	1	FALSE	NA	NA	NA	NA	NA	NA
NC_045512.2	14017	T	C	19970	17970	47	3	2	66	0.000150165	19978	0.124953	FALSE	NA	NA	NA	NA	NA	NA
NC_045512.2	14018	G	T	17002	14872	40	246	246	26	0.0142617	17249	0.000158625	TRUE	NA	NA	NA	NA	NA	NA
NC_045512.2	14018	G	C	17002	14872	40	1	1	40	5.79744e-05	17249	0.746418	FALSE	NA	NA	NA	NA	NA	NA
NC_045512.2	14019	T	G	19981	17973	47	2	2	24	0.000100075	19985	1	FALSE	NA	NA	NA	NA	NA	NA
NC_045512.2	14019	T	C	19981	17973	47	2	2	44	0.000100075	19985	0.499981	FALSE	NA	NA	NA	NA	NA	NA
NC_045512.2	14021	A	G	20024	18035	47	1	1	40	4.99376e-05	20025	0.875019	FALSE	NA	NA	NA	NA	NA	NA
NC_045512.2	14022	T	G	19571	17604	47	3	3	24	0.000153249	19576	1	FALSE	NA	NA	NA	NA	NA	NA
NC_045512.2	14022	T	C	19571	17604	47	2	2	32	0.000102166	19576	0.99999	FALSE	NA	NA	NA	NA	NA	NA
NC_045512.2	14023	G	C	19630	17663	47	1	1	40	5.09372e-05	19632	0.750006	FALSE	NA	NA	NA	NA	NA	NA
NC_045512.2	14023	G	A	19630	17663	47	1	1	40	5.09372e-05	19632	0.750006	FALSE	NA	NA	NA	NA	NA	NA
NC_045512.2	14024	C	T	19633	17701	47	1	1	40	5.09295e-05	19635	0.750006	FALSE	NA	NA	NA	NA	NA	NA
NC_045512.2	14024	C	G	19633	17701	47	1	1	40	5.09295e-05	19635	0.750006	FALSE	NA	NA	NA	NA	NA	NA
NC_045512.2	14025	C	T	19237	17342	47	2	2	40	0.000103945	19241	0.499981	FALSE	NA	NA	NA	NA	NA	NA
NC_045512.2	14025	C	G	19237	17342	47	1	1	40	5.19724e-05	19241	0.749981	FALSE	NA	NA	NA	NA	NA	NA
NC_045512.2	14025	C	A	19237	17342	47	1	0	32	5.19724e-05	19241	0.999999	FALSE	NA	NA	NA	NA	NA	NA
NC_045512.2	14026	A	T	19258	17354	47	1	1	40	5.19184e-05	19261	0.749994	FALSE	NA	NA	NA	NA	NA	NA
NC_045512.2	14026	A	G	19258	17354	47	2	2	32	0.000103837	19261	0.99999	FALSE	NA	NA	NA	NA	NA	NA
NC_045512.2	14027	T	G	19022	17120	47	3	3	24	0.000157687	19025	1	FALSE	NA	NA	NA	NA	NA	NA
NC_045512.2	14028	G	T	18985	17083	46	4	4	28	0.000210648	18989	1	FALSE	NA	NA	NA	NA	NA	NA
NC_045512.2	14029	C	T	19116	17308	47	3	3	40	0.000156912	19119	0.31251	FALSE	NA	NA	NA	NA	NA	NA
NC_045512.2	14030	G	T	18397	16580	43	25	25	24	0.001357	18423	1	FALSE	NA	NA	NA	NA	NA	NA
NC_045512.2	14030	G	A	18397	16580	43	1	0	80	5.428e-05	18423	0.499674	FALSE	NA	NA	NA	NA	NA	NA
NC_045512.2	14031	A	G	19156	17355	47	4	4	36	0.000208768	19160	0.999757	FALSE	NA	NA	NA	NA	NA	NA
NC_045512.2	14032	A	G	19038	17240	47	3	3	34	0.000157555	19041	0.99994	FALSE	NA	NA	NA	NA	NA	NA
NC_045512.2	14033	A	T	18994	17224	46	2	2	40	0.000105274	18998	0.49998	FALSE	NA	NA	NA	NA	NA	NA
NC_045512.2	14033	A	G	18994	17224	46	1	1	40	5.26371e-05	18998	0.74998	FALSE	NA	NA	NA	NA	NA	NA
NC_045512.2	14033	A	C	18994	17224	46	1	1	32	5.26371e-05	18998	0.999998	FALSE	NA	NA	NA	NA	NA	NA
NC_045512.2	14034	T	G	18914	17189	46	3	3	29	0.000158571	18919	1	FALSE	NA	NA	NA	NA	NA	NA
NC_045512.2	14034	T	C	18914	17189	46	2	1	60	0.000105714	18919	0.249967	FALSE	NA	NA	NA	NA	NA	NA
NC_045512.2	14035	G	T	19006	17371	46	2	2	40	0.000105219	19008	0.50002	FALSE	NA	NA	NA	NA	NA	NA
NC_045512.2	14036	C	T	18942	17596	45	2	2	40	0.000105574	18944	0.50002	FALSE	NA	NA	NA	NA	NA	NA
NC_045512.2	14037	T	G	18675	17331	45	1	1	24	5.35418e-05	18677	1	FALSE	NA	NA	NA	NA	NA	NA
NC_045512.2	14037	T	C	18675	17331	45	1	1	40	5.35418e-05	18677	0.750007	FALSE	NA	NA	NA	NA	NA	NA
NC_045512.2	14037	T	+G	18675	17331	45	2	0	20	0.000107084	18677	1	FALSE	NA	NA	NA	NA	NA	NA
NC_045512.2	14040	T	G	18637	17309	45	6	6	32	0.000321819	18644	0.996703	FALSE	NA	NA	NA	NA	NA	NA
NC_045512.2	14040	T	C	18637	17309	45	1	1	40	5.36366e-05	18644	0.74994	FALSE	NA	NA	NA	NA	NA	NA
NC_045512.2	14041	A	G	18739	17426	45	7	7	40	0.000373413	18746	0.0351475	FALSE	NA	NA	NA	NA	NA	NA
NC_045512.2	14042	T	G	18380	17068	44	4	3	38	0.000217581	18384	0.999574	FALSE	NA	NA	NA	NA	NA	NA
NC_045512.2	14043	T	G	18280	16997	44	2	2	24	0.000109379	18285	1	FALSE	NA	NA	NA	NA	NA	NA
NC_045512.2	14043	T	C	18280	16997	44	3	3	40	0.000164069	18285	0.312469	FALSE	NA	NA	NA	NA	NA	NA
NC_045512.2	14044	G	C	18455	17173	45	1	1	24	5.418e-05	18457	1	FALSE	NA	NA	NA	NA	NA	NA
NC_045512.2	14044	G	A	18455	17173	45	1	1	40	5.418e-05	18457	0.750007	FALSE	NA	NA	NA	NA	NA	NA
NC_045512.2	14045	T	G	18029	16751	44	6	6	29	0.000332594	18040	1	FALSE	NA	NA	NA	NA	NA	NA
NC_045512.2	14045	T	C	18029	16751	44	5	4	44	0.000277162	18040	0.109291	FALSE	NA	NA	NA	NA	NA	NA
NC_045512.2	14046	T	G	18014	16745	45	6	6	26	0.000332945	18021	1	FALSE	NA	NA	NA	NA	NA	NA
NC_045512.2	14046	T	A	18014	16745	45	1	1	40	5.54908e-05	18021	0.749938	FALSE	NA	NA	NA	NA	NA	NA
NC_045512.2	14049	T	G	17541	16321	45	5	5	27	0.000284917	17549	1	FALSE	NA	NA	NA	NA	NA	NA
NC_045512.2	14049	T	C	17541	16321	45	3	3	34	0.00017095	17549	0.999799	FALSE	NA	NA	NA	NA	NA	NA
NC_045512.2	14050	G	T	17638	16421	45	1	1	40	5.66733e-05	17645	0.749936	FALSE	NA	NA	NA	NA	NA	NA
NC_045512.2	14050	G	C	17638	16421	45	2	2	60	0.000113347	17645	0.249936	FALSE	NA	NA	NA	NA	NA	NA
NC_045512.2	14050	G	A	17638	16421	45	4	4	36	0.000226693	17645	0.999257	FALSE	NA	NA	NA	NA	NA	NA
NC_045512.2	14051	T	G	17391	16183	44	5	5	32	0.000287356	17400	0.997831	FALSE	NA	NA	NA	NA	NA	NA
NC_045512.2	14051	T	C	17391	16183	44	3	3	40	0.000172414	17400	0.312381	FALSE	NA	NA	NA	NA	NA	NA
NC_045512.2	14051	T	A	17391	16183	44	1	1	24	5.74713e-05	17400	1	FALSE	NA	NA	NA	NA	NA	NA
NC_045512.2	14052	A	G	17500	16308	45	4	4	36	0.000228519	17504	0.999258	FALSE	NA	NA	NA	NA	NA	NA
NC_045512.2	14053	C	T	17475	16319	44	2	2	40	0.000114423	17479	0.499979	FALSE	NA	NA	NA	NA	NA	NA
NC_045512.2	14053	C	G	17475	16319	44	1	1	40	5.72115e-05	17479	0.749979	FALSE	NA	NA	NA	NA	NA	NA
NC_045512.2	14053	C	A	17475	16319	44	1	1	24	5.72115e-05	17479	1	FALSE	NA	NA	NA	NA	NA	NA
NC_045512.2	14054	T	G	17018	15870	44	8	8	26	0.000469787	17029	1	FALSE	NA	NA	NA	NA	NA	NA
NC_045512.2	14054	T	C	17018	15870	44	3	3	40	0.00017617	17029	0.312335	FALSE	NA	NA	NA	NA	NA	NA
NC_045512.2	14055	G	T	17130	15983	44	1	1	24	5.83737e-05	17131	1	FALSE	NA	NA	NA	NA	NA	NA
NC_045512.2	14058	A	G	16704	15566	45	2	2	32	0.00011971	16707	0.999928	FALSE	NA	NA	NA	NA	NA	NA
NC_045512.2	14058	A	C	16704	15566	45	1	1	40	5.98552e-05	16707	0.749993	FALSE	NA	NA	NA	NA	NA	NA
NC_045512.2	14059	T	G	16148	15019	44	4	4	32	0.000247632	16153	0.998715	FALSE	NA	NA	NA	NA	NA	NA
NC_045512.2	14059	T	C	16148	15019	44	1	1	40	6.1908e-05	16153	0.749961	FALSE	NA	NA	NA	NA	NA	NA
NC_045512.2	14060	T	G	15981	14853	44	5	5	33	0.000312774	15986	0.994106	FALSE	NA	NA	NA	NA	NA	NA
NC_045512.2	14061	A	G	16098	14976	45	3	3	40	0.000186312	16102	0.312488	FALSE	NA	NA	NA	NA	NA	NA
NC_045512.2	14061	A	C	16098	14976	45	1	1	40	6.21041e-05	16102	0.749977	FALSE	NA	NA	NA	NA	NA	NA
NC_045512.2	14062	G	A	16131	15010	45	1	1	40	6.19886e-05	16132	0.750023	FALSE	NA	NA	NA	NA	NA	NA
NC_045512.2	14063	A	G	16112	14995	45	1	1	40	6.20501e-05	16116	0.749977	FALSE	NA	NA	NA	NA	NA	NA
NC_045512.2	14063	A	C	16112	14995	45	3	3	34	0.00018615	16116	0.999637	FALSE	NA	NA	NA	NA	NA	NA
NC_045512.2	14064	T	G	15649	14545	44	3	3	34	0.000191657	15653	0.999346	FALSE	NA	NA	NA	NA	NA	NA
NC_045512.2	14064	T	C	15649	14545	44	1	1	80	6.38855e-05	15653	0.499968	FALSE	NA	NA	NA	NA	NA	NA
NC_045512.2	14065	A	G	15398	14303	45	1	1	40	6.49393e-05	15399	0.750024	FALSE	NA	NA	NA	NA	NA	NA
NC_045512.2	14066	A	G	15216	14156	44	5	5	41	0.000328494	15221	0.109367	FALSE	NA	NA	NA	NA	NA	NA
NC_045512.2	14067	T	G	15219	14156	44	2	2	24	0.000131372	15224	1	FALSE	NA	NA	NA	NA	NA	NA
NC_045512.2	14067	T	C	15219	14156	44	3	2	48	0.000197057	15224	0.312463	FALSE	NA	NA	NA	NA	NA	NA
NC_045512.2	14067	T	-C	15219	14156	44	1	0	20	6.56858e-05	15224	1	FALSE	NA	NA	NA	NA	NA	NA
NC_045512.2	14068	C	G	15239	14181	45	3	3	34	0.000196812	15243	0.999346	FALSE	NA	NA	NA	NA	NA	NA
NC_045512.2	14068	C	A	15239	14181	45	1	1	24	6.56039e-05	15243	1	FALSE	NA	NA	NA	NA	NA	NA
NC_045512.2	14068	C	-A	15239	14181	45	1	0	20	6.55996e-05	15244	1	FALSE	NA	NA	NA	NA	NA	NA
NC_045512.2	14069	A	G	15277	14222	45	3	3	34	0.000196335	15280	0.999346	FALSE	NA	NA	NA	NA	NA	NA
NC_045512.2	14070	A	G	14968	13921	45	1	1	24	6.68047e-05	14969	1	FALSE	NA	NA	NA	NA	NA	NA
NC_045512.2	14071	G	A	14918	13918	44	1	1	40	6.70286e-05	14919	0.750025	FALSE	NA	NA	NA	NA	NA	NA
NC_045512.2	14072	A	G	14945	13953	44	1	1	40	6.69031e-05	14947	0.750008	FALSE	NA	NA	NA	NA	NA	NA
NC_045512.2	14072	A	C	14945	13953	44	1	1	24	6.69031e-05	14947	1	FALSE	NA	NA	NA	NA	NA	NA
NC_045512.2	14075	T	G	14380	13479	44	3	3	34	0.00020858	14383	0.998829	FALSE	NA	NA	NA	NA	NA	NA
NC_045512.2	14077	A	G	14419	13561	44	1	1	24	6.93481e-05	14420	1	FALSE	NA	NA	NA	NA	NA	NA
NC_045512.2	14078	A	G	14364	13510	43	2	2	40	0.000139208	14367	0.5	FALSE	NA	NA	NA	NA	NA	NA
NC_045512.2	14078	A	C	14364	13510	43	1	0	24	6.9604e-05	14367	1	FALSE	NA	NA	NA	NA	NA	NA
NC_045512.2	14079	T	C	14316	13462	44	1	1	40	6.9847e-05	14317	0.750026	FALSE	NA	NA	NA	NA	NA	NA
NC_045512.2	14080	G	T	14266	13410	44	1	1	24	7.00869e-05	14268	1	FALSE	NA	NA	NA	NA	NA	NA
NC_045512.2	14080	G	C	14266	13410	44	1	1	24	7.00869e-05	14268	1	FALSE	NA	NA	NA	NA	NA	NA
NC_045512.2	14081	G	T	14249	13399	44	2	1	80	0.000140341	14251	0.250009	FALSE	NA	NA	NA	NA	NA	NA
NC_045512.2	14082	T	G	13492	12681	43	5	5	25	0.000370453	13497	1	FALSE	NA	NA	NA	NA	NA	NA
NC_045512.2	14083	A	G	13599	12794	44	3	3	40	0.000220556	13602	0.312514	FALSE	NA	NA	NA	NA	NA	NA
NC_045512.2	14084	A	G	13591	12784	44	3	3	40	0.000220686	13594	0.312514	FALSE	NA	NA	NA	NA	NA	NA
NC_045512.2	14086	T	G	13406	12608	44	4	4	32	0.000298285	13410	0.993653	FALSE	NA	NA	NA	NA	NA	NA
NC_045512.2	14087	G	A	13270	12482	44	1	1	40	7.53523e-05	13271	0.750028	FALSE	NA	NA	NA	NA	NA	NA
NC_045512.2	14088	G	A	13200	12416	44	1	1	40	7.57518e-05	13201	0.750028	FALSE	NA	NA	NA	NA	NA	NA
NC_045512.2	14089	T	G	12932	12155	44	1	1	24	7.73216e-05	12933	1	FALSE	NA	NA	NA	NA	NA	NA
NC_045512.2	14090	A	G	12962	12189	44	1	1	40	7.71426e-05	12963	0.750029	FALSE	NA	NA	NA	NA	NA	NA
NC_045512.2	14091	T	G	12823	12047	44	2	2	40	0.000155933	12826	0.5	FALSE	NA	NA	NA	NA	NA	NA
NC_045512.2	14091	T	C	12823	12047	44	1	1	40	7.79666e-05	12826	0.74999	FALSE	NA	NA	NA	NA	NA	NA
NC_045512.2	14092	G	T	12889	12115	44	1	1	24	7.75795e-05	12890	1	FALSE	NA	NA	NA	NA	NA	NA
NC_045512.2	14093	A	G	12881	12115	44	2	2	60	0.000155243	12883	0.25001	FALSE	NA	NA	NA	NA	NA	NA
NC_045512.2	14094	T	G	12334	11589	43	1	1	24	8.10701e-05	12335	1	FALSE	NA	NA	NA	NA	NA	NA
NC_045512.2	14095	T	G	12316	11629	43	3	3	29	0.000243526	12319	1	FALSE	NA	NA	NA	NA	NA	NA
NC_045512.2	14096	T	C	11712	11054	43	2	2	40	0.000170736	11714	0.500032	FALSE	NA	NA	NA	NA	NA	NA
NC_045512.2	14097	C	T	11490	10850	43	1	1	40	8.69792e-05	11497	0.749902	FALSE	NA	NA	NA	NA	NA	NA
NC_045512.2	14097	C	G	11490	10850	43	4	4	32	0.000347917	11497	0.982436	FALSE	NA	NA	NA	NA	NA	NA
NC_045512.2	14097	C	A	11490	10850	43	2	2	40	0.000173958	11497	0.499869	FALSE	NA	NA	NA	NA	NA	NA
NC_045512.2	14099	G	T	11224	10675	40	6	6	26	0.000534283	11230	1	FALSE	NA	NA	NA	NA	NA	NA
NC_045512.2	14100	T	G	11420	10873	43	4	4	40	0.000350079	11426	0.187445	FALSE	NA	NA	NA	NA	NA	NA
NC_045512.2	14100	T	C	11420	10873	43	2	2	60	0.000175039	11426	0.249923	FALSE	NA	NA	NA	NA	NA	NA
NC_045512.2	14101	G	C	11423	10888	43	1	1	40	8.7535e-05	11424	0.750033	FALSE	NA	NA	NA	NA	NA	NA
NC_045512.2	14102	A	G	11219	10710	43	4	4	36	0.000356411	11223	0.982459	FALSE	NA	NA	NA	NA	NA	NA
NC_045512.2	14103	T	G	11199	10713	42	2	2	24	0.00017854	11202	1	FALSE	NA	NA	NA	NA	NA	NA
NC_045512.2	14103	T	C	11199	10713	42	1	1	80	8.92698e-05	11202	0.499978	FALSE	NA	NA	NA	NA	NA	NA
NC_045512.2	14104	T	C	16506	11226	41	1	1	40	6.05767e-05	16508	0.750008	FALSE	NA	NA	NA	NA	NA	NA
NC_045512.2	14104	T	A	16506	11226	41	1	1	40	6.05767e-05	16508	0.750008	FALSE	NA	NA	NA	NA	NA	NA
NC_045512.2	14105	T	C	16484	11199	41	2	2	40	0.000121315	16486	0.500023	FALSE	NA	NA	NA	NA	NA	NA
NC_045512.2	14106	C	T	16907	11269	41	1	1	80	5.91401e-05	16909	0.5	FALSE	NA	NA	NA	NA	NA	NA
NC_045512.2	14106	C	A	16907	11269	41	1	0	24	5.91401e-05	16909	1	FALSE	NA	NA	NA	NA	NA	NA
NC_045512.2	14107	A	T	17199	11260	41	1	1	40	5.81058e-05	17210	0.749876	FALSE	NA	NA	NA	NA	NA	NA
NC_045512.2	14107	A	G	17199	11260	41	5	5	24	0.000290529	17210	1	FALSE	NA	NA	NA	NA	NA	NA
NC_045512.2	14107	A	C	17199	11260	41	5	3	30	0.000290529	17210	0.99783	FALSE	NA	NA	NA	NA	NA	NA
NC_045512.2	14108	T	G	17159	11184	41	4	4	24	0.000233059	17163	1	FALSE	NA	NA	NA	NA	NA	NA
NC_045512.2	14109	A	G	17220	11309	41	11	7	40	0.000638236	17235	0.00316682	TRUE	NA	NA	NA	NA	NA	NA
NC_045512.2	14109	A	C	17220	11309	41	4	0	28	0.000232086	17235	1	FALSE	NA	NA	NA	NA	NA	NA
NC_045512.2	14110	C	T	17232	11301	41	1	0	40	5.80248e-05	17234	0.750007	FALSE	NA	NA	NA	NA	NA	NA
NC_045512.2	14110	C	G	17232	11301	41	1	1	40	5.80248e-05	17234	0.750007	FALSE	NA	NA	NA	NA	NA	NA
NC_045512.2	14112	A	G	17092	10608	41	4	2	40	0.000233959	17097	0.187482	FALSE	NA	NA	NA	NA	NA	NA
NC_045512.2	14112	A	C	17092	10608	41	1	0	24	5.84898e-05	17097	1	FALSE	NA	NA	NA	NA	NA	NA
NC_045512.2	14113	A	G	17059	10591	41	1	1	40	5.85926e-05	17067	0.749919	FALSE	NA	NA	NA	NA	NA	NA
NC_045512.2	14113	A	C	17059	10591	41	7	1	28	0.000410148	17067	1	FALSE	NA	NA	NA	NA	NA	NA
NC_045512.2	14114	C	A	17219	10592	41	1	1	40	5.8072e-05	17220	0.750022	FALSE	NA	NA	NA	NA	NA	NA
NC_045512.2	14115	C	G	16867	10274	41	2	0	40	0.000118554	16870	0.5	FALSE	NA	NA	NA	NA	NA	NA
NC_045512.2	14115	C	A	16867	10274	41	1	0	40	5.92768e-05	16870	0.749993	FALSE	NA	NA	NA	NA	NA	NA
NC_045512.2	14116	A	G	16929	9936	41	3	3	29	0.000177106	16939	1	FALSE	NA	NA	NA	NA	NA	NA
NC_045512.2	14116	A	C	16929	9936	41	7	4	28	0.000413248	16939	1	FALSE	NA	NA	NA	NA	NA	NA
NC_045512.2	14117	C	G	17073	9984	41	1	0	40	5.85652e-05	17075	0.750007	FALSE	NA	NA	NA	NA	NA	NA
NC_045512.2	14117	C	A	17073	9984	41	1	0	24	5.85652e-05	17075	1	FALSE	NA	NA	NA	NA	NA	NA
NC_045512.2	14118	G	A	7428	634	40	1	0	24	0.000134608	7429	1	FALSE	NA	NA	NA	NA	NA	NA
NC_045512.2	14119	C	G	7420	649	40	1	0	24	0.00013468	7425	1	FALSE	NA	NA	NA	NA	NA	NA
NC_045512.2	14119	C	A	7420	649	40	4	0	36	0.000538721	7425	0.886806	FALSE	NA	NA	NA	NA	NA	NA
NC_045512.2	14120	C	A	7045	648	37	10	0	27	0.00141743	7055	1	FALSE	NA	NA	NA	NA	NA	NA
NC_045512.2	14121	A	C	8697	700	40	4	0	32	0.000459717	8701	0.927099	FALSE	NA	NA	NA	NA	NA	NA
NC_045512.2	14122	G	C	8764	701	41	2	0	32	0.000228154	8766	0.98928	FALSE	NA	NA	NA	NA	NA	NA
NC_045512.2	14123	G	T	9967	736	41	2	2	32	0.000200622	9969	0.994154	FALSE	NA	NA	NA	NA	NA	NA
NC_045512.2	14125	A	G	9923	800	41	1	0	40	0.000100715	9929	0.499899	FALSE	NA	NA	NA	NA	NA	NA
NC_045512.2	14125	A	C	9923	800	41	5	0	30	0.000503575	9929	0.910294	FALSE	NA	NA	NA	NA	NA	NA
NC_045512.2	14127	T	G	10328	853	42	1	0	40	9.68054e-05	10330	0.750012	FALSE	NA	NA	NA	NA	NA	NA
NC_045512.2	14127	T	C	10328	853	42	1	0	40	9.68054e-05	10330	0.750012	FALSE	NA	NA	NA	NA	NA	NA
NC_045512.2	14128	G	A	10338	860	42	1	0	40	9.67212e-05	10339	0.750036	FALSE	NA	NA	NA	NA	NA	NA
NC_045512.2	14129	G	C	10522	869	42	2	0	32	0.000190024	10525	0.996833	FALSE	NA	NA	NA	NA	NA	NA
NC_045512.2	14129	G	A	10522	869	42	1	0	24	9.50119e-05	10525	1	FALSE	NA	NA	NA	NA	NA	NA
NC_045512.2	14130	A	G	10506	874	42	1	0	24	9.51565e-05	10509	1	FALSE	NA	NA	NA	NA	NA	NA
NC_045512.2	14130	A	C	10506	874	42	2	0	32	0.000190313	10509	0.996833	FALSE	NA	NA	NA	NA	NA	NA
NC_045512.2	14131	G	C	10560	874	42	1	0	40	9.4688e-05	10561	0.750036	FALSE	NA	NA	NA	NA	NA	NA
NC_045512.2	14132	T	C	10605	874	42	3	0	40	0.000282805	10608	0.312518	FALSE	NA	NA	NA	NA	NA	NA
NC_045512.2	14133	T	G	10642	877	42	1	0	24	9.39496e-05	10644	1	FALSE	NA	NA	NA	NA	NA	NA
NC_045512.2	14133	T	C	10642	877	42	1	0	40	9.39496e-05	10644	0.750012	FALSE	NA	NA	NA	NA	NA	NA
NC_045512.2	14134	C	T	10627	964	42	5	0	27	0.000470102	10636	1	FALSE	NA	NA	NA	NA	NA	NA
NC_045512.2	14134	C	G	10627	964	42	4	0	36	0.000376081	10636	0.971308	FALSE	NA	NA	NA	NA	NA	NA
NC_045512.2	14136	T	G	10793	979	42	6	0	32	0.000555504	10801	0.894994	FALSE	NA	NA	NA	NA	NA	NA
NC_045512.2	14136	T	C	10793	979	42	2	0	32	0.000185168	10801	0.996825	FALSE	NA	NA	NA	NA	NA	NA
NC_045512.2	14137	G	T	11202	982	42	1	1	24	8.92618e-05	11203	1	FALSE	NA	NA	NA	NA	NA	NA
NC_045512.2	14138	T	G	11200	985	42	1	0	40	8.92777e-05	11201	0.750033	FALSE	NA	NA	NA	NA	NA	NA
NC_045512.2	14139	T	G	11286	992	43	1	0	40	8.85897e-05	11288	0.750011	FALSE	NA	NA	NA	NA	NA	NA
NC_045512.2	14139	T	C	11286	992	43	1	0	24	8.85897e-05	11288	1	FALSE	NA	NA	NA	NA	NA	NA
NC_045512.2	14140	G	A	11278	975	42	1	0	40	8.86603e-05	11279	0.750033	FALSE	NA	NA	NA	NA	NA	NA
NC_045512.2	14141	T	C	11305	988	42	2	0	40	0.000176882	11307	0.500033	FALSE	NA	NA	NA	NA	NA	NA
NC_045512.2	14142	A	C	11229	995	42	2	0	24	0.000178079	11231	1	FALSE	NA	NA	NA	NA	NA	NA
NC_045512.2	14144	A	C	11312	1077	43	1	0	40	8.83939e-05	11313	0.750033	FALSE	NA	NA	NA	NA	NA	NA
NC_045512.2	14145	T	C	11444	1074	43	2	0	40	0.000174734	11446	0.500033	FALSE	NA	NA	NA	NA	NA	NA
NC_045512.2	14148	T	C	11690	1086	43	3	0	34	0.000256564	11693	0.993546	FALSE	NA	NA	NA	NA	NA	NA
NC_045512.2	14149	T	C	11719	1085	43	2	0	40	0.000170634	11721	0.500032	FALSE	NA	NA	NA	NA	NA	NA
NC_045512.2	14150	A	G	11492	1099	42	1	0	24	8.69338e-05	11503	1	FALSE	NA	NA	NA	NA	NA	NA
NC_045512.2	14150	A	C	11492	1099	42	10	0	26	0.000869338	11503	1	FALSE	NA	NA	NA	NA	NA	NA
NC_045512.2	14151	T	C	11732	1097	43	1	0	24	8.52297e-05	11733	1	FALSE	NA	NA	NA	NA	NA	NA
NC_045512.2	14152	T	G	11740	1097	43	1	0	24	8.51499e-05	11744	1	FALSE	NA	NA	NA	NA	NA	NA
NC_045512.2	14152	T	C	11740	1097	43	3	0	29	0.00025545	11744	1	FALSE	NA	NA	NA	NA	NA	NA
NC_045512.2	14153	A	C	11756	1108	43	4	0	28	0.000340136	11760	1	FALSE	NA	NA	NA	NA	NA	NA
NC_045512.2	14157	A	C	11768	1191	43	1	0	40	8.4969e-05	11769	0.750032	FALSE	NA	NA	NA	NA	NA	NA
NC_045512.2	14158	T	C	12044	1199	44	2	0	52	0.00016603	12046	0.25001	FALSE	NA	NA	NA	NA	NA	NA
NC_045512.2	14159	T	C	12029	1193	44	3	0	40	0.000249335	12032	0.312516	FALSE	NA	NA	NA	NA	NA	NA
NC_045512.2	14160	G	C	12539	1224	44	2	0	24	0.000159477	12541	1	FALSE	NA	NA	NA	NA	NA	NA
NC_045512.2	14161	T	C	12580	1222	44	1	0	24	7.94849e-05	12581	1	FALSE	NA	NA	NA	NA	NA	NA
NC_045512.2	14162	T	G	12573	1225	44	1	1	24	7.95229e-05	12575	1	FALSE	NA	NA	NA	NA	NA	NA
NC_045512.2	14162	T	C	12573	1225	44	1	0	40	7.95229e-05	12575	0.75001	FALSE	NA	NA	NA	NA	NA	NA
NC_045512.2	14163	A	C	12471	1239	43	2	0	24	0.000160346	12473	1	FALSE	NA	NA	NA	NA	NA	NA
NC_045512.2	14164	A	G	12496	1251	44	1	0	40	8.00128e-05	12498	0.75001	FALSE	NA	NA	NA	NA	NA	NA
NC_045512.2	14164	A	C	12496	1251	44	1	0	24	8.00128e-05	12498	1	FALSE	NA	NA	NA	NA	NA	NA
NC_045512.2	14165	T	C	13002	1253	44	3	1	40	0.000230681	13005	0.312514	FALSE	NA	NA	NA	NA	NA	NA
NC_045512.2	14166	G	C	13069	1265	44	3	0	24	0.000229481	13073	1	FALSE	NA	NA	NA	NA	NA	NA
NC_045512.2	14166	G	A	13069	1265	44	1	0	40	7.64935e-05	13073	0.749971	FALSE	NA	NA	NA	NA	NA	NA
NC_045512.2	14168	C	A	12970	1375	43	1	0	24	7.70951e-05	12971	1	FALSE	NA	NA	NA	NA	NA	NA
NC_045512.2	14170	A	C	14324	1442	44	4	0	24	0.000279174	14328	1	FALSE	NA	NA	NA	NA	NA	NA
NC_045512.2	14171	T	G	14559	1445	44	3	0	24	0.000206002	14563	1	FALSE	NA	NA	NA	NA	NA	NA
NC_045512.2	14171	T	C	14559	1445	44	1	0	24	6.86672e-05	14563	1	FALSE	NA	NA	NA	NA	NA	NA
NC_045512.2	14172	A	G	14480	1533	44	1	0	40	6.90226e-05	14488	0.749905	FALSE	NA	NA	NA	NA	NA	NA
NC_045512.2	14172	A	C	14480	1533	44	7	0	24	0.000483158	14488	1	FALSE	NA	NA	NA	NA	NA	NA
NC_045512.2	14173	T	C	14584	1602	45	2	0	24	0.000137118	14586	1	FALSE	NA	NA	NA	NA	NA	NA
NC_045512.2	14174	T	C	14585	1632	45	7	0	40	0.000479715	14592	0.035145	FALSE	NA	NA	NA	NA	NA	NA
NC_045512.2	14175	A	G	14474	1646	45	1	0	40	6.90799e-05	14476	0.750009	FALSE	NA	NA	NA	NA	NA	NA
NC_045512.2	14175	A	C	14474	1646	45	1	0	24	6.90799e-05	14476	1	FALSE	NA	NA	NA	NA	NA	NA
NC_045512.2	14176	A	C	14909	1691	44	3	0	24	0.00020118	14912	1	FALSE	NA	NA	NA	NA	NA	NA
NC_045512.2	14177	C	A	14971	1693	45	2	0	24	0.000133574	14973	1	FALSE	NA	NA	NA	NA	NA	NA
NC_045512.2	14178	C	A	15053	1702	45	1	0	24	6.64275e-05	15054	1	FALSE	NA	NA	NA	NA	NA	NA
NC_045512.2	14179	T	G	15032	1686	45	1	0	24	6.6507e-05	15036	1	FALSE	NA	NA	NA	NA	NA	NA
NC_045512.2	14179	T	C	15032	1686	45	3	0	40	0.000199521	15036	0.312488	FALSE	NA	NA	NA	NA	NA	NA
NC_045512.2	14180	T	C	15074	1700	45	1	0	40	6.6335e-05	15075	0.750025	FALSE	NA	NA	NA	NA	NA	NA
NC_045512.2	14181	G	C	15219	1714	45	1	0	40	6.56987e-05	15221	0.750008	FALSE	NA	NA	NA	NA	NA	NA
NC_045512.2	14181	G	A	15219	1714	45	1	0	40	6.56987e-05	15221	0.750008	FALSE	NA	NA	NA	NA	NA	NA
NC_045512.2	14182	A	C	15141	1727	45	5	0	24	0.00033012	15146	1	FALSE	NA	NA	NA	NA	NA	NA
NC_045512.2	14183	C	G	14819	1870	43	2	0	32	0.000134889	14827	0.999741	FALSE	NA	NA	NA	NA	NA	NA
NC_045512.2	14183	C	A	14819	1870	43	6	0	29	0.000404667	14827	1	FALSE	NA	NA	NA	NA	NA	NA
NC_045512.2	14185	A	G	15132	1864	46	1	1	64	6.60633e-05	15137	0.49995	FALSE	NA	NA	NA	NA	NA	NA
NC_045512.2	14185	A	C	15132	1864	46	4	0	24	0.000264253	15137	1	FALSE	NA	NA	NA	NA	NA	NA
NC_045512.2	14186	G	T	15461	1876	46	1	0	40	6.46747e-05	15462	0.750024	FALSE	NA	NA	NA	NA	NA	NA
NC_045512.2	14188	G	A	15971	1944	46	4	0	36	0.000250391	15975	0.997794	FALSE	NA	NA	NA	NA	NA	NA
NC_045512.2	14189	C	T	15973	1943	46	4	0	40	0.000250313	15980	0.187441	FALSE	NA	NA	NA	NA	NA	NA
NC_045512.2	14189	C	A	15973	1943	46	3	0	40	0.000187735	15980	0.312418	FALSE	NA	NA	NA	NA	NA	NA
NC_045512.2	14190	T	C	16002	1963	47	2	0	40	0.000124969	16004	0.500023	FALSE	NA	NA	NA	NA	NA	NA
NC_045512.2	14191	T	C	16022	1983	47	1	0	80	6.24103e-05	16023	0.500016	FALSE	NA	NA	NA	NA	NA	NA
NC_045512.2	14192	T	C	16102	2189	48	4	0	40	0.000248355	16106	0.1875	FALSE	NA	NA	NA	NA	NA	NA
NC_045512.2	14193	A	G	15922	2208	47	1	0	24	6.27786e-05	15929	1	FALSE	NA	NA	NA	NA	NA	NA
NC_045512.2	14193	A	C	15922	2208	47	6	0	26	0.000376671	15929	1	FALSE	NA	NA	NA	NA	NA	NA
NC_045512.2	14194	A	C	15950	2211	47	4	0	24	0.000250721	15954	1	FALSE	NA	NA	NA	NA	NA	NA
NC_045512.2	14195	C	T	16205	2222	47	2	1	40	0.000123403	16207	0.500023	FALSE	NA	NA	NA	NA	NA	NA
NC_045512.2	14196	T	G	16204	2218	48	1	1	24	6.17017e-05	16207	1	FALSE	NA	NA	NA	NA	NA	NA
NC_045512.2	14196	T	C	16204	2218	48	2	0	40	0.000123403	16207	0.5	FALSE	NA	NA	NA	NA	NA	NA
NC_045512.2	14197	G	C	16229	2231	48	1	1	24	6.16067e-05	16232	1	FALSE	NA	NA	NA	NA	NA	NA
NC_045512.2	14197	G	A	16229	2231	48	2	1	80	0.000123213	16232	0.249992	FALSE	NA	NA	NA	NA	NA	NA
NC_045512.2	14198	C	G	16281	2230	48	1	0	40	6.14175e-05	16282	0.750023	FALSE	NA	NA	NA	NA	NA	NA
NC_045512.2	14199	A	G	16032	2240	47	1	0	40	6.23636e-05	16035	0.749992	FALSE	NA	NA	NA	NA	NA	NA
NC_045512.2	14199	A	C	16032	2240	47	2	0	24	0.000124727	16035	1	FALSE	NA	NA	NA	NA	NA	NA
NC_045512.2	14201	A	G	16260	2390	48	4	1	46	0.000245866	16269	0.187404	FALSE	NA	NA	NA	NA	NA	NA
NC_045512.2	14201	A	C	16260	2390	48	5	0	30	0.000307333	16269	0.996406	FALSE	NA	NA	NA	NA	NA	NA
NC_045512.2	14202	G	C	16846	2421	48	1	0	40	5.93577e-05	16847	0.750022	FALSE	NA	NA	NA	NA	NA	NA
NC_045512.2	14203	T	C	16859	2446	49	1	0	24	5.9312e-05	16860	1	FALSE	NA	NA	NA	NA	NA	NA
NC_045512.2	14204	C	T	16863	2457	49	3	0	40	0.000177852	16868	0.312467	FALSE	NA	NA	NA	NA	NA	NA
NC_045512.2	14204	C	G	16863	2457	49	1	1	32	5.92839e-05	16868	0.999992	FALSE	NA	NA	NA	NA	NA	NA
NC_045512.2	14204	C	A	16863	2457	49	1	0	24	5.92839e-05	16868	1	FALSE	NA	NA	NA	NA	NA	NA
NC_045512.2	14205	A	T	16770	2491	49	1	0	80	5.96019e-05	16778	0.499911	FALSE	NA	NA	NA	NA	NA	NA
NC_045512.2	14205	A	G	16770	2491	49	2	1	80	0.000119204	16778	0.249918	FALSE	NA	NA	NA	NA	NA	NA
NC_045512.2	14205	A	C	16770	2491	49	5	0	33	0.000298009	16778	0.996407	FALSE	NA	NA	NA	NA	NA	NA
NC_045512.2	14206	C	A	16876	2499	47	3	0	24	0.000177736	16879	1	FALSE	NA	NA	NA	NA	NA	NA
NC_045512.2	14207	A	G	17006	2519	49	1	0	40	5.87924e-05	17009	0.749993	FALSE	NA	NA	NA	NA	NA	NA
NC_045512.2	14207	A	C	17006	2519	49	2	0	24	0.000117585	17009	1	FALSE	NA	NA	NA	NA	NA	NA
NC_045512.2	14208	T	G	17525	2565	49	2	0	24	0.000114103	17528	1	FALSE	NA	NA	NA	NA	NA	NA
NC_045512.2	14208	T	C	17525	2565	49	1	0	40	5.70516e-05	17528	0.749993	FALSE	NA	NA	NA	NA	NA	NA
NC_045512.2	14210	T	G	17523	2738	49	1	1	24	5.70646e-05	17524	1	FALSE	NA	NA	NA	NA	NA	NA
NC_045512.2	14212	G	A	17403	2688	49	1	0	40	5.74581e-05	17404	0.750022	FALSE	NA	NA	NA	NA	NA	NA
NC_045512.2	14213	A	G	17389	2808	50	3	0	34	0.000172473	17394	0.999799	FALSE	NA	NA	NA	NA	NA	NA
NC_045512.2	14213	A	C	17389	2808	50	2	0	32	0.000114982	17394	0.999962	FALSE	NA	NA	NA	NA	NA	NA
NC_045512.2	14214	C	A	17078	2823	48	16	0	27	0.000936001	17094	1	FALSE	NA	NA	NA	NA	NA	NA
NC_045512.2	14215	A	G	17319	2845	50	1	0	40	5.77201e-05	17325	0.749949	FALSE	NA	NA	NA	NA	NA	NA
NC_045512.2	14215	A	C	17319	2845	50	5	0	27	0.0002886	17325	1	FALSE	NA	NA	NA	NA	NA	NA
NC_045512.2	14217	T	C	17258	3425	53	1	0	80	5.79408e-05	17259	0.500014	FALSE	NA	NA	NA	NA	NA	NA
NC_045512.2	14219	A	T	17332	3484	53	1	0	40	5.76735e-05	17339	0.749935	FALSE	NA	NA	NA	NA	NA	NA
NC_045512.2	14219	A	G	17332	3484	53	1	0	40	5.76735e-05	17339	0.749935	FALSE	NA	NA	NA	NA	NA	NA
NC_045512.2	14219	A	C	17332	3484	53	5	0	24	0.000288367	17339	1	FALSE	NA	NA	NA	NA	NA	NA
NC_045512.2	14221	T	C	17433	3453	53	3	0	34	0.000171989	17443	0.999799	FALSE	NA	NA	NA	NA	NA	NA
NC_045512.2	14221	T	A	17433	3453	53	7	2	62	0.000401307	17443	0.00780466	TRUE	NA	NA	NA	NA	NA	NA
NC_045512.2	14222	T	C	17586	3585	54	1	1	64	5.68602e-05	17587	0.500014	FALSE	NA	NA	NA	NA	NA	NA
NC_045512.2	14223	A	C	17469	3608	53	5	0	24	0.000286139	17474	1	FALSE	NA	NA	NA	NA	NA	NA
NC_045512.2	14224	A	G	17508	3590	54	2	1	44	0.000114214	17511	0.5	FALSE	NA	NA	NA	NA	NA	NA
NC_045512.2	14224	A	C	17508	3590	54	1	0	24	5.7107e-05	17511	1	FALSE	NA	NA	NA	NA	NA	NA
NC_045512.2	14225	C	A	17460	3605	53	11	0	25	0.000629615	17471	1	FALSE	NA	NA	NA	NA	NA	NA
NC_045512.2	14226	A	G	17543	3583	54	1	1	80	5.69898e-05	17547	0.499972	FALSE	NA	NA	NA	NA	NA	NA
NC_045512.2	14226	A	C	17543	3583	54	3	0	29	0.000170969	17547	1	FALSE	NA	NA	NA	NA	NA	NA
NC_045512.2	14227	A	G	17478	3906	55	2	1	30	0.000114416	17480	0.999962	FALSE	NA	NA	NA	NA	NA	NA
NC_045512.2	14228	A	G	17443	3884	55	1	0	80	5.73132e-05	17448	0.499957	FALSE	NA	NA	NA	NA	NA	NA
NC_045512.2	14228	A	C	17443	3884	55	4	0	28	0.000229253	17448	1	FALSE	NA	NA	NA	NA	NA	NA
NC_045512.2	14229	G	T	18016	3948	55	1	0	40	5.55031e-05	18017	0.750021	FALSE	NA	NA	NA	NA	NA	NA
NC_045512.2	14230	C	A	17924	4005	55	1	0	24	5.5788e-05	17925	1	FALSE	NA	NA	NA	NA	NA	NA
NC_045512.2	14231	C	A	17317	4068	52	24	0	26	0.001384	17341	1	FALSE	NA	NA	NA	NA	NA	NA
NC_045512.2	14233	T	G	17769	4002	55	1	1	40	5.62746e-05	17770	0.750021	FALSE	NA	NA	NA	NA	NA	NA
NC_045512.2	14234	A	C	17739	4296	56	3	0	24	0.00016909	17742	1	FALSE	NA	NA	NA	NA	NA	NA
NC_045512.2	14235	C	A	16861	4635	51	36	0	25	0.00213056	16897	1	FALSE	NA	NA	NA	NA	NA	NA
NC_045512.2	14236	A	G	17388	4558	55	2	0	40	0.000114995	17392	0.499978	FALSE	NA	NA	NA	NA	NA	NA
NC_045512.2	14236	A	C	17388	4558	55	2	0	28	0.000114995	17392	1	FALSE	NA	NA	NA	NA	NA	NA
NC_045512.2	14238	T	C	16469	4716	54	3	0	34	0.000182127	16472	0.999637	FALSE	NA	NA	NA	NA	NA	NA
NC_045512.2	14239	A	G	16285	4857	54	1	0	40	6.14024e-05	16286	0.750023	FALSE	NA	NA	NA	NA	NA	NA
NC_045512.2	14240	A	C	16327	4851	54	1	0	24	6.12445e-05	16328	1	FALSE	NA	NA	NA	NA	NA	NA
NC_045512.2	14241	G	T	16328	4798	54	2	1	36	0.000122474	16330	0.999928	FALSE	NA	NA	NA	NA	NA	NA
NC_045512.2	14242	T	G	16465	5297	55	2	1	24	0.000121426	16471	1	FALSE	NA	NA	NA	NA	NA	NA
NC_045512.2	14242	T	C	16465	5297	55	4	1	24	0.000242851	16471	1	FALSE	NA	NA	NA	NA	NA	NA
NC_045512.2	14243	G	T	16152	5051	52	9	9	26	0.000556862	16162	1	FALSE	NA	NA	NA	NA	NA	NA
NC_045512.2	14243	G	A	16152	5051	52	1	0	40	6.18735e-05	16162	0.749884	FALSE	NA	NA	NA	NA	NA	NA
NC_045512.2	14247	T	C	16432	5872	57	1	0	24	6.08532e-05	16433	1	FALSE	NA	NA	NA	NA	NA	NA
NC_045512.2	14248	T	G	16528	6342	58	1	0	40	6.04997e-05	16529	0.750023	FALSE	NA	NA	NA	NA	NA	NA
NC_045512.2	14249	T	C	16562	6446	58	2	2	64	0.000120744	16564	0.250008	FALSE	NA	NA	NA	NA	NA	NA
NC_045512.2	14251	T	G	16750	6988	60	2	1	52	0.000119382	16753	0.249993	FALSE	NA	NA	NA	NA	NA	NA
NC_045512.2	14251	T	C	16750	6988	60	1	0	24	5.96908e-05	16753	1	FALSE	NA	NA	NA	NA	NA	NA
NC_045512.2	14252	T	G	16721	7065	59	3	2	24	0.000179383	16724	1	FALSE	NA	NA	NA	NA	NA	NA
NC_045512.2	14253	A	G	16594	7485	59	3	2	64	0.000180745	16598	0.124989	FALSE	NA	NA	NA	NA	NA	NA
NC_045512.2	14253	A	C	16594	7485	59	1	0	32	6.02482e-05	16598	0.999992	FALSE	NA	NA	NA	NA	NA	NA
NC_045512.2	14254	A	G	16741	7538	59	1	1	40	5.97229e-05	16744	0.749993	FALSE	NA	NA	NA	NA	NA	NA
NC_045512.2	14254	A	C	16741	7538	59	2	0	32	0.000119446	16744	0.999928	FALSE	NA	NA	NA	NA	NA	NA
NC_045512.2	14255	A	G	16771	7543	60	2	1	52	0.000119239	16773	0.250007	FALSE	NA	NA	NA	NA	NA	NA
NC_045512.2	14257	T	G	16861	8131	60	1	0	32	5.93049e-05	16862	0.999992	FALSE	NA	NA	NA	NA	NA	NA
NC_045512.2	14258	A	T	16896	8590	60	1	0	24	5.91821e-05	16897	1	FALSE	NA	NA	NA	NA	NA	NA
NC_045512.2	14260	G	T	16888	8573	61	1	1	80	5.92031e-05	16891	0.499985	FALSE	NA	NA	NA	NA	NA	NA
NC_045512.2	14260	G	C	16888	8573	61	1	1	32	5.92031e-05	16891	0.999992	FALSE	NA	NA	NA	NA	NA	NA
NC_045512.2	14260	G	A	16888	8573	61	1	0	40	5.92031e-05	16891	0.749993	FALSE	NA	NA	NA	NA	NA	NA
NC_045512.2	14262	C	T	16886	8893	59	3	1	74	0.000177609	16891	0.124978	FALSE	NA	NA	NA	NA	NA	NA
NC_045512.2	14262	C	G	16886	8893	59	1	0	40	5.92031e-05	16891	0.749963	FALSE	NA	NA	NA	NA	NA	NA
NC_045512.2	14262	C	A	16886	8893	59	1	0	24	5.92031e-05	16891	1	FALSE	NA	NA	NA	NA	NA	NA
NC_045512.2	14263	T	G	16758	8764	59	2	1	40	0.000119318	16762	0.499978	FALSE	NA	NA	NA	NA	NA	NA
NC_045512.2	14263	T	C	16758	8764	59	2	1	52	0.000119318	16762	0.249978	FALSE	NA	NA	NA	NA	NA	NA
NC_045512.2	14265	C	T	16931	9236	59	1	1	64	5.90563e-05	16933	0.5	FALSE	NA	NA	NA	NA	NA	NA
NC_045512.2	14265	C	A	16931	9236	59	1	0	24	5.90563e-05	16933	1	FALSE	NA	NA	NA	NA	NA	NA
NC_045512.2	14266	A	G	17003	9296	60	1	1	80	5.88062e-05	17005	0.5	FALSE	NA	NA	NA	NA	NA	NA
NC_045512.2	14266	A	C	17003	9296	60	1	0	24	5.88062e-05	17005	1	FALSE	NA	NA	NA	NA	NA	NA
NC_045512.2	14267	C	T	16747	9502	57	5	3	68	0.000298329	16760	0.0312081	FALSE	NA	NA	NA	NA	NA	NA
NC_045512.2	14267	C	A	16747	9502	57	8	2	41	0.000477327	16760	0.0195019	FALSE	NA	NA	NA	NA	NA	NA
NC_045512.2	14268	G	C	16902	9448	59	1	0	40	5.91611e-05	16903	0.750022	FALSE	NA	NA	NA	NA	NA	NA
NC_045512.2	14268	G	+GAAGA	16902	9448	59	1	0	20	5.91611e-05	16903	1	FALSE	NA	NA	NA	NA	NA	NA
NC_045512.2	14269	G	T	15894	8156	51	49	49	26	0.00307345	15943	1	FALSE	NA	NA	NA	NA	NA	NA
NC_045512.2	14271	A	C	16998	9488	59	1	1	24	5.8827e-05	16999	1	FALSE	NA	NA	NA	NA	NA	NA
NC_045512.2	14272	G	T	15328	8253	49	93	93	27	0.00603035	15422	0.999966	FALSE	NA	NA	NA	NA	NA	NA
NC_045512.2	14272	G	C	15328	8253	49	1	1	40	6.48424e-05	15422	0.74851	FALSE	NA	NA	NA	NA	NA	NA
NC_045512.2	14273	A	T	17003	10524	58	1	0	64	5.88028e-05	17006	0.499985	FALSE	NA	NA	NA	NA	NA	NA
NC_045512.2	14273	A	G	17003	10524	58	2	2	60	0.000117606	17006	0.249993	FALSE	NA	NA	NA	NA	NA	NA
NC_045512.2	14274	G	T	16792	10967	56	2	2	24	0.00011909	16794	1	FALSE	NA	NA	NA	NA	NA	NA
NC_045512.2	14275	A	G	16762	10995	56	5	1	52	0.000298187	16768	0.0312407	FALSE	NA	NA	NA	NA	NA	NA
NC_045512.2	14275	A	C	16762	10995	56	1	1	40	5.96374e-05	16768	0.749948	FALSE	NA	NA	NA	NA	NA	NA
NC_045512.2	14277	G	T	16812	11062	56	2	2	24	0.000118934	16816	1	FALSE	NA	NA	NA	NA	NA	NA
NC_045512.2	14277	G	A	16812	11062	56	2	2	40	0.000118934	16816	0.499978	FALSE	NA	NA	NA	NA	NA	NA
NC_045512.2	14278	T	G	16867	11243	56	1	1	40	5.92768e-05	16870	0.749993	FALSE	NA	NA	NA	NA	NA	NA
NC_045512.2	14278	T	C	16867	11243	56	2	1	56	0.000118554	16870	0.249993	FALSE	NA	NA	NA	NA	NA	NA
NC_045512.2	14279	T	G	16835	11213	56	1	1	24	5.9393e-05	16837	1	FALSE	NA	NA	NA	NA	NA	NA
NC_045512.2	14279	T	A	16835	11213	56	1	1	40	5.9393e-05	16837	0.750007	FALSE	NA	NA	NA	NA	NA	NA
NC_045512.2	14280	A	G	17034	11670	57	2	0	60	0.000117392	17037	0.249993	FALSE	NA	NA	NA	NA	NA	NA
NC_045512.2	14280	A	C	17034	11670	57	1	0	32	5.86958e-05	17037	0.999996	FALSE	NA	NA	NA	NA	NA	NA
NC_045512.2	14281	A	G	17030	11664	57	2	2	32	0.000117426	17032	0.999962	FALSE	NA	NA	NA	NA	NA	NA
NC_045512.2	14282	A	G	17039	11697	57	1	0	80	5.86854e-05	17040	0.500015	FALSE	NA	NA	NA	NA	NA	NA
NC_045512.2	14283	A	G	17168	11975	57	1	1	80	5.82411e-05	17170	0.5	FALSE	NA	NA	NA	NA	NA	NA
NC_045512.2	14283	A	C	17168	11975	57	1	1	40	5.82411e-05	17170	0.750007	FALSE	NA	NA	NA	NA	NA	NA
NC_045512.2	14284	C	G	17270	12122	56	1	1	40	5.79005e-05	17271	0.750022	FALSE	NA	NA	NA	NA	NA	NA
NC_045512.2	14285	T	G	17042	11942	57	1	1	40	5.86751e-05	17043	0.750022	FALSE	NA	NA	NA	NA	NA	NA
NC_045512.2	14287	T	G	16976	12078	56	1	1	24	5.88893e-05	16981	1	FALSE	NA	NA	NA	NA	NA	NA
NC_045512.2	14287	T	C	16976	12078	56	4	2	48	0.000235557	16981	0.187482	FALSE	NA	NA	NA	NA	NA	NA
NC_045512.2	14288	T	G	16917	12025	55	1	1	40	5.91017e-05	16920	0.749993	FALSE	NA	NA	NA	NA	NA	NA
NC_045512.2	14288	T	C	16917	12025	55	2	1	32	0.000118203	16920	0.999928	FALSE	NA	NA	NA	NA	NA	NA
NC_045512.2	14289	T	G	16980	12095	56	2	2	24	0.000117765	16983	1	FALSE	NA	NA	NA	NA	NA	NA
NC_045512.2	14289	T	C	16980	12095	56	1	1	24	5.88824e-05	16983	1	FALSE	NA	NA	NA	NA	NA	NA
NC_045512.2	14290	G	T	17026	12183	56	1	1	40	5.87303e-05	17027	0.750022	FALSE	NA	NA	NA	NA	NA	NA
NC_045512.2	14291	A	C	17265	12612	56	1	0	24	5.79173e-05	17266	1	FALSE	NA	NA	NA	NA	NA	NA
NC_045512.2	14292	C	G	17252	12614	56	2	2	40	0.000115915	17254	0.500022	FALSE	NA	NA	NA	NA	NA	NA
NC_045512.2	14293	C	T	17163	12616	57	1	1	36	5.82615e-05	17164	0.999996	FALSE	NA	NA	NA	NA	NA	NA
NC_045512.2	14294	G	A	17188	12637	57	1	1	80	5.81767e-05	17189	0.500015	FALSE	NA	NA	NA	NA	NA	NA
NC_045512.2	14295	T	G	17180	12689	57	3	2	29	0.000174591	17183	1	FALSE	NA	NA	NA	NA	NA	NA
NC_045512.2	14296	T	G	17309	12964	57	1	1	32	5.77667e-05	17311	0.999996	FALSE	NA	NA	NA	NA	NA	NA
NC_045512.2	14296	T	C	17309	12964	57	1	1	32	5.77667e-05	17311	0.999996	FALSE	NA	NA	NA	NA	NA	NA
NC_045512.2	14297	A	G	17439	13065	57	1	1	40	5.73394e-05	17440	0.750022	FALSE	NA	NA	NA	NA	NA	NA
NC_045512.2	14297	A	-T	17439	13065	57	1	0	20	5.73394e-05	17440	1	FALSE	NA	NA	NA	NA	NA	NA
NC_045512.2	14298	T	C	17382	13044	57	1	0	40	5.75275e-05	17383	0.750007	FALSE	NA	NA	NA	NA	NA	NA
NC_045512.2	14299	T	G	17344	13062	56	6	6	24	0.000345801	17351	1	FALSE	NA	NA	NA	NA	NA	NA
NC_045512.2	14299	T	A	17344	13062	56	1	0	80	5.76336e-05	17351	0.499928	FALSE	NA	NA	NA	NA	NA	NA
NC_045512.2	14300	T	G	17548	13444	57	5	5	27	0.000284852	17553	1	FALSE	NA	NA	NA	NA	NA	NA
NC_045512.2	14301	T	G	17448	13362	56	1	1	24	5.73033e-05	17451	1	FALSE	NA	NA	NA	NA	NA	NA
NC_045512.2	14301	T	C	17448	13362	56	2	0	56	0.000114607	17451	0.249993	FALSE	NA	NA	NA	NA	NA	NA
NC_045512.2	14303	A	G	17621	13558	57	1	1	40	5.67472e-05	17622	0.750021	FALSE	NA	NA	NA	NA	NA	NA
NC_045512.2	14304	A	G	17637	13618	57	1	1	40	5.66926e-05	17639	0.750007	FALSE	NA	NA	NA	NA	NA	NA
NC_045512.2	14304	A	C	17637	13618	57	1	1	40	5.66926e-05	17639	0.750007	FALSE	NA	NA	NA	NA	NA	NA
NC_045512.2	14305	T	G	17563	13539	57	4	4	28	0.000227674	17569	1	FALSE	NA	NA	NA	NA	NA	NA
NC_045512.2	14305	T	C	17563	13539	57	2	2	60	0.000113837	17569	0.24995	FALSE	NA	NA	NA	NA	NA	NA
NC_045512.2	14306	A	G	17464	13468	57	1	1	40	5.72574e-05	17465	0.750021	FALSE	NA	NA	NA	NA	NA	NA
NC_045512.2	14307	T	G	17381	13373	57	1	1	24	5.75242e-05	17384	1	FALSE	NA	NA	NA	NA	NA	NA
NC_045512.2	14307	T	C	17381	13373	57	1	1	40	5.75242e-05	17384	0.749993	FALSE	NA	NA	NA	NA	NA	NA
NC_045512.2	14307	T	A	17381	13373	57	1	0	80	5.75242e-05	17384	0.499986	FALSE	NA	NA	NA	NA	NA	NA
NC_045512.2	14308	T	G	17357	13357	57	3	3	24	0.000172801	17361	1	FALSE	NA	NA	NA	NA	NA	NA
NC_045512.2	14308	T	C	17357	13357	57	1	1	40	5.76004e-05	17361	0.749978	FALSE	NA	NA	NA	NA	NA	NA
NC_045512.2	14309	G	T	17096	13146	54	12	12	25	0.000701426	17108	1	FALSE	NA	NA	NA	NA	NA	NA
NC_045512.2	14310	G	T	17462	13516	57	1	1	24	5.72607e-05	17464	1	FALSE	NA	NA	NA	NA	NA	NA
NC_045512.2	14310	G	C	17462	13516	57	1	0	32	5.72607e-05	17464	0.999996	FALSE	NA	NA	NA	NA	NA	NA
NC_045512.2	14312	A	T	17478	13790	56	1	0	24	5.72017e-05	17482	1	FALSE	NA	NA	NA	NA	NA	NA
NC_045512.2	14312	A	G	17478	13790	56	1	1	40	5.72017e-05	17482	0.749979	FALSE	NA	NA	NA	NA	NA	NA
NC_045512.2	14312	A	C	17478	13790	56	2	1	40	0.000114403	17482	0.499979	FALSE	NA	NA	NA	NA	NA	NA
NC_045512.2	14313	T	G	17367	13669	56	3	3	32	0.000172712	17370	0.9998	FALSE	NA	NA	NA	NA	NA	NA
NC_045512.2	14313	T	-C	17367	13669	56	2	0	20	0.000115141	17370	1	FALSE	NA	NA	NA	NA	NA	NA
NC_045512.2	14315	A	G	17458	13747	56	1	1	40	5.7277e-05	17459	0.750021	FALSE	NA	NA	NA	NA	NA	NA
NC_045512.2	14316	G	T	17371	13836	54	3	3	24	0.000172672	17374	1	FALSE	NA	NA	NA	NA	NA	NA
NC_045512.2	14317	A	T	17496	14005	55	1	1	64	5.71527e-05	17497	0.500014	FALSE	NA	NA	NA	NA	NA	NA
NC_045512.2	14319	A	G	17232	13788	55	1	1	64	5.80282e-05	17233	0.500015	FALSE	NA	NA	NA	NA	NA	NA
NC_045512.2	14320	T	C	17141	13700	55	3	3	29	0.000174988	17144	1	FALSE	NA	NA	NA	NA	NA	NA
NC_045512.2	14321	A	G	17186	14360	52	4	2	70	0.00023268	17191	0.0624891	FALSE	NA	NA	NA	NA	NA	NA
NC_045512.2	14321	A	C	17186	14360	52	1	1	40	5.817e-05	17191	0.749964	FALSE	NA	NA	NA	NA	NA	NA
NC_045512.2	14321	A	-C	17186	14360	52	1	0	20	5.817e-05	17191	1	FALSE	NA	NA	NA	NA	NA	NA
NC_045512.2	14322	C	T	17188	14401	52	2	2	32	0.000116347	17190	0.999962	FALSE	NA	NA	NA	NA	NA	NA
NC_045512.2	14323	C	T	16937	14180	52	1	0	80	5.90388e-05	16938	0.500015	FALSE	NA	NA	NA	NA	NA	NA
NC_045512.2	14324	A	G	16725	13998	52	2	0	60	0.000119567	16727	0.250007	FALSE	NA	NA	NA	NA	NA	NA
NC_045512.2	14327	C	G	16594	14078	51	1	1	80	6.02555e-05	16596	0.5	FALSE	NA	NA	NA	NA	NA	NA
NC_045512.2	14327	C	A	16594	14078	51	1	1	80	6.02555e-05	16596	0.5	FALSE	NA	NA	NA	NA	NA	NA
NC_045512.2	14328	A	G	16580	14069	51	2	1	80	0.000120605	16583	0.249992	FALSE	NA	NA	NA	NA	NA	NA
NC_045512.2	14328	A	C	16580	14069	51	1	0	24	6.03027e-05	16583	1	FALSE	NA	NA	NA	NA	NA	NA
NC_045512.2	14329	A	G	16565	14054	51	1	1	40	6.03646e-05	16566	0.750023	FALSE	NA	NA	NA	NA	NA	NA
NC_045512.2	14331	T	G	16505	13999	51	2	2	24	0.000121161	16507	1	FALSE	NA	NA	NA	NA	NA	NA
NC_045512.2	14332	T	G	16465	14047	51	1	1	24	6.07275e-05	16467	1	FALSE	NA	NA	NA	NA	NA	NA
NC_045512.2	14332	T	C	16465	14047	51	1	0	80	6.07275e-05	16467	0.5	FALSE	NA	NA	NA	NA	NA	NA
NC_045512.2	14334	T	G	16130	13753	51	1	1	24	6.19886e-05	16132	1	FALSE	NA	NA	NA	NA	NA	NA
NC_045512.2	14334	T	C	16130	13753	51	1	1	40	6.19886e-05	16132	0.750008	FALSE	NA	NA	NA	NA	NA	NA
NC_045512.2	14336	T	G	16092	13719	51	1	1	24	6.2135e-05	16094	1	FALSE	NA	NA	NA	NA	NA	NA
NC_045512.2	14336	T	C	16092	13719	51	1	0	80	6.2135e-05	16094	0.5	FALSE	NA	NA	NA	NA	NA	NA
NC_045512.2	14337	T	C	16031	13770	50	1	1	40	6.23752e-05	16032	0.750023	FALSE	NA	NA	NA	NA	NA	NA
NC_045512.2	14338	A	G	16057	13994	49	2	2	40	0.000124541	16059	0.500023	FALSE	NA	NA	NA	NA	NA	NA
NC_045512.2	14339	A	T	16055	14005	49	1	1	40	6.22781e-05	16057	0.750008	FALSE	NA	NA	NA	NA	NA	NA
NC_045512.2	14339	A	G	16055	14005	49	1	0	80	6.22781e-05	16057	0.5	FALSE	NA	NA	NA	NA	NA	NA
NC_045512.2	14340	C	T	16044	14036	49	2	2	32	0.000124642	16046	0.999928	FALSE	NA	NA	NA	NA	NA	NA
NC_045512.2	14341	T	G	15943	13943	49	3	3	29	0.000188135	15946	1	FALSE	NA	NA	NA	NA	NA	NA
NC_045512.2	14342	G	C	15985	13988	49	1	1	40	6.25547e-05	15986	0.750023	FALSE	NA	NA	NA	NA	NA	NA
NC_045512.2	14344	T	G	15360	13390	49	2	2	32	0.000130174	15364	0.999863	FALSE	NA	NA	NA	NA	NA	NA
NC_045512.2	14344	T	C	15360	13390	49	1	1	40	6.50872e-05	15364	0.749976	FALSE	NA	NA	NA	NA	NA	NA
NC_045512.2	14344	T	A	15360	13390	49	1	1	40	6.50872e-05	15364	0.749976	FALSE	NA	NA	NA	NA	NA	NA
NC_045512.2	14345	T	G	15382	13415	49	3	3	40	0.000194995	15385	0.312512	FALSE	NA	NA	NA	NA	NA	NA
NC_045512.2	14349	T	G	15165	13294	49	2	2	32	0.00013183	15171	0.999863	FALSE	NA	NA	NA	NA	NA	NA
NC_045512.2	14349	T	C	15165	13294	49	4	4	40	0.000263661	15171	0.187459	FALSE	NA	NA	NA	NA	NA	NA
NC_045512.2	14350	G	C	15104	13233	45	1	1	40	6.62032e-05	15105	0.750025	FALSE	NA	NA	NA	NA	NA	NA
NC_045512.2	14352	C	T	15029	13425	48	1	1	40	6.65247e-05	15032	0.749992	FALSE	NA	NA	NA	NA	NA	NA
NC_045512.2	14352	C	A	15029	13425	48	2	2	32	0.000133049	15032	0.999863	FALSE	NA	NA	NA	NA	NA	NA
NC_045512.2	14353	A	G	14970	13373	47	2	1	60	0.000133574	14973	0.249992	FALSE	NA	NA	NA	NA	NA	NA
NC_045512.2	14353	A	C	14970	13373	47	1	1	40	6.67869e-05	14973	0.749992	FALSE	NA	NA	NA	NA	NA	NA
NC_045512.2	14354	G	T	14951	13351	48	1	1	40	6.68762e-05	14953	0.750008	FALSE	NA	NA	NA	NA	NA	NA
NC_045512.2	14354	G	C	14951	13351	48	1	1	40	6.68762e-05	14953	0.750008	FALSE	NA	NA	NA	NA	NA	NA
NC_045512.2	14355	A	G	14932	13356	47	4	4	36	0.000267791	14937	0.99624	FALSE	NA	NA	NA	NA	NA	NA
NC_045512.2	14355	A	C	14932	13356	47	1	1	24	6.69478e-05	14937	1	FALSE	NA	NA	NA	NA	NA	NA
NC_045512.2	14356	T	G	14836	13267	47	5	5	33	0.000336859	14843	0.99041	FALSE	NA	NA	NA	NA	NA	NA
NC_045512.2	14356	T	C	14836	13267	47	2	2	52	0.000134744	14843	0.249924	FALSE	NA	NA	NA	NA	NA	NA
NC_045512.2	14357	G	A	14865	13400	47	1	1	24	6.72676e-05	14866	1	FALSE	NA	NA	NA	NA	NA	NA
NC_045512.2	14358	C	A	14822	13548	46	1	0	80	6.74627e-05	14823	0.500017	FALSE	NA	NA	NA	NA	NA	NA
NC_045512.2	14360	T	G	14765	13495	46	1	1	24	6.77048e-05	14770	1	FALSE	NA	NA	NA	NA	NA	NA
NC_045512.2	14360	T	C	14765	13495	46	4	4	40	0.000270819	14770	0.187479	FALSE	NA	NA	NA	NA	NA	NA
NC_045512.2	14361	T	G	14382	13123	46	3	3	29	0.000208551	14385	1	FALSE	NA	NA	NA	NA	NA	NA
NC_045512.2	14362	C	G	14400	13193	46	1	1	40	6.94396e-05	14401	0.750026	FALSE	NA	NA	NA	NA	NA	NA
NC_045512.2	14363	T	G	14090	12893	46	4	4	24	0.000283789	14095	1	FALSE	NA	NA	NA	NA	NA	NA
NC_045512.2	14363	T	C	14090	12893	46	1	1	80	7.09471e-05	14095	0.499947	FALSE	NA	NA	NA	NA	NA	NA
NC_045512.2	14364	G	A	14163	12965	46	3	3	48	0.000211775	14166	0.312513	FALSE	NA	NA	NA	NA	NA	NA
NC_045512.2	14365	C	T	14155	12958	46	1	1	40	7.06414e-05	14156	0.750026	FALSE	NA	NA	NA	NA	NA	NA
NC_045512.2	14366	A	G	14006	12816	46	1	1	24	7.13929e-05	14007	1	FALSE	NA	NA	NA	NA	NA	NA
NC_045512.2	14367	T	G	13925	12731	46	5	5	27	0.000358912	13931	1	FALSE	NA	NA	NA	NA	NA	NA
NC_045512.2	14367	T	C	13925	12731	46	1	1	40	7.17824e-05	13931	0.749937	FALSE	NA	NA	NA	NA	NA	NA
NC_045512.2	14367	T	+C	13925	12731	46	1	0	20	7.17824e-05	13931	1	FALSE	NA	NA	NA	NA	NA	NA
NC_045512.2	14368	T	G	12411	11300	46	1	1	24	8.05672e-05	12412	1	FALSE	NA	NA	NA	NA	NA	NA
NC_045512.2	14370	T	G	12351	11331	44	4	4	24	0.000323677	12358	1	FALSE	NA	NA	NA	NA	NA	NA
NC_045512.2	14370	T	C	12351	11331	44	3	2	48	0.000242758	12358	0.312394	FALSE	NA	NA	NA	NA	NA	NA
NC_045512.2	14371	G	C	12506	11488	46	1	1	40	7.99233e-05	12512	0.74993	FALSE	NA	NA	NA	NA	NA	NA
NC_045512.2	14371	G	A	12506	11488	46	5	5	56	0.000399616	12512	0.0312375	FALSE	NA	NA	NA	NA	NA	NA
NC_045512.2	14372	C	T	12467	11501	45	2	2	40	0.000160398	12469	0.50003	FALSE	NA	NA	NA	NA	NA	NA
NC_045512.2	14373	A	G	12266	11311	45	1	1	40	8.15129e-05	12268	0.75001	FALSE	NA	NA	NA	NA	NA	NA
NC_045512.2	14373	A	C	12266	11311	45	1	1	40	8.15129e-05	12268	0.75001	FALSE	NA	NA	NA	NA	NA	NA
NC_045512.2	14374	A	G	12249	11318	45	2	2	32	0.000163252	12251	0.999087	FALSE	NA	NA	NA	NA	NA	NA
NC_045512.2	14375	A	G	12253	11323	45	1	1	24	8.1606e-05	12254	1	FALSE	NA	NA	NA	NA	NA	NA
NC_045512.2	14376	C	T	12233	11304	45	1	1	24	8.17394e-05	12234	1	FALSE	NA	NA	NA	NA	NA	NA
NC_045512.2	14377	T	G	12191	11262	45	3	3	34	0.000246023	12194	0.996318	FALSE	NA	NA	NA	NA	NA	NA
NC_045512.2	14378	T	G	11384	10486	45	4	4	32	0.000351247	11388	0.982458	FALSE	NA	NA	NA	NA	NA	NA
NC_045512.2	14379	T	G	11352	10457	45	4	4	24	0.000352206	11357	1	FALSE	NA	NA	NA	NA	NA	NA
NC_045512.2	14379	T	C	11352	10457	45	1	1	24	8.80514e-05	11357	1	FALSE	NA	NA	NA	NA	NA	NA
NC_045512.2	14380	A	G	11420	10720	44	3	2	42	0.000262605	11424	0.312484	FALSE	NA	NA	NA	NA	NA	NA
NC_045512.2	14380	A	C	11420	10720	44	1	1	32	8.7535e-05	11424	0.999756	FALSE	NA	NA	NA	NA	NA	NA
NC_045512.2	14381	A	G	11403	10701	44	2	2	32	0.000175362	11405	0.998296	FALSE	NA	NA	NA	NA	NA	NA
NC_045512.2	14382	T	G	11342	10642	43	1	1	24	8.81523e-05	11344	1	FALSE	NA	NA	NA	NA	NA	NA
NC_045512.2	14382	T	C	11342	10642	43	1	1	40	8.81523e-05	11344	0.750011	FALSE	NA	NA	NA	NA	NA	NA
NC_045512.2	14383	G	C	11379	10675	44	2	2	40	0.000175731	11381	0.500033	FALSE	NA	NA	NA	NA	NA	NA
NC_045512.2	14385	T	G	10814	10176	44	5	5	27	0.000462065	10821	1	FALSE	NA	NA	NA	NA	NA	NA
NC_045512.2	14385	T	C	10814	10176	44	2	2	40	0.000184826	10821	0.499861	FALSE	NA	NA	NA	NA	NA	NA
NC_045512.2	14386	T	C	10836	10238	43	1	1	24	9.22765e-05	10837	1	FALSE	NA	NA	NA	NA	NA	NA
NC_045512.2	14387	T	G	10802	10205	43	6	6	29	0.000555144	10808	1	FALSE	NA	NA	NA	NA	NA	NA
NC_045512.2	14388	A	G	10864	10269	43	1	1	24	9.20387e-05	10865	1	FALSE	NA	NA	NA	NA	NA	NA
NC_045512.2	14389	T	G	10827	10234	43	3	3	24	0.000276983	10831	1	FALSE	NA	NA	NA	NA	NA	NA
NC_045512.2	14389	T	C	10827	10234	43	1	0	80	9.23276e-05	10831	0.499954	FALSE	NA	NA	NA	NA	NA	NA
NC_045512.2	14390	T	G	10772	10204	43	5	5	33	0.000463951	10777	0.94085	FALSE	NA	NA	NA	NA	NA	NA
NC_045512.2	14392	T	G	10010	9459	43	2	2	32	0.00019972	10014	0.996832	FALSE	NA	NA	NA	NA	NA	NA
NC_045512.2	14392	T	C	10010	9459	43	2	2	32	0.00019972	10014	0.996832	FALSE	NA	NA	NA	NA	NA	NA
NC_045512.2	14394	T	G	9965	9418	43	7	7	33	0.000701966	9972	0.772904	FALSE	NA	NA	NA	NA	NA	NA
NC_045512.2	14395	A	G	10034	9490	43	1	1	24	9.96314e-05	10037	1	FALSE	NA	NA	NA	NA	NA	NA
NC_045512.2	14395	A	C	10034	9490	43	2	2	40	0.000199263	10037	0.5	FALSE	NA	NA	NA	NA	NA	NA
NC_045512.2	14396	C	G	10032	9492	43	2	2	24	0.000199322	10034	1	FALSE	NA	NA	NA	NA	NA	NA
NC_045512.2	14397	A	T	9117	8605	44	1	1	40	0.000109661	9119	0.5	FALSE	NA	NA	NA	NA	NA	NA
NC_045512.2	14397	A	C	9117	8605	44	1	1	40	0.000109661	9119	0.5	FALSE	NA	NA	NA	NA	NA	NA
NC_045512.2	14399	T	G	8201	7721	44	1	1	24	0.000121921	8202	1	FALSE	NA	NA	NA	NA	NA	NA
NC_045512.2	14400	G	C	8046	7578	44	1	1	24	0.00012427	8047	1	FALSE	NA	NA	NA	NA	NA	NA
NC_045512.2	14401	T	G	7954	7499	43	4	4	24	0.000502576	7959	1	FALSE	NA	NA	NA	NA	NA	NA
NC_045512.2	14401	T	C	7954	7499	43	1	1	40	0.000125644	7959	0.499906	FALSE	NA	NA	NA	NA	NA	NA
NC_045512.2	14402	T	G	6889	6481	44	5	5	27	0.000725163	6895	1	FALSE	NA	NA	NA	NA	NA	NA
NC_045512.2	14402	T	C	6889	6481	44	1	1	40	0.000145033	6895	0.499855	FALSE	NA	NA	NA	NA	NA	NA
NC_045512.2	14406	A	G	6608	6248	43	1	0	80	0.000151309	6609	0.500038	FALSE	NA	NA	NA	NA	NA	NA
NC_045512.2	14406	A	-C	6608	6248	43	1	0	20	0.000151309	6609	1	FALSE	NA	NA	NA	NA	NA	NA
NC_045512.2	14408	C	T	3	2	38	5725	5393	43	0.999127	5730	0	TRUE	NA	NA	NA	NA	NA	NA
NC_045512.2	14408	C	G	3	2	38	1	1	24	0.00017452	5730	0.0398678	FALSE	NA	NA	NA	NA	NA	NA
NC_045512.2	14408	C	A	3	2	38	1	1	40	0.00017452	5730	0.000697715	TRUE	NA	NA	NA	NA	NA	NA
NC_045512.2	14409	T	G	5180	4863	43	3	3	29	0.000578592	5185	1	FALSE	NA	NA	NA	NA	NA	NA
NC_045512.2	14409	T	C	5180	4863	43	2	2	32	0.000385728	5185	0.9375	FALSE	NA	NA	NA	NA	NA	NA
NC_045512.2	14410	A	T	5235	4918	44	1	1	40	0.000190985	5236	0.500048	FALSE	NA	NA	NA	NA	NA	NA
NC_045512.2	14411	C	G	5533	4907	44	2	2	40	0.000361337	5535	0.250023	FALSE	NA	NA	NA	NA	NA	NA
NC_045512.2	14412	A	G	5540	4912	44	1	1	40	0.000180473	5541	0.500045	FALSE	NA	NA	NA	NA	NA	NA
NC_045512.2	14413	A	G	5530	4922	43	1	1	24	0.000180799	5531	1	FALSE	NA	NA	NA	NA	NA	NA
NC_045512.2	14415	T	G	5375	4767	43	1	1	40	0.000185977	5377	0.5	FALSE	NA	NA	NA	NA	NA	NA
NC_045512.2	14415	T	C	5375	4767	43	1	1	40	0.000185977	5377	0.5	FALSE	NA	NA	NA	NA	NA	NA
NC_045512.2	14417	T	G	4847	4274	43	1	1	40	0.000206228	4849	0.5	FALSE	NA	NA	NA	NA	NA	NA
NC_045512.2	14417	T	C	4847	4274	43	1	1	40	0.000206228	4849	0.5	FALSE	NA	NA	NA	NA	NA	NA
NC_045512.2	14420	G	T	4836	4287	42	1	1	24	0.00020674	4837	1	FALSE	NA	NA	NA	NA	NA	NA
NC_045512.2	14422	C	G	4860	4317	42	3	3	34	0.000616903	4863	0.773606	FALSE	NA	NA	NA	NA	NA	NA
NC_045512.2	14484	C	A	474	55	41	1	0	40	0.00210526	475	0.500527	FALSE	NA	NA	NA	NA	NA	NA
NC_045512.2	14485	A	C	497	54	45	1	0	24	0.00200803	498	0.96922	FALSE	NA	NA	NA	NA	NA	NA
NC_045512.2	14499	T	C	553	63	47	1	1	64	0.00180505	554	0.500452	FALSE	NA	NA	NA	NA	NA	NA
NC_045512.2	14518	A	G	558	78	48	1	0	36	0.00178891	559	0.500448	FALSE	NA	NA	NA	NA	NA	NA
NC_045512.2	14525	A	C	562	82	50	1	0	40	0.0017762	563	0.500444	FALSE	NA	NA	NA	NA	NA	NA
NC_045512.2	14528	G	T	591	88	50	2	2	80	0.00337268	593	0.250211	FALSE	NA	NA	NA	NA	NA	NA
NC_045512.2	14534	G	A	562	102	49	1	0	80	0.0017762	563	0.500444	FALSE	NA	NA	NA	NA	NA	NA
NC_045512.2	14537	T	C	552	95	49	1	0	24	0.00180832	553	0.984671	FALSE	NA	NA	NA	NA	NA	NA
NC_045512.2	14574	T	G	482	297	50	1	1	24	0.00207039	483	0.969234	FALSE	NA	NA	NA	NA	NA	NA
NC_045512.2	14586	T	G	495	318	50	1	1	40	0.00201613	496	0.500505	FALSE	NA	NA	NA	NA	NA	NA
NC_045512.2	14596	A	G	516	360	50	1	0	40	0.00193424	517	0.500484	FALSE	NA	NA	NA	NA	NA	NA
NC_045512.2	14645	C	T	532	456	49	1	1	80	0.00187617	533	0.500469	FALSE	NA	NA	NA	NA	NA	NA
NC_045512.2	14649	C	G	528	455	48	1	1	24	0.00189036	529	0.984684	FALSE	NA	NA	NA	NA	NA	NA
NC_045512.2	14655	T	G	502	430	48	1	1	24	0.00198807	503	0.9847	FALSE	NA	NA	NA	NA	NA	NA
NC_045512.2	14660	T	G	495	425	48	1	1	24	0.00201613	496	0.969222	FALSE	NA	NA	NA	NA	NA	NA
NC_045512.2	14683	T	C	457	412	45	1	1	40	0.00218341	458	0.500546	FALSE	NA	NA	NA	NA	NA	NA
NC_045512.2	14695	T	C	454	415	44	1	1	40	0.0021978	455	0.50055	FALSE	NA	NA	NA	NA	NA	NA
NC_045512.2	14719	G	T	377	350	42	1	1	24	0.0026455	378	0.938326	FALSE	NA	NA	NA	NA	NA	NA
NC_045512.2	14733	A	G	2033	287	40	1	1	24	0.000491159	2036	1	FALSE	NA	NA	NA	NA	NA	NA
NC_045512.2	14733	A	C	2033	287	40	2	0	24	0.000982318	2036	0.999995	FALSE	NA	NA	NA	NA	NA	NA
NC_045512.2	14735	G	C	2063	290	40	1	0	24	0.000484496	2064	1	FALSE	NA	NA	NA	NA	NA	NA
NC_045512.2	14745	T	G	1959	128	41	1	0	40	0.000510204	1960	0.500128	FALSE	NA	NA	NA	NA	NA	NA
NC_045512.2	14746	G	-AA	1987	129	41	1	0	20	0.000503271	1987	0.999999	FALSE	NA	NA	NA	NA	NA	NA
NC_045512.2	14747	A	G	2044	129	40	1	0	40	0.000488998	2045	0.5	FALSE	NA	NA	NA	NA	NA	NA
NC_045512.2	14748	A	G	2007	129	40	190	3	40	0.0864029	2199	8.14084e-60	TRUE	NA	NA	NA	NA	NA	NA
NC_045512.2	14748	A	C	2007	129	40	2	0	24	0.000909504	2199	0.999996	FALSE	NA	NA	NA	NA	NA	NA
NC_045512.2	14748	A	+TTAG	2007	129	40	1	0	20	0.000454545	2200	1	FALSE	NA	NA	NA	NA	NA	NA
NC_045512.2	14749	T	C	2343	142	41	1	0	24	0.000426621	2344	1	FALSE	NA	NA	NA	NA	NA	NA
NC_045512.2	14753	A	G	2348	145	41	1	0	24	0.000425713	2349	1	FALSE	NA	NA	NA	NA	NA	NA
NC_045512.2	14754	A	G	2348	150	41	1	0	40	0.000425532	2350	0.5	FALSE	NA	NA	NA	NA	NA	NA
NC_045512.2	14754	A	C	2348	150	41	1	0	40	0.000425532	2350	0.5	FALSE	NA	NA	NA	NA	NA	NA
NC_045512.2	14756	A	C	2461	154	41	1	0	24	0.000406174	2462	1	FALSE	NA	NA	NA	NA	NA	NA
NC_045512.2	14760	C	A	2654	214	41	1	0	24	0.000376648	2655	1	FALSE	NA	NA	NA	NA	NA	NA
NC_045512.2	14761	T	G	2695	213	43	1	0	40	0.000370782	2697	0.5	FALSE	NA	NA	NA	NA	NA	NA
NC_045512.2	14761	T	C	2695	213	43	1	0	24	0.000370782	2697	1	FALSE	NA	NA	NA	NA	NA	NA
NC_045512.2	14763	C	A	2763	217	41	1	0	24	0.000361795	2764	1	FALSE	NA	NA	NA	NA	NA	NA
NC_045512.2	14763	C	-T	2763	217	41	1	0	20	0.000361795	2764	1	FALSE	NA	NA	NA	NA	NA	NA
NC_045512.2	14764	T	G	2813	223	43	2	0	40	0.00071048	2815	0.249956	FALSE	NA	NA	NA	NA	NA	NA
NC_045512.2	14766	T	C	2833	224	43	1	0	24	0.000352858	2834	1	FALSE	NA	NA	NA	NA	NA	NA
NC_045512.2	14770	C	T	3000	230	43	1	0	40	0.000333222	3001	0.500083	FALSE	NA	NA	NA	NA	NA	NA
NC_045512.2	14771	A	C	2972	229	43	1	0	24	0.000336361	2973	1	FALSE	NA	NA	NA	NA	NA	NA
NC_045512.2	14777	G	A	3751	252	42	1	0	40	0.000266525	3752	0.500067	FALSE	NA	NA	NA	NA	NA	NA
NC_045512.2	14778	T	C	3767	268	43	2	0	32	0.000530645	3769	0.812666	FALSE	NA	NA	NA	NA	NA	NA
NC_045512.2	14784	T	C	3822	280	43	1	0	24	0.000261575	3823	1	FALSE	NA	NA	NA	NA	NA	NA
NC_045512.2	14785	G	A	3837	281	43	2	0	32	0.000520969	3839	0.812663	FALSE	NA	NA	NA	NA	NA	NA
NC_045512.2	14787	T	C	3854	296	43	1	0	40	0.000259403	3855	0.500065	FALSE	NA	NA	NA	NA	NA	NA
NC_045512.2	14788	A	C	3823	307	43	4	0	32	0.00104521	3827	0.500143	FALSE	NA	NA	NA	NA	NA	NA
NC_045512.2	14791	A	G	3840	307	43	1	0	40	0.000260213	3843	0.499935	FALSE	NA	NA	NA	NA	NA	NA
NC_045512.2	14791	A	C	3840	307	43	2	0	32	0.000520427	3843	0.812581	FALSE	NA	NA	NA	NA	NA	NA
NC_045512.2	14793	C	T	3871	314	43	1	0	80	0.000258264	3872	0.500065	FALSE	NA	NA	NA	NA	NA	NA
NC_045512.2	14797	T	C	3951	318	44	1	0	80	0.000253036	3952	0.500063	FALSE	NA	NA	NA	NA	NA	NA
NC_045512.2	14798	A	C	3925	320	44	1	0	24	0.000254712	3926	1	FALSE	NA	NA	NA	NA	NA	NA
NC_045512.2	14799	T	C	3959	319	44	1	1	80	0.000252525	3960	0.500063	FALSE	NA	NA	NA	NA	NA	NA
NC_045512.2	14801	A	C	3947	322	43	1	0	40	0.000253293	3948	0.500063	FALSE	NA	NA	NA	NA	NA	NA
NC_045512.2	14804	A	G	4048	331	43	1	0	24	0.000246975	4049	1	FALSE	NA	NA	NA	NA	NA	NA
NC_045512.2	14805	C	A	4079	334	44	1	0	24	0.000245098	4080	1	FALSE	NA	NA	NA	NA	NA	NA
NC_045512.2	14806	T	C	4096	340	44	1	0	24	0.000244081	4097	1	FALSE	NA	NA	NA	NA	NA	NA
NC_045512.2	14808	T	A	4100	343	44	1	0	80	0.000243843	4101	0.500061	FALSE	NA	NA	NA	NA	NA	NA
NC_045512.2	14811	T	C	4176	347	44	1	0	40	0.000239406	4177	0.50006	FALSE	NA	NA	NA	NA	NA	NA
NC_045512.2	14812	T	G	4179	345	44	1	1	24	0.000239234	4180	1	FALSE	NA	NA	NA	NA	NA	NA
NC_045512.2	14813	A	C	4151	350	44	1	0	40	0.000240848	4152	0.50006	FALSE	NA	NA	NA	NA	NA	NA
NC_045512.2	14814	T	C	4187	349	44	1	1	80	0.000238777	4188	0.50006	FALSE	NA	NA	NA	NA	NA	NA
NC_045512.2	14815	A	C	4148	353	44	1	0	24	0.000241022	4149	1	FALSE	NA	NA	NA	NA	NA	NA
NC_045512.2	14817	T	C	4230	355	44	1	0	40	0.000236351	4231	0.500059	FALSE	NA	NA	NA	NA	NA	NA
NC_045512.2	14820	A	C	4162	364	40	1	0	24	0.000240211	4163	1	FALSE	NA	NA	NA	NA	NA	NA
NC_045512.2	14824	A	G	4213	365	44	1	0	40	0.000237135	4217	0.499881	FALSE	NA	NA	NA	NA	NA	NA
NC_045512.2	14824	A	C	4213	365	44	3	0	24	0.000711406	4217	1	FALSE	NA	NA	NA	NA	NA	NA
NC_045512.2	14825	C	T	4302	433	45	1	0	40	0.000232396	4303	0.500058	FALSE	NA	NA	NA	NA	NA	NA
NC_045512.2	14826	A	G	4279	438	46	1	0	24	0.000233645	4280	1	FALSE	NA	NA	NA	NA	NA	NA
NC_045512.2	14827	A	C	4307	440	46	1	0	40	0.000232126	4308	0.500058	FALSE	NA	NA	NA	NA	NA	NA
NC_045512.2	14829	G	T	4398	443	46	1	0	40	0.000227324	4399	0.500057	FALSE	NA	NA	NA	NA	NA	NA
NC_045512.2	14831	G	T	4382	429	44	3	3	29	0.000683995	4386	1	FALSE	NA	NA	NA	NA	NA	NA
NC_045512.2	14831	G	A	4382	429	44	1	0	40	0.000227998	4386	0.499886	FALSE	NA	NA	NA	NA	NA	NA
NC_045512.2	14834	A	G	4401	575	48	2	0	52	0.000454236	4403	0.250028	FALSE	NA	NA	NA	NA	NA	NA
NC_045512.2	14837	T	G	4441	603	49	1	1	40	0.000225124	4442	0.500056	FALSE	NA	NA	NA	NA	NA	NA
NC_045512.2	14838	C	T	4417	590	49	1	0	40	0.000226347	4418	0.500057	FALSE	NA	NA	NA	NA	NA	NA
NC_045512.2	14841	A	G	4405	607	48	1	0	80	0.000226963	4406	0.500057	FALSE	NA	NA	NA	NA	NA	NA
NC_045512.2	14843	A	G	4426	592	49	1	0	80	0.000225836	4428	0.5	FALSE	NA	NA	NA	NA	NA	NA
NC_045512.2	14843	A	C	4426	592	49	1	0	24	0.000225836	4428	1	FALSE	NA	NA	NA	NA	NA	NA
NC_045512.2	14844	A	C	4406	591	48	1	0	24	0.000226912	4407	1	FALSE	NA	NA	NA	NA	NA	NA
NC_045512.2	14847	A	G	4460	609	49	1	0	40	0.000224065	4463	0.499944	FALSE	NA	NA	NA	NA	NA	NA
NC_045512.2	14847	A	C	4460	609	49	2	0	24	0.000448129	4463	1	FALSE	NA	NA	NA	NA	NA	NA
NC_045512.2	14848	C	G	4474	613	48	1	1	40	0.000223464	4475	0.500056	FALSE	NA	NA	NA	NA	NA	NA
NC_045512.2	14850	A	C	4461	730	51	1	0	24	0.000224115	4462	1	FALSE	NA	NA	NA	NA	NA	NA
NC_045512.2	14851	T	C	4460	720	51	1	0	80	0.000224165	4461	0.500056	FALSE	NA	NA	NA	NA	NA	NA
NC_045512.2	14856	A	C	4379	744	51	3	0	29	0.000684619	4382	1	FALSE	NA	NA	NA	NA	NA	NA
NC_045512.2	14859	T	C	4441	799	53	2	0	40	0.000450146	4443	0.250028	FALSE	NA	NA	NA	NA	NA	NA
NC_045512.2	14859	T	-G	4441	799	53	1	0	20	0.000225073	4443	1	FALSE	NA	NA	NA	NA	NA	NA
NC_045512.2	14860	G	A	4428	799	53	1	0	40	0.000225785	4429	0.5	FALSE	NA	NA	NA	NA	NA	NA
NC_045512.2	14861	A	C	4351	827	52	4	0	32	0.000918485	4355	0.636907	FALSE	NA	NA	NA	NA	NA	NA
NC_045512.2	14865	T	C	3715	1202	50	1	0	40	0.000269107	3716	0.500067	FALSE	NA	NA	NA	NA	NA	NA
NC_045512.2	14868	T	C	3735	1207	50	1	1	40	0.000267666	3736	0.500067	FALSE	NA	NA	NA	NA	NA	NA
NC_045512.2	14870	A	C	3757	1379	51	1	0	24	0.000266099	3758	1	FALSE	NA	NA	NA	NA	NA	NA
NC_045512.2	14874	G	A	3774	1412	52	1	1	80	0.000264901	3775	0.500066	FALSE	NA	NA	NA	NA	NA	NA
NC_045512.2	14876	A	C	3737	1425	51	2	0	32	0.000534902	3739	0.812667	FALSE	NA	NA	NA	NA	NA	NA
NC_045512.2	14878	T	C	3763	1429	52	1	1	40	0.000265675	3764	0.500066	FALSE	NA	NA	NA	NA	NA	NA
NC_045512.2	14879	T	G	3756	1424	51	1	0	40	0.00026617	3757	0.500067	FALSE	NA	NA	NA	NA	NA	NA
NC_045512.2	14880	T	A	3763	1432	51	1	1	24	0.000265675	3764	1	FALSE	NA	NA	NA	NA	NA	NA
NC_045512.2	14882	A	C	3721	1471	51	1	0	24	0.000268673	3722	1	FALSE	NA	NA	NA	NA	NA	NA
NC_045512.2	14883	T	C	3725	1452	51	1	0	80	0.000268384	3726	0.500067	FALSE	NA	NA	NA	NA	NA	NA
NC_045512.2	14884	T	C	3700	1472	51	1	0	40	0.000270197	3701	0.500068	FALSE	NA	NA	NA	NA	NA	NA
NC_045512.2	14888	A	C	3702	1536	52	1	0	24	0.000270051	3703	1	FALSE	NA	NA	NA	NA	NA	NA
NC_045512.2	14889	C	A	3680	1566	51	2	0	24	0.000543183	3682	1	FALSE	NA	NA	NA	NA	NA	NA
NC_045512.2	14891	A	C	3693	1562	52	1	1	24	0.000270709	3694	1	FALSE	NA	NA	NA	NA	NA	NA
NC_045512.2	14892	T	C	3691	1557	52	1	1	80	0.000270856	3692	0.500068	FALSE	NA	NA	NA	NA	NA	NA
NC_045512.2	14894	G	T	3694	1578	51	2	2	28	0.000541126	3696	1	FALSE	NA	NA	NA	NA	NA	NA
NC_045512.2	14895	T	C	3824	1844	55	1	1	24	0.000261438	3825	1	FALSE	NA	NA	NA	NA	NA	NA
NC_045512.2	14896	G	T	3805	1843	53	1	1	24	0.000262743	3806	1	FALSE	NA	NA	NA	NA	NA	NA
NC_045512.2	14897	G	T	3813	1881	54	1	1	40	0.000262192	3814	0.500066	FALSE	NA	NA	NA	NA	NA	NA
NC_045512.2	14898	C	G	3723	1955	53	1	1	32	0.000268528	3724	0.937584	FALSE	NA	NA	NA	NA	NA	NA
NC_045512.2	14902	A	C	3851	2096	53	2	0	28	0.000519076	3853	1	FALSE	NA	NA	NA	NA	NA	NA
NC_045512.2	14911	A	C	3992	2684	54	2	0	32	0.000500751	3994	0.812657	FALSE	NA	NA	NA	NA	NA	NA
NC_045512.2	14913	C	A	3964	2720	53	2	0	24	0.000504286	3966	1	FALSE	NA	NA	NA	NA	NA	NA
NC_045512.2	14915	A	C	3956	2703	54	1	0	24	0.000252717	3957	1	FALSE	NA	NA	NA	NA	NA	NA
NC_045512.2	14917	G	T	3906	2651	52	3	3	29	0.00076746	3909	1	FALSE	NA	NA	NA	NA	NA	NA
NC_045512.2	14919	C	T	3990	2858	53	1	1	80	0.000250564	3991	0.500063	FALSE	NA	NA	NA	NA	NA	NA
NC_045512.2	14925	C	A	3969	3245	48	2	0	24	0.000503651	3971	1	FALSE	NA	NA	NA	NA	NA	NA
NC_045512.2	14928	C	T	4102	3486	48	1	1	24	0.000243724	4103	1	FALSE	NA	NA	NA	NA	NA	NA
NC_045512.2	14932	C	A	4171	3603	48	1	1	40	0.000239693	4172	0.50006	FALSE	NA	NA	NA	NA	NA	NA
NC_045512.2	14933	T	G	4042	3470	45	3	3	24	0.000741656	4045	1	FALSE	NA	NA	NA	NA	NA	NA
NC_045512.2	14934	A	G	4184	3616	48	2	2	60	0.000477783	4186	0.25003	FALSE	NA	NA	NA	NA	NA	NA
NC_045512.2	14937	C	T	4249	3720	48	1	1	40	0.000235294	4250	0.500059	FALSE	NA	NA	NA	NA	NA	NA
NC_045512.2	14938	A	G	4287	3773	49	1	1	40	0.000233209	4288	0.500058	FALSE	NA	NA	NA	NA	NA	NA
NC_045512.2	14943	A	G	4250	3759	48	1	1	40	0.000235239	4251	0.500059	FALSE	NA	NA	NA	NA	NA	NA
NC_045512.2	14946	T	G	4217	3756	47	2	2	32	0.000474046	4219	0.890764	FALSE	NA	NA	NA	NA	NA	NA
NC_045512.2	14948	G	T	4187	3728	47	1	1	40	0.000238777	4188	0.50006	FALSE	NA	NA	NA	NA	NA	NA
NC_045512.2	14949	T	G	4221	3758	48	3	3	29	0.000710227	4224	1	FALSE	NA	NA	NA	NA	NA	NA
NC_045512.2	14950	T	C	4235	3774	48	1	1	40	0.000236072	4236	0.500059	FALSE	NA	NA	NA	NA	NA	NA
NC_045512.2	14951	T	G	4222	3774	47	1	1	24	0.000236686	4225	1	FALSE	NA	NA	NA	NA	NA	NA
NC_045512.2	14951	T	C	4222	3774	47	2	1	60	0.000473373	4225	0.24997	FALSE	NA	NA	NA	NA	NA	NA
NC_045512.2	14952	T	G	4213	3763	47	1	1	24	0.000237304	4214	1	FALSE	NA	NA	NA	NA	NA	NA
NC_045512.2	14955	A	G	4236	3847	47	1	1	24	0.000236016	4237	1	FALSE	NA	NA	NA	NA	NA	NA
NC_045512.2	14957	T	G	4167	3784	46	2	2	24	0.000479731	4169	1	FALSE	NA	NA	NA	NA	NA	NA
NC_045512.2	14958	T	G	4122	3738	46	3	3	24	0.000727273	4125	1	FALSE	NA	NA	NA	NA	NA	NA
NC_045512.2	14960	A	T	4187	3825	46	1	1	40	0.000238777	4188	0.50006	FALSE	NA	NA	NA	NA	NA	NA
NC_045512.2	14961	T	G	4019	3661	44	5	5	30	0.00124254	4024	0.500153	FALSE	NA	NA	NA	NA	NA	NA
NC_045512.2	14962	A	G	4198	3851	46	1	1	40	0.000238152	4199	0.50006	FALSE	NA	NA	NA	NA	NA	NA
NC_045512.2	14966	G	A	4132	3785	45	1	1	40	0.000241955	4133	0.50006	FALSE	NA	NA	NA	NA	NA	NA
NC_045512.2	14969	G	T	4074	3758	43	1	1	24	0.000245399	4075	1	FALSE	NA	NA	NA	NA	NA	NA
NC_045512.2	14970	T	G	4034	3713	44	7	7	30	0.00173224	4041	0.274414	FALSE	NA	NA	NA	NA	NA	NA
NC_045512.2	14971	A	G	4170	3858	45	1	0	64	0.000239693	4172	0.5	FALSE	NA	NA	NA	NA	NA	NA
NC_045512.2	14971	A	C	4170	3858	45	1	1	24	0.000239693	4172	1	FALSE	NA	NA	NA	NA	NA	NA
NC_045512.2	14983	T	G	3664	3427	44	1	1	24	0.000272851	3665	1	FALSE	NA	NA	NA	NA	NA	NA
NC_045512.2	14984	A	G	3708	3476	44	1	1	40	0.000269614	3709	0.500067	FALSE	NA	NA	NA	NA	NA	NA
NC_045512.2	14986	T	G	3590	3371	43	1	1	24	0.000278474	3591	1	FALSE	NA	NA	NA	NA	NA	NA
NC_045512.2	14988	T	G	3592	3378	43	1	1	40	0.000278242	3594	0.5	FALSE	NA	NA	NA	NA	NA	NA
NC_045512.2	14988	T	C	3592	3378	43	1	1	40	0.000278242	3594	0.5	FALSE	NA	NA	NA	NA	NA	NA
NC_045512.2	14992	T	G	3560	3362	43	2	2	32	0.000561482	3562	0.812676	FALSE	NA	NA	NA	NA	NA	NA
NC_045512.2	14992	T	-CAATGAGTTATGAGGATCAAGATG	3560	3362	43	1	0	20	0.000280741	3562	1	FALSE	NA	NA	NA	NA	NA	NA
NC_045512.2	14994	A	G	3605	3421	43	1	1	40	0.000277316	3606	0.5	FALSE	NA	NA	NA	NA	NA	NA
NC_045512.2	14995	A	G	3590	3411	43	1	1	24	0.000278474	3591	1	FALSE	NA	NA	NA	NA	NA	NA
NC_045512.2	14996	T	C	3520	3352	42	1	1	40	0.00028401	3521	0.5	FALSE	NA	NA	NA	NA	NA	NA
NC_045512.2	14997	G	A	3562	3393	42	2	2	40	0.000561167	3564	0.249965	FALSE	NA	NA	NA	NA	NA	NA
NC_045512.2	14998	A	G	3561	3397	42	1	1	24	0.000280741	3562	1	FALSE	NA	NA	NA	NA	NA	NA
NC_045512.2	14999	G	T	3467	3303	41	1	1	24	0.000288351	3468	1	FALSE	NA	NA	NA	NA	NA	NA
NC_045512.2	15001	T	C	3262	3100	42	1	1	40	0.000306466	3263	0.5	FALSE	NA	NA	NA	NA	NA	NA
NC_045512.2	15003	T	G	3248	3088	42	1	1	24	0.000307787	3249	1	FALSE	NA	NA	NA	NA	NA	NA
NC_045512.2	15005	A	G	3296	3136	42	1	1	40	0.000303306	3297	0.5	FALSE	NA	NA	NA	NA	NA	NA
NC_045512.2	15006	G	A	2372	2210	34	1	1	24	0.000421408	2373	1	FALSE	NA	NA	NA	NA	NA	NA
NC_045512.2	15007	G	A	520	253	33	643	643	25	0.55288	1163	2.4113e-227	TRUE	NA	NA	NA	NA	NA	NA
NC_045512.2	15008	A	G	3082	2930	41	2	2	32	0.000648508	3084	0.812601	FALSE	NA	NA	NA	NA	NA	NA
NC_045512.2	15009	T	G	1856	1695	32	1	1	40	0.00052687	1898	0.494541	FALSE	NA	NA	NA	NA	NA	NA
NC_045512.2	15009	T	C	1856	1695	32	41	41	24	0.0216017	1898	0.00175464	TRUE	NA	NA	NA	NA	NA	NA
NC_045512.2	15010	C	G	3120	2966	43	1	1	40	0.00032041	3121	0.5	FALSE	NA	NA	NA	NA	NA	NA
NC_045512.2	15010	C	-A	3120	2966	43	1	0	20	0.000320307	3122	1	FALSE	NA	NA	NA	NA	NA	NA
NC_045512.2	15014	A	G	3104	2958	43	2	2	32	0.000643915	3106	0.812601	FALSE	NA	NA	NA	NA	NA	NA
NC_045512.2	15015	T	G	3037	2890	43	1	1	24	0.000329164	3038	1	FALSE	NA	NA	NA	NA	NA	NA
NC_045512.2	15017	C	T	3018	2883	43	1	1	24	0.000331236	3019	1	FALSE	NA	NA	NA	NA	NA	NA
NC_045512.2	15018	A	G	3027	2892	43	1	1	24	0.000330251	3028	1	FALSE	NA	NA	NA	NA	NA	NA
NC_045512.2	15020	T	G	2765	2641	43	2	2	24	0.000722804	2767	1	FALSE	NA	NA	NA	NA	NA	NA
NC_045512.2	15022	T	C	2683	2564	42	1	1	40	0.000372578	2684	0.500093	FALSE	NA	NA	NA	NA	NA	NA
NC_045512.2	15023	T	G	2684	2563	42	1	1	40	0.000372439	2685	0.500093	FALSE	NA	NA	NA	NA	NA	NA
NC_045512.2	15024	C	T	2685	2579	42	3	1	74	0.00111607	2688	0.125	FALSE	NA	NA	NA	NA	NA	NA
NC_045512.2	15027	A	G	2686	2579	42	1	1	40	0.000372162	2687	0.500093	FALSE	NA	NA	NA	NA	NA	NA
NC_045512.2	15038	G	T	2374	2281	39	6	6	24	0.00251995	2381	0.999737	FALSE	NA	NA	NA	NA	NA	NA
NC_045512.2	15038	G	C	2374	2281	39	1	1	40	0.000419992	2381	0.499474	FALSE	NA	NA	NA	NA	NA	NA
NC_045512.2	15044	T	C	2433	2348	42	1	1	24	0.000410846	2434	1	FALSE	NA	NA	NA	NA	NA	NA
NC_045512.2	15045	C	G	1989	1916	42	1	1	40	0.000502513	1990	0.500126	FALSE	NA	NA	NA	NA	NA	NA
NC_045512.2	15048	C	G	1971	1898	42	2	2	40	0.00101368	1973	0.250063	FALSE	NA	NA	NA	NA	NA	NA
NC_045512.2	15049	C	G	10556	2306	39	11	0	35	0.00104019	10575	0.499387	FALSE	NA	NA	NA	NA	NA	NA
NC_045512.2	15049	C	A	10556	2306	39	8	0	26	0.000756501	10575	1	FALSE	NA	NA	NA	NA	NA	NA
NC_045512.2	15050	C	G	10097	2240	36	1	1	40	9.88631e-05	10115	0.749616	FALSE	NA	NA	NA	NA	NA	NA
NC_045512.2	15050	C	A	10097	2240	36	17	0	25	0.00168067	10115	1	FALSE	NA	NA	NA	NA	NA	NA
NC_045512.2	15051	T	G	10785	2208	40	1	1	40	9.26956e-05	10788	0.749988	FALSE	NA	NA	NA	NA	NA	NA
NC_045512.2	15051	T	C	10785	2208	40	2	1	24	0.000185391	10788	1	FALSE	NA	NA	NA	NA	NA	NA
NC_045512.2	15052	A	T	11054	2216	40	1	1	24	9.04241e-05	11059	1	FALSE	NA	NA	NA	NA	NA	NA
NC_045512.2	15052	A	G	11054	2216	40	1	1	24	9.04241e-05	11059	1	FALSE	NA	NA	NA	NA	NA	NA
NC_045512.2	15052	A	C	11054	2216	40	3	0	24	0.000271272	11059	1	FALSE	NA	NA	NA	NA	NA	NA
NC_045512.2	15053	C	A	11942	2243	39	3	0	24	0.000251151	11945	1	FALSE	NA	NA	NA	NA	NA	NA
NC_045512.2	15054	T	G	11989	2191	40	2	0	32	0.000166722	11996	0.998292	FALSE	NA	NA	NA	NA	NA	NA
NC_045512.2	15054	T	C	11989	2191	40	5	0	33	0.000416806	11996	0.961628	FALSE	NA	NA	NA	NA	NA	NA
NC_045512.2	15055	A	T	11952	2227	40	2	1	40	0.000167266	11957	0.499937	FALSE	NA	NA	NA	NA	NA	NA
NC_045512.2	15055	A	G	11952	2227	40	1	0	40	8.3633e-05	11957	0.749948	FALSE	NA	NA	NA	NA	NA	NA
NC_045512.2	15055	A	C	11952	2227	40	2	0	24	0.000167266	11957	1	FALSE	NA	NA	NA	NA	NA	NA
NC_045512.2	15056	T	G	11957	2157	40	1	0	24	8.3612e-05	11960	1	FALSE	NA	NA	NA	NA	NA	NA
NC_045512.2	15056	T	C	11957	2157	40	2	0	32	0.000167224	11960	0.998295	FALSE	NA	NA	NA	NA	NA	NA
NC_045512.2	15056	T	-A	11957	2157	40	1	0	20	8.3612e-05	11960	1	FALSE	NA	NA	NA	NA	NA	NA
NC_045512.2	15057	A	G	11625	1973	41	1	1	40	8.59919e-05	11629	0.749946	FALSE	NA	NA	NA	NA	NA	NA
NC_045512.2	15057	A	C	11625	1973	41	3	0	34	0.000257976	11629	0.99354	FALSE	NA	NA	NA	NA	NA	NA
NC_045512.2	15058	A	G	11842	1974	41	1	0	40	8.44024e-05	11848	0.749926	FALSE	NA	NA	NA	NA	NA	NA
NC_045512.2	15058	A	C	11842	1974	41	5	0	30	0.000422012	11848	0.961643	FALSE	NA	NA	NA	NA	NA	NA
NC_045512.2	15059	C	T	11954	1962	41	1	0	40	8.3626e-05	11958	0.749969	FALSE	NA	NA	NA	NA	NA	NA
NC_045512.2	15059	C	G	11954	1962	41	3	0	40	0.000250878	11958	0.312484	FALSE	NA	NA	NA	NA	NA	NA
NC_045512.2	15060	T	G	11910	1908	41	2	0	32	0.000167884	11913	0.998295	FALSE	NA	NA	NA	NA	NA	NA
NC_045512.2	15060	T	C	11910	1908	41	1	0	24	8.39419e-05	11913	1	FALSE	NA	NA	NA	NA	NA	NA
NC_045512.2	15061	C	T	11854	1837	40	2	0	40	0.000168663	11858	0.499968	FALSE	NA	NA	NA	NA	NA	NA
NC_045512.2	15061	C	G	11854	1837	40	1	0	24	8.43313e-05	11858	1	FALSE	NA	NA	NA	NA	NA	NA
NC_045512.2	15061	C	A	11854	1837	40	1	0	24	8.43313e-05	11858	1	FALSE	NA	NA	NA	NA	NA	NA
NC_045512.2	15062	A	C	11454	1557	40	5	0	27	0.000436338	11459	1	FALSE	NA	NA	NA	NA	NA	NA
NC_045512.2	15063	A	C	10606	618	40	8	0	24	0.000753721	10614	1	FALSE	NA	NA	NA	NA	NA	NA
NC_045512.2	15064	A	C	10673	617	41	4	0	24	0.000374637	10677	1	FALSE	NA	NA	NA	NA	NA	NA
NC_045512.2	15065	T	C	10688	612	41	4	0	32	0.000374111	10692	0.971365	FALSE	NA	NA	NA	NA	NA	NA
NC_045512.2	15066	G	C	10750	622	41	5	0	33	0.0004649	10755	0.940851	FALSE	NA	NA	NA	NA	NA	NA
NC_045512.2	15067	A	G	11032	632	41	1	0	64	9.06208e-05	11035	0.499977	FALSE	NA	NA	NA	NA	NA	NA
NC_045512.2	15067	A	C	11032	632	41	2	0	24	0.000181242	11035	1	FALSE	NA	NA	NA	NA	NA	NA
NC_045512.2	15068	A	C	11752	649	41	2	0	24	0.000170155	11754	1	FALSE	NA	NA	NA	NA	NA	NA
NC_045512.2	15069	T	C	11872	646	41	1	0	40	8.42247e-05	11873	0.750032	FALSE	NA	NA	NA	NA	NA	NA
NC_045512.2	15071	T	C	11873	653	41	1	0	80	8.42176e-05	11874	0.500021	FALSE	NA	NA	NA	NA	NA	NA
NC_045512.2	15072	T	C	11957	692	41	3	0	34	0.000250836	11960	0.993546	FALSE	NA	NA	NA	NA	NA	NA
NC_045512.2	15073	A	C	11872	704	41	3	0	24	0.000252632	11875	1	FALSE	NA	NA	NA	NA	NA	NA
NC_045512.2	15074	A	C	11961	705	41	2	0	24	0.000167182	11963	1	FALSE	NA	NA	NA	NA	NA	NA
NC_045512.2	15075	G	A	12230	714	41	1	0	24	8.17595e-05	12231	1	FALSE	NA	NA	NA	NA	NA	NA
NC_045512.2	15076	T	G	12269	713	41	2	0	40	0.000162973	12272	0.5	FALSE	NA	NA	NA	NA	NA	NA
NC_045512.2	15076	T	A	12269	713	41	1	0	40	8.14863e-05	12272	0.74999	FALSE	NA	NA	NA	NA	NA	NA
NC_045512.2	15077	A	C	12190	814	42	4	0	28	0.00032803	12194	1	FALSE	NA	NA	NA	NA	NA	NA
NC_045512.2	15078	T	C	12455	835	42	1	0	40	8.02826e-05	12456	0.75003	FALSE	NA	NA	NA	NA	NA	NA
NC_045512.2	15079	G	C	12459	841	42	2	0	32	0.000160488	12462	0.999087	FALSE	NA	NA	NA	NA	NA	NA
NC_045512.2	15079	G	A	12459	841	42	1	0	40	8.02439e-05	12462	0.74999	FALSE	NA	NA	NA	NA	NA	NA
NC_045512.2	15080	C	T	12675	893	42	5	0	36	0.000394322	12680	0.975526	FALSE	NA	NA	NA	NA	NA	NA
NC_045512.2	15081	C	T	12504	896	41	1	0	40	7.99233e-05	12512	0.74989	FALSE	NA	NA	NA	NA	NA	NA
NC_045512.2	15081	C	A	12504	896	41	7	0	26	0.000559463	12512	1	FALSE	NA	NA	NA	NA	NA	NA
NC_045512.2	15082	A	G	12626	893	42	1	0	24	7.91828e-05	12629	1	FALSE	NA	NA	NA	NA	NA	NA
NC_045512.2	15082	A	C	12626	893	42	2	0	40	0.000158366	12629	0.5	FALSE	NA	NA	NA	NA	NA	NA
NC_045512.2	15083	T	C	12757	897	42	1	0	40	7.83822e-05	12758	0.750029	FALSE	NA	NA	NA	NA	NA	NA
NC_045512.2	15084	T	C	12757	894	42	3	0	40	0.00023511	12760	0.312515	FALSE	NA	NA	NA	NA	NA	NA
NC_045512.2	15085	A	C	12678	896	42	2	0	24	0.000157729	12680	1	FALSE	NA	NA	NA	NA	NA	NA
NC_045512.2	15086	G	A	13088	908	42	1	0	80	7.64e-05	13089	0.500019	FALSE	NA	NA	NA	NA	NA	NA
NC_045512.2	15087	T	G	13083	970	43	2	0	32	0.000152823	13087	0.999513	FALSE	NA	NA	NA	NA	NA	NA
NC_045512.2	15087	T	C	13083	970	43	2	0	40	0.000152823	13087	0.499971	FALSE	NA	NA	NA	NA	NA	NA
NC_045512.2	15089	C	G	13294	999	43	3	0	40	0.000225615	13297	0.312514	FALSE	NA	NA	NA	NA	NA	NA
NC_045512.2	15090	A	G	13332	1021	42	1	0	40	7.49794e-05	13337	0.749953	FALSE	NA	NA	NA	NA	NA	NA
NC_045512.2	15090	A	C	13332	1021	42	4	0	24	0.000299918	13337	1	FALSE	NA	NA	NA	NA	NA	NA
NC_045512.2	15091	A	G	13362	1024	43	3	0	34	0.00022445	13366	0.997915	FALSE	NA	NA	NA	NA	NA	NA
NC_045512.2	15091	A	C	13362	1024	43	1	0	24	7.48167e-05	13366	1	FALSE	NA	NA	NA	NA	NA	NA
NC_045512.2	15092	A	C	13375	1022	43	1	0	40	7.47608e-05	13376	0.750028	FALSE	NA	NA	NA	NA	NA	NA
NC_045512.2	15094	A	G	15441	1125	43	2	0	40	0.000129458	15449	0.499879	FALSE	NA	NA	NA	NA	NA	NA
NC_045512.2	15094	A	C	15441	1125	43	6	0	26	0.000388375	15449	1	FALSE	NA	NA	NA	NA	NA	NA
NC_045512.2	15095	A	G	15506	1123	43	1	0	24	6.44745e-05	15510	1	FALSE	NA	NA	NA	NA	NA	NA
NC_045512.2	15095	A	C	15506	1123	43	3	0	24	0.000193424	15510	1	FALSE	NA	NA	NA	NA	NA	NA
NC_045512.2	15096	T	C	15577	1112	43	1	0	40	6.41931e-05	15578	0.750024	FALSE	NA	NA	NA	NA	NA	NA
NC_045512.2	15097	A	C	15498	1128	43	4	0	28	0.000258031	15502	1	FALSE	NA	NA	NA	NA	NA	NA
NC_045512.2	15099	A	G	15882	1144	43	3	0	34	0.000188822	15888	0.999345	FALSE	NA	NA	NA	NA	NA	NA
NC_045512.2	15099	A	C	15882	1144	43	3	0	29	0.000188822	15888	1	FALSE	NA	NA	NA	NA	NA	NA
NC_045512.2	15101	C	T	15930	1245	43	1	1	48	6.27628e-05	15933	0.749992	FALSE	NA	NA	NA	NA	NA	NA
NC_045512.2	15101	C	G	15930	1245	43	2	0	40	0.000125526	15933	0.5	FALSE	NA	NA	NA	NA	NA	NA
NC_045512.2	15102	T	C	16019	1254	43	1	0	40	6.2422e-05	16020	0.750023	FALSE	NA	NA	NA	NA	NA	NA
NC_045512.2	15104	G	C	15922	1155	42	4	0	32	0.00025113	15928	0.997792	FALSE	NA	NA	NA	NA	NA	NA
NC_045512.2	15104	G	A	15922	1155	42	2	0	40	0.000125565	15928	0.499929	FALSE	NA	NA	NA	NA	NA	NA
NC_045512.2	15105	C	T	16328	1263	43	2	0	40	0.000122474	16330	0.500023	FALSE	NA	NA	NA	NA	NA	NA
NC_045512.2	15106	A	G	16036	1278	42	2	0	40	0.000124626	16048	0.49979	FALSE	NA	NA	NA	NA	NA	NA
NC_045512.2	15106	A	C	16036	1278	42	10	0	25	0.000623131	16048	1	FALSE	NA	NA	NA	NA	NA	NA
NC_045512.2	15108	C	T	16648	1281	43	1	0	40	6.00565e-05	16651	0.749992	FALSE	NA	NA	NA	NA	NA	NA
NC_045512.2	15108	C	A	16648	1281	43	2	0	24	0.000120113	16651	1	FALSE	NA	NA	NA	NA	NA	NA
NC_045512.2	15109	G	T	16617	1241	43	2	2	24	0.00012033	16621	1	FALSE	NA	NA	NA	NA	NA	NA
NC_045512.2	15109	G	A	16617	1241	43	2	0	40	0.00012033	16621	0.499977	FALSE	NA	NA	NA	NA	NA	NA
NC_045512.2	15110	T	G	16910	1368	44	2	0	40	0.000118252	16913	0.5	FALSE	NA	NA	NA	NA	NA	NA
NC_045512.2	15110	T	C	16910	1368	44	1	0	40	5.91261e-05	16913	0.749993	FALSE	NA	NA	NA	NA	NA	NA
NC_045512.2	15111	A	G	16841	1395	44	3	0	34	0.000178052	16849	0.999636	FALSE	NA	NA	NA	NA	NA	NA
NC_045512.2	15111	A	C	16841	1395	44	5	0	27	0.000296754	16849	1	FALSE	NA	NA	NA	NA	NA	NA
NC_045512.2	15113	C	T	16941	1572	44	3	0	40	0.000177054	16944	0.312511	FALSE	NA	NA	NA	NA	NA	NA
NC_045512.2	15114	T	G	16980	1562	44	1	1	24	5.88859e-05	16982	1	FALSE	NA	NA	NA	NA	NA	NA
NC_045512.2	15114	T	C	16980	1562	44	1	1	80	5.88859e-05	16982	0.5	FALSE	NA	NA	NA	NA	NA	NA
NC_045512.2	15115	G	A	17024	1581	45	4	0	36	0.000234907	17028	0.999258	FALSE	NA	NA	NA	NA	NA	NA
NC_045512.2	15118	G	T	17488	1617	44	1	0	24	5.71755e-05	17490	1	FALSE	NA	NA	NA	NA	NA	NA
NC_045512.2	15118	G	C	17488	1617	44	1	0	40	5.71755e-05	17490	0.750007	FALSE	NA	NA	NA	NA	NA	NA
NC_045512.2	15120	C	T	17671	1725	45	1	0	40	5.65835e-05	17673	0.750007	FALSE	NA	NA	NA	NA	NA	NA
NC_045512.2	15120	C	A	17671	1725	45	1	0	40	5.65835e-05	17673	0.750007	FALSE	NA	NA	NA	NA	NA	NA
NC_045512.2	15121	T	G	17761	1732	45	1	0	40	5.62936e-05	17764	0.749993	FALSE	NA	NA	NA	NA	NA	NA
NC_045512.2	15121	T	C	17761	1732	45	2	0	32	0.000112587	17764	0.999962	FALSE	NA	NA	NA	NA	NA	NA
NC_045512.2	15122	C	A	13559	1814	37	354	0	26	0.0254438	13913	2.45682e-23	TRUE	NA	NA	NA	NA	NA	NA
NC_045512.2	15123	T	G	17792	1805	45	1	1	32	5.61987e-05	17794	0.999996	FALSE	NA	NA	NA	NA	NA	NA
NC_045512.2	15123	T	C	17792	1805	45	1	0	40	5.61987e-05	17794	0.750007	FALSE	NA	NA	NA	NA	NA	NA
NC_045512.2	15124	A	G	18040	1869	45	1	1	80	5.54262e-05	18042	0.5	FALSE	NA	NA	NA	NA	NA	NA
NC_045512.2	15124	A	C	18040	1869	45	1	0	24	5.54262e-05	18042	1	FALSE	NA	NA	NA	NA	NA	NA
NC_045512.2	15125	T	C	18131	1911	46	2	0	24	0.000110296	18133	1	FALSE	NA	NA	NA	NA	NA	NA
NC_045512.2	15127	T	G	19268	1964	45	2	0	32	0.000103783	19271	0.99999	FALSE	NA	NA	NA	NA	NA	NA
NC_045512.2	15127	T	C	19268	1964	45	1	0	24	5.18914e-05	19271	1	FALSE	NA	NA	NA	NA	NA	NA
NC_045512.2	15128	G	T	20064	1967	44	1	0	40	4.98355e-05	20066	0.875009	FALSE	NA	NA	NA	NA	NA	NA
NC_045512.2	15128	G	C	20064	1967	44	1	0	40	4.98355e-05	20066	0.875009	FALSE	NA	NA	NA	NA	NA	NA
NC_045512.2	15129	T	C	20102	2002	45	5	0	38	0.00024867	20107	0.999547	FALSE	NA	NA	NA	NA	NA	NA
NC_045512.2	15130	A	G	19812	2013	44	1	1	32	5.04566e-05	19819	0.999999	FALSE	NA	NA	NA	NA	NA	NA
NC_045512.2	15130	A	C	19812	2013	44	6	0	26	0.00030274	19819	1	FALSE	NA	NA	NA	NA	NA	NA
NC_045512.2	15131	G	T	20293	2023	45	1	0	24	4.92756e-05	20294	1	FALSE	NA	NA	NA	NA	NA	NA
NC_045512.2	15132	T	C	20344	2175	46	2	0	40	9.82994e-05	20346	0.687528	FALSE	NA	NA	NA	NA	NA	NA
NC_045512.2	15133	A	G	20748	2212	46	1	0	40	4.81858e-05	20753	0.874982	FALSE	NA	NA	NA	NA	NA	NA
NC_045512.2	15133	A	C	20748	2212	46	4	0	32	0.000192743	20753	0.999862	FALSE	NA	NA	NA	NA	NA	NA
NC_045512.2	15134	C	T	20867	2208	46	1	0	40	4.79203e-05	20868	0.875018	FALSE	NA	NA	NA	NA	NA	NA
NC_045512.2	15135	T	C	20877	2229	46	1	0	24	4.78973e-05	20878	1	FALSE	NA	NA	NA	NA	NA	NA
NC_045512.2	15136	A	C	20809	2239	46	7	0	26	0.00033628	20816	1	FALSE	NA	NA	NA	NA	NA	NA
NC_045512.2	15137	T	G	20925	2735	48	2	0	40	9.55657e-05	20928	0.687509	FALSE	NA	NA	NA	NA	NA	NA
NC_045512.2	15137	T	C	20925	2735	48	1	0	40	4.77829e-05	20928	0.875	FALSE	NA	NA	NA	NA	NA	NA
NC_045512.2	15139	A	G	20990	2806	48	5	1	44	0.00023805	21004	0.226387	FALSE	NA	NA	NA	NA	NA	NA
NC_045512.2	15139	A	C	20990	2806	48	9	0	30	0.00042849	21004	0.991945	FALSE	NA	NA	NA	NA	NA	NA
NC_045512.2	15140	C	A	21441	2846	47	8	0	24	0.000372978	21449	1	FALSE	NA	NA	NA	NA	NA	NA
NC_045512.2	15141	C	G	21712	2842	48	1	0	24	4.60554e-05	21713	1	FALSE	NA	NA	NA	NA	NA	NA
NC_045512.2	15142	A	C	21612	2847	48	4	0	24	0.000185048	21616	1	FALSE	NA	NA	NA	NA	NA	NA
NC_045512.2	15143	A	G	21707	2917	48	2	1	80	9.2115e-05	21712	0.249971	FALSE	NA	NA	NA	NA	NA	NA
NC_045512.2	15143	A	C	21707	2917	48	3	0	29	0.000138172	21712	1	FALSE	NA	NA	NA	NA	NA	NA
NC_045512.2	15144	T	C	21795	3037	48	2	0	24	9.17557e-05	21797	1	FALSE	NA	NA	NA	NA	NA	NA
NC_045512.2	15145	A	G	21774	3069	49	1	0	40	4.59242e-05	21775	0.875017	FALSE	NA	NA	NA	NA	NA	NA
NC_045512.2	15146	G	A	21838	3069	49	1	0	24	4.57896e-05	21839	1	FALSE	NA	NA	NA	NA	NA	NA
NC_045512.2	15147	A	G	21743	3069	48	2	0	40	9.19709e-05	21746	0.687509	FALSE	NA	NA	NA	NA	NA	NA
NC_045512.2	15147	A	C	21743	3069	48	1	0	24	4.59855e-05	21746	1	FALSE	NA	NA	NA	NA	NA	NA
NC_045512.2	15148	C	A	21904	3070	49	1	0	40	4.56517e-05	21905	0.875017	FALSE	NA	NA	NA	NA	NA	NA
NC_045512.2	15149	A	G	21610	2983	49	2	0	44	9.25326e-05	21614	0.687491	FALSE	NA	NA	NA	NA	NA	NA
NC_045512.2	15149	A	C	21610	2983	49	2	0	24	9.25326e-05	21614	1	FALSE	NA	NA	NA	NA	NA	NA
NC_045512.2	15150	G	T	21680	2979	49	1	0	24	4.61148e-05	21685	1	FALSE	NA	NA	NA	NA	NA	NA
NC_045512.2	15150	G	A	21680	2979	49	4	2	69	0.000184459	21685	0.0624914	FALSE	NA	NA	NA	NA	NA	NA
NC_045512.2	15151	T	G	21711	3272	50	1	0	24	4.6049e-05	21716	1	FALSE	NA	NA	NA	NA	NA	NA
NC_045512.2	15151	T	C	21711	3272	50	3	0	40	0.000138147	21716	0.499978	FALSE	NA	NA	NA	NA	NA	NA
NC_045512.2	15151	T	A	21711	3272	50	1	1	64	4.6049e-05	21716	0.499965	FALSE	NA	NA	NA	NA	NA	NA
NC_045512.2	15152	T	C	21674	3252	50	1	1	24	4.61361e-05	21675	1	FALSE	NA	NA	NA	NA	NA	NA
NC_045512.2	15153	T	C	21682	3263	50	2	0	40	9.22339e-05	21684	0.687526	FALSE	NA	NA	NA	NA	NA	NA
NC_045512.2	15154	C	A	21525	3284	49	6	0	26	0.000278668	21531	1	FALSE	NA	NA	NA	NA	NA	NA
NC_045512.2	15155	A	G	21553	3616	51	1	1	40	4.63843e-05	21559	0.874974	FALSE	NA	NA	NA	NA	NA	NA
NC_045512.2	15155	A	C	21553	3616	51	5	0	36	0.000231922	21559	0.999734	FALSE	NA	NA	NA	NA	NA	NA
NC_045512.2	15156	T	G	21702	3605	51	2	1	28	9.21489e-05	21704	1	FALSE	NA	NA	NA	NA	NA	NA
NC_045512.2	15157	C	G	21694	3616	51	1	0	40	4.60914e-05	21696	0.875009	FALSE	NA	NA	NA	NA	NA	NA
NC_045512.2	15157	C	A	21694	3616	51	1	0	40	4.60914e-05	21696	0.875009	FALSE	NA	NA	NA	NA	NA	NA
NC_045512.2	15157	C	-A	21694	3616	51	1	0	20	4.60914e-05	21696	1	FALSE	NA	NA	NA	NA	NA	NA
NC_045512.2	15158	A	G	21562	3619	51	2	0	40	9.27343e-05	21567	0.687457	FALSE	NA	NA	NA	NA	NA	NA
NC_045512.2	15158	A	C	21562	3619	51	3	0	24	0.000139101	21567	1	FALSE	NA	NA	NA	NA	NA	NA
NC_045512.2	15159	A	G	21530	3689	51	1	1	80	4.64209e-05	21542	0.499884	FALSE	NA	NA	NA	NA	NA	NA
NC_045512.2	15159	A	C	21530	3689	51	11	0	28	0.00051063	21542	1	FALSE	NA	NA	NA	NA	NA	NA
NC_045512.2	15160	A	G	21627	3688	51	1	0	48	4.62342e-05	21629	0.875009	FALSE	NA	NA	NA	NA	NA	NA
NC_045512.2	15160	A	C	21627	3688	51	1	0	24	4.62342e-05	21629	1	FALSE	NA	NA	NA	NA	NA	NA
NC_045512.2	15161	A	G	21670	3801	52	1	0	36	4.61446e-05	21671	1	FALSE	NA	NA	NA	NA	NA	NA
NC_045512.2	15162	A	C	21628	3796	52	3	0	29	0.00013869	21631	1	FALSE	NA	NA	NA	NA	NA	NA
NC_045512.2	15163	T	C	21719	3822	52	1	0	40	4.60405e-05	21720	0.875017	FALSE	NA	NA	NA	NA	NA	NA
NC_045512.2	15164	T	G	21720	3965	52	1	1	24	4.60363e-05	21722	1	FALSE	NA	NA	NA	NA	NA	NA
NC_045512.2	15164	T	C	21720	3965	52	1	0	24	4.60363e-05	21722	1	FALSE	NA	NA	NA	NA	NA	NA
NC_045512.2	15165	A	C	21587	4049	52	7	0	27	0.000324164	21594	1	FALSE	NA	NA	NA	NA	NA	NA
NC_045512.2	15169	A	G	21581	4110	53	1	1	64	4.63263e-05	21586	0.499965	FALSE	NA	NA	NA	NA	NA	NA
NC_045512.2	15169	A	C	21581	4110	53	4	0	28	0.000185305	21586	1	FALSE	NA	NA	NA	NA	NA	NA
NC_045512.2	15170	A	G	21657	4202	53	1	0	24	4.61595e-05	21664	1	FALSE	NA	NA	NA	NA	NA	NA
NC_045512.2	15170	A	C	21657	4202	53	6	0	25	0.000276957	21664	1	FALSE	NA	NA	NA	NA	NA	NA
NC_045512.2	15171	A	G	21730	4271	53	2	0	40	9.20302e-05	21732	0.687526	FALSE	NA	NA	NA	NA	NA	NA
NC_045512.2	15172	T	G	21825	4263	53	1	1	24	4.58148e-05	21827	1	FALSE	NA	NA	NA	NA	NA	NA
NC_045512.2	15172	T	C	21825	4263	53	1	0	40	4.58148e-05	21827	0.875009	FALSE	NA	NA	NA	NA	NA	NA
NC_045512.2	15173	C	T	21889	4275	53	1	0	64	4.5683e-05	21890	0.500011	FALSE	NA	NA	NA	NA	NA	NA
NC_045512.2	15174	A	G	21769	4324	54	8	3	69	0.000367309	21780	0.00390231	TRUE	NA	NA	NA	NA	NA	NA
NC_045512.2	15174	A	C	21769	4324	54	3	0	34	0.000137741	21780	0.999982	FALSE	NA	NA	NA	NA	NA	NA
NC_045512.2	15175	A	G	21561	4533	53	2	1	52	9.27386e-05	21566	0.249971	FALSE	NA	NA	NA	NA	NA	NA
NC_045512.2	15175	A	C	21561	4533	53	3	0	24	0.000139108	21566	1	FALSE	NA	NA	NA	NA	NA	NA
NC_045512.2	15176	T	C	21689	4679	54	2	0	32	9.21999e-05	21692	0.999997	FALSE	NA	NA	NA	NA	NA	NA
NC_045512.2	15176	T	A	21689	4679	54	1	0	80	4.60999e-05	21692	0.499988	FALSE	NA	NA	NA	NA	NA	NA
NC_045512.2	15177	A	G	21476	4798	54	1	1	48	4.65571e-05	21479	0.875	FALSE	NA	NA	NA	NA	NA	NA
NC_045512.2	15177	A	C	21476	4798	54	2	0	24	9.31142e-05	21479	1	FALSE	NA	NA	NA	NA	NA	NA
NC_045512.2	15178	G	T	21571	4817	54	1	0	80	4.63542e-05	21573	0.5	FALSE	NA	NA	NA	NA	NA	NA
NC_045512.2	15178	G	A	21571	4817	54	1	0	24	4.63542e-05	21573	1	FALSE	NA	NA	NA	NA	NA	NA
NC_045512.2	15179	C	T	21180	5046	54	2	0	40	9.4402e-05	21186	0.687456	FALSE	NA	NA	NA	NA	NA	NA
NC_045512.2	15179	C	A	21180	5046	54	4	1	46	0.000188804	21186	0.343717	FALSE	NA	NA	NA	NA	NA	NA
NC_045512.2	15180	C	T	20698	5136	53	1	0	80	4.82649e-05	20719	0.499771	FALSE	NA	NA	NA	NA	NA	NA
NC_045512.2	15180	C	G	20698	5136	53	1	1	40	4.82649e-05	20719	0.874837	FALSE	NA	NA	NA	NA	NA	NA
NC_045512.2	15180	C	A	20698	5136	53	19	0	26	0.000917033	20719	1	FALSE	NA	NA	NA	NA	NA	NA
NC_045512.2	15181	G	A	21055	5131	54	4	2	50	0.000189943	21059	0.062497	FALSE	NA	NA	NA	NA	NA	NA
NC_045512.2	15182	C	A	20589	5185	51	26	0	26	0.00126122	20615	1	FALSE	NA	NA	NA	NA	NA	NA
NC_045512.2	15183	C	A	21010	5189	52	15	0	25	0.000713436	21025	1	FALSE	NA	NA	NA	NA	NA	NA
NC_045512.2	15184	A	C	21285	5229	54	3	0	24	0.000140924	21288	1	FALSE	NA	NA	NA	NA	NA	NA
NC_045512.2	15185	C	A	19309	6601	50	21	0	25	0.00108639	19330	1	FALSE	NA	NA	NA	NA	NA	NA
NC_045512.2	15186	T	C	19736	6470	52	2	0	40	0.000101327	19738	0.500019	FALSE	NA	NA	NA	NA	NA	NA
NC_045512.2	15187	A	G	19701	6547	52	1	1	64	5.07537e-05	19703	0.5	FALSE	NA	NA	NA	NA	NA	NA
NC_045512.2	15187	A	C	19701	6547	52	1	0	24	5.07537e-05	19703	1	FALSE	NA	NA	NA	NA	NA	NA
NC_045512.2	15188	G	T	18848	5441	47	84	84	26	0.0044367	18933	1	FALSE	NA	NA	NA	NA	NA	NA
NC_045512.2	15188	G	A	18848	5441	47	1	0	24	5.28178e-05	18933	1	FALSE	NA	NA	NA	NA	NA	NA
NC_045512.2	15189	A	G	19654	6575	52	1	0	80	5.08725e-05	19657	0.499987	FALSE	NA	NA	NA	NA	NA	NA
NC_045512.2	15189	A	C	19654	6575	52	2	0	32	0.000101745	19657	0.99999	FALSE	NA	NA	NA	NA	NA	NA
NC_045512.2	15190	G	T	19591	6429	51	5	5	24	0.000255141	19597	1	FALSE	NA	NA	NA	NA	NA	NA
NC_045512.2	15190	G	A	19591	6429	51	1	1	80	5.10282e-05	19597	0.499949	FALSE	NA	NA	NA	NA	NA	NA
NC_045512.2	15191	G	T	19892	6826	53	1	1	24	5.02639e-05	19895	1	FALSE	NA	NA	NA	NA	NA	NA
NC_045512.2	15191	G	A	19892	6826	53	2	0	60	0.000100528	19895	0.249994	FALSE	NA	NA	NA	NA	NA	NA
NC_045512.2	15192	A	G	19569	6995	53	4	2	60	0.000204363	19573	0.0624968	FALSE	NA	NA	NA	NA	NA	NA
NC_045512.2	15193	G	A	19569	7003	52	2	0	80	0.000102192	19571	0.250006	FALSE	NA	NA	NA	NA	NA	NA
NC_045512.2	15194	C	G	19577	7253	52	3	3	40	0.000153218	19580	0.31251	FALSE	NA	NA	NA	NA	NA	NA
NC_045512.2	15195	T	G	19551	7223	52	1	1	24	5.1143e-05	19553	1	FALSE	NA	NA	NA	NA	NA	NA
NC_045512.2	15195	T	C	19551	7223	52	1	0	40	5.1143e-05	19553	0.750006	FALSE	NA	NA	NA	NA	NA	NA
NC_045512.2	15196	A	G	19622	7264	52	3	1	48	0.000152843	19628	0.312452	FALSE	NA	NA	NA	NA	NA	NA
NC_045512.2	15196	A	C	19622	7264	52	3	0	29	0.000152843	19628	1	FALSE	NA	NA	NA	NA	NA	NA
NC_045512.2	15197	C	A	18988	7702	51	9	0	24	0.000473759	18997	1	FALSE	NA	NA	NA	NA	NA	NA
NC_045512.2	15198	T	G	19139	7653	51	2	1	32	0.000104477	19143	0.99999	FALSE	NA	NA	NA	NA	NA	NA
NC_045512.2	15198	T	C	19139	7653	51	2	0	36	0.000104477	19143	0.99999	FALSE	NA	NA	NA	NA	NA	NA
NC_045512.2	15199	G	T	19092	7439	49	13	13	26	0.00068045	19105	1	FALSE	NA	NA	NA	NA	NA	NA
NC_045512.2	15200	T	G	19291	7717	51	2	1	32	0.000103643	19297	0.99999	FALSE	NA	NA	NA	NA	NA	NA
NC_045512.2	15200	T	C	19291	7717	51	4	0	40	0.000207286	19297	0.187468	FALSE	NA	NA	NA	NA	NA	NA
NC_045512.2	15201	A	G	19246	7755	51	4	2	60	0.000207738	19255	0.0624643	FALSE	NA	NA	NA	NA	NA	NA
NC_045512.2	15201	A	C	19246	7755	51	5	1	30	0.000259673	19255	0.99923	FALSE	NA	NA	NA	NA	NA	NA
NC_045512.2	15202	G	C	19322	7775	52	2	0	40	0.000103482	19327	0.499961	FALSE	NA	NA	NA	NA	NA	NA
NC_045512.2	15202	G	A	19322	7775	52	3	0	34	0.000155223	19327	0.99994	FALSE	NA	NA	NA	NA	NA	NA
NC_045512.2	15203	T	G	19211	8286	52	1	1	32	5.20481e-05	19213	0.999999	FALSE	NA	NA	NA	NA	NA	NA
NC_045512.2	15203	T	C	19211	8286	52	1	0	40	5.20481e-05	19213	0.750007	FALSE	NA	NA	NA	NA	NA	NA
NC_045512.2	15204	A	G	18938	8652	52	1	1	64	5.27955e-05	18941	0.499987	FALSE	NA	NA	NA	NA	NA	NA
NC_045512.2	15204	A	C	18938	8652	52	2	0	24	0.000105591	18941	1	FALSE	NA	NA	NA	NA	NA	NA
NC_045512.2	15205	A	T	18811	8610	51	1	0	40	5.31519e-05	18814	0.749993	FALSE	NA	NA	NA	NA	NA	NA
NC_045512.2	15205	A	G	18811	8610	51	1	0	40	5.31519e-05	18814	0.749993	FALSE	NA	NA	NA	NA	NA	NA
NC_045512.2	15205	A	C	18811	8610	51	1	0	40	5.31519e-05	18814	0.749993	FALSE	NA	NA	NA	NA	NA	NA
NC_045512.2	15205	A	-T	18811	8610	51	1	0	20	5.31519e-05	18814	1	FALSE	NA	NA	NA	NA	NA	NA
NC_045512.2	15206	T	G	18798	8501	52	1	1	24	5.31915e-05	18800	1	FALSE	NA	NA	NA	NA	NA	NA
NC_045512.2	15206	T	C	18798	8501	52	1	0	40	5.31915e-05	18800	0.749993	FALSE	NA	NA	NA	NA	NA	NA
NC_045512.2	15207	T	C	18886	8633	52	1	0	80	5.29465e-05	18887	0.500013	FALSE	NA	NA	NA	NA	NA	NA
NC_045512.2	15208	G	A	18764	8535	52	1	0	40	5.32907e-05	18765	0.75002	FALSE	NA	NA	NA	NA	NA	NA
NC_045512.2	15209	G	C	18724	8644	52	1	1	40	5.34045e-05	18725	0.75002	FALSE	NA	NA	NA	NA	NA	NA
NC_045512.2	15210	A	G	18614	8655	51	2	1	36	0.000107411	18620	0.99998	FALSE	NA	NA	NA	NA	NA	NA
NC_045512.2	15210	A	C	18614	8655	51	4	0	28	0.000214823	18620	1	FALSE	NA	NA	NA	NA	NA	NA
NC_045512.2	15211	A	C	18633	8655	51	2	0	32	0.000107325	18635	0.99998	FALSE	NA	NA	NA	NA	NA	NA
NC_045512.2	15212	C	T	18654	8649	52	2	2	24	0.000107198	18657	1	FALSE	NA	NA	NA	NA	NA	NA
NC_045512.2	15212	C	G	18654	8649	52	1	0	24	5.35992e-05	18657	1	FALSE	NA	NA	NA	NA	NA	NA
NC_045512.2	15213	A	G	18573	8637	52	1	1	40	5.383e-05	18577	0.74998	FALSE	NA	NA	NA	NA	NA	NA
NC_045512.2	15213	A	C	18573	8637	52	3	0	32	0.00016149	18577	0.99989	FALSE	NA	NA	NA	NA	NA	NA
NC_045512.2	15214	A	G	18653	8668	52	5	5	41	0.000267982	18658	0.109369	FALSE	NA	NA	NA	NA	NA	NA
NC_045512.2	15215	G	A	18709	8688	52	2	0	52	0.000106889	18711	0.250007	FALSE	NA	NA	NA	NA	NA	NA
NC_045512.2	15216	C	T	18731	8734	52	1	1	40	5.33846e-05	18732	0.75002	FALSE	NA	NA	NA	NA	NA	NA
NC_045512.2	15217	A	T	18661	8746	52	1	1	40	5.35705e-05	18667	0.749953	FALSE	NA	NA	NA	NA	NA	NA
NC_045512.2	15217	A	G	18661	8746	52	2	1	40	0.000107141	18667	0.49994	FALSE	NA	NA	NA	NA	NA	NA
NC_045512.2	15217	A	C	18661	8746	52	3	1	29	0.000160711	18667	1	FALSE	NA	NA	NA	NA	NA	NA
NC_045512.2	15218	A	G	18777	9209	52	1	0	40	5.3251e-05	18779	0.750007	FALSE	NA	NA	NA	NA	NA	NA
NC_045512.2	15218	A	C	18777	9209	52	1	0	24	5.3251e-05	18779	1	FALSE	NA	NA	NA	NA	NA	NA
NC_045512.2	15219	A	C	18710	9417	51	1	0	40	5.34445e-05	18711	0.75002	FALSE	NA	NA	NA	NA	NA	NA
NC_045512.2	15220	T	C	18702	9476	50	2	0	40	0.000106929	18704	0.50002	FALSE	NA	NA	NA	NA	NA	NA
NC_045512.2	15221	T	G	18827	9655	52	1	1	24	5.31039e-05	18831	1	FALSE	NA	NA	NA	NA	NA	NA
NC_045512.2	15221	T	C	18827	9655	52	3	1	34	0.000159312	18831	0.99989	FALSE	NA	NA	NA	NA	NA	NA
NC_045512.2	15222	C	G	19340	10493	52	4	4	34	0.000206772	19345	0.999757	FALSE	NA	NA	NA	NA	NA	NA
NC_045512.2	15222	C	A	19340	10493	52	1	1	40	5.16929e-05	19345	0.749968	FALSE	NA	NA	NA	NA	NA	NA
NC_045512.2	15223	T	G	19200	10395	52	2	2	24	0.00010415	19203	1	FALSE	NA	NA	NA	NA	NA	NA
NC_045512.2	15223	T	C	19200	10395	52	1	0	32	5.20752e-05	19203	0.999999	FALSE	NA	NA	NA	NA	NA	NA
NC_045512.2	15224	A	G	19216	10469	52	1	0	40	5.20346e-05	19218	0.750007	FALSE	NA	NA	NA	NA	NA	NA
NC_045512.2	15224	A	C	19216	10469	52	1	0	24	5.20346e-05	19218	1	FALSE	NA	NA	NA	NA	NA	NA
NC_045512.2	15225	T	G	19224	10457	52	2	2	36	0.00010402	19227	0.99999	FALSE	NA	NA	NA	NA	NA	NA
NC_045512.2	15225	T	A	19224	10457	52	1	0	80	5.20102e-05	19227	0.499987	FALSE	NA	NA	NA	NA	NA	NA
NC_045512.2	15226	G	T	19195	10547	52	1	1	24	5.20942e-05	19196	1	FALSE	NA	NA	NA	NA	NA	NA
NC_045512.2	15228	T	G	19307	10930	53	2	2	24	0.000103573	19310	1	FALSE	NA	NA	NA	NA	NA	NA
NC_045512.2	15228	T	C	19307	10930	53	1	0	40	5.17866e-05	19310	0.749994	FALSE	NA	NA	NA	NA	NA	NA
NC_045512.2	15229	G	A	19402	11055	53	1	0	40	5.15384e-05	19403	0.750019	FALSE	NA	NA	NA	NA	NA	NA
NC_045512.2	15230	G	T	19304	10963	52	3	3	24	0.000155376	19308	1	FALSE	NA	NA	NA	NA	NA	NA
NC_045512.2	15230	G	A	19304	10963	52	1	0	40	5.1792e-05	19308	0.749981	FALSE	NA	NA	NA	NA	NA	NA
NC_045512.2	15231	T	G	19657	11846	53	4	4	28	0.000203438	19662	1	FALSE	NA	NA	NA	NA	NA	NA
NC_045512.2	15231	T	C	19657	11846	53	1	0	52	5.08595e-05	19662	0.499962	FALSE	NA	NA	NA	NA	NA	NA
NC_045512.2	15232	T	G	20148	12629	55	3	2	34	0.000148854	20154	0.999967	FALSE	NA	NA	NA	NA	NA	NA
NC_045512.2	15232	T	C	20148	12629	55	3	3	80	0.000148854	20154	0.124972	FALSE	NA	NA	NA	NA	NA	NA
NC_045512.2	15233	G	T	20086	12577	54	3	3	34	0.000149335	20089	0.999967	FALSE	NA	NA	NA	NA	NA	NA
NC_045512.2	15234	G	C	20252	12711	55	1	1	40	4.93681e-05	20256	0.874991	FALSE	NA	NA	NA	NA	NA	NA
NC_045512.2	15234	G	A	20252	12711	55	3	3	80	0.000148104	20256	0.124991	FALSE	NA	NA	NA	NA	NA	NA
NC_045512.2	15235	C	T	20258	12728	55	1	1	32	4.93608e-05	20259	1	FALSE	NA	NA	NA	NA	NA	NA
NC_045512.2	15238	A	G	20029	12840	55	3	3	42	0.000149745	20034	0.499977	FALSE	NA	NA	NA	NA	NA	NA
NC_045512.2	15238	A	C	20029	12840	55	2	0	28	9.98303e-05	20034	1	FALSE	NA	NA	NA	NA	NA	NA
NC_045512.2	15239	A	T	20018	12912	54	1	1	40	4.99525e-05	20019	0.875019	FALSE	NA	NA	NA	NA	NA	NA
NC_045512.2	15240	C	A	20130	13228	54	3	0	34	0.000149009	20133	0.999967	FALSE	NA	NA	NA	NA	NA	NA
NC_045512.2	15241	A	C	20212	13321	54	2	0	32	9.89413e-05	20214	0.999995	FALSE	NA	NA	NA	NA	NA	NA
NC_045512.2	15242	T	G	20313	13519	54	2	2	24	9.84494e-05	20315	1	FALSE	NA	NA	NA	NA	NA	NA
NC_045512.2	15243	G	T	20324	13501	54	2	1	52	9.83913e-05	20327	0.249994	FALSE	NA	NA	NA	NA	NA	NA
NC_045512.2	15243	G	A	20324	13501	54	1	0	24	4.91957e-05	20327	1	FALSE	NA	NA	NA	NA	NA	NA
NC_045512.2	15244	T	G	19858	14186	52	5	5	27	0.000251712	19864	1	FALSE	NA	NA	NA	NA	NA	NA
NC_045512.2	15244	T	C	19858	14186	52	1	1	24	5.03423e-05	19864	1	FALSE	NA	NA	NA	NA	NA	NA
NC_045512.2	15245	T	G	19740	14063	50	4	4	28	0.000202573	19746	1	FALSE	NA	NA	NA	NA	NA	NA
NC_045512.2	15245	T	C	19740	14063	50	2	1	32	0.000101286	19746	0.99999	FALSE	NA	NA	NA	NA	NA	NA
NC_045512.2	15245	T	-A	19740	14063	50	2	0	20	0.000101286	19746	1	FALSE	NA	NA	NA	NA	NA	NA
NC_045512.2	15246	A	G	20008	14414	52	3	1	53	0.000149918	20011	0.124981	FALSE	NA	NA	NA	NA	NA	NA
NC_045512.2	15247	A	C	19996	14400	52	1	0	40	5.00075e-05	19997	0.750019	FALSE	NA	NA	NA	NA	NA	NA
NC_045512.2	15248	A	G	20043	14445	52	2	2	52	9.97705e-05	20046	0.249994	FALSE	NA	NA	NA	NA	NA	NA
NC_045512.2	15248	A	C	20043	14445	52	1	1	24	4.98853e-05	20046	1	FALSE	NA	NA	NA	NA	NA	NA
NC_045512.2	15249	A	G	20391	15100	52	2	2	60	9.80681e-05	20394	0.249994	FALSE	NA	NA	NA	NA	NA	NA
NC_045512.2	15249	A	C	20391	15100	52	1	1	40	4.9034e-05	20394	0.875	FALSE	NA	NA	NA	NA	NA	NA
NC_045512.2	15250	A	G	20414	15232	52	2	0	72	9.79624e-05	20416	0.250006	FALSE	NA	NA	NA	NA	NA	NA
NC_045512.2	15251	C	A	20723	15801	52	1	0	24	4.82532e-05	20724	1	FALSE	NA	NA	NA	NA	NA	NA
NC_045512.2	15252	T	G	20475	15572	52	4	4	32	0.000195293	20482	0.999862	FALSE	NA	NA	NA	NA	NA	NA
NC_045512.2	15252	T	C	20475	15572	52	3	1	66	0.00014647	20482	0.124963	FALSE	NA	NA	NA	NA	NA	NA
NC_045512.2	15253	G	A	20778	15793	53	1	1	24	4.81255e-05	20779	1	FALSE	NA	NA	NA	NA	NA	NA
NC_045512.2	15254	T	G	21499	16912	54	4	4	28	0.000186003	21505	1	FALSE	NA	NA	NA	NA	NA	NA
NC_045512.2	15254	T	C	21499	16912	54	2	2	60	9.30016e-05	21505	0.249959	FALSE	NA	NA	NA	NA	NA	NA
NC_045512.2	15255	T	G	21535	16947	54	3	2	34	0.000139269	21541	0.999982	FALSE	NA	NA	NA	NA	NA	NA
NC_045512.2	15255	T	C	21535	16947	54	3	2	42	0.000139269	21541	0.499956	FALSE	NA	NA	NA	NA	NA	NA
NC_045512.2	15256	T	G	21524	17081	53	5	4	27	0.000232213	21532	1	FALSE	NA	NA	NA	NA	NA	NA
NC_045512.2	15256	T	C	21524	17081	53	3	2	50	0.000139328	21532	0.124956	FALSE	NA	NA	NA	NA	NA	NA
NC_045512.2	15257	A	G	21678	17287	53	1	1	24	4.61276e-05	21679	1	FALSE	NA	NA	NA	NA	NA	NA
NC_045512.2	15258	T	G	21820	17719	53	8	8	28	0.000366502	21828	1	FALSE	NA	NA	NA	NA	NA	NA
NC_045512.2	15259	A	G	21991	17926	53	2	2	32	9.0938e-05	21993	0.999997	FALSE	NA	NA	NA	NA	NA	NA
NC_045512.2	15260	G	T	20882	16722	48	49	49	26	0.00234091	20932	1	FALSE	NA	NA	NA	NA	NA	NA
NC_045512.2	15260	G	A	20882	16722	48	1	1	40	4.77737e-05	20932	0.874578	FALSE	NA	NA	NA	NA	NA	NA
NC_045512.2	15261	T	G	21751	17822	53	1	1	24	4.59686e-05	21754	1	FALSE	NA	NA	NA	NA	NA	NA
NC_045512.2	15261	T	C	21751	17822	53	1	1	40	4.59686e-05	21754	0.875	FALSE	NA	NA	NA	NA	NA	NA
NC_045512.2	15261	T	A	21751	17822	53	1	1	80	4.59686e-05	21754	0.499989	FALSE	NA	NA	NA	NA	NA	NA
NC_045512.2	15263	A	G	21496	17650	53	1	1	40	4.65181e-05	21497	0.875017	FALSE	NA	NA	NA	NA	NA	NA
NC_045512.2	15264	T	G	21315	17469	53	4	3	30	0.000187617	21320	0.999922	FALSE	NA	NA	NA	NA	NA	NA
NC_045512.2	15264	T	C	21315	17469	53	1	1	40	4.69043e-05	21320	0.874982	FALSE	NA	NA	NA	NA	NA	NA
NC_045512.2	15265	G	T	20445	16513	49	55	55	24	0.0026828	20501	1	FALSE	NA	NA	NA	NA	NA	NA
NC_045512.2	15265	G	A	20445	16513	49	1	1	80	4.87781e-05	20501	0.499341	FALSE	NA	NA	NA	NA	NA	NA
NC_045512.2	15266	T	G	21350	17485	53	1	1	40	4.68296e-05	21354	0.874991	FALSE	NA	NA	NA	NA	NA	NA
NC_045512.2	15266	T	C	21350	17485	53	3	2	66	0.000140489	21354	0.124991	FALSE	NA	NA	NA	NA	NA	NA
NC_045512.2	15267	A	C	21525	17681	53	1	1	24	4.64554e-05	21526	1	FALSE	NA	NA	NA	NA	NA	NA
NC_045512.2	15269	A	G	21377	17731	52	2	2	80	9.3541e-05	21381	0.249982	FALSE	NA	NA	NA	NA	NA	NA
NC_045512.2	15269	A	C	21377	17731	52	2	0	28	9.3541e-05	21381	1	FALSE	NA	NA	NA	NA	NA	NA
NC_045512.2	15270	A	G	21374	17737	52	1	1	32	4.67836e-05	21375	1	FALSE	NA	NA	NA	NA	NA	NA
NC_045512.2	15274	C	G	21123	17761	52	1	1	24	4.73395e-05	21124	1	FALSE	NA	NA	NA	NA	NA	NA
NC_045512.2	15276	T	C	20803	17965	49	3	3	34	0.000144182	20807	0.999967	FALSE	NA	NA	NA	NA	NA	NA
NC_045512.2	15276	T	A	20803	17965	49	1	1	40	4.80607e-05	20807	0.874991	FALSE	NA	NA	NA	NA	NA	NA
NC_045512.2	15278	A	G	20991	18174	50	2	2	60	9.52699e-05	20993	0.250006	FALSE	NA	NA	NA	NA	NA	NA
NC_045512.2	15278	A	+C	20991	18174	50	1	0	20	4.76349e-05	20993	1	FALSE	NA	NA	NA	NA	NA	NA
NC_045512.2	15279	C	A	21118	18645	47	1	0	32	4.73507e-05	21119	1	FALSE	NA	NA	NA	NA	NA	NA
NC_045512.2	15280	C	G	21119	18692	48	3	3	24	0.000142032	21122	1	FALSE	NA	NA	NA	NA	NA	NA
NC_045512.2	15281	T	G	20815	18386	48	3	3	26	0.000144092	20820	1	FALSE	NA	NA	NA	NA	NA	NA
NC_045512.2	15281	T	C	20815	18386	48	2	1	44	9.60615e-05	20820	0.687473	FALSE	NA	NA	NA	NA	NA	NA
NC_045512.2	15282	T	G	20702	18278	48	6	6	26	0.000289729	20709	1	FALSE	NA	NA	NA	NA	NA	NA
NC_045512.2	15282	T	C	20702	18278	48	1	1	40	4.82882e-05	20709	0.874964	FALSE	NA	NA	NA	NA	NA	NA
NC_045512.2	15283	A	G	20797	18395	48	1	1	24	4.80815e-05	20798	1	FALSE	NA	NA	NA	NA	NA	NA
NC_045512.2	15284	T	G	20680	18492	47	4	4	24	0.000193386	20684	1	FALSE	NA	NA	NA	NA	NA	NA
NC_045512.2	15285	G	T	20259	18069	46	16	16	26	0.000789149	20275	1	FALSE	NA	NA	NA	NA	NA	NA
NC_045512.2	15286	G	T	20530	18341	47	6	6	26	0.000292156	20537	1	FALSE	NA	NA	NA	NA	NA	NA
NC_045512.2	15286	G	C	20530	18341	47	1	1	32	4.86926e-05	20537	1	FALSE	NA	NA	NA	NA	NA	NA
NC_045512.2	15287	G	T	19973	17795	45	22	22	25	0.00110017	19997	1	FALSE	NA	NA	NA	NA	NA	NA
NC_045512.2	15287	G	A	19973	17795	45	2	2	40	0.000100015	19997	0.499606	FALSE	NA	NA	NA	NA	NA	NA
NC_045512.2	15288	T	G	19345	17209	46	5	5	30	0.000258371	19352	0.99923	FALSE	NA	NA	NA	NA	NA	NA
NC_045512.2	15288	T	C	19345	17209	46	2	1	80	0.000103348	19352	0.249942	FALSE	NA	NA	NA	NA	NA	NA
NC_045512.2	15289	T	G	19475	17417	47	2	2	32	0.000102685	19477	0.99999	FALSE	NA	NA	NA	NA	NA	NA
NC_045512.2	15289	T	-G	19475	17417	47	2	0	20	0.000102685	19477	1	FALSE	NA	NA	NA	NA	NA	NA
NC_045512.2	15290	G	T	17147	15046	40	74	74	24	0.00429708	17221	1	FALSE	NA	NA	NA	NA	NA	NA
NC_045512.2	15291	G	T	19616	17834	46	1	1	80	5.09762e-05	19617	0.500013	FALSE	NA	NA	NA	NA	NA	NA
NC_045512.2	15293	A	G	19604	17831	46	1	1	40	5.10074e-05	19605	0.750019	FALSE	NA	NA	NA	NA	NA	NA
NC_045512.2	15293	A	-T	19604	17831	46	1	0	20	5.10074e-05	19605	1	FALSE	NA	NA	NA	NA	NA	NA
NC_045512.2	15294	T	G	19369	17641	46	4	4	28	0.000206462	19374	1	FALSE	NA	NA	NA	NA	NA	NA
NC_045512.2	15294	T	C	19369	17641	46	1	1	40	5.16156e-05	19374	0.749955	FALSE	NA	NA	NA	NA	NA	NA
NC_045512.2	15295	T	G	18993	17267	46	1	1	24	5.26454e-05	18995	1	FALSE	NA	NA	NA	NA	NA	NA
NC_045512.2	15295	T	A	18993	17267	46	1	1	40	5.26454e-05	18995	0.750007	FALSE	NA	NA	NA	NA	NA	NA
NC_045512.2	15296	A	T	19028	17339	46	1	1	24	5.25431e-05	19032	1	FALSE	NA	NA	NA	NA	NA	NA
NC_045512.2	15296	A	G	19028	17339	46	3	3	40	0.000157629	19032	0.31249	FALSE	NA	NA	NA	NA	NA	NA
NC_045512.2	15297	T	G	18961	17269	46	2	2	24	0.000105452	18966	1	FALSE	NA	NA	NA	NA	NA	NA
NC_045512.2	15297	T	C	18961	17269	46	3	3	40	0.000158178	18966	0.31247	FALSE	NA	NA	NA	NA	NA	NA
NC_045512.2	15298	C	G	19004	17324	46	2	2	32	0.00010523	19006	0.99999	FALSE	NA	NA	NA	NA	NA	NA
NC_045512.2	15299	C	T	19019	17345	46	1	1	40	5.25762e-05	19020	0.75002	FALSE	NA	NA	NA	NA	NA	NA
NC_045512.2	15300	T	G	18310	16650	45	4	4	24	0.000218412	18314	1	FALSE	NA	NA	NA	NA	NA	NA
NC_045512.2	15301	A	G	18496	16844	46	1	1	40	5.40599e-05	18498	0.750007	FALSE	NA	NA	NA	NA	NA	NA
NC_045512.2	15301	A	C	18496	16844	46	1	1	40	5.40599e-05	18498	0.750007	FALSE	NA	NA	NA	NA	NA	NA
NC_045512.2	15302	A	G	18502	16851	46	5	4	50	0.000270168	18507	0.0312458	FALSE	NA	NA	NA	NA	NA	NA
NC_045512.2	15303	A	G	18495	16841	46	2	2	44	0.000108126	18497	0.50002	FALSE	NA	NA	NA	NA	NA	NA
NC_045512.2	15304	T	G	18424	16762	46	4	4	24	0.000217061	18428	1	FALSE	NA	NA	NA	NA	NA	NA
NC_045512.2	15305	G	T	17558	15897	43	37	37	25	0.00210251	17598	1	FALSE	NA	NA	NA	NA	NA	NA
NC_045512.2	15305	G	A	17558	15897	43	3	3	53	0.000170474	17598	0.124606	FALSE	NA	NA	NA	NA	NA	NA
NC_045512.2	15306	T	G	17669	16046	46	3	3	26	0.000169712	17677	1	FALSE	NA	NA	NA	NA	NA	NA
NC_045512.2	15306	T	C	17669	16046	46	5	3	46	0.000282853	17677	0.109329	FALSE	NA	NA	NA	NA	NA	NA
NC_045512.2	15307	G	C	17750	16126	46	1	1	40	5.63349e-05	17751	0.750021	FALSE	NA	NA	NA	NA	NA	NA
NC_045512.2	15308	A	G	17739	16121	46	1	1	40	5.63698e-05	17740	0.750021	FALSE	NA	NA	NA	NA	NA	NA
NC_045512.2	15309	T	G	17701	16076	46	2	2	24	0.000112969	17704	1	FALSE	NA	NA	NA	NA	NA	NA
NC_045512.2	15309	T	A	17701	16076	46	1	1	40	5.64844e-05	17704	0.749993	FALSE	NA	NA	NA	NA	NA	NA
NC_045512.2	15310	A	G	17618	16003	46	1	1	40	5.67569e-05	17619	0.750021	FALSE	NA	NA	NA	NA	NA	NA
NC_045512.2	15311	G	T	17564	15950	46	2	2	24	0.00011385	17567	1	FALSE	NA	NA	NA	NA	NA	NA
NC_045512.2	15311	G	A	17564	15950	46	1	1	40	5.69249e-05	17567	0.749993	FALSE	NA	NA	NA	NA	NA	NA
NC_045512.2	15312	A	G	17397	15791	46	1	1	40	5.74779e-05	17398	0.750022	FALSE	NA	NA	NA	NA	NA	NA
NC_045512.2	15313	G	C	17289	15684	46	1	1	24	5.78336e-05	17291	1	FALSE	NA	NA	NA	NA	NA	NA
NC_045512.2	15313	G	A	17289	15684	46	1	1	40	5.78336e-05	17291	0.750007	FALSE	NA	NA	NA	NA	NA	NA
NC_045512.2	15315	C	G	16978	15405	46	1	1	40	5.88963e-05	16979	0.750022	FALSE	NA	NA	NA	NA	NA	NA
NC_045512.2	15316	A	G	16903	15330	47	1	1	40	5.91541e-05	16905	0.750007	FALSE	NA	NA	NA	NA	NA	NA
NC_045512.2	15316	A	C	16903	15330	47	1	1	24	5.91541e-05	16905	1	FALSE	NA	NA	NA	NA	NA	NA
NC_045512.2	15317	T	G	16795	15221	46	1	1	24	5.95274e-05	16799	1	FALSE	NA	NA	NA	NA	NA	NA
NC_045512.2	15317	T	C	16795	15221	46	3	3	34	0.000178582	16799	0.999637	FALSE	NA	NA	NA	NA	NA	NA
NC_045512.2	15320	C	T	16703	15176	46	2	2	40	0.000119717	16706	0.5	FALSE	NA	NA	NA	NA	NA	NA
NC_045512.2	15320	C	A	16703	15176	46	1	1	40	5.98587e-05	16706	0.749993	FALSE	NA	NA	NA	NA	NA	NA
NC_045512.2	15321	T	G	16474	14950	46	3	3	33	0.000182072	16477	0.999637	FALSE	NA	NA	NA	NA	NA	NA
NC_045512.2	15322	A	G	16327	14816	46	2	2	40	0.000122466	16331	0.499977	FALSE	NA	NA	NA	NA	NA	NA
NC_045512.2	15322	A	C	16327	14816	46	2	2	32	0.000122466	16331	0.999928	FALSE	NA	NA	NA	NA	NA	NA
NC_045512.2	15323	A	G	16313	14802	46	2	2	40	0.000122587	16315	0.500023	FALSE	NA	NA	NA	NA	NA	NA
NC_045512.2	15324	C	G	16317	14825	46	1	1	40	6.1282e-05	16318	0.750023	FALSE	NA	NA	NA	NA	NA	NA
NC_045512.2	15326	T	G	15853	14382	46	1	1	24	6.30756e-05	15854	1	FALSE	NA	NA	NA	NA	NA	NA
NC_045512.2	15327	G	T	15524	14069	47	1	1	40	6.44081e-05	15526	0.750008	FALSE	NA	NA	NA	NA	NA	NA
NC_045512.2	15327	G	A	15524	14069	47	1	1	24	6.44081e-05	15526	1	FALSE	NA	NA	NA	NA	NA	NA
NC_045512.2	15328	C	-T	15456	14017	46	1	0	20	6.46998e-05	15456	1	FALSE	NA	NA	NA	NA	NA	NA
NC_045512.2	15329	T	G	15339	13902	46	2	2	24	0.000130344	15344	1	FALSE	NA	NA	NA	NA	NA	NA
NC_045512.2	15329	T	C	15339	13902	46	3	3	29	0.000195516	15344	1	FALSE	NA	NA	NA	NA	NA	NA
NC_045512.2	15330	T	G	15308	13873	46	5	5	24	0.000326477	15315	1	FALSE	NA	NA	NA	NA	NA	NA
NC_045512.2	15330	T	C	15308	13873	46	2	2	40	0.000130591	15315	0.499902	FALSE	NA	NA	NA	NA	NA	NA
NC_045512.2	15331	A	G	15376	13959	46	3	3	34	0.000195071	15379	0.999346	FALSE	NA	NA	NA	NA	NA	NA
NC_045512.2	15332	G	A	15390	13967	46	1	1	40	6.4973e-05	15391	0.750024	FALSE	NA	NA	NA	NA	NA	NA
NC_045512.2	15333	A	G	15367	14004	46	4	3	45	0.000260213	15372	0.18748	FALSE	NA	NA	NA	NA	NA	NA
NC_045512.2	15333	A	C	15367	14004	46	1	1	40	6.50533e-05	15372	0.749959	FALSE	NA	NA	NA	NA	NA	NA
NC_045512.2	15334	A	G	15336	14050	45	3	3	24	0.00019558	15339	1	FALSE	NA	NA	NA	NA	NA	NA
NC_045512.2	15336	T	G	14504	13329	45	4	3	24	0.00027571	14508	1	FALSE	NA	NA	NA	NA	NA	NA
NC_045512.2	15337	A	G	14550	13377	45	1	1	40	6.87238e-05	14551	0.750026	FALSE	NA	NA	NA	NA	NA	NA
NC_045512.2	15338	T	G	14499	13335	45	1	1	24	6.8956e-05	14502	1	FALSE	NA	NA	NA	NA	NA	NA
NC_045512.2	15338	T	C	14499	13335	45	2	1	52	0.000137912	14502	0.249991	FALSE	NA	NA	NA	NA	NA	NA
NC_045512.2	15339	G	T	14475	13314	45	1	1	24	6.90751e-05	14477	1	FALSE	NA	NA	NA	NA	NA	NA
NC_045512.2	15339	G	C	14475	13314	45	1	1	40	6.90751e-05	14477	0.750009	FALSE	NA	NA	NA	NA	NA	NA
NC_045512.2	15340	G	T	14509	13354	45	2	2	24	0.000137826	14511	1	FALSE	NA	NA	NA	NA	NA	NA
NC_045512.2	15342	C	A	13937	12904	45	2	2	40	0.000143482	13939	0.500027	FALSE	NA	NA	NA	NA	NA	NA
NC_045512.2	15343	T	C	13607	12575	45	3	3	34	0.000220426	13610	0.997916	FALSE	NA	NA	NA	NA	NA	NA
NC_045512.2	15346	C	G	13635	12785	44	1	1	80	7.33353e-05	13636	0.500018	FALSE	NA	NA	NA	NA	NA	NA
NC_045512.2	15347	T	G	13582	12733	44	2	2	24	0.0001472	13587	1	FALSE	NA	NA	NA	NA	NA	NA
NC_045512.2	15347	T	C	13582	12733	44	2	2	40	0.0001472	13587	0.499945	FALSE	NA	NA	NA	NA	NA	NA
NC_045512.2	15347	T	A	13582	12733	44	1	1	40	7.35998e-05	13587	0.749954	FALSE	NA	NA	NA	NA	NA	NA
NC_045512.2	15348	T	G	13421	12574	44	1	1	24	7.45045e-05	13422	1	FALSE	NA	NA	NA	NA	NA	NA
NC_045512.2	15349	G	T	13496	12653	44	1	1	40	7.4085e-05	13498	0.750009	FALSE	NA	NA	NA	NA	NA	NA
NC_045512.2	15349	G	C	13496	12653	44	1	1	40	7.4085e-05	13498	0.750009	FALSE	NA	NA	NA	NA	NA	NA
NC_045512.2	15350	T	G	13290	12512	43	2	2	24	0.000150466	13292	1	FALSE	NA	NA	NA	NA	NA	NA
NC_045512.2	15351	T	G	13288	12510	43	3	3	24	0.0002257	13292	1	FALSE	NA	NA	NA	NA	NA	NA
NC_045512.2	15351	T	C	13288	12510	43	1	1	24	7.52332e-05	13292	1	FALSE	NA	NA	NA	NA	NA	NA
NC_045512.2	15352	C	T	13323	12550	43	3	3	40	0.000225107	13327	0.312486	FALSE	NA	NA	NA	NA	NA	NA
NC_045512.2	15352	C	G	13323	12550	43	1	1	24	7.50356e-05	13327	1	FALSE	NA	NA	NA	NA	NA	NA
NC_045512.2	15353	T	C	12255	11511	44	3	3	40	0.000244738	12258	0.312515	FALSE	NA	NA	NA	NA	NA	NA
NC_045512.2	15354	T	G	12241	11498	44	1	1	24	8.16793e-05	12243	1	FALSE	NA	NA	NA	NA	NA	NA
NC_045512.2	15354	T	C	12241	11498	44	1	1	40	8.16793e-05	12243	0.75001	FALSE	NA	NA	NA	NA	NA	NA
NC_045512.2	15356	C	T	12275	11554	44	1	1	40	8.14598e-05	12276	0.750031	FALSE	NA	NA	NA	NA	NA	NA
NC_045512.2	15357	T	G	12208	11487	43	1	1	40	8.18934e-05	12211	0.74999	FALSE	NA	NA	NA	NA	NA	NA
NC_045512.2	15357	T	C	12208	11487	43	2	2	32	0.000163787	12211	0.999087	FALSE	NA	NA	NA	NA	NA	NA
NC_045512.2	15358	C	A	12072	11364	44	1	1	24	8.28295e-05	12073	1	FALSE	NA	NA	NA	NA	NA	NA
NC_045512.2	15359	G	A	12038	11329	44	3	2	53	0.000249149	12041	0.125	FALSE	NA	NA	NA	NA	NA	NA
NC_045512.2	15361	A	T	12056	11359	43	1	1	24	8.28981e-05	12063	1	FALSE	NA	NA	NA	NA	NA	NA
NC_045512.2	15361	A	G	12056	11359	43	6	6	34	0.000497389	12063	0.951935	FALSE	NA	NA	NA	NA	NA	NA
NC_045512.2	15362	A	G	12062	11364	43	3	3	29	0.000248653	12065	1	FALSE	NA	NA	NA	NA	NA	NA
NC_045512.2	15363	A	G	12045	11348	43	6	5	36	0.000497884	12051	0.951953	FALSE	NA	NA	NA	NA	NA	NA
NC_045512.2	15364	C	T	12015	11370	43	2	1	38	0.000166431	12017	0.999087	FALSE	NA	NA	NA	NA	NA	NA
NC_045512.2	15365	A	G	12010	11371	43	1	1	40	8.3257e-05	12011	0.750031	FALSE	NA	NA	NA	NA	NA	NA
NC_045512.2	15366	T	G	11899	11260	43	6	6	29	0.00050399	11905	1	FALSE	NA	NA	NA	NA	NA	NA
NC_045512.2	15367	A	G	11907	11275	43	5	5	35	0.000419745	11912	0.961657	FALSE	NA	NA	NA	NA	NA	NA
NC_045512.2	15368	C	T	11905	11273	43	1	1	40	8.39772e-05	11908	0.74999	FALSE	NA	NA	NA	NA	NA	NA
NC_045512.2	15368	C	A	11905	11273	43	2	2	24	0.000167954	11908	1	FALSE	NA	NA	NA	NA	NA	NA
NC_045512.2	15369	A	G	11311	10707	43	2	2	32	0.000176741	11316	0.998294	FALSE	NA	NA	NA	NA	NA	NA
NC_045512.2	15369	A	C	11311	10707	43	3	3	32	0.000265111	11316	0.993541	FALSE	NA	NA	NA	NA	NA	NA
NC_045512.2	15370	A	G	15807	11147	41	3	2	34	0.000189753	15810	0.999346	FALSE	NA	NA	NA	NA	NA	NA
NC_045512.2	15371	C	T	15618	10975	41	1	1	40	6.40082e-05	15623	0.74996	FALSE	NA	NA	NA	NA	NA	NA
NC_045512.2	15371	C	G	15618	10975	41	3	2	32	0.000192025	15623	0.999346	FALSE	NA	NA	NA	NA	NA	NA
NC_045512.2	15371	C	A	15618	10975	41	1	0	24	6.40082e-05	15623	1	FALSE	NA	NA	NA	NA	NA	NA
NC_045512.2	15372	G	T	10657	7683	41	5393	3046	41	0.335929	16054	0	TRUE	NA	NA	NA	NA	NA	NA
NC_045512.2	15372	G	C	10657	7683	41	1	1	40	6.22898e-05	16054	0.638822	FALSE	NA	NA	NA	NA	NA	NA
NC_045512.2	15372	G	A	10657	7683	41	3	2	48	0.000186869	16054	0.178098	FALSE	NA	NA	NA	NA	NA	NA
NC_045512.2	15373	T	G	15142	9727	41	2	1	32	0.000132057	15145	0.999863	FALSE	NA	NA	NA	NA	NA	NA
NC_045512.2	15373	T	C	15142	9727	41	1	0	24	6.60284e-05	15145	1	FALSE	NA	NA	NA	NA	NA	NA
NC_045512.2	15375	T	G	15587	9625	41	8	6	32	0.000512821	15600	0.95343	FALSE	NA	NA	NA	NA	NA	NA
NC_045512.2	15375	T	C	15587	9625	41	5	0	33	0.000320513	15600	0.994087	FALSE	NA	NA	NA	NA	NA	NA
NC_045512.2	15376	T	G	15619	9631	41	4	4	24	0.000255984	15626	1	FALSE	NA	NA	NA	NA	NA	NA
NC_045512.2	15376	T	C	15619	9631	41	3	0	34	0.000191988	15626	0.999345	FALSE	NA	NA	NA	NA	NA	NA
NC_045512.2	15377	G	T	15197	9240	40	5	5	25	0.000328904	15202	1	FALSE	NA	NA	NA	NA	NA	NA
NC_045512.2	15378	T	G	15143	9158	42	3	2	34	0.000198059	15147	0.999346	FALSE	NA	NA	NA	NA	NA	NA
NC_045512.2	15378	T	C	15143	9158	42	1	0	40	6.60197e-05	15147	0.749975	FALSE	NA	NA	NA	NA	NA	NA
NC_045512.2	15379	A	G	14763	8822	41	4	4	36	0.000270801	14771	0.996235	FALSE	NA	NA	NA	NA	NA	NA
NC_045512.2	15379	A	C	14763	8822	41	4	1	36	0.000270801	14771	0.996235	FALSE	NA	NA	NA	NA	NA	NA
NC_045512.2	15380	G	A	14945	8865	41	1	1	24	6.69075e-05	14946	1	FALSE	NA	NA	NA	NA	NA	NA
NC_045512.2	15381	C	T	13752	7692	42	2	1	40	0.00014537	13758	0.499918	FALSE	NA	NA	NA	NA	NA	NA
NC_045512.2	15381	C	G	13752	7692	42	3	1	40	0.000218055	13758	0.312432	FALSE	NA	NA	NA	NA	NA	NA
NC_045512.2	15381	C	A	13752	7692	42	1	0	24	7.2685e-05	13758	1	FALSE	NA	NA	NA	NA	NA	NA
NC_045512.2	15382	T	G	13607	7376	41	1	1	24	7.34646e-05	13612	1	FALSE	NA	NA	NA	NA	NA	NA
NC_045512.2	15382	T	C	13607	7376	41	3	1	29	0.000220394	13612	1	FALSE	NA	NA	NA	NA	NA	NA
NC_045512.2	15382	T	A	13607	7376	41	1	0	24	7.34646e-05	13612	1	FALSE	NA	NA	NA	NA	NA	NA
NC_045512.2	15383	T	G	12724	6453	42	4	3	36	0.000314169	12732	0.989371	FALSE	NA	NA	NA	NA	NA	NA
NC_045512.2	15383	T	C	12724	6453	42	4	0	36	0.000314169	12732	0.989371	FALSE	NA	NA	NA	NA	NA	NA
NC_045512.2	15385	T	G	6626	489	41	2	1	24	0.000301523	6633	1	FALSE	NA	NA	NA	NA	NA	NA
NC_045512.2	15385	T	C	6626	489	41	5	0	33	0.000753807	6633	0.725586	FALSE	NA	NA	NA	NA	NA	NA
NC_045512.2	15387	A	G	6586	498	40	1	0	24	0.000151791	6588	1	FALSE	NA	NA	NA	NA	NA	NA
NC_045512.2	15387	A	C	6586	498	40	1	0	24	0.000151791	6588	1	FALSE	NA	NA	NA	NA	NA	NA
NC_045512.2	15388	C	A	6297	503	37	16	0	26	0.00253445	6313	1	FALSE	NA	NA	NA	NA	NA	NA
NC_045512.2	15393	T	C	7291	528	41	3	0	40	0.000411297	7294	0.125	FALSE	NA	NA	NA	NA	NA	NA
NC_045512.2	15395	T	C	7400	536	41	2	0	32	0.000270197	7402	0.980507	FALSE	NA	NA	NA	NA	NA	NA
NC_045512.2	15396	C	A	7567	583	39	8	0	24	0.00105611	7575	1	FALSE	NA	NA	NA	NA	NA	NA
NC_045512.2	15397	T	C	7766	588	41	4	0	34	0.000514801	7770	0.886843	FALSE	NA	NA	NA	NA	NA	NA
NC_045512.2	15398	A	C	7699	589	41	7	0	26	0.000908383	7706	1	FALSE	NA	NA	NA	NA	NA	NA
NC_045512.2	15399	T	C	7803	582	41	1	0	40	0.000128139	7804	0.500032	FALSE	NA	NA	NA	NA	NA	NA
NC_045512.2	15400	A	G	7800	591	41	1	0	40	0.000128156	7803	0.499968	FALSE	NA	NA	NA	NA	NA	NA
NC_045512.2	15400	A	C	7800	591	41	2	0	24	0.000256312	7803	1	FALSE	NA	NA	NA	NA	NA	NA
NC_045512.2	15401	G	T	7898	590	41	1	0	40	0.000126582	7900	0.5	FALSE	NA	NA	NA	NA	NA	NA
NC_045512.2	15401	G	C	7898	590	41	1	0	24	0.000126582	7900	1	FALSE	NA	NA	NA	NA	NA	NA
NC_045512.2	15402	A	G	7854	646	42	2	0	40	0.000254582	7856	0.250016	FALSE	NA	NA	NA	NA	NA	NA
NC_045512.2	15403	T	C	7903	641	42	1	0	24	0.000126518	7904	1	FALSE	NA	NA	NA	NA	NA	NA
NC_045512.2	15405	A	G	7932	647	41	1	0	40	0.00012604	7934	0.5	FALSE	NA	NA	NA	NA	NA	NA
NC_045512.2	15405	A	C	7932	647	41	1	0	24	0.00012604	7934	1	FALSE	NA	NA	NA	NA	NA	NA
NC_045512.2	15406	G	C	9157	682	42	1	0	40	0.000109194	9158	0.500027	FALSE	NA	NA	NA	NA	NA	NA
NC_045512.2	15409	A	G	9133	754	42	1	0	40	0.000109433	9138	0.499918	FALSE	NA	NA	NA	NA	NA	NA
NC_045512.2	15409	A	C	9133	754	42	4	0	24	0.000437733	9138	1	FALSE	NA	NA	NA	NA	NA	NA
NC_045512.2	15410	A	G	9183	749	42	1	0	40	0.000108838	9188	0.499918	FALSE	NA	NA	NA	NA	NA	NA
NC_045512.2	15410	A	C	9183	749	42	4	0	24	0.00043535	9188	1	FALSE	NA	NA	NA	NA	NA	NA
NC_045512.2	15411	T	C	9280	756	43	1	0	32	0.000107747	9281	0.999026	FALSE	NA	NA	NA	NA	NA	NA
NC_045512.2	15418	G	C	9691	850	43	1	0	40	0.000103178	9692	0.500026	FALSE	NA	NA	NA	NA	NA	NA
NC_045512.2	15419	C	T	10115	949	44	2	0	40	0.000197648	10119	0.499963	FALSE	NA	NA	NA	NA	NA	NA
NC_045512.2	15419	C	A	10115	949	44	2	0	40	0.000197648	10119	0.499963	FALSE	NA	NA	NA	NA	NA	NA
NC_045512.2	15420	T	C	10130	954	44	2	0	32	0.000197394	10132	0.996835	FALSE	NA	NA	NA	NA	NA	NA
NC_045512.2	15421	C	A	10356	986	44	1	0	24	9.65531e-05	10357	1	FALSE	NA	NA	NA	NA	NA	NA
NC_045512.2	15422	A	G	10278	994	44	2	0	32	0.000194515	10282	0.996832	FALSE	NA	NA	NA	NA	NA	NA
NC_045512.2	15422	A	C	10278	994	44	2	0	24	0.000194515	10282	1	FALSE	NA	NA	NA	NA	NA	NA
NC_045512.2	15423	A	C	10482	1004	44	1	0	40	9.53925e-05	10483	0.750036	FALSE	NA	NA	NA	NA	NA	NA
NC_045512.2	15425	T	C	10758	1028	44	2	0	60	0.000185874	10760	0.250012	FALSE	NA	NA	NA	NA	NA	NA
NC_045512.2	15426	A	C	10729	1046	44	4	0	28	0.000372682	10733	1	FALSE	NA	NA	NA	NA	NA	NA
NC_045512.2	15428	T	C	10774	1042	44	2	1	40	0.000185598	10776	0.500035	FALSE	NA	NA	NA	NA	NA	NA
NC_045512.2	15430	A	G	10771	1061	43	2	0	40	0.000185494	10782	0.499722	FALSE	NA	NA	NA	NA	NA	NA
NC_045512.2	15430	A	C	10771	1061	43	9	0	29	0.000834725	10782	1	FALSE	NA	NA	NA	NA	NA	NA
NC_045512.2	15431	G	C	11069	1039	43	1	1	32	9.03342e-05	11070	0.999757	FALSE	NA	NA	NA	NA	NA	NA
NC_045512.2	15432	T	G	11076	1070	44	4	0	32	0.000360978	11081	0.982452	FALSE	NA	NA	NA	NA	NA	NA
NC_045512.2	15432	T	C	11076	1070	44	1	0	24	9.02446e-05	11081	1	FALSE	NA	NA	NA	NA	NA	NA
NC_045512.2	15434	A	C	11119	1092	44	3	0	24	0.000269736	11122	1	FALSE	NA	NA	NA	NA	NA	NA
NC_045512.2	15435	A	G	11111	1092	44	3	0	29	0.00026993	11114	1	FALSE	NA	NA	NA	NA	NA	NA
NC_045512.2	15437	T	A	11234	1099	44	1	0	24	8.90076e-05	11235	1	FALSE	NA	NA	NA	NA	NA	NA
NC_045512.2	15438	G	A	11504	1113	44	1	0	24	8.69187e-05	11505	1	FALSE	NA	NA	NA	NA	NA	NA
NC_045512.2	15439	G	T	11581	1106	44	2	1	32	0.000172652	11584	0.998295	FALSE	NA	NA	NA	NA	NA	NA
NC_045512.2	15439	G	A	11581	1106	44	1	0	24	8.6326e-05	11584	1	FALSE	NA	NA	NA	NA	NA	NA
NC_045512.2	15442	A	G	11574	1123	44	2	0	40	0.000172756	11577	0.5	FALSE	NA	NA	NA	NA	NA	NA
NC_045512.2	15442	A	C	11574	1123	44	1	0	24	8.63782e-05	11577	1	FALSE	NA	NA	NA	NA	NA	NA
NC_045512.2	15443	T	C	11690	1126	44	2	1	60	0.000171057	11692	0.250011	FALSE	NA	NA	NA	NA	NA	NA
NC_045512.2	15444	G	C	11888	1140	44	1	0	40	8.41114e-05	11889	0.750032	FALSE	NA	NA	NA	NA	NA	NA
NC_045512.2	15446	G	T	11898	1154	44	1	1	32	8.40336e-05	11900	0.999757	FALSE	NA	NA	NA	NA	NA	NA
NC_045512.2	15446	G	A	11898	1154	44	1	0	40	8.40336e-05	11900	0.750011	FALSE	NA	NA	NA	NA	NA	NA
NC_045512.2	15447	T	C	11945	1178	45	1	0	24	8.3703e-05	11947	1	FALSE	NA	NA	NA	NA	NA	NA
NC_045512.2	15447	T	A	11945	1178	45	1	1	80	8.3703e-05	11947	0.5	FALSE	NA	NA	NA	NA	NA	NA
NC_045512.2	15449	G	T	11972	1203	45	1	0	24	8.35143e-05	11974	1	FALSE	NA	NA	NA	NA	NA	NA
NC_045512.2	15449	G	C	11972	1203	45	1	0	40	8.35143e-05	11974	0.75001	FALSE	NA	NA	NA	NA	NA	NA
NC_045512.2	15450	C	T	11981	1231	45	1	0	40	8.34585e-05	11982	0.750031	FALSE	NA	NA	NA	NA	NA	NA
NC_045512.2	15451	G	A	12000	1233	45	1	1	80	8.33264e-05	12001	0.500021	FALSE	NA	NA	NA	NA	NA	NA
NC_045512.2	15452	G	A	12170	1244	45	5	1	40	0.000410678	12175	0.109365	FALSE	NA	NA	NA	NA	NA	NA
NC_045512.2	15454	T	C	12237	1277	45	1	0	40	8.17127e-05	12238	0.750031	FALSE	NA	NA	NA	NA	NA	NA
NC_045512.2	15457	C	A	12870	1310	45	1	0	24	7.7694e-05	12871	1	FALSE	NA	NA	NA	NA	NA	NA
NC_045512.2	15458	T	C	12887	1316	45	2	0	60	0.000155171	12889	0.25001	FALSE	NA	NA	NA	NA	NA	NA
NC_045512.2	15459	A	T	12850	1323	45	1	0	40	7.78028e-05	12853	0.74999	FALSE	NA	NA	NA	NA	NA	NA
NC_045512.2	15459	A	C	12850	1323	45	2	0	32	0.000155606	12853	0.999087	FALSE	NA	NA	NA	NA	NA	NA
NC_045512.2	15460	T	C	12909	1324	45	2	0	40	0.000154907	12911	0.500029	FALSE	NA	NA	NA	NA	NA	NA
NC_045512.2	15461	A	C	13397	1338	45	1	0	24	7.4638e-05	13398	1	FALSE	NA	NA	NA	NA	NA	NA
NC_045512.2	15462	T	A	13525	1347	45	1	1	80	7.39317e-05	13526	0.500018	FALSE	NA	NA	NA	NA	NA	NA
NC_045512.2	15464	T	G	13547	1465	46	1	1	32	7.38007e-05	13550	0.999939	FALSE	NA	NA	NA	NA	NA	NA
NC_045512.2	15464	T	C	13547	1465	46	2	0	40	0.000147601	13550	0.5	FALSE	NA	NA	NA	NA	NA	NA
NC_045512.2	15465	T	G	13538	1536	46	1	1	32	7.38607e-05	13539	0.999939	FALSE	NA	NA	NA	NA	NA	NA
NC_045512.2	15466	A	G	13436	1551	45	1	0	24	7.44048e-05	13440	1	FALSE	NA	NA	NA	NA	NA	NA
NC_045512.2	15466	A	C	13436	1551	45	3	0	24	0.000223214	13440	1	FALSE	NA	NA	NA	NA	NA	NA
NC_045512.2	15467	A	C	13458	1554	45	1	0	24	7.42997e-05	13459	1	FALSE	NA	NA	NA	NA	NA	NA
NC_045512.2	15468	A	C	13466	1550	46	3	0	29	0.000222734	13469	1	FALSE	NA	NA	NA	NA	NA	NA
NC_045512.2	15468	A	-C	13466	1550	46	1	0	20	7.42446e-05	13469	1	FALSE	NA	NA	NA	NA	NA	NA
NC_045512.2	15469	C	A	13533	1575	46	2	0	32	0.000147765	13535	0.999513	FALSE	NA	NA	NA	NA	NA	NA
NC_045512.2	15470	C	T	13536	1546	46	2	0	60	0.000147732	13538	0.250009	FALSE	NA	NA	NA	NA	NA	NA
NC_045512.2	15471	A	G	13462	1532	46	3	0	53	0.000222767	13467	0.124972	FALSE	NA	NA	NA	NA	NA	NA
NC_045512.2	15471	A	C	13462	1532	46	2	0	32	0.000148511	13467	0.999513	FALSE	NA	NA	NA	NA	NA	NA
NC_045512.2	15473	G	T	13765	1578	45	1	1	24	7.26269e-05	13769	1	FALSE	NA	NA	NA	NA	NA	NA
NC_045512.2	15473	G	C	13765	1578	45	3	0	34	0.000217881	13769	0.997915	FALSE	NA	NA	NA	NA	NA	NA
NC_045512.2	15474	T	G	13809	1659	47	2	0	40	0.000144791	13813	0.499973	FALSE	NA	NA	NA	NA	NA	NA
NC_045512.2	15474	T	C	13809	1659	47	2	0	60	0.000144791	13813	0.249973	FALSE	NA	NA	NA	NA	NA	NA
NC_045512.2	15476	G	A	13816	1885	48	1	0	40	7.23746e-05	13817	0.750027	FALSE	NA	NA	NA	NA	NA	NA
NC_045512.2	15477	A	T	13766	2403	50	1	0	40	7.26006e-05	13774	0.7499	FALSE	NA	NA	NA	NA	NA	NA
NC_045512.2	15477	A	G	13766	2403	50	4	2	36	0.000290402	13774	0.993642	FALSE	NA	NA	NA	NA	NA	NA
NC_045512.2	15477	A	C	13766	2403	50	3	0	34	0.000217802	13774	0.997911	FALSE	NA	NA	NA	NA	NA	NA
NC_045512.2	15478	A	G	13814	2415	51	3	0	53	0.000217124	13817	0.125	FALSE	NA	NA	NA	NA	NA	NA
NC_045512.2	15481	T	C	13897	2445	51	2	0	32	0.000143895	13899	0.999513	FALSE	NA	NA	NA	NA	NA	NA
NC_045512.2	15482	C	A	14170	2481	50	5	0	30	0.000352734	14175	0.990418	FALSE	NA	NA	NA	NA	NA	NA
NC_045512.2	15483	A	G	14205	2493	51	2	2	64	0.000140776	14207	0.250009	FALSE	NA	NA	NA	NA	NA	NA
NC_045512.2	15484	T	C	14265	2494	51	1	1	80	7.00967e-05	14266	0.500018	FALSE	NA	NA	NA	NA	NA	NA
NC_045512.2	15485	C	G	14228	2500	51	2	0	32	0.000140528	14232	0.999741	FALSE	NA	NA	NA	NA	NA	NA
NC_045512.2	15485	C	A	14228	2500	51	2	0	24	0.000140528	14232	1	FALSE	NA	NA	NA	NA	NA	NA
NC_045512.2	15486	A	T	14189	2496	51	1	0	40	7.04622e-05	14192	0.749991	FALSE	NA	NA	NA	NA	NA	NA
NC_045512.2	15486	A	C	14189	2496	51	2	0	24	0.000140924	14192	1	FALSE	NA	NA	NA	NA	NA	NA
NC_045512.2	15488	G	T	14097	1515	42	26	26	32	0.00184097	14123	0.0402578	FALSE	NA	NA	NA	NA	NA	NA
NC_045512.2	15489	A	G	14258	2608	52	1	0	40	7.01311e-05	14259	0.750026	FALSE	NA	NA	NA	NA	NA	NA
NC_045512.2	15490	G	C	14297	2613	52	3	0	29	0.00020979	14300	1	FALSE	NA	NA	NA	NA	NA	NA
NC_045512.2	15491	A	C	14128	2624	52	1	0	24	7.07764e-05	14129	1	FALSE	NA	NA	NA	NA	NA	NA
NC_045512.2	15493	G	T	14488	2666	52	1	0	40	6.90084e-05	14491	0.749991	FALSE	NA	NA	NA	NA	NA	NA
NC_045512.2	15493	G	C	14488	2666	52	1	0	40	6.90084e-05	14491	0.749991	FALSE	NA	NA	NA	NA	NA	NA
NC_045512.2	15493	G	A	14488	2666	52	1	0	40	6.90084e-05	14491	0.749991	FALSE	NA	NA	NA	NA	NA	NA
NC_045512.2	15494	C	T	14589	2715	53	1	0	40	6.85401e-05	14590	0.750026	FALSE	NA	NA	NA	NA	NA	NA
NC_045512.2	15495	C	T	14165	2755	50	1	0	80	7.04871e-05	14187	0.499647	FALSE	NA	NA	NA	NA	NA	NA
NC_045512.2	15495	C	A	14165	2755	50	21	0	27	0.00148023	14187	1	FALSE	NA	NA	NA	NA	NA	NA
NC_045512.2	15496	A	G	14513	2821	53	1	0	64	6.88942e-05	14515	0.5	FALSE	NA	NA	NA	NA	NA	NA
NC_045512.2	15496	A	C	14513	2821	53	1	0	24	6.88942e-05	14515	1	FALSE	NA	NA	NA	NA	NA	NA
NC_045512.2	15497	C	T	14129	2903	50	2	0	80	0.000141303	14154	0.249602	FALSE	NA	NA	NA	NA	NA	NA
NC_045512.2	15497	C	A	14129	2903	50	23	0	25	0.00162498	14154	1	FALSE	NA	NA	NA	NA	NA	NA
NC_045512.2	15498	A	G	14538	2890	53	2	1	60	0.000137523	14543	0.249957	FALSE	NA	NA	NA	NA	NA	NA
NC_045512.2	15498	A	C	14538	2890	53	3	0	24	0.000206285	14543	1	FALSE	NA	NA	NA	NA	NA	NA
NC_045512.2	15499	A	G	14515	2911	53	4	0	56	0.000275444	14522	0.0624699	FALSE	NA	NA	NA	NA	NA	NA
NC_045512.2	15499	A	C	14515	2911	53	3	0	24	0.000206583	14522	1	FALSE	NA	NA	NA	NA	NA	NA
NC_045512.2	15502	G	A	14644	2907	53	3	1	61	0.00020482	14647	0.125	FALSE	NA	NA	NA	NA	NA	NA
NC_045512.2	15503	C	-T	14629	2928	53	1	0	20	6.83574e-05	14629	1	FALSE	NA	NA	NA	NA	NA	NA
NC_045512.2	15504	T	C	14620	2964	54	4	1	32	0.000273523	14624	0.99624	FALSE	NA	NA	NA	NA	NA	NA
NC_045512.2	15505	T	C	14620	2983	54	4	0	24	0.000273523	14624	1	FALSE	NA	NA	NA	NA	NA	NA
NC_045512.2	15506	A	C	14509	3093	54	2	0	32	0.000137826	14511	0.999742	FALSE	NA	NA	NA	NA	NA	NA
NC_045512.2	15507	T	C	14972	3124	54	1	0	40	6.67869e-05	14973	0.750025	FALSE	NA	NA	NA	NA	NA	NA
NC_045512.2	15509	C	T	14670	3397	54	1	0	40	6.81617e-05	14671	0.750026	FALSE	NA	NA	NA	NA	NA	NA
NC_045512.2	15510	T	C	14680	3595	55	3	1	50	0.000204318	14683	0.125	FALSE	NA	NA	NA	NA	NA	NA
NC_045512.2	15510	T	-A	14680	3595	55	2	0	20	0.000136212	14683	1	FALSE	NA	NA	NA	NA	NA	NA
NC_045512.2	15511	A	C	14550	3600	55	1	0	40	6.87238e-05	14551	0.749991	FALSE	NA	NA	NA	NA	NA	NA
NC_045512.2	15512	A	G	14554	3609	55	3	1	38	0.000206072	14558	0.998828	FALSE	NA	NA	NA	NA	NA	NA
NC_045512.2	15512	A	C	14554	3609	55	1	0	24	6.86908e-05	14558	1	FALSE	NA	NA	NA	NA	NA	NA
NC_045512.2	15513	T	C	14521	3674	55	1	0	24	6.8861e-05	14522	1	FALSE	NA	NA	NA	NA	NA	NA
NC_045512.2	15514	A	G	14384	3757	54	2	2	52	0.000139024	14386	0.250009	FALSE	NA	NA	NA	NA	NA	NA
NC_045512.2	15515	G	C	13945	4000	54	1	0	32	7.17051e-05	13946	0.999939	FALSE	NA	NA	NA	NA	NA	NA
NC_045512.2	15516	T	C	13818	4128	54	2	0	28	0.000144718	13820	1	FALSE	NA	NA	NA	NA	NA	NA
NC_045512.2	15518	T	C	13836	4193	55	1	0	40	7.227e-05	13837	0.750027	FALSE	NA	NA	NA	NA	NA	NA
NC_045512.2	15520	T	G	13412	4517	54	2	0	40	0.000149054	13418	0.499916	FALSE	NA	NA	NA	NA	NA	NA
NC_045512.2	15520	T	C	13412	4517	54	4	0	24	0.000298107	13418	1	FALSE	NA	NA	NA	NA	NA	NA
NC_045512.2	15521	T	G	13273	4622	53	2	2	24	0.000150636	13277	1	FALSE	NA	NA	NA	NA	NA	NA
NC_045512.2	15521	T	C	13273	4622	53	2	1	36	0.000150636	13277	0.999513	FALSE	NA	NA	NA	NA	NA	NA
NC_045512.2	15522	T	C	13272	4666	54	1	0	40	7.53409e-05	13273	0.750028	FALSE	NA	NA	NA	NA	NA	NA
NC_045512.2	15523	A	G	12971	4893	52	1	1	80	7.70654e-05	12976	0.499942	FALSE	NA	NA	NA	NA	NA	NA
NC_045512.2	15523	A	C	12971	4893	52	4	0	28	0.000308261	12976	1	FALSE	NA	NA	NA	NA	NA	NA
NC_045512.2	15524	A	G	12964	4935	52	1	0	64	7.71248e-05	12966	0.5	FALSE	NA	NA	NA	NA	NA	NA
NC_045512.2	15524	A	C	12964	4935	52	1	0	40	7.71248e-05	12966	0.75001	FALSE	NA	NA	NA	NA	NA	NA
NC_045512.2	15525	C	A	12754	5103	52	1	0	24	7.84006e-05	12755	1	FALSE	NA	NA	NA	NA	NA	NA
NC_045512.2	15526	A	C	12709	5076	52	3	0	29	0.000235997	12712	1	FALSE	NA	NA	NA	NA	NA	NA
NC_045512.2	15528	T	G	12715	5041	52	2	2	24	0.000157257	12718	1	FALSE	NA	NA	NA	NA	NA	NA
NC_045512.2	15528	T	A	12715	5041	52	1	0	40	7.86287e-05	12718	0.74999	FALSE	NA	NA	NA	NA	NA	NA
NC_045512.2	15529	T	C	12797	5153	52	1	1	40	7.81311e-05	12799	0.75001	FALSE	NA	NA	NA	NA	NA	NA
NC_045512.2	15529	T	A	12797	5153	52	1	0	40	7.81311e-05	12799	0.75001	FALSE	NA	NA	NA	NA	NA	NA
NC_045512.2	15533	A	G	12814	5569	52	1	1	40	7.80336e-05	12815	0.750029	FALSE	NA	NA	NA	NA	NA	NA
NC_045512.2	15534	A	C	12759	5584	52	2	0	32	0.000156728	12761	0.999087	FALSE	NA	NA	NA	NA	NA	NA
NC_045512.2	15536	C	T	12641	5836	52	1	0	40	7.90952e-05	12643	0.75001	FALSE	NA	NA	NA	NA	NA	NA
NC_045512.2	15536	C	G	12641	5836	52	1	1	40	7.90952e-05	12643	0.75001	FALSE	NA	NA	NA	NA	NA	NA
NC_045512.2	15537	T	C	12621	5814	52	1	1	40	7.92267e-05	12622	0.75003	FALSE	NA	NA	NA	NA	NA	NA
NC_045512.2	15538	G	T	12758	5790	51	6	6	26	0.000470072	12764	1	FALSE	NA	NA	NA	NA	NA	NA
NC_045512.2	15539	T	C	12804	5849	52	2	1	28	0.000156177	12806	1	FALSE	NA	NA	NA	NA	NA	NA
NC_045512.2	15541	A	T	12848	5966	52	2	0	40	0.00015563	12851	0.5	FALSE	NA	NA	NA	NA	NA	NA
NC_045512.2	15541	A	G	12848	5966	52	1	1	40	7.7815e-05	12851	0.74999	FALSE	NA	NA	NA	NA	NA	NA
NC_045512.2	15541	A	-C	12848	5966	52	12	0	20	0.000933779	12851	1	FALSE	NA	NA	NA	NA	NA	NA
NC_045512.2	15542	C	T	12676	5986	50	3	0	40	0.000236574	12681	0.312426	FALSE	NA	NA	NA	NA	NA	NA
NC_045512.2	15542	C	A	12676	5986	50	2	0	24	0.000157716	12681	1	FALSE	NA	NA	NA	NA	NA	NA
NC_045512.2	15542	C	-G	12676	5986	50	2201	0	20	0.173553	12682	0	TRUE	NA	NA	NA	NA	NA	NA
NC_045512.2	15543	G	T	10652	4877	52	1	1	40	9.36417e-05	10679	0.699614	FALSE	NA	NA	NA	NA	NA	NA
NC_045512.2	15543	G	C	10652	4877	52	25	7	53	0.00234104	10679	2.41614e-09	TRUE	NA	NA	NA	NA	NA	NA
NC_045512.2	15543	G	A	10652	4877	52	1	1	80	9.36417e-05	10679	0.451915	FALSE	NA	NA	NA	NA	NA	NA
NC_045512.2	15544	G	C	12911	6047	51	18	9	43	0.00139125	12938	3.77453e-05	TRUE	NA	NA	NA	NA	NA	NA
NC_045512.2	15544	G	A	12911	6047	51	9	4	53	0.000695625	12938	0.00193889	TRUE	NA	NA	NA	NA	NA	NA
NC_045512.2	15546	C	T	12751	6332	51	1	1	40	7.83945e-05	12756	0.749951	FALSE	NA	NA	NA	NA	NA	NA
NC_045512.2	15546	C	A	12751	6332	51	4	0	24	0.000313578	12756	1	FALSE	NA	NA	NA	NA	NA	NA
NC_045512.2	15547	A	G	12748	6252	51	2	2	60	0.000156863	12750	0.25001	FALSE	NA	NA	NA	NA	NA	NA
NC_045512.2	15548	A	C	12722	6243	51	1	0	24	7.85978e-05	12723	1	FALSE	NA	NA	NA	NA	NA	NA
NC_045512.2	15549	T	C	12809	6276	51	1	0	40	7.8064e-05	12810	0.750029	FALSE	NA	NA	NA	NA	NA	NA
NC_045512.2	15551	T	C	12812	6357	51	2	0	28	0.000156067	12815	1	FALSE	NA	NA	NA	NA	NA	NA
NC_045512.2	15551	T	A	12812	6357	51	1	1	80	7.80336e-05	12815	0.49998	FALSE	NA	NA	NA	NA	NA	NA
NC_045512.2	15552	T	G	12783	6365	52	1	1	24	7.82167e-05	12785	1	FALSE	NA	NA	NA	NA	NA	NA
NC_045512.2	15552	T	C	12783	6365	52	1	1	40	7.82167e-05	12785	0.75001	FALSE	NA	NA	NA	NA	NA	NA
NC_045512.2	15553	A	G	12715	6353	51	2	1	32	0.000157257	12718	0.999087	FALSE	NA	NA	NA	NA	NA	NA
NC_045512.2	15553	A	C	12715	6353	51	1	0	40	7.86287e-05	12718	0.74999	FALSE	NA	NA	NA	NA	NA	NA
NC_045512.2	15554	A	G	12741	6416	51	1	1	24	7.84745e-05	12743	1	FALSE	NA	NA	NA	NA	NA	NA
NC_045512.2	15554	A	C	12741	6416	51	1	0	24	7.84745e-05	12743	1	FALSE	NA	NA	NA	NA	NA	NA
NC_045512.2	15554	A	+TGCAC	12741	6416	51	1	0	20	7.84745e-05	12743	1	FALSE	NA	NA	NA	NA	NA	NA
NC_045512.2	15555	T	C	12728	6420	51	1	0	40	7.85608e-05	12729	0.750029	FALSE	NA	NA	NA	NA	NA	NA
NC_045512.2	15557	C	A	12317	6854	50	1	1	24	8.1182e-05	12318	1	FALSE	NA	NA	NA	NA	NA	NA
NC_045512.2	15558	A	G	12272	6808	50	2	1	60	0.000162946	12274	0.25001	FALSE	NA	NA	NA	NA	NA	NA
NC_045512.2	15560	T	C	12309	6789	50	2	1	32	0.000162456	12311	0.999087	FALSE	NA	NA	NA	NA	NA	NA
NC_045512.2	15561	T	G	12426	6787	50	2	1	24	0.000160927	12428	1	FALSE	NA	NA	NA	NA	NA	NA
NC_045512.2	15562	T	G	12738	7308	51	2	2	24	0.000156974	12741	1	FALSE	NA	NA	NA	NA	NA	NA
NC_045512.2	15562	T	C	12738	7308	51	1	1	24	7.84868e-05	12741	1	FALSE	NA	NA	NA	NA	NA	NA
NC_045512.2	15563	T	G	12755	7359	51	2	2	24	0.000156752	12759	1	FALSE	NA	NA	NA	NA	NA	NA
NC_045512.2	15563	T	C	12755	7359	51	2	2	32	0.000156752	12759	0.999086	FALSE	NA	NA	NA	NA	NA	NA
NC_045512.2	15564	A	G	12782	7477	51	1	1	40	7.82044e-05	12787	0.749951	FALSE	NA	NA	NA	NA	NA	NA
NC_045512.2	15564	A	C	12782	7477	51	4	0	24	0.000312818	12787	1	FALSE	NA	NA	NA	NA	NA	NA
NC_045512.2	15565	T	G	12768	7451	51	3	3	24	0.00023487	12773	1	FALSE	NA	NA	NA	NA	NA	NA
NC_045512.2	15565	T	C	12768	7451	51	2	2	40	0.00015658	12773	0.499941	FALSE	NA	NA	NA	NA	NA	NA
NC_045512.2	15566	C	T	12806	7621	51	1	1	40	7.80823e-05	12807	0.750029	FALSE	NA	NA	NA	NA	NA	NA
NC_045512.2	15567	T	G	12750	7572	51	1	1	24	7.84068e-05	12754	1	FALSE	NA	NA	NA	NA	NA	NA
NC_045512.2	15567	T	C	12750	7572	51	3	1	32	0.00023522	12754	0.996316	FALSE	NA	NA	NA	NA	NA	NA
NC_045512.2	15568	A	G	12551	7482	49	3	2	37	0.000238949	12555	0.996316	FALSE	NA	NA	NA	NA	NA	NA
NC_045512.2	15568	A	C	12551	7482	49	1	0	40	7.96495e-05	12555	0.74997	FALSE	NA	NA	NA	NA	NA	NA
NC_045512.2	15570	T	G	12315	7782	51	1	1	40	8.11688e-05	12320	0.749949	FALSE	NA	NA	NA	NA	NA	NA
NC_045512.2	15570	T	C	12315	7782	51	4	3	56	0.000324675	12320	0.0624848	FALSE	NA	NA	NA	NA	NA	NA
NC_045512.2	15571	G	A	12383	7851	51	1	0	40	8.07494e-05	12384	0.75003	FALSE	NA	NA	NA	NA	NA	NA
NC_045512.2	15572	A	C	12373	7927	51	2	0	32	0.000161616	12375	0.999087	FALSE	NA	NA	NA	NA	NA	NA
NC_045512.2	15573	T	G	12356	7874	51	1	1	24	8.09258e-05	12357	1	FALSE	NA	NA	NA	NA	NA	NA
NC_045512.2	15574	G	C	12374	8001	51	2	0	32	0.000161603	12376	0.999087	FALSE	NA	NA	NA	NA	NA	NA
NC_045512.2	15575	G	A	11814	7569	44	1	1	80	8.46382e-05	11815	0.500021	FALSE	NA	NA	NA	NA	NA	NA
NC_045512.2	15576	T	C	12256	8040	50	1	1	64	8.1586e-05	12257	0.50002	FALSE	NA	NA	NA	NA	NA	NA
NC_045512.2	15577	A	G	12290	8125	50	1	0	48	8.13603e-05	12291	0.750031	FALSE	NA	NA	NA	NA	NA	NA
NC_045512.2	15578	A	G	12406	8271	51	4	3	36	0.000322321	12410	0.989389	FALSE	NA	NA	NA	NA	NA	NA
NC_045512.2	15579	C	T	12377	8279	50	1	0	40	8.0782e-05	12379	0.75001	FALSE	NA	NA	NA	NA	NA	NA
NC_045512.2	15579	C	A	12377	8279	50	1	1	24	8.0782e-05	12379	1	FALSE	NA	NA	NA	NA	NA	NA
NC_045512.2	15580	A	G	13430	9827	52	5	3	52	0.000372162	13435	0.0312442	FALSE	NA	NA	NA	NA	NA	NA
NC_045512.2	15581	A	G	13426	9839	52	1	1	40	7.44768e-05	13427	0.750028	FALSE	NA	NA	NA	NA	NA	NA
NC_045512.2	15583	A	G	13977	10793	53	1	0	64	7.1541e-05	13978	0.500018	FALSE	NA	NA	NA	NA	NA	NA
NC_045512.2	15584	T	G	14002	10833	53	1	1	40	7.14133e-05	14003	0.750027	FALSE	NA	NA	NA	NA	NA	NA
NC_045512.2	15585	T	G	14531	11695	54	2	2	24	0.000137608	14534	1	FALSE	NA	NA	NA	NA	NA	NA
NC_045512.2	15585	T	C	14531	11695	54	1	1	24	6.88042e-05	14534	1	FALSE	NA	NA	NA	NA	NA	NA
NC_045512.2	15588	C	A	14558	11873	52	1	0	32	6.8686e-05	14559	0.99997	FALSE	NA	NA	NA	NA	NA	NA
NC_045512.2	15589	G	T	14553	11853	53	2	2	24	0.000137363	14560	1	FALSE	NA	NA	NA	NA	NA	NA
NC_045512.2	15589	G	A	14553	11853	53	5	4	60	0.000343407	14560	0.0312339	FALSE	NA	NA	NA	NA	NA	NA
NC_045512.2	15591	T	G	14458	11805	52	1	1	24	6.91611e-05	14459	1	FALSE	NA	NA	NA	NA	NA	NA
NC_045512.2	15591	T	-A	14458	11805	52	1	0	20	6.91611e-05	14459	1	FALSE	NA	NA	NA	NA	NA	NA
NC_045512.2	15593	A	G	14595	11957	53	1	1	24	6.85119e-05	14596	1	FALSE	NA	NA	NA	NA	NA	NA
NC_045512.2	15595	T	G	14492	11954	53	2	2	32	0.000137979	14495	0.999741	FALSE	NA	NA	NA	NA	NA	NA
NC_045512.2	15595	T	C	14492	11954	53	1	1	24	6.89893e-05	14495	1	FALSE	NA	NA	NA	NA	NA	NA
NC_045512.2	15596	A	G	14541	12030	53	1	1	32	6.87663e-05	14542	0.99997	FALSE	NA	NA	NA	NA	NA	NA
NC_045512.2	15597	T	A	14473	11961	52	1	1	80	6.90894e-05	14474	0.500017	FALSE	NA	NA	NA	NA	NA	NA
NC_045512.2	15598	G	T	14512	11998	53	1	1	80	6.8899e-05	14514	0.5	FALSE	NA	NA	NA	NA	NA	NA
NC_045512.2	15598	G	A	14512	11998	53	1	0	64	6.8899e-05	14514	0.5	FALSE	NA	NA	NA	NA	NA	NA
NC_045512.2	15599	T	G	14406	11898	52	2	2	24	0.000138793	14410	1	FALSE	NA	NA	NA	NA	NA	NA
NC_045512.2	15599	T	C	14406	11898	52	1	1	40	6.93963e-05	14410	0.749974	FALSE	NA	NA	NA	NA	NA	NA
NC_045512.2	15599	T	A	14406	11898	52	1	1	40	6.93963e-05	14410	0.749974	FALSE	NA	NA	NA	NA	NA	NA
NC_045512.2	15601	C	G	14459	12005	52	1	1	40	6.91563e-05	14460	0.750026	FALSE	NA	NA	NA	NA	NA	NA
NC_045512.2	15602	G	T	14439	11986	52	2	2	32	0.000138447	14446	0.999741	FALSE	NA	NA	NA	NA	NA	NA
NC_045512.2	15602	G	A	14439	11986	52	5	4	52	0.000346117	14446	0.0312338	FALSE	NA	NA	NA	NA	NA	NA
NC_045512.2	15604	A	G	14388	12027	52	1	0	52	6.94975e-05	14389	0.500017	FALSE	NA	NA	NA	NA	NA	NA
NC_045512.2	15606	T	G	14349	12012	52	2	2	24	0.000139363	14351	1	FALSE	NA	NA	NA	NA	NA	NA
NC_045512.2	15607	T	G	14322	11997	51	2	2	24	0.000139616	14325	1	FALSE	NA	NA	NA	NA	NA	NA
NC_045512.2	15607	T	C	14322	11997	51	1	1	40	6.9808e-05	14325	0.749991	FALSE	NA	NA	NA	NA	NA	NA
NC_045512.2	15608	T	G	14331	12216	50	5	5	27	0.000348724	14338	1	FALSE	NA	NA	NA	NA	NA	NA
NC_045512.2	15608	T	C	14331	12216	50	2	2	40	0.000139489	14338	0.499895	FALSE	NA	NA	NA	NA	NA	NA
NC_045512.2	15609	A	G	14411	12345	50	1	1	40	6.93818e-05	14413	0.750009	FALSE	NA	NA	NA	NA	NA	NA
NC_045512.2	15609	A	C	14411	12345	50	1	0	32	6.93818e-05	14413	0.99997	FALSE	NA	NA	NA	NA	NA	NA
NC_045512.2	15610	C	T	14410	12341	50	3	3	34	0.000208117	14415	0.998828	FALSE	NA	NA	NA	NA	NA	NA
NC_045512.2	15610	C	G	14410	12341	50	2	2	40	0.000138744	14415	0.499948	FALSE	NA	NA	NA	NA	NA	NA
NC_045512.2	15611	A	G	14419	12352	50	2	2	32	0.000138687	14421	0.999742	FALSE	NA	NA	NA	NA	NA	NA
NC_045512.2	15612	A	G	14423	12534	49	2	2	52	0.000138639	14426	0.249991	FALSE	NA	NA	NA	NA	NA	NA
NC_045512.2	15612	A	C	14423	12534	49	1	1	24	6.93193e-05	14426	1	FALSE	NA	NA	NA	NA	NA	NA
NC_045512.2	15613	C	T	14431	12624	49	2	1	52	0.000138571	14433	0.250009	FALSE	NA	NA	NA	NA	NA	NA
NC_045512.2	15614	A	G	14145	12340	49	4	4	32	0.000282686	14150	0.99624	FALSE	NA	NA	NA	NA	NA	NA
NC_045512.2	15614	A	C	14145	12340	49	1	1	40	7.06714e-05	14150	0.749956	FALSE	NA	NA	NA	NA	NA	NA
NC_045512.2	15616	A	G	13993	12196	49	2	2	40	0.000142898	13996	0.5	FALSE	NA	NA	NA	NA	NA	NA
NC_045512.2	15616	A	C	13993	12196	49	1	1	40	7.1449e-05	13996	0.749991	FALSE	NA	NA	NA	NA	NA	NA
NC_045512.2	15617	G	T	13945	12151	49	1	1	24	7.17051e-05	13946	1	FALSE	NA	NA	NA	NA	NA	NA
NC_045512.2	15618	A	G	13980	12196	49	2	2	40	0.000143041	13982	0.500027	FALSE	NA	NA	NA	NA	NA	NA
NC_045512.2	15620	T	G	13915	12140	49	2	2	32	0.000143709	13917	0.999513	FALSE	NA	NA	NA	NA	NA	NA
NC_045512.2	15621	T	G	13690	11927	49	2	2	24	0.000146071	13692	1	FALSE	NA	NA	NA	NA	NA	NA
NC_045512.2	15622	T	G	13660	11914	49	2	2	24	0.000146391	13662	1	FALSE	NA	NA	NA	NA	NA	NA
NC_045512.2	15623	A	T	13753	12117	48	1	1	40	7.27061e-05	13754	0.750027	FALSE	NA	NA	NA	NA	NA	NA
NC_045512.2	15624	T	G	13633	12019	48	4	4	28	0.000293298	13638	1	FALSE	NA	NA	NA	NA	NA	NA
NC_045512.2	15624	T	C	13633	12019	48	1	1	40	7.33245e-05	13638	0.749954	FALSE	NA	NA	NA	NA	NA	NA
NC_045512.2	15626	A	G	13161	11585	48	2	1	52	0.00015193	13164	0.249991	FALSE	NA	NA	NA	NA	NA	NA
NC_045512.2	15626	A	C	13161	11585	48	1	1	32	7.59648e-05	13164	0.999939	FALSE	NA	NA	NA	NA	NA	NA
NC_045512.2	15627	G	T	13119	11549	48	1	1	24	7.62137e-05	13121	1	FALSE	NA	NA	NA	NA	NA	NA
NC_045512.2	15627	G	A	13119	11549	48	1	1	40	7.62137e-05	13121	0.75001	FALSE	NA	NA	NA	NA	NA	NA
NC_045512.2	15628	T	G	11993	10492	48	3	3	34	0.000250063	11997	0.993543	FALSE	NA	NA	NA	NA	NA	NA
NC_045512.2	15628	T	C	11993	10492	48	1	1	40	8.33542e-05	11997	0.749969	FALSE	NA	NA	NA	NA	NA	NA
NC_045512.2	15629	G	T	11898	10398	48	1	1	24	8.40407e-05	11899	1	FALSE	NA	NA	NA	NA	NA	NA
NC_045512.2	15631	C	G	11913	10603	47	3	3	29	0.000251762	11916	1	FALSE	NA	NA	NA	NA	NA	NA
NC_045512.2	15632	T	G	11863	10556	47	1	1	24	8.42886e-05	11864	1	FALSE	NA	NA	NA	NA	NA	NA
NC_045512.2	15633	C	T	11857	10819	43	1	1	24	8.43028e-05	11862	1	FALSE	NA	NA	NA	NA	NA	NA
NC_045512.2	15633	C	G	11857	10819	43	1	1	40	8.43028e-05	11862	0.749947	FALSE	NA	NA	NA	NA	NA	NA
NC_045512.2	15633	C	A	11857	10819	43	3	0	32	0.000252908	11862	0.99354	FALSE	NA	NA	NA	NA	NA	NA
NC_045512.2	15634	T	C	11790	10509	47	3	3	38	0.000254388	11793	0.993546	FALSE	NA	NA	NA	NA	NA	NA
NC_045512.2	15635	A	G	11852	10576	47	1	1	24	8.43668e-05	11853	1	FALSE	NA	NA	NA	NA	NA	NA
NC_045512.2	15636	T	G	11704	10427	47	1	1	24	8.54336e-05	11705	1	FALSE	NA	NA	NA	NA	NA	NA
NC_045512.2	15638	G	T	11649	10395	45	2	2	24	0.000171659	11651	1	FALSE	NA	NA	NA	NA	NA	NA
NC_045512.2	15641	A	G	11489	10255	47	5	5	35	0.000434972	11495	0.961644	FALSE	NA	NA	NA	NA	NA	NA
NC_045512.2	15641	A	C	11489	10255	47	1	1	24	8.69943e-05	11495	1	FALSE	NA	NA	NA	NA	NA	NA
NC_045512.2	15642	T	G	11281	10055	47	4	4	32	0.000354421	11286	0.982451	FALSE	NA	NA	NA	NA	NA	NA
NC_045512.2	15642	T	C	11281	10055	47	1	0	80	8.86054e-05	11286	0.499934	FALSE	NA	NA	NA	NA	NA	NA
NC_045512.2	15643	A	T	11335	10208	47	1	1	40	8.82145e-05	11336	0.750033	FALSE	NA	NA	NA	NA	NA	NA
NC_045512.2	15644	G	T	8982	7810	37	138	138	25	0.0151316	9120	0.00107964	TRUE	NA	NA	NA	NA	NA	NA
NC_045512.2	15645	A	T	11247	10176	46	1	1	40	8.88968e-05	11249	0.750011	FALSE	NA	NA	NA	NA	NA	NA
NC_045512.2	15645	A	C	11247	10176	46	1	1	40	8.88968e-05	11249	0.750011	FALSE	NA	NA	NA	NA	NA	NA
NC_045512.2	15647	A	G	10992	9941	46	1	1	40	9.0967e-05	10993	0.750034	FALSE	NA	NA	NA	NA	NA	NA
NC_045512.2	15649	G	T	10834	9805	46	1	1	24	9.22935e-05	10835	1	FALSE	NA	NA	NA	NA	NA	NA
NC_045512.2	15650	T	C	10721	9696	46	2	2	60	0.000186515	10723	0.250012	FALSE	NA	NA	NA	NA	NA	NA
NC_045512.2	15652	G	T	10632	9626	45	3	3	29	0.000282061	10636	1	FALSE	NA	NA	NA	NA	NA	NA
NC_045512.2	15652	G	A	10632	9626	45	1	1	24	9.40203e-05	10636	1	FALSE	NA	NA	NA	NA	NA	NA
NC_045512.2	15653	A	G	10757	9830	46	2	2	40	0.000185891	10759	0.500035	FALSE	NA	NA	NA	NA	NA	NA
NC_045512.2	15654	C	T	10746	9837	45	1	1	40	9.30492e-05	10747	0.750035	FALSE	NA	NA	NA	NA	NA	NA
NC_045512.2	15655	A	G	10611	9700	46	3	3	40	0.000282592	10616	0.312447	FALSE	NA	NA	NA	NA	NA	NA
NC_045512.2	15655	A	C	10611	9700	46	2	2	24	0.000188395	10616	1	FALSE	NA	NA	NA	NA	NA	NA
NC_045512.2	15656	C	A	10610	9709	45	1	0	80	9.42418e-05	10611	0.500024	FALSE	NA	NA	NA	NA	NA	NA
NC_045512.2	15657	A	T	10340	9449	46	1	1	40	9.66651e-05	10345	0.74994	FALSE	NA	NA	NA	NA	NA	NA
NC_045512.2	15657	A	G	10340	9449	46	3	3	42	0.000289995	10345	0.312446	FALSE	NA	NA	NA	NA	NA	NA
NC_045512.2	15657	A	C	10340	9449	46	1	1	40	9.66651e-05	10345	0.74994	FALSE	NA	NA	NA	NA	NA	NA
NC_045512.2	15659	A	G	10329	9625	44	1	1	40	9.68054e-05	10330	0.750036	FALSE	NA	NA	NA	NA	NA	NA
NC_045512.2	15661	T	G	9700	9056	44	2	2	24	0.000206122	9703	1	FALSE	NA	NA	NA	NA	NA	NA
NC_045512.2	15661	T	C	9700	9056	44	1	1	80	0.000103061	9703	0.499974	FALSE	NA	NA	NA	NA	NA	NA
NC_045512.2	15662	T	G	9652	9008	44	3	3	34	0.00031072	9655	0.98075	FALSE	NA	NA	NA	NA	NA	NA
NC_045512.2	15663	T	G	9611	8971	44	2	2	32	0.000208052	9613	0.994155	FALSE	NA	NA	NA	NA	NA	NA
NC_045512.2	15665	T	C	9551	8910	44	2	2	40	0.000209358	9553	0.250013	FALSE	NA	NA	NA	NA	NA	NA
NC_045512.2	15667	A	G	9116	8495	44	6	6	24	0.00065775	9122	1	FALSE	NA	NA	NA	NA	NA	NA
NC_045512.2	15669	T	G	8962	8375	44	2	2	24	0.000223115	8964	1	FALSE	NA	NA	NA	NA	NA	NA
NC_045512.2	15670	G	T	8937	8361	44	3	3	24	0.00033557	8940	1	FALSE	NA	NA	NA	NA	NA	NA
NC_045512.2	15672	G	T	8776	8201	43	3	3	24	0.000341686	8780	1	FALSE	NA	NA	NA	NA	NA	NA
NC_045512.2	15672	G	C	8776	8201	43	1	1	24	0.000113895	8780	1	FALSE	NA	NA	NA	NA	NA	NA
NC_045512.2	15673	T	G	8801	8229	44	2	2	36	0.000227195	8803	0.98928	FALSE	NA	NA	NA	NA	NA	NA
NC_045512.2	15674	T	G	8815	8241	44	1	1	40	0.000113417	8817	0.5	FALSE	NA	NA	NA	NA	NA	NA
NC_045512.2	15674	T	C	8815	8241	44	1	1	40	0.000113417	8817	0.5	FALSE	NA	NA	NA	NA	NA	NA
NC_045512.2	15675	T	C	8772	8203	44	1	1	40	0.000113986	8773	0.500028	FALSE	NA	NA	NA	NA	NA	NA
NC_045512.2	15676	T	G	8750	8190	44	2	2	32	0.000228493	8753	0.989275	FALSE	NA	NA	NA	NA	NA	NA
NC_045512.2	15676	T	C	8750	8190	44	1	0	32	0.000114247	8753	0.99805	FALSE	NA	NA	NA	NA	NA	NA
NC_045512.2	15677	A	G	8781	8222	44	1	1	40	0.000113869	8782	0.500028	FALSE	NA	NA	NA	NA	NA	NA
NC_045512.2	15678	C	T	8791	8248	44	1	1	40	0.000113727	8793	0.5	FALSE	NA	NA	NA	NA	NA	NA
NC_045512.2	15678	C	A	8791	8248	44	1	1	40	0.000113727	8793	0.5	FALSE	NA	NA	NA	NA	NA	NA
NC_045512.2	15679	G	A	8790	8245	44	1	1	40	0.000113753	8791	0.500028	FALSE	NA	NA	NA	NA	NA	NA
NC_045512.2	15681	A	T	8195	7684	44	1	1	80	0.000121981	8198	0.499969	FALSE	NA	NA	NA	NA	NA	NA
NC_045512.2	15681	A	G	8195	7684	44	2	2	40	0.000243962	8198	0.249985	FALSE	NA	NA	NA	NA	NA	NA
NC_045512.2	15683	A	G	8163	7654	44	3	3	34	0.000367377	8166	0.967344	FALSE	NA	NA	NA	NA	NA	NA
NC_045512.2	15684	T	G	8125	7617	44	1	1	24	0.000123047	8127	1	FALSE	NA	NA	NA	NA	NA	NA
NC_045512.2	15684	T	C	8125	7617	44	1	1	40	0.000123047	8127	0.5	FALSE	NA	NA	NA	NA	NA	NA
NC_045512.2	15685	T	A	8126	7621	44	1	0	24	0.000123047	8127	1	FALSE	NA	NA	NA	NA	NA	NA
NC_045512.2	15686	T	G	7960	7466	44	2	1	52	0.000251193	7962	0.250016	FALSE	NA	NA	NA	NA	NA	NA
NC_045512.2	15688	C	G	7963	7539	43	1	1	24	0.000125565	7964	1	FALSE	NA	NA	NA	NA	NA	NA
NC_045512.2	15689	G	T	7915	7492	43	1	1	40	0.000126326	7916	0.500032	FALSE	NA	NA	NA	NA	NA	NA
NC_045512.2	15690	T	G	7881	7465	42	1	1	40	0.000126839	7884	0.499968	FALSE	NA	NA	NA	NA	NA	NA
NC_045512.2	15690	T	C	7881	7465	42	1	1	40	0.000126839	7884	0.499968	FALSE	NA	NA	NA	NA	NA	NA
NC_045512.2	15690	T	A	7881	7465	42	1	1	40	0.000126839	7884	0.499968	FALSE	NA	NA	NA	NA	NA	NA
NC_045512.2	15691	A	G	7797	7384	43	4	4	40	0.000512755	7801	0.062492	FALSE	NA	NA	NA	NA	NA	NA
NC_045512.2	15693	A	G	9837	7502	42	1	1	24	0.000101626	9840	1	FALSE	NA	NA	NA	NA	NA	NA
NC_045512.2	15693	A	C	9837	7502	42	2	1	40	0.000203252	9840	0.249987	FALSE	NA	NA	NA	NA	NA	NA
NC_045512.2	15695	A	G	9801	7485	42	1	0	80	0.00010202	9802	0.500026	FALSE	NA	NA	NA	NA	NA	NA
NC_045512.2	15696	T	C	9716	7327	42	2	2	32	0.000205804	9718	0.994154	FALSE	NA	NA	NA	NA	NA	NA
NC_045512.2	15697	T	C	9624	7241	42	1	1	40	0.000103896	9625	0.500026	FALSE	NA	NA	NA	NA	NA	NA
NC_045512.2	15698	T	C	9700	7246	42	1	1	40	0.000103082	9701	0.500026	FALSE	NA	NA	NA	NA	NA	NA
NC_045512.2	15699	C	A	9531	7308	40	3	0	24	0.000314663	9534	1	FALSE	NA	NA	NA	NA	NA	NA
NC_045512.2	15700	T	G	9653	7228	42	2	1	32	0.000207082	9658	0.994146	FALSE	NA	NA	NA	NA	NA	NA
NC_045512.2	15700	T	C	9653	7228	42	3	2	34	0.000310623	9658	0.980734	FALSE	NA	NA	NA	NA	NA	NA
NC_045512.2	15701	C	T	8888	7258	39	1	1	32	0.000112309	8904	0.998037	FALSE	NA	NA	NA	NA	NA	NA
NC_045512.2	15701	C	A	8888	7258	39	15	0	24	0.00168464	8904	1	FALSE	NA	NA	NA	NA	NA	NA
NC_045512.2	15702	A	C	9530	7121	42	1	1	32	0.000104921	9531	0.999026	FALSE	NA	NA	NA	NA	NA	NA
NC_045512.2	15703	A	G	9486	7083	42	1	1	40	0.000105396	9488	0.5	FALSE	NA	NA	NA	NA	NA	NA
NC_045512.2	15703	A	C	9486	7083	42	1	0	24	0.000105396	9488	1	FALSE	NA	NA	NA	NA	NA	NA
NC_045512.2	15704	T	G	9753	7057	42	1	0	24	0.000102522	9754	1	FALSE	NA	NA	NA	NA	NA	NA
NC_045512.2	15705	G	T	9734	7002	42	1	1	24	0.000102722	9735	1	FALSE	NA	NA	NA	NA	NA	NA
NC_045512.2	15706	A	G	9690	6959	42	3	3	34	0.000309502	9693	0.98075	FALSE	NA	NA	NA	NA	NA	NA
NC_045512.2	15709	A	G	9533	6815	42	1	1	40	0.000104888	9534	0.500026	FALSE	NA	NA	NA	NA	NA	NA
NC_045512.2	15710	T	G	9496	6780	41	3	3	29	0.000315823	9499	1	FALSE	NA	NA	NA	NA	NA	NA
NC_045512.2	15713	T	C	8911	6121	41	1	0	24	0.000112208	8912	1	FALSE	NA	NA	NA	NA	NA	NA
NC_045512.2	15714	C	T	2	1	40	2872	214	42	0.999304	2874	0	TRUE	NA	NA	NA	NA	NA	NA
NC_045512.2	15715	T	C	2872	225	43	1	0	40	0.000348068	2873	0.500087	FALSE	NA	NA	NA	NA	NA	NA
NC_045512.2	15716	C	T	2871	228	43	1	0	40	0.000348189	2872	0.500087	FALSE	NA	NA	NA	NA	NA	NA
NC_045512.2	15719	A	G	2873	231	42	1	0	24	0.000347826	2875	1	FALSE	NA	NA	NA	NA	NA	NA
NC_045512.2	15719	A	C	2873	231	42	1	0	24	0.000347826	2875	1	FALSE	NA	NA	NA	NA	NA	NA
NC_045512.2	15720	C	T	2946	231	43	1	0	40	0.000339328	2947	0.500085	FALSE	NA	NA	NA	NA	NA	NA
NC_045512.2	15727	G	A	3787	278	43	1	0	24	0.000263992	3788	1	FALSE	NA	NA	NA	NA	NA	NA
NC_045512.2	15728	T	C	3787	278	43	1	1	80	0.000263992	3788	0.500066	FALSE	NA	NA	NA	NA	NA	NA
NC_045512.2	15729	T	C	3797	282	43	1	0	40	0.000263296	3798	0.500066	FALSE	NA	NA	NA	NA	NA	NA
NC_045512.2	15731	T	G	3869	290	43	1	0	40	0.000258398	3870	0.500065	FALSE	NA	NA	NA	NA	NA	NA
NC_045512.2	15732	G	A	3979	296	43	1	0	40	0.000251256	3980	0.500063	FALSE	NA	NA	NA	NA	NA	NA
NC_045512.2	15733	T	C	3988	296	43	1	0	40	0.000250689	3989	0.500063	FALSE	NA	NA	NA	NA	NA	NA
NC_045512.2	15735	T	G	4015	295	43	2	0	32	0.00049776	4018	0.890713	FALSE	NA	NA	NA	NA	NA	NA
NC_045512.2	15735	T	C	4015	295	43	1	0	24	0.00024888	4018	1	FALSE	NA	NA	NA	NA	NA	NA
NC_045512.2	15738	C	A	4139	316	40	1	0	40	0.000241546	4140	0.50006	FALSE	NA	NA	NA	NA	NA	NA
NC_045512.2	15739	A	C	4221	317	43	1	0	24	0.000236855	4222	1	FALSE	NA	NA	NA	NA	NA	NA
NC_045512.2	15740	A	C	4210	331	43	3	0	24	0.000712082	4213	1	FALSE	NA	NA	NA	NA	NA	NA
NC_045512.2	15741	T	C	4265	357	44	1	0	24	0.000234412	4266	1	FALSE	NA	NA	NA	NA	NA	NA
NC_045512.2	15742	A	G	4241	357	44	2	0	40	0.000471365	4243	0.250029	FALSE	NA	NA	NA	NA	NA	NA
NC_045512.2	15743	G	C	4314	360	44	1	0	32	0.00023175	4315	0.968804	FALSE	NA	NA	NA	NA	NA	NA
NC_045512.2	15744	C	T	4531	382	44	1	0	40	0.000220653	4532	0.500055	FALSE	NA	NA	NA	NA	NA	NA
NC_045512.2	15745	A	C	4489	411	45	2	0	24	0.000445335	4491	1	FALSE	NA	NA	NA	NA	NA	NA
NC_045512.2	15748	T	C	4722	428	45	2	0	32	0.00042337	4724	0.890749	FALSE	NA	NA	NA	NA	NA	NA
NC_045512.2	15749	A	G	4721	430	44	1	0	80	0.00021164	4725	0.499894	FALSE	NA	NA	NA	NA	NA	NA
NC_045512.2	15749	A	C	4721	430	44	3	0	29	0.000634921	4725	1	FALSE	NA	NA	NA	NA	NA	NA
NC_045512.2	15751	G	C	4780	454	45	3	0	29	0.000627221	4783	1	FALSE	NA	NA	NA	NA	NA	NA
NC_045512.2	15752	C	-AT	4812	455	45	1	0	20	0.000207814	4812	1	FALSE	NA	NA	NA	NA	NA	NA
NC_045512.2	15755	C	G	5007	530	46	2	0	40	0.000399281	5009	0.250025	FALSE	NA	NA	NA	NA	NA	NA
NC_045512.2	15756	T	A	1	0	40	4983	545	46	0.999799	4984	0	TRUE	NA	NA	NA	NA	NA	NA
NC_045512.2	15757	C	A	4076	556	39	61	0	24	0.014745	4137	0.0290006	FALSE	NA	NA	NA	NA	NA	NA
NC_045512.2	15761	G	C	5980	595	46	1	0	40	0.000167196	5981	0.500042	FALSE	NA	NA	NA	NA	NA	NA
NC_045512.2	15764	T	C	6055	647	46	1	0	40	0.000165125	6056	0.500041	FALSE	NA	NA	NA	NA	NA	NA
NC_045512.2	15765	A	G	5993	649	46	1	1	80	0.000166694	5999	0.499833	FALSE	NA	NA	NA	NA	NA	NA
NC_045512.2	15765	A	C	5993	649	46	5	0	27	0.000833472	5999	1	FALSE	NA	NA	NA	NA	NA	NA
NC_045512.2	15767	T	C	6064	678	47	2	0	32	0.000329707	6066	0.964907	FALSE	NA	NA	NA	NA	NA	NA
NC_045512.2	15771	T	C	6180	737	47	1	0	40	0.000161786	6181	0.50004	FALSE	NA	NA	NA	NA	NA	NA
NC_045512.2	15772	A	G	6160	741	47	1	0	80	0.000162206	6165	0.499878	FALSE	NA	NA	NA	NA	NA	NA
NC_045512.2	15772	A	C	6160	741	47	4	0	36	0.000648824	6165	0.828225	FALSE	NA	NA	NA	NA	NA	NA
NC_045512.2	15775	A	G	6363	812	48	1	0	40	0.000157109	6365	0.5	FALSE	NA	NA	NA	NA	NA	NA
NC_045512.2	15775	A	C	6363	812	48	1	0	40	0.000157109	6365	0.5	FALSE	NA	NA	NA	NA	NA	NA
NC_045512.2	15776	T	G	6394	820	48	1	0	40	0.000156372	6395	0.500039	FALSE	NA	NA	NA	NA	NA	NA
NC_045512.2	15777	A	G	6371	825	48	2	0	32	0.000313824	6373	0.964904	FALSE	NA	NA	NA	NA	NA	NA
NC_045512.2	15778	A	G	6367	831	48	2	1	40	0.000314021	6369	0.25002	FALSE	NA	NA	NA	NA	NA	NA
NC_045512.2	15779	A	C	6358	833	48	1	0	24	0.000157257	6359	1	FALSE	NA	NA	NA	NA	NA	NA
NC_045512.2	15781	A	C	6393	869	49	2	0	24	0.000312744	6395	1	FALSE	NA	NA	NA	NA	NA	NA
NC_045512.2	15782	A	G	6406	874	48	1	0	40	0.000156079	6407	0.500039	FALSE	NA	NA	NA	NA	NA	NA
NC_045512.2	15783	C	T	6545	885	48	1	0	80	0.000152765	6546	0.500038	FALSE	NA	NA	NA	NA	NA	NA
NC_045512.2	15786	T	G	6574	1113	51	1	1	40	0.000152022	6578	0.499924	FALSE	NA	NA	NA	NA	NA	NA
NC_045512.2	15786	T	C	6574	1113	51	3	2	53	0.000456066	6578	0.124971	FALSE	NA	NA	NA	NA	NA	NA
NC_045512.2	15787	A	T	6527	1120	51	1	0	80	0.000153186	6528	0.500038	FALSE	NA	NA	NA	NA	NA	NA
NC_045512.2	15788	A	T	6590	1119	51	1	0	24	0.000151676	6593	1	FALSE	NA	NA	NA	NA	NA	NA
NC_045512.2	15788	A	G	6590	1119	51	1	1	32	0.000151676	6593	0.992196	FALSE	NA	NA	NA	NA	NA	NA
NC_045512.2	15788	A	C	6590	1119	51	1	0	24	0.000151676	6593	1	FALSE	NA	NA	NA	NA	NA	NA
NC_045512.2	15792	A	G	6541	1185	52	2	0	40	0.00030567	6543	0.250019	FALSE	NA	NA	NA	NA	NA	NA
NC_045512.2	15794	T	C	6697	1206	52	2	0	32	0.000298507	6700	0.964885	FALSE	NA	NA	NA	NA	NA	NA
NC_045512.2	15794	T	A	6697	1206	52	1	0	52	0.000149254	6700	0.499963	FALSE	NA	NA	NA	NA	NA	NA
NC_045512.2	15795	T	G	6720	1220	52	1	1	24	0.000148743	6723	1	FALSE	NA	NA	NA	NA	NA	NA
NC_045512.2	15795	T	C	6720	1220	52	2	1	40	0.000297486	6723	0.249981	FALSE	NA	NA	NA	NA	NA	NA
NC_045512.2	15799	T	C	6719	1225	52	1	0	24	0.00014881	6720	1	FALSE	NA	NA	NA	NA	NA	NA
NC_045512.2	15800	A	C	6658	1233	52	3	0	24	0.000450383	6661	1	FALSE	NA	NA	NA	NA	NA	NA
NC_045512.2	15803	A	G	6657	1248	52	1	0	24	0.000150195	6658	1	FALSE	NA	NA	NA	NA	NA	NA
NC_045512.2	15804	T	C	6698	1240	53	1	0	40	0.000149276	6699	0.500037	FALSE	NA	NA	NA	NA	NA	NA
NC_045512.2	15804	T	-C	6698	1240	53	1	0	20	0.000149276	6699	1	FALSE	NA	NA	NA	NA	NA	NA
NC_045512.2	15806	A	G	6632	1259	53	1	0	64	0.000150739	6634	0.5	FALSE	NA	NA	NA	NA	NA	NA
NC_045512.2	15806	A	C	6632	1259	53	1	0	24	0.000150739	6634	1	FALSE	NA	NA	NA	NA	NA	NA
NC_045512.2	15807	A	C	6652	1293	52	2	0	24	0.000300571	6654	1	FALSE	NA	NA	NA	NA	NA	NA
NC_045512.2	15808	A	C	6702	1313	53	2	0	24	0.000298329	6704	1	FALSE	NA	NA	NA	NA	NA	NA
NC_045512.2	15809	A	G	6717	1330	53	1	0	80	0.000148854	6718	0.500037	FALSE	NA	NA	NA	NA	NA	NA
NC_045512.2	15810	C	A	6688	1331	53	1	0	24	0.000149499	6689	1	FALSE	NA	NA	NA	NA	NA	NA
NC_045512.2	15811	A	G	6689	1330	53	2	1	52	0.000298909	6691	0.250019	FALSE	NA	NA	NA	NA	NA	NA
NC_045512.2	15812	A	G	6715	1333	53	1	1	80	0.000148898	6716	0.500037	FALSE	NA	NA	NA	NA	NA	NA
NC_045512.2	15813	T	C	6754	1337	54	1	1	48	0.000148038	6755	0.500037	FALSE	NA	NA	NA	NA	NA	NA
NC_045512.2	15814	G	A	6820	1344	53	1	0	24	0.000146606	6821	1	FALSE	NA	NA	NA	NA	NA	NA
NC_045512.2	15815	T	C	6840	1358	54	1	0	80	0.000146177	6841	0.500037	FALSE	NA	NA	NA	NA	NA	NA
NC_045512.2	15816	T	C	6826	1350	54	2	1	60	0.000292912	6828	0.250018	FALSE	NA	NA	NA	NA	NA	NA
NC_045512.2	15819	T	C	6782	1365	53	3	0	34	0.000442152	6785	0.910265	FALSE	NA	NA	NA	NA	NA	NA
NC_045512.2	15820	A	G	6707	1375	53	1	0	80	0.000149031	6710	0.499963	FALSE	NA	NA	NA	NA	NA	NA
NC_045512.2	15820	A	C	6707	1375	53	2	0	32	0.000298063	6710	0.964885	FALSE	NA	NA	NA	NA	NA	NA
NC_045512.2	15821	T	C	6744	1390	54	1	0	40	0.000148258	6745	0.500037	FALSE	NA	NA	NA	NA	NA	NA
NC_045512.2	15823	T	G	6312	1653	53	1	0	24	0.000158378	6314	1	FALSE	NA	NA	NA	NA	NA	NA
NC_045512.2	15823	T	C	6312	1653	53	1	0	24	0.000158378	6314	1	FALSE	NA	NA	NA	NA	NA	NA
NC_045512.2	15826	G	T	6233	1612	50	3	3	26	0.000481078	6236	1	FALSE	NA	NA	NA	NA	NA	NA
NC_045512.2	15827	A	G	6243	1683	53	1	0	24	0.000160128	6245	1	FALSE	NA	NA	NA	NA	NA	NA
NC_045512.2	15827	A	C	6243	1683	53	1	0	24	0.000160128	6245	1	FALSE	NA	NA	NA	NA	NA	NA
NC_045512.2	15828	A	G	6182	1729	52	1	1	80	0.000161734	6183	0.50004	FALSE	NA	NA	NA	NA	NA	NA
NC_045512.2	15831	A	G	6189	1826	53	3	1	53	0.000484496	6192	0.125	FALSE	NA	NA	NA	NA	NA	NA
NC_045512.2	15832	A	G	6190	1828	53	2	1	38	0.000322997	6192	0.964906	FALSE	NA	NA	NA	NA	NA	NA
NC_045512.2	15834	A	G	6210	1882	52	1	1	80	0.000160979	6212	0.5	FALSE	NA	NA	NA	NA	NA	NA
NC_045512.2	15834	A	C	6210	1882	52	1	0	24	0.000160979	6212	1	FALSE	NA	NA	NA	NA	NA	NA
NC_045512.2	15837	T	G	6197	1884	52	1	1	32	0.000161316	6199	0.992201	FALSE	NA	NA	NA	NA	NA	NA
NC_045512.2	15837	T	C	6197	1884	52	1	1	40	0.000161316	6199	0.5	FALSE	NA	NA	NA	NA	NA	NA
NC_045512.2	15839	G	A	6089	1939	52	1	0	40	0.000164204	6090	0.500041	FALSE	NA	NA	NA	NA	NA	NA
NC_045512.2	15843	T	G	6106	2021	52	1	1	24	0.00016372	6108	1	FALSE	NA	NA	NA	NA	NA	NA
NC_045512.2	15843	T	C	6106	2021	52	1	1	36	0.00016372	6108	0.992201	FALSE	NA	NA	NA	NA	NA	NA
NC_045512.2	15848	C	A	6149	2114	51	1	0	24	0.000162602	6150	1	FALSE	NA	NA	NA	NA	NA	NA
NC_045512.2	15851	A	C	6205	2243	52	2	0	32	0.000322217	6207	0.964905	FALSE	NA	NA	NA	NA	NA	NA
NC_045512.2	15852	C	G	6198	2248	52	1	1	24	0.00016129	6200	1	FALSE	NA	NA	NA	NA	NA	NA
NC_045512.2	15852	C	A	6198	2248	52	1	0	24	0.00016129	6200	1	FALSE	NA	NA	NA	NA	NA	NA
NC_045512.2	15853	C	T	6179	2519	53	2	0	60	0.000323572	6181	0.25002	FALSE	NA	NA	NA	NA	NA	NA
NC_045512.2	15855	T	C	6206	2474	53	2	2	66	0.000322165	6208	0.25002	FALSE	NA	NA	NA	NA	NA	NA
NC_045512.2	15856	A	C	6143	2503	51	4	0	24	0.000650724	6147	1	FALSE	NA	NA	NA	NA	NA	NA
NC_045512.2	15857	C	G	6227	2776	51	1	1	24	0.000160539	6229	1	FALSE	NA	NA	NA	NA	NA	NA
NC_045512.2	15857	C	A	6227	2776	51	1	0	40	0.000160539	6229	0.5	FALSE	NA	NA	NA	NA	NA	NA
NC_045512.2	15858	T	G	6333	2798	54	2	1	32	0.000315657	6336	0.964887	FALSE	NA	NA	NA	NA	NA	NA
NC_045512.2	15858	T	C	6333	2798	54	1	0	40	0.000157828	6336	0.499961	FALSE	NA	NA	NA	NA	NA	NA
NC_045512.2	15861	A	C	6261	2770	54	1	0	24	0.000159693	6262	1	FALSE	NA	NA	NA	NA	NA	NA
NC_045512.2	15863	G	C	6249	2885	54	2	0	24	0.000319949	6251	1	FALSE	NA	NA	NA	NA	NA	NA
NC_045512.2	15864	A	G	6193	2913	54	1	0	40	0.000161447	6194	0.50004	FALSE	NA	NA	NA	NA	NA	NA
NC_045512.2	15865	C	T	6192	2914	54	2	1	72	0.000322893	6194	0.25002	FALSE	NA	NA	NA	NA	NA	NA
NC_045512.2	15866	C	A	6167	2871	54	1	0	24	0.000162127	6168	1	FALSE	NA	NA	NA	NA	NA	NA
NC_045512.2	15868	C	A	6083	2911	52	3	0	24	0.000492935	6086	1	FALSE	NA	NA	NA	NA	NA	NA
NC_045512.2	15870	T	C	6189	2922	54	2	1	32	0.00032305	6191	0.964906	FALSE	NA	NA	NA	NA	NA	NA
NC_045512.2	15872	A	G	6319	3256	56	1	1	40	0.000158228	6320	0.50004	FALSE	NA	NA	NA	NA	NA	NA
NC_045512.2	15873	A	G	6246	3390	55	1	0	40	0.000160077	6247	0.50004	FALSE	NA	NA	NA	NA	NA	NA
NC_045512.2	15874	T	C	6244	3379	55	1	1	32	0.000160128	6245	0.992205	FALSE	NA	NA	NA	NA	NA	NA
NC_045512.2	15877	T	C	6179	3461	54	1	1	32	0.000161812	6180	0.992205	FALSE	NA	NA	NA	NA	NA	NA
NC_045512.2	15880	T	G	6202	3735	54	1	1	40	0.000161212	6203	0.50004	FALSE	NA	NA	NA	NA	NA	NA
NC_045512.2	15881	C	T	6219	3789	54	1	1	40	0.000160772	6220	0.50004	FALSE	NA	NA	NA	NA	NA	NA
NC_045512.2	15882	T	G	6189	3768	53	1	0	32	0.000161551	6190	0.992205	FALSE	NA	NA	NA	NA	NA	NA
NC_045512.2	15883	C	T	6231	3822	53	1	0	40	0.000160462	6232	0.50004	FALSE	NA	NA	NA	NA	NA	NA
NC_045512.2	15884	A	G	6314	3963	54	2	1	40	0.000316606	6317	0.24998	FALSE	NA	NA	NA	NA	NA	NA
NC_045512.2	15884	A	C	6314	3963	54	1	0	24	0.000158303	6317	1	FALSE	NA	NA	NA	NA	NA	NA
NC_045512.2	15886	C	A	6473	4220	55	1	1	40	0.000154464	6474	0.500039	FALSE	NA	NA	NA	NA	NA	NA
NC_045512.2	15890	C	T	6544	4431	55	1	0	40	0.000152788	6545	0.500038	FALSE	NA	NA	NA	NA	NA	NA
NC_045512.2	15891	A	C	6503	4417	55	2	2	40	0.000307456	6505	0.250019	FALSE	NA	NA	NA	NA	NA	NA
NC_045512.2	15892	A	C	6547	4494	55	1	0	24	0.000152718	6548	1	FALSE	NA	NA	NA	NA	NA	NA
NC_045512.2	15893	T	C	6638	4698	56	1	0	40	0.000150625	6639	0.500038	FALSE	NA	NA	NA	NA	NA	NA
NC_045512.2	15896	T	G	6647	5037	55	1	1	24	0.000150376	6650	1	FALSE	NA	NA	NA	NA	NA	NA
NC_045512.2	15896	T	C	6647	5037	55	2	2	40	0.000300752	6650	0.249981	FALSE	NA	NA	NA	NA	NA	NA
NC_045512.2	15897	A	C	6733	5106	55	1	0	24	0.0001485	6734	1	FALSE	NA	NA	NA	NA	NA	NA
NC_045512.2	15898	G	T	6674	5030	55	2	2	32	0.000299536	6677	0.964885	FALSE	NA	NA	NA	NA	NA	NA
NC_045512.2	15898	G	A	6674	5030	55	1	1	32	0.000149768	6677	0.992196	FALSE	NA	NA	NA	NA	NA	NA
NC_045512.2	15899	T	C	6800	5218	55	1	0	80	0.000147037	6801	0.500037	FALSE	NA	NA	NA	NA	NA	NA
NC_045512.2	15900	T	G	6754	5191	54	1	1	24	0.000148017	6756	1	FALSE	NA	NA	NA	NA	NA	NA
NC_045512.2	15900	T	C	6754	5191	54	1	1	32	0.000148017	6756	0.9922	FALSE	NA	NA	NA	NA	NA	NA
NC_045512.2	15901	A	G	6807	5270	56	1	0	80	0.000146886	6808	0.500037	FALSE	NA	NA	NA	NA	NA	NA
NC_045512.2	15902	A	C	6819	5297	56	1	0	24	0.000146628	6820	1	FALSE	NA	NA	NA	NA	NA	NA
NC_045512.2	15908	G	T	5801	4298	46	47	47	25	0.00803694	5848	0.880521	FALSE	NA	NA	NA	NA	NA	NA
NC_045512.2	15911	A	G	6671	5320	54	1	1	40	0.00014988	6672	0.500037	FALSE	NA	NA	NA	NA	NA	NA
NC_045512.2	15913	G	A	6697	5720	50	1	1	40	0.000149298	6698	0.500037	FALSE	NA	NA	NA	NA	NA	NA
NC_045512.2	15915	T	G	6558	5626	50	1	1	24	0.000152369	6563	1	FALSE	NA	NA	NA	NA	NA	NA
NC_045512.2	15915	T	C	6558	5626	50	4	4	36	0.000609477	6563	0.828219	FALSE	NA	NA	NA	NA	NA	NA
NC_045512.2	15916	T	G	6490	5559	49	1	0	32	0.000154036	6492	0.9922	FALSE	NA	NA	NA	NA	NA	NA
NC_045512.2	15916	T	C	6490	5559	49	1	1	40	0.000154036	6492	0.5	FALSE	NA	NA	NA	NA	NA	NA
NC_045512.2	15917	A	G	6541	5609	50	1	1	40	0.000152858	6542	0.500038	FALSE	NA	NA	NA	NA	NA	NA
NC_045512.2	15917	A	+TG	6541	5609	50	1	0	20	0.000152858	6542	1	FALSE	NA	NA	NA	NA	NA	NA
NC_045512.2	15918	T	C	6489	5555	50	1	1	24	0.000154083	6490	1	FALSE	NA	NA	NA	NA	NA	NA
NC_045512.2	15920	T	C	6451	5577	49	2	2	32	0.000309933	6453	0.964903	FALSE	NA	NA	NA	NA	NA	NA
NC_045512.2	15922	T	G	6389	5509	49	3	3	24	0.000469263	6393	1	FALSE	NA	NA	NA	NA	NA	NA
NC_045512.2	15922	T	C	6389	5509	49	1	1	40	0.000156421	6393	0.499922	FALSE	NA	NA	NA	NA	NA	NA
NC_045512.2	15924	C	T	6423	5628	49	1	1	40	0.000155642	6425	0.5	FALSE	NA	NA	NA	NA	NA	NA
NC_045512.2	15924	C	G	6423	5628	49	1	1	24	0.000155642	6425	1	FALSE	NA	NA	NA	NA	NA	NA
NC_045512.2	15926	T	G	6296	5510	49	2	2	32	0.00031746	6300	0.96487	FALSE	NA	NA	NA	NA	NA	NA
NC_045512.2	15926	T	C	6296	5510	49	2	0	60	0.00031746	6300	0.24994	FALSE	NA	NA	NA	NA	NA	NA
NC_045512.2	15927	T	G	6282	5491	48	1	1	40	0.000159084	6286	0.49992	FALSE	NA	NA	NA	NA	NA	NA
NC_045512.2	15927	T	C	6282	5491	48	3	3	40	0.000477251	6286	0.12497	FALSE	NA	NA	NA	NA	NA	NA
NC_045512.2	15928	C	G	6294	5508	48	1	1	40	0.000158856	6295	0.50004	FALSE	NA	NA	NA	NA	NA	NA
NC_045512.2	15930	T	C	6149	5375	48	2	1	72	0.00032515	6151	0.25002	FALSE	NA	NA	NA	NA	NA	NA
NC_045512.2	15931	T	G	6149	5375	48	3	3	24	0.000487567	6153	1	FALSE	NA	NA	NA	NA	NA	NA
NC_045512.2	15931	T	C	6149	5375	48	1	1	24	0.000162522	6153	1	FALSE	NA	NA	NA	NA	NA	NA
NC_045512.2	15932	A	C	6195	5429	48	1	1	40	0.000161394	6196	0.50004	FALSE	NA	NA	NA	NA	NA	NA
NC_045512.2	15933	C	T	6187	5474	47	1	1	40	0.000161603	6188	0.50004	FALSE	NA	NA	NA	NA	NA	NA
NC_045512.2	15938	A	G	5708	5010	48	2	2	32	0.000350263	5710	0.937586	FALSE	NA	NA	NA	NA	NA	NA
NC_045512.2	15939	T	C	5683	5005	48	1	0	32	0.000175932	5684	0.984404	FALSE	NA	NA	NA	NA	NA	NA
NC_045512.2	15945	A	G	5517	4904	48	5	4	44	0.000905469	5522	0.0312358	FALSE	NA	NA	NA	NA	NA	NA
NC_045512.2	15946	A	G	5497	4886	47	1	1	40	0.000181884	5498	0.500045	FALSE	NA	NA	NA	NA	NA	NA
NC_045512.2	15949	A	G	5481	4881	47	1	1	40	0.000182415	5482	0.500046	FALSE	NA	NA	NA	NA	NA	NA
NC_045512.2	15950	T	G	5442	4840	47	1	1	24	0.000183722	5443	1	FALSE	NA	NA	NA	NA	NA	NA
NC_045512.2	15952	C	A	5438	4847	47	1	1	40	0.000183857	5439	0.500046	FALSE	NA	NA	NA	NA	NA	NA
NC_045512.2	15953	T	G	5394	4798	47	1	1	24	0.000185322	5396	1	FALSE	NA	NA	NA	NA	NA	NA
NC_045512.2	15953	T	C	5394	4798	47	1	1	40	0.000185322	5396	0.5	FALSE	NA	NA	NA	NA	NA	NA
NC_045512.2	15954	A	G	5432	4836	47	1	1	40	0.00018406	5433	0.500046	FALSE	NA	NA	NA	NA	NA	NA
NC_045512.2	15955	G	T	5036	4435	44	19	19	29	0.00375865	5055	0.999959	FALSE	NA	NA	NA	NA	NA	NA
NC_045512.2	15957	G	T	5212	4618	45	5	5	28	0.000958405	5217	1	FALSE	NA	NA	NA	NA	NA	NA
NC_045512.2	15959	C	T	5301	4725	47	1	1	24	0.000188608	5302	1	FALSE	NA	NA	NA	NA	NA	NA
NC_045512.2	15960	C	A	5107	4542	47	129	121	44	0.0246371	5236	6.69666e-40	TRUE	NA	NA	NA	NA	NA	NA
NC_045512.2	15961	G	T	5155	4579	46	2	2	32	0.000387747	5158	0.937564	FALSE	NA	NA	NA	NA	NA	NA
NC_045512.2	15961	G	A	5155	4579	46	1	1	40	0.000193874	5158	0.499952	FALSE	NA	NA	NA	NA	NA	NA
NC_045512.2	15964	T	G	5212	4680	47	1	1	24	0.000191791	5214	1	FALSE	NA	NA	NA	NA	NA	NA
NC_045512.2	15964	T	C	5212	4680	47	1	1	40	0.000191791	5214	0.5	FALSE	NA	NA	NA	NA	NA	NA
NC_045512.2	15965	G	A	5217	4684	46	2	2	40	0.000383215	5219	0.250024	FALSE	NA	NA	NA	NA	NA	NA
NC_045512.2	15966	T	G	5204	4671	47	1	1	40	0.000192123	5205	0.500048	FALSE	NA	NA	NA	NA	NA	NA
NC_045512.2	15967	T	G	5190	4656	47	1	1	24	0.000192641	5191	1	FALSE	NA	NA	NA	NA	NA	NA
NC_045512.2	15968	T	G	5187	4656	47	1	1	24	0.000192715	5189	1	FALSE	NA	NA	NA	NA	NA	NA
NC_045512.2	15968	T	C	5187	4656	47	1	1	40	0.000192715	5189	0.5	FALSE	NA	NA	NA	NA	NA	NA
NC_045512.2	15970	G	T	5106	4574	45	2	2	24	0.000391543	5108	1	FALSE	NA	NA	NA	NA	NA	NA
NC_045512.2	15971	T	G	5133	4602	46	1	1	40	0.00019478	5134	0.500049	FALSE	NA	NA	NA	NA	NA	NA
NC_045512.2	15972	A	G	5180	4650	47	1	1	40	0.000193013	5181	0.500048	FALSE	NA	NA	NA	NA	NA	NA
NC_045512.2	15973	G	A	5185	4666	47	1	1	40	0.000192827	5186	0.500048	FALSE	NA	NA	NA	NA	NA	NA
NC_045512.2	15974	A	G	4997	4487	47	1	1	40	0.00020008	4998	0.50005	FALSE	NA	NA	NA	NA	NA	NA
NC_045512.2	15977	A	G	4975	4469	47	1	1	80	0.000200965	4976	0.50005	FALSE	NA	NA	NA	NA	NA	NA
NC_045512.2	15978	T	G	4930	4424	46	1	1	24	0.000202799	4931	1	FALSE	NA	NA	NA	NA	NA	NA
NC_045512.2	15979	A	G	4859	4360	47	1	1	24	0.000205761	4860	1	FALSE	NA	NA	NA	NA	NA	NA
NC_045512.2	15982	G	A	4780	4295	45	1	0	80	0.000209161	4781	0.500052	FALSE	NA	NA	NA	NA	NA	NA
NC_045512.2	15985	A	-AAACAGATGGTACACTT	4824	4372	46	2	0	20	0.000414594	4824	1	FALSE	NA	NA	NA	NA	NA	NA
NC_045512.2	15986	A	G	4814	4365	46	1	1	40	0.000207684	4815	0.499948	FALSE	NA	NA	NA	NA	NA	NA
NC_045512.2	15994	G	C	4684	4290	45	1	1	40	0.000213447	4685	0.499947	FALSE	NA	NA	NA	NA	NA	NA
NC_045512.2	15995	G	T	4683	4299	45	1	1	24	0.000213493	4684	1	FALSE	NA	NA	NA	NA	NA	NA
NC_045512.2	15996	T	C	4621	4286	44	1	1	40	0.000216357	4622	0.499946	FALSE	NA	NA	NA	NA	NA	NA
NC_045512.2	15997	A	G	4652	4322	45	1	1	80	0.000214915	4653	0.499946	FALSE	NA	NA	NA	NA	NA	NA
NC_045512.2	15999	A	C	4602	4276	45	1	1	40	0.00021725	4603	0.499946	FALSE	NA	NA	NA	NA	NA	NA
NC_045512.2	16001	T	G	4355	4054	44	1	1	40	0.000229568	4356	0.499943	FALSE	NA	NA	NA	NA	NA	NA
NC_045512.2	16002	T	G	4326	4025	44	3	3	24	0.000692841	4330	1	FALSE	NA	NA	NA	NA	NA	NA
NC_045512.2	16002	T	C	4326	4025	44	1	1	40	0.000230947	4330	0.499769	FALSE	NA	NA	NA	NA	NA	NA
NC_045512.2	16006	A	G	3947	3723	43	2	2	32	0.000506457	3949	0.812658	FALSE	NA	NA	NA	NA	NA	NA
NC_045512.2	16009	G	C	3452	3271	43	1	1	40	0.000289436	3455	0.499928	FALSE	NA	NA	NA	NA	NA	NA
NC_045512.2	16009	G	A	3452	3271	43	2	2	24	0.000578871	3455	1	FALSE	NA	NA	NA	NA	NA	NA
NC_045512.2	16014	G	C	3316	3142	43	1	1	40	0.000301205	3320	0.499849	FALSE	NA	NA	NA	NA	NA	NA
NC_045512.2	16014	G	A	3316	3142	43	3	3	34	0.000903614	3320	0.656321	FALSE	NA	NA	NA	NA	NA	NA
NC_045512.2	16015	T	C	3219	3045	43	2	2	60	0.000620925	3221	0.250039	FALSE	NA	NA	NA	NA	NA	NA
NC_045512.2	16016	T	G	3224	3055	43	1	1	40	0.000310078	3225	0.500078	FALSE	NA	NA	NA	NA	NA	NA
NC_045512.2	16017	C	T	3243	3077	43	1	1	40	0.000308261	3244	0.500077	FALSE	NA	NA	NA	NA	NA	NA
NC_045512.2	16021	T	G	3171	3014	43	2	2	24	0.00063012	3174	1	FALSE	NA	NA	NA	NA	NA	NA
NC_045512.2	16021	T	C	3171	3014	43	1	1	32	0.00031506	3174	0.93752	FALSE	NA	NA	NA	NA	NA	NA
NC_045512.2	16021	T	-C	3171	3014	43	1	0	20	0.00031506	3174	1	FALSE	NA	NA	NA	NA	NA	NA
NC_045512.2	16022	C	T	11002	3619	40	1	0	40	9.08843e-05	11003	0.750011	FALSE	NA	NA	NA	NA	NA	NA
NC_045512.2	16022	C	-T	11002	3619	40	348	0	20	0.0316249	11004	4.39585e-29	TRUE	NA	NA	NA	NA	NA	NA
NC_045512.2	16023	T	G	10082	2760	40	2	2	32	0.000198314	10085	0.996253	FALSE	NA	NA	NA	NA	NA	NA
NC_045512.2	16023	T	C	10082	2760	40	1	1	40	9.91572e-05	10085	0.741556	FALSE	NA	NA	NA	NA	NA	NA
NC_045512.2	16024	T	G	10400	3053	40	1	1	24	9.61261e-05	10403	1	FALSE	NA	NA	NA	NA	NA	NA
NC_045512.2	16024	T	C	10400	3053	40	1	1	40	9.61261e-05	10403	0.749988	FALSE	NA	NA	NA	NA	NA	NA
NC_045512.2	16024	T	A	10400	3053	40	1	1	40	9.61261e-05	10403	0.749988	FALSE	NA	NA	NA	NA	NA	NA
NC_045512.2	16025	T	G	10476	3085	40	2	1	24	0.000190767	10484	1	FALSE	NA	NA	NA	NA	NA	NA
NC_045512.2	16025	T	C	10476	3085	40	6	1	37	0.000572301	10484	0.894996	FALSE	NA	NA	NA	NA	NA	NA
NC_045512.2	16026	A	C	8407	683	39	1	0	24	0.000118934	8408	1	FALSE	NA	NA	NA	NA	NA	NA
NC_045512.2	16027	G	C	8802	704	40	6	0	34	0.000681122	8809	0.788119	FALSE	NA	NA	NA	NA	NA	NA
NC_045512.2	16027	G	A	8802	704	40	1	0	40	0.00011352	8809	0.499858	FALSE	NA	NA	NA	NA	NA	NA
NC_045512.2	16028	C	T	9400	726	40	2	0	40	0.000212721	9402	0.250013	FALSE	NA	NA	NA	NA	NA	NA
NC_045512.2	16029	T	C	9385	726	40	2	0	32	0.000213061	9387	0.994155	FALSE	NA	NA	NA	NA	NA	NA
NC_045512.2	16030	A	G	9728	738	40	1	0	40	0.000102754	9732	0.499949	FALSE	NA	NA	NA	NA	NA	NA
NC_045512.2	16030	A	C	9728	738	40	3	0	24	0.000308261	9732	1	FALSE	NA	NA	NA	NA	NA	NA
NC_045512.2	16031	T	G	9767	746	40	2	0	32	0.000204708	9770	0.994152	FALSE	NA	NA	NA	NA	NA	NA
NC_045512.2	16031	T	C	9767	746	40	1	0	40	0.000102354	9770	0.499974	FALSE	NA	NA	NA	NA	NA	NA
NC_045512.2	16032	A	C	9745	759	40	1	0	40	0.000102606	9746	0.500026	FALSE	NA	NA	NA	NA	NA	NA
NC_045512.2	16033	G	C	9825	766	40	2	0	32	0.0002035	9828	0.994152	FALSE	NA	NA	NA	NA	NA	NA
NC_045512.2	16033	G	A	9825	766	40	1	0	40	0.00010175	9828	0.499975	FALSE	NA	NA	NA	NA	NA	NA
NC_045512.2	16034	A	G	10091	833	41	2	1	32	0.000198157	10093	0.996835	FALSE	NA	NA	NA	NA	NA	NA
NC_045512.2	16035	T	C	10798	859	41	1	0	24	9.26012e-05	10799	1	FALSE	NA	NA	NA	NA	NA	NA
NC_045512.2	16036	G	A	10977	865	41	2	1	36	0.000182166	10979	0.996834	FALSE	NA	NA	NA	NA	NA	NA
NC_045512.2	16037	C	T	11320	879	41	1	0	40	8.83314e-05	11321	0.750033	FALSE	NA	NA	NA	NA	NA	NA
NC_045512.2	16038	T	C	11321	878	41	1	0	40	8.83236e-05	11322	0.750033	FALSE	NA	NA	NA	NA	NA	NA
NC_045512.2	16039	T	C	11329	894	41	3	0	34	0.000264714	11333	0.993544	FALSE	NA	NA	NA	NA	NA	NA
NC_045512.2	16039	T	A	11329	894	41	1	0	24	8.82379e-05	11333	1	FALSE	NA	NA	NA	NA	NA	NA
NC_045512.2	16040	A	T	11272	955	41	1	0	40	8.86839e-05	11276	0.749967	FALSE	NA	NA	NA	NA	NA	NA
NC_045512.2	16040	A	C	11272	955	41	3	0	34	0.000266052	11276	0.993544	FALSE	NA	NA	NA	NA	NA	NA
NC_045512.2	16041	C	G	11499	961	41	2	0	32	0.000173807	11507	0.998291	FALSE	NA	NA	NA	NA	NA	NA
NC_045512.2	16041	C	A	11499	961	41	6	0	24	0.000521422	11507	1	FALSE	NA	NA	NA	NA	NA	NA
NC_045512.2	16042	C	A	11609	966	41	1	0	24	8.61326e-05	11610	1	FALSE	NA	NA	NA	NA	NA	NA
NC_045512.2	16043	C	G	11612	970	41	1	0	24	8.60956e-05	11615	1	FALSE	NA	NA	NA	NA	NA	NA
NC_045512.2	16043	C	A	11612	970	41	2	0	24	0.000172191	11615	1	FALSE	NA	NA	NA	NA	NA	NA
NC_045512.2	16044	A	G	11647	976	41	1	0	40	8.58295e-05	11651	0.749968	FALSE	NA	NA	NA	NA	NA	NA
NC_045512.2	16044	A	C	11647	976	41	3	0	24	0.000257489	11651	1	FALSE	NA	NA	NA	NA	NA	NA
NC_045512.2	16045	C	A	12265	1000	41	1	0	24	8.15262e-05	12266	1	FALSE	NA	NA	NA	NA	NA	NA
NC_045512.2	16046	T	G	12340	993	41	1	0	24	8.10176e-05	12343	1	FALSE	NA	NA	NA	NA	NA	NA
NC_045512.2	16046	T	C	12340	993	41	2	0	32	0.000162035	12343	0.999087	FALSE	NA	NA	NA	NA	NA	NA
NC_045512.2	16047	T	G	12413	998	42	1	1	40	8.05348e-05	12417	0.74997	FALSE	NA	NA	NA	NA	NA	NA
NC_045512.2	16047	T	C	12413	998	42	3	0	29	0.000241604	12417	1	FALSE	NA	NA	NA	NA	NA	NA
NC_045512.2	16048	A	G	12292	1015	41	1	0	40	8.13206e-05	12297	0.749949	FALSE	NA	NA	NA	NA	NA	NA
NC_045512.2	16048	A	C	12292	1015	41	4	0	24	0.000325283	12297	1	FALSE	NA	NA	NA	NA	NA	NA
NC_045512.2	16050	T	C	12677	1012	41	3	0	37	0.000236593	12680	0.996317	FALSE	NA	NA	NA	NA	NA	NA
NC_045512.2	16050	T	-A	12677	1012	41	1	0	20	7.88644e-05	12680	1	FALSE	NA	NA	NA	NA	NA	NA
NC_045512.2	16051	A	C	12594	1030	41	5	0	27	0.000396857	12599	1	FALSE	NA	NA	NA	NA	NA	NA
NC_045512.2	16052	A	G	12633	1031	41	1	0	40	7.9139e-05	12636	0.74999	FALSE	NA	NA	NA	NA	NA	NA
NC_045512.2	16052	A	C	12633	1031	41	2	0	24	0.000158278	12636	1	FALSE	NA	NA	NA	NA	NA	NA
NC_045512.2	16053	A	G	12703	1040	41	1	0	40	7.87154e-05	12704	0.75003	FALSE	NA	NA	NA	NA	NA	NA
NC_045512.2	16054	C	T	12882	1056	42	1	0	40	7.76217e-05	12883	0.750029	FALSE	NA	NA	NA	NA	NA	NA
NC_045512.2	16055	A	C	12963	1062	41	2	0	40	0.000154261	12965	0.500029	FALSE	NA	NA	NA	NA	NA	NA
NC_045512.2	16056	T	G	13307	1064	42	1	0	40	7.51202e-05	13312	0.749953	FALSE	NA	NA	NA	NA	NA	NA
NC_045512.2	16056	T	C	13307	1064	42	4	0	36	0.000300481	13312	0.993651	FALSE	NA	NA	NA	NA	NA	NA
NC_045512.2	16058	C	T	13488	1095	42	3	0	40	0.000222354	13492	0.312486	FALSE	NA	NA	NA	NA	NA	NA
NC_045512.2	16058	C	A	13488	1095	42	1	0	40	7.4118e-05	13492	0.749972	FALSE	NA	NA	NA	NA	NA	NA
NC_045512.2	16059	T	C	13477	1091	42	1	0	24	7.4195e-05	13478	1	FALSE	NA	NA	NA	NA	NA	NA
NC_045512.2	16060	A	T	14748	1127	40	1	0	40	6.77782e-05	14754	0.749941	FALSE	NA	NA	NA	NA	NA	NA
NC_045512.2	16060	A	C	14748	1127	40	5	0	24	0.000338891	14754	1	FALSE	NA	NA	NA	NA	NA	NA
NC_045512.2	16061	A	G	14855	1121	42	1	0	40	6.72948e-05	14860	0.749958	FALSE	NA	NA	NA	NA	NA	NA
NC_045512.2	16061	A	C	14855	1121	42	4	0	32	0.000269179	14860	0.99624	FALSE	NA	NA	NA	NA	NA	NA
NC_045512.2	16062	T	C	14945	1119	42	1	0	24	6.69075e-05	14946	1	FALSE	NA	NA	NA	NA	NA	NA
NC_045512.2	16065	G	T	16081	1112	41	1	1	24	6.21697e-05	16085	1	FALSE	NA	NA	NA	NA	NA	NA
NC_045512.2	16065	G	C	16081	1112	41	1	0	40	6.21697e-05	16085	0.749977	FALSE	NA	NA	NA	NA	NA	NA
NC_045512.2	16065	G	A	16081	1112	41	2	0	40	0.000124339	16085	0.499977	FALSE	NA	NA	NA	NA	NA	NA
NC_045512.2	16067	A	G	16112	1402	43	3	1	53	0.000186162	16115	0.125	FALSE	NA	NA	NA	NA	NA	NA
NC_045512.2	16068	G	C	16322	1412	43	1	0	40	6.12632e-05	16323	0.750023	FALSE	NA	NA	NA	NA	NA	NA
NC_045512.2	16069	T	C	16352	1632	44	1	0	40	6.11509e-05	16353	0.750023	FALSE	NA	NA	NA	NA	NA	NA
NC_045512.2	16070	A	G	16924	1731	44	1	0	24	5.90598e-05	16932	1	FALSE	NA	NA	NA	NA	NA	NA
NC_045512.2	16070	A	C	16924	1731	44	7	0	26	0.000413418	16932	1	FALSE	NA	NA	NA	NA	NA	NA
NC_045512.2	16071	T	G	16971	1733	44	1	0	40	5.89136e-05	16974	0.749993	FALSE	NA	NA	NA	NA	NA	NA
NC_045512.2	16071	T	C	16971	1733	44	2	0	40	0.000117827	16974	0.5	FALSE	NA	NA	NA	NA	NA	NA
NC_045512.2	16072	G	A	17072	1743	44	1	0	40	5.8572e-05	17073	0.750022	FALSE	NA	NA	NA	NA	NA	NA
NC_045512.2	16073	C	G	17080	1745	44	4	0	36	0.000234124	17085	0.999258	FALSE	NA	NA	NA	NA	NA	NA
NC_045512.2	16073	C	A	17080	1745	44	1	0	24	5.85309e-05	17085	1	FALSE	NA	NA	NA	NA	NA	NA
NC_045512.2	16074	T	G	17095	1748	44	1	0	40	5.8483e-05	17099	0.749978	FALSE	NA	NA	NA	NA	NA	NA
NC_045512.2	16074	T	C	17095	1748	44	3	0	34	0.000175449	17099	0.999799	FALSE	NA	NA	NA	NA	NA	NA
NC_045512.2	16076	A	G	17078	1820	45	2	0	40	0.000117062	17085	0.499912	FALSE	NA	NA	NA	NA	NA	NA
NC_045512.2	16076	A	C	17078	1820	45	5	0	27	0.000292654	17085	1	FALSE	NA	NA	NA	NA	NA	NA
NC_045512.2	16077	T	G	17212	1823	45	1	1	32	5.80923e-05	17214	0.999996	FALSE	NA	NA	NA	NA	NA	NA
NC_045512.2	16077	T	C	17212	1823	45	1	0	40	5.80923e-05	17214	0.750007	FALSE	NA	NA	NA	NA	NA	NA
NC_045512.2	16078	G	C	17225	1834	45	5	0	33	0.000290175	17231	0.997834	FALSE	NA	NA	NA	NA	NA	NA
NC_045512.2	16078	G	A	17225	1834	45	1	0	40	5.80349e-05	17231	0.749949	FALSE	NA	NA	NA	NA	NA	NA
NC_045512.2	16079	T	C	17306	1980	45	2	1	32	0.000115554	17308	0.999962	FALSE	NA	NA	NA	NA	NA	NA
NC_045512.2	16081	T	G	17343	2018	46	1	0	24	5.76469e-05	17347	1	FALSE	NA	NA	NA	NA	NA	NA
NC_045512.2	16081	T	C	17343	2018	46	3	0	42	0.000172941	17347	0.312489	FALSE	NA	NA	NA	NA	NA	NA
NC_045512.2	16082	T	G	17334	2016	46	1	0	40	5.76801e-05	17337	0.749993	FALSE	NA	NA	NA	NA	NA	NA
NC_045512.2	16082	T	C	17334	2016	46	2	1	46	0.00011536	17337	0.5	FALSE	NA	NA	NA	NA	NA	NA
NC_045512.2	16083	T	C	17329	2021	46	6	0	28	0.000346101	17336	1	FALSE	NA	NA	NA	NA	NA	NA
NC_045512.2	16083	T	A	17329	2021	46	1	0	24	5.76834e-05	17336	1	FALSE	NA	NA	NA	NA	NA	NA
NC_045512.2	16084	C	A	17433	2120	45	8	0	24	0.000458689	17441	1	FALSE	NA	NA	NA	NA	NA	NA
NC_045512.2	16085	A	T	17587	2122	46	1	0	40	5.68408e-05	17593	0.74995	FALSE	NA	NA	NA	NA	NA	NA
NC_045512.2	16085	A	G	17587	2122	46	4	0	36	0.000227363	17593	0.999257	FALSE	NA	NA	NA	NA	NA	NA
NC_045512.2	16085	A	C	17587	2122	46	1	0	40	5.68408e-05	17593	0.74995	FALSE	NA	NA	NA	NA	NA	NA
NC_045512.2	16088	T	C	17739	2503	47	1	0	40	5.63698e-05	17740	0.750021	FALSE	NA	NA	NA	NA	NA	NA
NC_045512.2	16089	G	C	17745	2522	48	1	0	40	5.63507e-05	17746	0.750021	FALSE	NA	NA	NA	NA	NA	NA
NC_045512.2	16090	T	G	17797	2508	47	1	1	24	5.61766e-05	17801	1	FALSE	NA	NA	NA	NA	NA	NA
NC_045512.2	16090	T	C	17797	2508	47	3	1	48	0.00016853	17801	0.312489	FALSE	NA	NA	NA	NA	NA	NA
NC_045512.2	16091	A	C	17674	2534	46	9	0	27	0.000508963	17683	1	FALSE	NA	NA	NA	NA	NA	NA
NC_045512.2	16093	T	C	18023	2531	48	1	1	48	5.54816e-05	18024	0.750021	FALSE	NA	NA	NA	NA	NA	NA
NC_045512.2	16094	T	C	18019	2544	47	1	0	40	5.54939e-05	18020	0.750021	FALSE	NA	NA	NA	NA	NA	NA
NC_045512.2	16095	A	G	17901	2573	47	2	0	40	0.000111676	17909	0.499895	FALSE	NA	NA	NA	NA	NA	NA
NC_045512.2	16095	A	C	17901	2573	47	6	0	32	0.000335027	17909	0.994699	FALSE	NA	NA	NA	NA	NA	NA
NC_045512.2	16096	C	T	18181	2700	48	1	0	40	5.49995e-05	18182	0.750021	FALSE	NA	NA	NA	NA	NA	NA
NC_045512.2	16097	A	G	18057	2713	48	3	0	29	0.000166067	18065	1	FALSE	NA	NA	NA	NA	NA	NA
NC_045512.2	16097	A	C	18057	2713	48	5	0	33	0.000276778	18065	0.998703	FALSE	NA	NA	NA	NA	NA	NA
NC_045512.2	16098	A	G	18462	2862	48	3	1	34	0.000162426	18470	0.99989	FALSE	NA	NA	NA	NA	NA	NA
NC_045512.2	16098	A	C	18462	2862	48	5	0	27	0.000270709	18470	1	FALSE	NA	NA	NA	NA	NA	NA
NC_045512.2	16099	T	C	18553	2843	48	5	0	33	0.000269426	18558	0.998705	FALSE	NA	NA	NA	NA	NA	NA
NC_045512.2	16100	A	T	18979	2906	49	1	0	24	5.26815e-05	18982	1	FALSE	NA	NA	NA	NA	NA	NA
NC_045512.2	16100	A	C	18979	2906	49	2	0	24	0.000105363	18982	1	FALSE	NA	NA	NA	NA	NA	NA
NC_045512.2	16101	C	T	19041	2904	49	1	0	40	5.25155e-05	19042	0.75002	FALSE	NA	NA	NA	NA	NA	NA
NC_045512.2	16102	A	C	18963	2924	49	1	0	24	5.27315e-05	18964	1	FALSE	NA	NA	NA	NA	NA	NA
NC_045512.2	16103	T	C	19268	2945	48	1	0	40	5.18968e-05	19269	0.750019	FALSE	NA	NA	NA	NA	NA	NA
NC_045512.2	16104	A	G	19215	2975	49	2	0	52	0.000104053	19221	0.249954	FALSE	NA	NA	NA	NA	NA	NA
NC_045512.2	16104	A	C	19215	2975	49	4	0	24	0.000208106	19221	1	FALSE	NA	NA	NA	NA	NA	NA
NC_045512.2	16105	A	G	19209	2968	49	3	1	34	0.000156152	19212	0.99994	FALSE	NA	NA	NA	NA	NA	NA
NC_045512.2	16107	A	C	19233	3045	49	2	0	32	0.000103977	19235	0.99999	FALSE	NA	NA	NA	NA	NA	NA
NC_045512.2	16108	A	G	19287	3048	49	2	0	52	0.000103686	19289	0.250006	FALSE	NA	NA	NA	NA	NA	NA
NC_045512.2	16109	A	G	19234	3052	49	1	0	40	5.19859e-05	19236	0.750006	FALSE	NA	NA	NA	NA	NA	NA
NC_045512.2	16109	A	C	19234	3052	49	1	0	24	5.19859e-05	19236	1	FALSE	NA	NA	NA	NA	NA	NA
NC_045512.2	16111	C	G	19606	3115	49	2	0	32	0.000101989	19610	0.99999	FALSE	NA	NA	NA	NA	NA	NA
NC_045512.2	16111	C	A	19606	3115	49	2	0	32	0.000101989	19610	0.99999	FALSE	NA	NA	NA	NA	NA	NA
NC_045512.2	16113	A	G	19621	3127	49	1	0	40	5.0958e-05	19624	0.749994	FALSE	NA	NA	NA	NA	NA	NA
NC_045512.2	16113	A	C	19621	3127	49	2	0	32	0.000101916	19624	0.99999	FALSE	NA	NA	NA	NA	NA	NA
NC_045512.2	16114	C	A	18560	3160	45	57	0	26	0.00306172	18617	1	FALSE	NA	NA	NA	NA	NA	NA
NC_045512.2	16115	A	G	19703	3141	49	1	1	36	5.07434e-05	19707	0.999999	FALSE	NA	NA	NA	NA	NA	NA
NC_045512.2	16115	A	C	19703	3141	49	3	0	24	0.00015223	19707	1	FALSE	NA	NA	NA	NA	NA	NA
NC_045512.2	16116	T	G	19789	3135	49	2	0	32	0.000101051	19792	0.99999	FALSE	NA	NA	NA	NA	NA	NA
NC_045512.2	16116	T	C	19789	3135	49	1	0	40	5.05255e-05	19792	0.749994	FALSE	NA	NA	NA	NA	NA	NA
NC_045512.2	16117	G	A	19809	3150	49	1	0	40	5.04796e-05	19810	0.750019	FALSE	NA	NA	NA	NA	NA	NA
NC_045512.2	16118	A	G	19751	3169	49	2	0	38	0.000101235	19756	0.99999	FALSE	NA	NA	NA	NA	NA	NA
NC_045512.2	16118	A	C	19751	3169	49	3	0	24	0.000151853	19756	1	FALSE	NA	NA	NA	NA	NA	NA
NC_045512.2	16119	T	G	19872	3170	49	1	0	40	5.0317e-05	19874	0.750006	FALSE	NA	NA	NA	NA	NA	NA
NC_045512.2	16119	T	C	19872	3170	49	1	0	80	5.0317e-05	19874	0.5	FALSE	NA	NA	NA	NA	NA	NA
NC_045512.2	16121	A	G	19973	3187	49	2	0	40	0.000100095	19981	0.499906	FALSE	NA	NA	NA	NA	NA	NA
NC_045512.2	16121	A	C	19973	3187	49	6	0	29	0.000300285	19981	1	FALSE	NA	NA	NA	NA	NA	NA
NC_045512.2	16122	G	T	20227	3185	49	2	0	40	9.8868e-05	20229	0.687528	FALSE	NA	NA	NA	NA	NA	NA
NC_045512.2	16123	T	C	20263	3236	49	3	2	66	0.000148031	20266	0.125	FALSE	NA	NA	NA	NA	NA	NA
NC_045512.2	16124	T	C	20290	3239	49	1	0	40	4.92829e-05	20291	0.875018	FALSE	NA	NA	NA	NA	NA	NA
NC_045512.2	16124	T	-A	20290	3239	49	1	0	20	4.92829e-05	20291	1	FALSE	NA	NA	NA	NA	NA	NA
NC_045512.2	16125	A	G	20205	3254	49	1	0	80	4.94829e-05	20209	0.499963	FALSE	NA	NA	NA	NA	NA	NA
NC_045512.2	16125	A	C	20205	3254	49	3	0	24	0.000148449	20209	1	FALSE	NA	NA	NA	NA	NA	NA
NC_045512.2	16126	A	C	20233	3256	49	5	0	27	0.00024706	20238	1	FALSE	NA	NA	NA	NA	NA	NA
NC_045512.2	16127	C	A	20327	3254	49	1	0	24	4.91932e-05	20328	1	FALSE	NA	NA	NA	NA	NA	NA
NC_045512.2	16128	A	G	20256	3241	49	2	1	66	9.87167e-05	20260	0.249981	FALSE	NA	NA	NA	NA	NA	NA
NC_045512.2	16128	A	C	20256	3241	49	2	0	24	9.87167e-05	20260	1	FALSE	NA	NA	NA	NA	NA	NA
NC_045512.2	16129	G	C	20631	3253	49	1	0	40	4.84637e-05	20634	0.875	FALSE	NA	NA	NA	NA	NA	NA
NC_045512.2	16129	G	A	20631	3253	49	2	0	32	9.69274e-05	20634	0.999995	FALSE	NA	NA	NA	NA	NA	NA
NC_045512.2	16130	G	A	20598	3267	49	1	0	40	4.8546e-05	20599	0.875018	FALSE	NA	NA	NA	NA	NA	NA
NC_045512.2	16131	A	G	20509	3411	50	4	3	36	0.000194951	20518	0.999862	FALSE	NA	NA	NA	NA	NA	NA
NC_045512.2	16131	A	C	20509	3411	50	5	0	24	0.000243688	20518	1	FALSE	NA	NA	NA	NA	NA	NA
NC_045512.2	16132	C	G	20616	3457	50	1	0	64	4.85037e-05	20617	0.500012	FALSE	NA	NA	NA	NA	NA	NA
NC_045512.2	16133	A	T	20515	3511	51	1	0	64	4.87234e-05	20524	0.499915	FALSE	NA	NA	NA	NA	NA	NA
NC_045512.2	16133	A	G	20515	3511	51	1	0	64	4.87234e-05	20524	0.499915	FALSE	NA	NA	NA	NA	NA	NA
NC_045512.2	16133	A	C	20515	3511	51	7	0	26	0.000341064	20524	1	FALSE	NA	NA	NA	NA	NA	NA
NC_045512.2	16133	A	-C	20515	3511	51	1	0	20	4.87234e-05	20524	1	FALSE	NA	NA	NA	NA	NA	NA
NC_045512.2	16134	C	T	20890	3535	50	5	0	48	0.000239292	20895	0.226543	FALSE	NA	NA	NA	NA	NA	NA
NC_045512.2	16135	A	C	20968	3532	50	2	0	32	9.53743e-05	20970	0.999995	FALSE	NA	NA	NA	NA	NA	NA
NC_045512.2	16136	T	C	21381	3578	50	3	1	48	0.000140292	21384	0.500022	FALSE	NA	NA	NA	NA	NA	NA
NC_045512.2	16137	G	T	21360	3576	50	1	0	40	4.68143e-05	21361	0.875018	FALSE	NA	NA	NA	NA	NA	NA
NC_045512.2	16139	T	C	21296	3663	50	3	0	40	0.000140852	21299	0.500022	FALSE	NA	NA	NA	NA	NA	NA
NC_045512.2	16140	A	G	21194	3687	51	1	1	64	4.71787e-05	21196	0.5	FALSE	NA	NA	NA	NA	NA	NA
NC_045512.2	16140	A	C	21194	3687	51	1	0	40	4.71787e-05	21196	0.875009	FALSE	NA	NA	NA	NA	NA	NA
NC_045512.2	16141	G	A	21363	3690	51	2	0	32	9.3611e-05	21365	0.999997	FALSE	NA	NA	NA	NA	NA	NA
NC_045512.2	16142	A	G	21333	3716	51	1	0	24	4.68669e-05	21337	1	FALSE	NA	NA	NA	NA	NA	NA
NC_045512.2	16142	A	C	21333	3716	51	3	0	34	0.000140601	21337	0.999982	FALSE	NA	NA	NA	NA	NA	NA
NC_045512.2	16144	A	G	21477	3739	51	2	0	32	9.31012e-05	21482	0.999997	FALSE	NA	NA	NA	NA	NA	NA
NC_045512.2	16144	A	C	21477	3739	51	3	0	29	0.000139652	21482	1	FALSE	NA	NA	NA	NA	NA	NA
NC_045512.2	16145	T	C	21427	3665	51	4	1	49	0.000186646	21431	0.343761	FALSE	NA	NA	NA	NA	NA	NA
NC_045512.2	16146	G	C	21799	3691	51	2	0	60	9.17347e-05	21802	0.249994	FALSE	NA	NA	NA	NA	NA	NA
NC_045512.2	16146	G	A	21799	3691	51	1	0	40	4.58674e-05	21802	0.875	FALSE	NA	NA	NA	NA	NA	NA
NC_045512.2	16147	T	G	21782	3702	51	1	0	24	4.59053e-05	21784	1	FALSE	NA	NA	NA	NA	NA	NA
NC_045512.2	16147	T	C	21782	3702	51	1	0	40	4.59053e-05	21784	0.875009	FALSE	NA	NA	NA	NA	NA	NA
NC_045512.2	16148	A	T	21847	3724	51	1	0	24	4.57603e-05	21853	1	FALSE	NA	NA	NA	NA	NA	NA
NC_045512.2	16148	A	G	21847	3724	51	1	1	40	4.57603e-05	21853	0.874974	FALSE	NA	NA	NA	NA	NA	NA
NC_045512.2	16148	A	C	21847	3724	51	4	0	28	0.000183041	21853	1	FALSE	NA	NA	NA	NA	NA	NA
NC_045512.2	16149	T	G	21929	3981	52	1	0	40	4.55872e-05	21936	0.874966	FALSE	NA	NA	NA	NA	NA	NA
NC_045512.2	16149	T	C	21929	3981	52	4	0	35	0.000182349	21936	0.999922	FALSE	NA	NA	NA	NA	NA	NA
NC_045512.2	16149	T	A	21929	3981	52	2	0	24	9.11743e-05	21936	1	FALSE	NA	NA	NA	NA	NA	NA
NC_045512.2	16150	T	C	21758	3997	52	2	1	52	9.19118e-05	21760	0.250006	FALSE	NA	NA	NA	NA	NA	NA
NC_045512.2	16151	C	T	20629	4712	50	3	1	48	0.000145405	20632	0.500023	FALSE	NA	NA	NA	NA	NA	NA
NC_045512.2	16152	T	C	20525	4636	50	2	0	24	9.74326e-05	20527	1	FALSE	NA	NA	NA	NA	NA	NA
NC_045512.2	16153	G	T	20578	4616	50	1	1	24	4.85909e-05	20580	1	FALSE	NA	NA	NA	NA	NA	NA
NC_045512.2	16153	G	A	20578	4616	50	1	0	24	4.85909e-05	20580	1	FALSE	NA	NA	NA	NA	NA	NA
NC_045512.2	16154	T	G	20687	4996	51	3	1	29	0.000144991	20691	1	FALSE	NA	NA	NA	NA	NA	NA
NC_045512.2	16154	T	C	20687	4996	51	1	0	40	4.83302e-05	20691	0.874991	FALSE	NA	NA	NA	NA	NA	NA
NC_045512.2	16155	T	G	20579	4926	51	1	1	24	4.85885e-05	20581	1	FALSE	NA	NA	NA	NA	NA	NA
NC_045512.2	16155	T	C	20579	4926	51	1	1	48	4.85885e-05	20581	0.875009	FALSE	NA	NA	NA	NA	NA	NA
NC_045512.2	16156	A	G	20502	4966	51	2	1	64	9.75277e-05	20507	0.24997	FALSE	NA	NA	NA	NA	NA	NA
NC_045512.2	16156	A	C	20502	4966	51	3	0	24	0.000146292	20507	1	FALSE	NA	NA	NA	NA	NA	NA
NC_045512.2	16157	T	G	20335	4995	51	1	0	32	4.91739e-05	20336	1	FALSE	NA	NA	NA	NA	NA	NA
NC_045512.2	16158	G	T	20407	5040	51	1	0	40	4.8998e-05	20409	0.875009	FALSE	NA	NA	NA	NA	NA	NA
NC_045512.2	16158	G	A	20407	5040	51	1	0	24	4.8998e-05	20409	1	FALSE	NA	NA	NA	NA	NA	NA
NC_045512.2	16160	T	C	20203	5094	51	1	0	24	4.94951e-05	20204	1	FALSE	NA	NA	NA	NA	NA	NA
NC_045512.2	16161	T	G	20241	5154	51	3	3	32	0.000148192	20244	0.999967	FALSE	NA	NA	NA	NA	NA	NA
NC_045512.2	16162	A	G	19947	5198	49	1	0	40	5.01203e-05	19952	0.749969	FALSE	NA	NA	NA	NA	NA	NA
NC_045512.2	16162	A	C	19947	5198	49	4	0	24	0.000200481	19952	1	FALSE	NA	NA	NA	NA	NA	NA
NC_045512.2	16164	T	C	19409	6194	51	4	0	32	0.000206047	19413	0.999757	FALSE	NA	NA	NA	NA	NA	NA
NC_045512.2	16165	A	G	19487	6296	51	2	1	32	0.000102601	19493	0.99999	FALSE	NA	NA	NA	NA	NA	NA
NC_045512.2	16165	A	C	19487	6296	51	4	0	32	0.000205202	19493	0.999757	FALSE	NA	NA	NA	NA	NA	NA
NC_045512.2	16166	A	G	19535	6389	51	1	0	40	5.11823e-05	19538	0.749994	FALSE	NA	NA	NA	NA	NA	NA
NC_045512.2	16166	A	C	19535	6389	51	2	0	24	0.000102365	19538	1	FALSE	NA	NA	NA	NA	NA	NA
NC_045512.2	16167	T	G	19747	6343	51	2	2	28	0.000101271	19749	1	FALSE	NA	NA	NA	NA	NA	NA
NC_045512.2	16169	A	G	19692	6404	51	2	0	40	0.000101554	19694	0.500019	FALSE	NA	NA	NA	NA	NA	NA
NC_045512.2	16170	T	G	19751	6352	51	1	1	40	5.06227e-05	19754	0.749994	FALSE	NA	NA	NA	NA	NA	NA
NC_045512.2	16170	T	C	19751	6352	51	2	0	60	0.000101245	19754	0.249994	FALSE	NA	NA	NA	NA	NA	NA
NC_045512.2	16170	T	-A	19751	6352	51	1	0	20	5.06227e-05	19754	1	FALSE	NA	NA	NA	NA	NA	NA
NC_045512.2	16171	A	G	19440	6649	51	3	3	40	0.000154289	19444	0.312471	FALSE	NA	NA	NA	NA	NA	NA
NC_045512.2	16171	A	C	19440	6649	51	1	0	24	5.14297e-05	19444	1	FALSE	NA	NA	NA	NA	NA	NA
NC_045512.2	16172	A	C	19388	6661	51	1	0	24	5.15756e-05	19389	1	FALSE	NA	NA	NA	NA	NA	NA
NC_045512.2	16174	A	G	19438	6804	51	1	1	24	5.1435e-05	19442	1	FALSE	NA	NA	NA	NA	NA	NA
NC_045512.2	16174	A	C	19438	6804	51	3	0	24	0.000154305	19442	1	FALSE	NA	NA	NA	NA	NA	NA
NC_045512.2	16175	C	G	19464	6981	51	1	1	40	5.13611e-05	19470	0.749955	FALSE	NA	NA	NA	NA	NA	NA
NC_045512.2	16175	C	A	19464	6981	51	5	0	35	0.000256805	19470	0.99923	FALSE	NA	NA	NA	NA	NA	NA
NC_045512.2	16176	T	C	19391	6903	51	3	0	48	0.000154687	19394	0.31251	FALSE	NA	NA	NA	NA	NA	NA
NC_045512.2	16177	T	G	19372	6882	51	2	2	24	0.000103215	19377	1	FALSE	NA	NA	NA	NA	NA	NA
NC_045512.2	16177	T	C	19372	6882	51	2	1	66	0.000103215	19377	0.249968	FALSE	NA	NA	NA	NA	NA	NA
NC_045512.2	16177	T	A	19372	6882	51	1	1	40	5.16076e-05	19377	0.749968	FALSE	NA	NA	NA	NA	NA	NA
NC_045512.2	16178	C	A	18500	7271	47	25	0	25	0.00134953	18525	1	FALSE	NA	NA	NA	NA	NA	NA
NC_045512.2	16179	A	T	18921	7272	50	2	1	52	0.000105652	18930	0.249914	FALSE	NA	NA	NA	NA	NA	NA
NC_045512.2	16179	A	G	18921	7272	50	3	1	40	0.000158479	18930	0.312391	FALSE	NA	NA	NA	NA	NA	NA
NC_045512.2	16179	A	C	18921	7272	50	4	0	24	0.000211305	18930	1	FALSE	NA	NA	NA	NA	NA	NA
NC_045512.2	16180	A	G	18938	7253	50	1	0	24	5.27872e-05	18944	1	FALSE	NA	NA	NA	NA	NA	NA
NC_045512.2	16180	A	C	18938	7253	50	5	2	36	0.000263936	18944	0.998704	FALSE	NA	NA	NA	NA	NA	NA
NC_045512.2	16181	G	T	18894	7321	50	2	1	40	0.000105837	18897	0.5	FALSE	NA	NA	NA	NA	NA	NA
NC_045512.2	16181	G	A	18894	7321	50	1	0	40	5.29185e-05	18897	0.749993	FALSE	NA	NA	NA	NA	NA	NA
NC_045512.2	16182	G	C	19041	7287	50	1	0	40	5.25155e-05	19042	0.75002	FALSE	NA	NA	NA	NA	NA	NA
NC_045512.2	16183	T	G	19445	7962	51	1	1	40	5.14218e-05	19447	0.750006	FALSE	NA	NA	NA	NA	NA	NA
NC_045512.2	16183	T	C	19445	7962	51	1	0	80	5.14218e-05	19447	0.5	FALSE	NA	NA	NA	NA	NA	NA
NC_045512.2	16184	A	G	19297	7920	51	1	0	40	5.18162e-05	19299	0.750006	FALSE	NA	NA	NA	NA	NA	NA
NC_045512.2	16184	A	C	19297	7920	51	1	0	24	5.18162e-05	19299	1	FALSE	NA	NA	NA	NA	NA	NA
NC_045512.2	16186	T	C	18902	8087	50	1	0	40	5.29017e-05	18903	0.75002	FALSE	NA	NA	NA	NA	NA	NA
NC_045512.2	16187	G	T	18655	7997	49	8	8	26	0.000428633	18664	1	FALSE	NA	NA	NA	NA	NA	NA
NC_045512.2	16187	G	A	18655	7997	49	1	0	40	5.35791e-05	18664	0.749913	FALSE	NA	NA	NA	NA	NA	NA
NC_045512.2	16188	G	T	18642	8234	49	5	5	30	0.000268068	18652	0.998702	FALSE	NA	NA	NA	NA	NA	NA
NC_045512.2	16188	G	C	18642	8234	49	2	0	24	0.000107227	18652	1	FALSE	NA	NA	NA	NA	NA	NA
NC_045512.2	16188	G	A	18642	8234	49	3	1	61	0.000160841	18652	0.12493	FALSE	NA	NA	NA	NA	NA	NA
NC_045512.2	16189	G	A	18817	8427	50	1	0	80	5.31406e-05	18818	0.500013	FALSE	NA	NA	NA	NA	NA	NA
NC_045512.2	16190	A	G	18786	8489	50	1	0	40	5.32255e-05	18788	0.750007	FALSE	NA	NA	NA	NA	NA	NA
NC_045512.2	16190	A	C	18786	8489	50	1	0	32	5.32255e-05	18788	0.999998	FALSE	NA	NA	NA	NA	NA	NA
NC_045512.2	16191	A	G	18641	8383	50	3	2	53	0.000160892	18646	0.12498	FALSE	NA	NA	NA	NA	NA	NA
NC_045512.2	16191	A	C	18641	8383	50	2	0	24	0.000107262	18646	1	FALSE	NA	NA	NA	NA	NA	NA
NC_045512.2	16192	C	A	18618	8480	50	1	0	24	5.37086e-05	18619	1	FALSE	NA	NA	NA	NA	NA	NA
NC_045512.2	16193	C	G	18514	9056	50	1	1	40	5.40015e-05	18518	0.74998	FALSE	NA	NA	NA	NA	NA	NA
NC_045512.2	16193	C	A	18514	9056	50	3	0	34	0.000162005	18518	0.99989	FALSE	NA	NA	NA	NA	NA	NA
NC_045512.2	16194	T	C	18570	9132	50	4	2	46	0.000215355	18574	0.1875	FALSE	NA	NA	NA	NA	NA	NA
NC_045512.2	16195	G	T	18663	9194	50	1	1	24	5.35762e-05	18665	1	FALSE	NA	NA	NA	NA	NA	NA
NC_045512.2	16195	G	A	18663	9194	50	1	1	40	5.35762e-05	18665	0.750007	FALSE	NA	NA	NA	NA	NA	NA
NC_045512.2	16196	A	G	18657	9228	50	1	0	80	5.35934e-05	18659	0.5	FALSE	NA	NA	NA	NA	NA	NA
NC_045512.2	16196	A	C	18657	9228	50	1	0	24	5.35934e-05	18659	1	FALSE	NA	NA	NA	NA	NA	NA
NC_045512.2	16197	G	A	18665	9230	50	1	0	40	5.35733e-05	18666	0.75002	FALSE	NA	NA	NA	NA	NA	NA
NC_045512.2	16197	G	-T	18665	9230	50	1	0	20	5.35733e-05	18666	1	FALSE	NA	NA	NA	NA	NA	NA
NC_045512.2	16198	T	G	18851	9558	50	1	1	24	5.30448e-05	18852	1	FALSE	NA	NA	NA	NA	NA	NA
NC_045512.2	16199	T	G	18825	9585	50	1	1	24	5.31124e-05	18828	1	FALSE	NA	NA	NA	NA	NA	NA
NC_045512.2	16199	T	C	18825	9585	50	2	0	32	0.000106225	18828	0.99998	FALSE	NA	NA	NA	NA	NA	NA
NC_045512.2	16200	T	G	18805	9644	50	1	1	40	5.3166e-05	18809	0.74998	FALSE	NA	NA	NA	NA	NA	NA
NC_045512.2	16200	T	C	18805	9644	50	3	2	40	0.000159498	18809	0.31249	FALSE	NA	NA	NA	NA	NA	NA
NC_045512.2	16201	T	G	18756	9612	50	2	2	24	0.000106615	18759	1	FALSE	NA	NA	NA	NA	NA	NA
NC_045512.2	16201	T	A	18756	9612	50	1	1	40	5.33077e-05	18759	0.749993	FALSE	NA	NA	NA	NA	NA	NA
NC_045512.2	16202	A	G	18724	9687	50	3	3	34	0.000160171	18730	0.99989	FALSE	NA	NA	NA	NA	NA	NA
NC_045512.2	16202	A	C	18724	9687	50	3	0	24	0.000160171	18730	1	FALSE	NA	NA	NA	NA	NA	NA
NC_045512.2	16204	G	T	16976	7809	43	65	65	25	0.00381411	17042	1	FALSE	NA	NA	NA	NA	NA	NA
NC_045512.2	16204	G	A	16976	7809	43	1	0	40	5.86786e-05	17042	0.749066	FALSE	NA	NA	NA	NA	NA	NA
NC_045512.2	16205	A	G	18717	9780	50	3	3	40	0.000160248	18721	0.31249	FALSE	NA	NA	NA	NA	NA	NA
NC_045512.2	16205	A	C	18717	9780	50	1	0	24	5.3416e-05	18721	1	FALSE	NA	NA	NA	NA	NA	NA
NC_045512.2	16206	G	T	18320	9428	48	10	10	24	0.000545405	18335	1	FALSE	NA	NA	NA	NA	NA	NA
NC_045512.2	16206	G	C	18320	9428	48	3	3	32	0.000163621	18335	0.999889	FALSE	NA	NA	NA	NA	NA	NA
NC_045512.2	16206	G	A	18320	9428	48	2	1	60	0.000109081	18335	0.24983	FALSE	NA	NA	NA	NA	NA	NA
NC_045512.2	16207	G	C	18998	9966	50	1	1	40	5.26343e-05	18999	0.75002	FALSE	NA	NA	NA	NA	NA	NA
NC_045512.2	16208	C	G	19124	10347	50	1	1	40	5.22876e-05	19125	0.75002	FALSE	NA	NA	NA	NA	NA	NA
NC_045512.2	16209	T	G	19124	10275	50	3	3	24	0.000156838	19128	1	FALSE	NA	NA	NA	NA	NA	NA
NC_045512.2	16209	T	C	19124	10275	50	1	1	24	5.22794e-05	19128	1	FALSE	NA	NA	NA	NA	NA	NA
NC_045512.2	16210	A	C	19455	10421	50	1	0	24	5.1398e-05	19456	1	FALSE	NA	NA	NA	NA	NA	NA
NC_045512.2	16211	T	G	19014	10805	49	1	1	24	5.25845e-05	19017	1	FALSE	NA	NA	NA	NA	NA	NA
NC_045512.2	16211	T	C	19014	10805	49	2	2	32	0.000105169	19017	0.99999	FALSE	NA	NA	NA	NA	NA	NA
NC_045512.2	16212	G	T	19077	10806	49	1	1	24	5.24136e-05	19079	1	FALSE	NA	NA	NA	NA	NA	NA
NC_045512.2	16212	G	A	19077	10806	49	1	1	40	5.24136e-05	19079	0.750007	FALSE	NA	NA	NA	NA	NA	NA
NC_045512.2	16213	T	G	19560	11618	50	3	3	24	0.000153319	19567	1	FALSE	NA	NA	NA	NA	NA	NA
NC_045512.2	16213	T	C	19560	11618	50	4	2	60	0.000204426	19567	0.0624776	FALSE	NA	NA	NA	NA	NA	NA
NC_045512.2	16214	A	G	19578	11750	49	3	3	40	0.000153186	19584	0.312452	FALSE	NA	NA	NA	NA	NA	NA
NC_045512.2	16214	A	C	19578	11750	49	3	1	34	0.000153186	19584	0.99994	FALSE	NA	NA	NA	NA	NA	NA
NC_045512.2	16215	C	T	19260	12140	49	1	1	40	5.1913e-05	19263	0.749994	FALSE	NA	NA	NA	NA	NA	NA
NC_045512.2	16215	C	G	19260	12140	49	2	1	40	0.000103826	19263	0.5	FALSE	NA	NA	NA	NA	NA	NA
NC_045512.2	16216	A	C	18701	11667	49	2	0	24	0.000106935	18703	1	FALSE	NA	NA	NA	NA	NA	NA
NC_045512.2	16217	C	T	18859	11805	49	1	0	80	5.30223e-05	18860	0.500013	FALSE	NA	NA	NA	NA	NA	NA
NC_045512.2	16218	A	G	18662	11695	49	2	2	32	0.000107141	18667	0.99998	FALSE	NA	NA	NA	NA	NA	NA
NC_045512.2	16218	A	C	18662	11695	49	3	0	34	0.000160711	18667	0.99989	FALSE	NA	NA	NA	NA	NA	NA
NC_045512.2	16219	C	G	18774	11753	49	2	2	40	0.000106519	18776	0.50002	FALSE	NA	NA	NA	NA	NA	NA
NC_045512.2	16220	C	T	18121	11532	48	2	2	40	0.000110357	18123	0.500021	FALSE	NA	NA	NA	NA	NA	NA
NC_045512.2	16221	G	A	18080	11428	48	9	5	51	0.00049754	18089	0.00195167	TRUE	NA	NA	NA	NA	NA	NA
NC_045512.2	16222	C	G	18158	11544	48	2	0	32	0.000110132	18160	0.99998	FALSE	NA	NA	NA	NA	NA	NA
NC_045512.2	16223	A	G	18156	11589	48	7	6	28	0.000385378	18164	1	FALSE	NA	NA	NA	NA	NA	NA
NC_045512.2	16223	A	C	18156	11589	48	1	0	40	5.5054e-05	18164	0.749924	FALSE	NA	NA	NA	NA	NA	NA
NC_045512.2	16224	T	G	18109	11506	48	3	3	26	0.000165636	18112	1	FALSE	NA	NA	NA	NA	NA	NA
NC_045512.2	16225	A	G	18188	11610	48	5	3	28	0.000274801	18195	1	FALSE	NA	NA	NA	NA	NA	NA
NC_045512.2	16225	A	C	18188	11610	48	2	0	24	0.00010992	18195	1	FALSE	NA	NA	NA	NA	NA	NA
NC_045512.2	16226	C	T	18258	11623	48	1	0	80	5.47675e-05	18259	0.500014	FALSE	NA	NA	NA	NA	NA	NA
NC_045512.2	16227	A	G	18120	11520	48	1	1	80	5.51815e-05	18122	0.5	FALSE	NA	NA	NA	NA	NA	NA
NC_045512.2	16227	A	C	18120	11520	48	1	0	40	5.51815e-05	18122	0.750007	FALSE	NA	NA	NA	NA	NA	NA
NC_045512.2	16228	G	T	18406	11545	48	4	3	28	0.000217273	18410	1	FALSE	NA	NA	NA	NA	NA	NA
NC_045512.2	16229	T	G	18940	12455	49	1	1	24	5.27872e-05	18944	1	FALSE	NA	NA	NA	NA	NA	NA
NC_045512.2	16229	T	C	18940	12455	49	2	0	38	0.000105574	18944	0.99998	FALSE	NA	NA	NA	NA	NA	NA
NC_045512.2	16229	T	A	18940	12455	49	1	1	40	5.27872e-05	18944	0.74998	FALSE	NA	NA	NA	NA	NA	NA
NC_045512.2	16230	C	A	18953	12470	49	2	0	24	0.000105513	18955	1	FALSE	NA	NA	NA	NA	NA	NA
NC_045512.2	16232	T	G	19277	12976	50	4	4	28	0.000207447	19282	1	FALSE	NA	NA	NA	NA	NA	NA
NC_045512.2	16232	T	C	19277	12976	50	1	1	40	5.18618e-05	19282	0.749968	FALSE	NA	NA	NA	NA	NA	NA
NC_045512.2	16233	A	G	19368	13102	50	2	2	40	0.000103242	19372	0.499981	FALSE	NA	NA	NA	NA	NA	NA
NC_045512.2	16233	A	C	19368	13102	50	2	0	32	0.000103242	19372	0.99999	FALSE	NA	NA	NA	NA	NA	NA
NC_045512.2	16234	C	A	19061	13227	48	7	0	27	0.000367107	19068	1	FALSE	NA	NA	NA	NA	NA	NA
NC_045512.2	16235	A	G	19086	13049	50	4	3	32	0.000209512	19092	0.999757	FALSE	NA	NA	NA	NA	NA	NA
NC_045512.2	16235	A	C	19086	13049	50	2	0	32	0.000104756	19092	0.99999	FALSE	NA	NA	NA	NA	NA	NA
NC_045512.2	16236	G	T	18566	12477	48	39	37	26	0.0020961	18606	1	FALSE	NA	NA	NA	NA	NA	NA
NC_045512.2	16236	G	A	18566	12477	48	1	0	80	5.37461e-05	18606	0.499489	FALSE	NA	NA	NA	NA	NA	NA
NC_045512.2	16237	G	T	18515	12552	50	1	0	40	5.40015e-05	18518	0.749993	FALSE	NA	NA	NA	NA	NA	NA
NC_045512.2	16237	G	A	18515	12552	50	2	2	40	0.000108003	18518	0.5	FALSE	NA	NA	NA	NA	NA	NA
NC_045512.2	16238	C	T	18681	12916	49	2	1	60	0.000107049	18683	0.250007	FALSE	NA	NA	NA	NA	NA	NA
NC_045512.2	16239	T	G	18451	12674	50	2	2	40	0.000108378	18454	0.5	FALSE	NA	NA	NA	NA	NA	NA
NC_045512.2	16239	T	C	18451	12674	50	1	0	80	5.41888e-05	18454	0.499986	FALSE	NA	NA	NA	NA	NA	NA
NC_045512.2	16240	G	T	18595	12699	50	3	2	29	0.000161299	18599	1	FALSE	NA	NA	NA	NA	NA	NA
NC_045512.2	16240	G	C	18595	12699	50	1	1	40	5.37663e-05	18599	0.74998	FALSE	NA	NA	NA	NA	NA	NA
NC_045512.2	16241	T	G	18648	12825	50	4	3	26	0.00021442	18655	1	FALSE	NA	NA	NA	NA	NA	NA
NC_045512.2	16241	T	C	18648	12825	50	3	3	53	0.000160815	18655	0.12496	FALSE	NA	NA	NA	NA	NA	NA
NC_045512.2	16242	T	G	18696	12854	50	2	2	24	0.000106963	18698	1	FALSE	NA	NA	NA	NA	NA	NA
NC_045512.2	16243	G	T	18401	12584	49	13	12	27	0.000705985	18414	1	FALSE	NA	NA	NA	NA	NA	NA
NC_045512.2	16244	G	T	18797	13070	51	1	0	24	5.31971e-05	18798	1	FALSE	NA	NA	NA	NA	NA	NA
NC_045512.2	16245	G	T	18513	12767	50	9	8	27	0.000485882	18523	1	FALSE	NA	NA	NA	NA	NA	NA
NC_045512.2	16245	G	A	18513	12767	50	1	1	40	5.39869e-05	18523	0.749899	FALSE	NA	NA	NA	NA	NA	NA
NC_045512.2	16246	G	T	18795	13071	51	2	1	60	0.0001064	18797	0.250007	FALSE	NA	NA	NA	NA	NA	NA
NC_045512.2	16247	C	A	18636	13242	50	1	1	40	5.36567e-05	18637	0.75002	FALSE	NA	NA	NA	NA	NA	NA
NC_045512.2	16248	T	G	20774	16539	53	2	2	24	9.6251e-05	20779	1	FALSE	NA	NA	NA	NA	NA	NA
NC_045512.2	16248	T	C	20774	16539	53	3	3	53	0.000144377	20779	0.124982	FALSE	NA	NA	NA	NA	NA	NA
NC_045512.2	16249	T	G	20482	16280	54	2	2	32	9.76372e-05	20484	0.999995	FALSE	NA	NA	NA	NA	NA	NA
NC_045512.2	16250	G	T	20452	16256	53	5	5	27	0.000244403	20458	1	FALSE	NA	NA	NA	NA	NA	NA
NC_045512.2	16250	G	C	20452	16256	53	1	1	24	4.88806e-05	20458	1	FALSE	NA	NA	NA	NA	NA	NA
NC_045512.2	16251	T	G	20610	16648	53	1	1	24	4.85178e-05	20611	1	FALSE	NA	NA	NA	NA	NA	NA
NC_045512.2	16252	G	A	20713	16747	53	1	0	48	4.82765e-05	20714	0.875018	FALSE	NA	NA	NA	NA	NA	NA
NC_045512.2	16253	T	C	20763	16883	53	7	6	57	0.000337025	20770	0.00780987	TRUE	NA	NA	NA	NA	NA	NA
NC_045512.2	16254	T	G	20669	16910	53	3	3	24	0.000145096	20676	1	FALSE	NA	NA	NA	NA	NA	NA
NC_045512.2	16254	T	C	20669	16910	53	4	3	46	0.000193461	20676	0.343693	FALSE	NA	NA	NA	NA	NA	NA
NC_045512.2	16255	C	T	20725	16978	53	1	1	24	4.82462e-05	20727	1	FALSE	NA	NA	NA	NA	NA	NA
NC_045512.2	16255	C	A	20725	16978	53	1	1	40	4.82462e-05	20727	0.875009	FALSE	NA	NA	NA	NA	NA	NA
NC_045512.2	16256	T	G	20461	16718	53	1	1	32	4.88687e-05	20463	1	FALSE	NA	NA	NA	NA	NA	NA
NC_045512.2	16256	T	C	20461	16718	53	1	1	40	4.88687e-05	20463	0.875009	FALSE	NA	NA	NA	NA	NA	NA
NC_045512.2	16257	T	C	20489	16743	53	2	1	60	9.76038e-05	20491	0.250006	FALSE	NA	NA	NA	NA	NA	NA
NC_045512.2	16258	T	G	20431	16681	53	3	3	26	0.0001468	20436	1	FALSE	NA	NA	NA	NA	NA	NA
NC_045512.2	16258	T	C	20431	16681	53	2	1	48	9.78665e-05	20436	0.687472	FALSE	NA	NA	NA	NA	NA	NA
NC_045512.2	16259	G	A	20594	16865	53	2	2	60	9.71062e-05	20596	0.250006	FALSE	NA	NA	NA	NA	NA	NA
NC_045512.2	16260	C	T	20544	16942	53	1	1	40	4.86736e-05	20545	0.875018	FALSE	NA	NA	NA	NA	NA	NA
NC_045512.2	16261	A	C	20492	16902	53	1	1	24	4.87972e-05	20493	1	FALSE	NA	NA	NA	NA	NA	NA
NC_045512.2	16263	T	G	20422	16838	53	3	2	26	0.000146872	20426	1	FALSE	NA	NA	NA	NA	NA	NA
NC_045512.2	16263	T	C	20422	16838	53	1	1	40	4.89572e-05	20426	0.874991	FALSE	NA	NA	NA	NA	NA	NA
NC_045512.2	16264	T	G	20435	16845	52	2	2	24	9.78426e-05	20441	1	FALSE	NA	NA	NA	NA	NA	NA
NC_045512.2	16264	T	C	20435	16845	52	3	3	34	0.000146764	20441	0.999967	FALSE	NA	NA	NA	NA	NA	NA
NC_045512.2	16264	T	A	20435	16845	52	1	1	80	4.89213e-05	20441	0.499951	FALSE	NA	NA	NA	NA	NA	NA
NC_045512.2	16265	C	T	20506	16958	53	1	1	80	4.87615e-05	20508	0.5	FALSE	NA	NA	NA	NA	NA	NA
NC_045512.2	16265	C	G	20506	16958	53	1	1	40	4.87615e-05	20508	0.875009	FALSE	NA	NA	NA	NA	NA	NA
NC_045512.2	16266	A	T	20473	16931	53	1	1	40	4.88377e-05	20476	0.875	FALSE	NA	NA	NA	NA	NA	NA
NC_045512.2	16266	A	G	20473	16931	53	2	2	60	9.76753e-05	20476	0.249994	FALSE	NA	NA	NA	NA	NA	NA
NC_045512.2	16267	C	T	20455	16914	53	1	1	24	4.88854e-05	20456	1	FALSE	NA	NA	NA	NA	NA	NA
NC_045512.2	16268	A	G	20410	16876	53	2	2	24	9.79768e-05	20413	1	FALSE	NA	NA	NA	NA	NA	NA
NC_045512.2	16268	A	C	20410	16876	53	1	1	24	4.89884e-05	20413	1	FALSE	NA	NA	NA	NA	NA	NA
NC_045512.2	16269	G	C	20390	16860	52	1	0	32	4.90412e-05	20391	1	FALSE	NA	NA	NA	NA	NA	NA
NC_045512.2	16269	G	-ACTTCATTA	20390	16860	52	1	0	20	4.90412e-05	20391	1	FALSE	NA	NA	NA	NA	NA	NA
NC_045512.2	16270	A	T	20436	16928	52	2	0	80	9.78569e-05	20438	0.249994	FALSE	NA	NA	NA	NA	NA	NA
NC_045512.2	16271	C	G	20462	17149	52	1	1	40	4.88663e-05	20464	0.875	FALSE	NA	NA	NA	NA	NA	NA
NC_045512.2	16271	C	A	20462	17149	52	1	0	24	4.88663e-05	20464	1	FALSE	NA	NA	NA	NA	NA	NA
NC_045512.2	16272	T	C	20361	17047	52	3	2	48	0.000147319	20364	0.5	FALSE	NA	NA	NA	NA	NA	NA
NC_045512.2	16273	T	G	20293	16957	52	1	1	24	4.92684e-05	20297	1	FALSE	NA	NA	NA	NA	NA	NA
NC_045512.2	16273	T	C	20293	16957	52	3	3	34	0.000147805	20297	0.999967	FALSE	NA	NA	NA	NA	NA	NA
NC_045512.2	16274	C	T	20352	17044	52	2	2	60	9.8256e-05	20355	0.249982	FALSE	NA	NA	NA	NA	NA	NA
NC_045512.2	16274	C	A	20352	17044	52	1	0	32	4.9128e-05	20355	1	FALSE	NA	NA	NA	NA	NA	NA
NC_045512.2	16275	A	G	20379	17061	52	2	2	52	9.81306e-05	20381	0.249994	FALSE	NA	NA	NA	NA	NA	NA
NC_045512.2	16276	T	G	20315	16985	52	3	3	26	0.000147652	20318	1	FALSE	NA	NA	NA	NA	NA	NA
NC_045512.2	16277	T	G	20154	16853	50	7	7	29	0.000347205	20161	1	FALSE	NA	NA	NA	NA	NA	NA
NC_045512.2	16278	A	G	20362	17079	52	2	2	44	9.82125e-05	20364	0.687509	FALSE	NA	NA	NA	NA	NA	NA
NC_045512.2	16279	A	C	20372	17090	52	1	0	32	4.90846e-05	20373	1	FALSE	NA	NA	NA	NA	NA	NA
NC_045512.2	16281	A	G	20208	17050	51	3	3	66	0.000148434	20211	0.125	FALSE	NA	NA	NA	NA	NA	NA
NC_045512.2	16282	T	G	19869	16729	51	1	1	24	5.0317e-05	19874	1	FALSE	NA	NA	NA	NA	NA	NA
NC_045512.2	16282	T	C	19869	16729	51	4	3	46	0.000201268	19874	0.187484	FALSE	NA	NA	NA	NA	NA	NA
NC_045512.2	16283	G	T	19020	15859	48	44	44	27	0.00230789	19065	1	FALSE	NA	NA	NA	NA	NA	NA
NC_045512.2	16283	G	A	19020	15859	48	1	1	40	5.24521e-05	19065	0.749442	FALSE	NA	NA	NA	NA	NA	NA
NC_045512.2	16284	T	G	19659	16541	51	2	2	32	0.000101714	19663	0.99999	FALSE	NA	NA	NA	NA	NA	NA
NC_045512.2	16284	T	C	19659	16541	51	1	0	80	5.08569e-05	19663	0.499975	FALSE	NA	NA	NA	NA	NA	NA
NC_045512.2	16284	T	A	19659	16541	51	1	1	40	5.08569e-05	19663	0.749981	FALSE	NA	NA	NA	NA	NA	NA
NC_045512.2	16285	G	T	19719	16754	51	1	1	40	5.07099e-05	19720	0.750019	FALSE	NA	NA	NA	NA	NA	NA
NC_045512.2	16286	G	C	19728	16843	51	2	2	36	0.000101368	19730	0.99999	FALSE	NA	NA	NA	NA	NA	NA
NC_045512.2	16287	T	G	19491	16768	50	4	4	24	0.000205139	19499	1	FALSE	NA	NA	NA	NA	NA	NA
NC_045512.2	16287	T	C	19491	16768	50	4	4	36	0.000205139	19499	0.999756	FALSE	NA	NA	NA	NA	NA	NA
NC_045512.2	16288	G	C	19612	16895	50	1	1	24	5.09866e-05	19613	1	FALSE	NA	NA	NA	NA	NA	NA
NC_045512.2	16289	C	T	19274	16578	50	1	1	40	5.18807e-05	19275	0.750019	FALSE	NA	NA	NA	NA	NA	NA
NC_045512.2	16290	T	G	19161	16463	50	4	4	28	0.000208681	19168	1	FALSE	NA	NA	NA	NA	NA	NA
NC_045512.2	16290	T	C	19161	16463	50	3	2	42	0.000156511	19168	0.312432	FALSE	NA	NA	NA	NA	NA	NA
NC_045512.2	16291	T	G	19112	16415	50	3	3	29	0.00015692	19118	1	FALSE	NA	NA	NA	NA	NA	NA
NC_045512.2	16291	T	C	19112	16415	50	3	2	45	0.00015692	19118	0.312451	FALSE	NA	NA	NA	NA	NA	NA
NC_045512.2	16292	G	T	19237	16580	50	2	2	80	0.00010395	19240	0.249994	FALSE	NA	NA	NA	NA	NA	NA
NC_045512.2	16292	G	A	19237	16580	50	1	1	40	5.19751e-05	19240	0.749994	FALSE	NA	NA	NA	NA	NA	NA
NC_045512.2	16293	C	T	19179	16662	49	1	1	24	5.21376e-05	19180	1	FALSE	NA	NA	NA	NA	NA	NA
NC_045512.2	16294	A	G	19205	16695	49	2	2	24	0.000104129	19207	1	FALSE	NA	NA	NA	NA	NA	NA
NC_045512.2	16295	T	G	18771	16259	48	4	4	28	0.000213049	18775	1	FALSE	NA	NA	NA	NA	NA	NA
NC_045512.2	16297	C	T	18904	16586	49	3	3	40	0.000158663	18908	0.31249	FALSE	NA	NA	NA	NA	NA	NA
NC_045512.2	16297	C	G	18904	16586	49	1	1	40	5.28877e-05	18908	0.74998	FALSE	NA	NA	NA	NA	NA	NA
NC_045512.2	16298	G	T	18792	16475	48	2	2	24	0.000106417	18794	1	FALSE	NA	NA	NA	NA	NA	NA
NC_045512.2	16299	T	G	18647	16406	47	7	7	26	0.000375214	18656	1	FALSE	NA	NA	NA	NA	NA	NA
NC_045512.2	16299	T	C	18647	16406	47	1	0	80	5.36021e-05	18656	0.499906	FALSE	NA	NA	NA	NA	NA	NA
NC_045512.2	16299	T	A	18647	16406	47	1	1	40	5.36021e-05	18656	0.749913	FALSE	NA	NA	NA	NA	NA	NA
NC_045512.2	16300	A	G	18384	16174	49	4	4	32	0.000217533	18388	0.999574	FALSE	NA	NA	NA	NA	NA	NA
NC_045512.2	16301	G	T	18339	16127	49	3	3	29	0.000163541	18344	1	FALSE	NA	NA	NA	NA	NA	NA
NC_045512.2	16301	G	C	18339	16127	49	1	1	40	5.45137e-05	18344	0.749966	FALSE	NA	NA	NA	NA	NA	NA
NC_045512.2	16301	G	A	18339	16127	49	1	1	40	5.45137e-05	18344	0.749966	FALSE	NA	NA	NA	NA	NA	NA
NC_045512.2	16302	A	G	18355	16347	48	2	2	52	0.00010895	18357	0.250007	FALSE	NA	NA	NA	NA	NA	NA
NC_045512.2	16303	C	T	18305	16345	47	4	4	36	0.00021846	18310	0.999574	FALSE	NA	NA	NA	NA	NA	NA
NC_045512.2	16303	C	G	18305	16345	47	1	1	24	5.4615e-05	18310	1	FALSE	NA	NA	NA	NA	NA	NA
NC_045512.2	16304	C	T	17917	15964	47	2	2	40	0.000111601	17921	0.499979	FALSE	NA	NA	NA	NA	NA	NA
NC_045512.2	16304	C	G	17917	15964	47	1	1	40	5.58005e-05	17921	0.749979	FALSE	NA	NA	NA	NA	NA	NA
NC_045512.2	16304	C	A	17917	15964	47	1	1	40	5.58005e-05	17921	0.749979	FALSE	NA	NA	NA	NA	NA	NA
NC_045512.2	16305	A	G	17622	15683	48	1	1	24	5.6744e-05	17623	1	FALSE	NA	NA	NA	NA	NA	NA
NC_045512.2	16306	T	G	17527	15587	48	2	2	24	0.00011409	17530	1	FALSE	NA	NA	NA	NA	NA	NA
NC_045512.2	16306	T	C	17527	15587	48	1	1	24	5.70451e-05	17530	1	FALSE	NA	NA	NA	NA	NA	NA
NC_045512.2	16307	T	G	17517	15593	47	5	5	24	0.000285307	17525	1	FALSE	NA	NA	NA	NA	NA	NA
NC_045512.2	16307	T	C	17517	15593	47	3	3	40	0.000171184	17525	0.312404	FALSE	NA	NA	NA	NA	NA	NA
NC_045512.2	16309	T	G	17464	15580	47	1	1	24	5.72541e-05	17466	1	FALSE	NA	NA	NA	NA	NA	NA
NC_045512.2	16309	T	C	17464	15580	47	1	1	40	5.72541e-05	17466	0.750007	FALSE	NA	NA	NA	NA	NA	NA
NC_045512.2	16310	T	G	17142	15268	47	3	3	24	0.000174968	17146	1	FALSE	NA	NA	NA	NA	NA	NA
NC_045512.2	16310	T	C	17142	15268	47	1	1	24	5.83226e-05	17146	1	FALSE	NA	NA	NA	NA	NA	NA
NC_045512.2	16311	A	G	17260	15402	47	2	2	40	0.000115855	17263	0.5	FALSE	NA	NA	NA	NA	NA	NA
NC_045512.2	16311	A	C	17260	15402	47	1	1	24	5.79274e-05	17263	1	FALSE	NA	NA	NA	NA	NA	NA
NC_045512.2	16312	T	G	17006	15167	47	4	4	24	0.000235156	17010	1	FALSE	NA	NA	NA	NA	NA	NA
NC_045512.2	16313	G	T	17042	15207	47	3	3	24	0.000176005	17045	1	FALSE	NA	NA	NA	NA	NA	NA
NC_045512.2	16313	G	+T	17042	15207	47	1	0	20	5.86682e-05	17045	1	FALSE	NA	NA	NA	NA	NA	NA
NC_045512.2	16314	T	G	16807	14991	47	4	4	24	0.000237939	16811	1	FALSE	NA	NA	NA	NA	NA	NA
NC_045512.2	16315	T	G	16669	14194	47	1	1	24	5.99808e-05	16672	1	FALSE	NA	NA	NA	NA	NA	NA
NC_045512.2	16315	T	C	16669	14194	47	2	1	52	0.000119962	16672	0.249993	FALSE	NA	NA	NA	NA	NA	NA
NC_045512.2	16316	G	C	16831	14381	47	2	0	32	0.000118814	16833	0.999928	FALSE	NA	NA	NA	NA	NA	NA
NC_045512.2	16317	T	G	16427	13983	45	4	4	28	0.000243413	16433	1	FALSE	NA	NA	NA	NA	NA	NA
NC_045512.2	16317	T	C	16427	13983	45	2	1	32	0.000121706	16433	0.999928	FALSE	NA	NA	NA	NA	NA	NA
NC_045512.2	16318	A	G	16667	14311	46	2	1	60	0.000119976	16670	0.249993	FALSE	NA	NA	NA	NA	NA	NA
NC_045512.2	16318	A	C	16667	14311	46	1	1	64	5.9988e-05	16670	0.499985	FALSE	NA	NA	NA	NA	NA	NA
NC_045512.2	16319	A	G	16652	14307	47	1	1	32	6.00384e-05	16656	0.999992	FALSE	NA	NA	NA	NA	NA	NA
NC_045512.2	16319	A	C	16652	14307	47	3	1	34	0.000180115	16656	0.999637	FALSE	NA	NA	NA	NA	NA	NA
NC_045512.2	16320	A	G	16650	14272	47	5	5	41	0.000300156	16658	0.109326	FALSE	NA	NA	NA	NA	NA	NA
NC_045512.2	16320	A	C	16650	14272	47	3	2	34	0.000180094	16658	0.999636	FALSE	NA	NA	NA	NA	NA	NA
NC_045512.2	16321	T	G	16594	14209	47	1	1	24	6.02591e-05	16595	1	FALSE	NA	NA	NA	NA	NA	NA
NC_045512.2	16322	G	A	16592	14217	47	2	2	40	0.000120525	16594	0.500023	FALSE	NA	NA	NA	NA	NA	NA
NC_045512.2	16324	T	G	16269	14016	46	3	3	29	0.000184343	16274	1	FALSE	NA	NA	NA	NA	NA	NA
NC_045512.2	16324	T	C	16269	14016	46	2	1	32	0.000122895	16274	0.999928	FALSE	NA	NA	NA	NA	NA	NA
NC_045512.2	16325	G	T	16435	14067	46	1	1	24	6.08421e-05	16436	1	FALSE	NA	NA	NA	NA	NA	NA
NC_045512.2	16326	T	G	16340	13971	46	2	2	32	0.000122384	16342	0.999928	FALSE	NA	NA	NA	NA	NA	NA
NC_045512.2	16327	T	G	16240	13873	46	7	7	26	0.000430822	16248	1	FALSE	NA	NA	NA	NA	NA	NA
NC_045512.2	16327	T	C	16240	13873	46	1	1	80	6.1546e-05	16248	0.499908	FALSE	NA	NA	NA	NA	NA	NA
NC_045512.2	16328	A	G	16399	14052	46	1	0	40	6.09756e-05	16400	0.750023	FALSE	NA	NA	NA	NA	NA	NA
NC_045512.2	16330	G	T	16121	13766	46	3	3	24	0.000186	16129	1	FALSE	NA	NA	NA	NA	NA	NA
NC_045512.2	16330	G	C	16121	13766	46	3	3	34	0.000186	16129	0.999636	FALSE	NA	NA	NA	NA	NA	NA
NC_045512.2	16330	G	A	16121	13766	46	2	2	40	0.000124	16129	0.499884	FALSE	NA	NA	NA	NA	NA	NA
NC_045512.2	16331	A	G	16191	13843	46	7	6	54	0.000432125	16199	0.00780744	TRUE	NA	NA	NA	NA	NA	NA
NC_045512.2	16331	A	C	16191	13843	46	1	1	40	6.17322e-05	16199	0.749915	FALSE	NA	NA	NA	NA	NA	NA
NC_045512.2	16332	C	T	16161	13934	45	1	1	40	6.1862e-05	16165	0.749977	FALSE	NA	NA	NA	NA	NA	NA
NC_045512.2	16332	C	G	16161	13934	45	2	2	32	0.000123724	16165	0.999928	FALSE	NA	NA	NA	NA	NA	NA
NC_045512.2	16332	C	A	16161	13934	45	1	1	80	6.1862e-05	16165	0.499969	FALSE	NA	NA	NA	NA	NA	NA
NC_045512.2	16333	C	G	15999	13773	46	1	1	40	6.24922e-05	16002	0.749992	FALSE	NA	NA	NA	NA	NA	NA
NC_045512.2	16333	C	A	15999	13773	46	2	2	40	0.000124984	16002	0.5	FALSE	NA	NA	NA	NA	NA	NA
NC_045512.2	16334	A	G	15036	12861	46	2	2	32	0.000132988	15039	0.999863	FALSE	NA	NA	NA	NA	NA	NA
NC_045512.2	16334	A	C	15036	12861	46	1	0	24	6.64938e-05	15039	1	FALSE	NA	NA	NA	NA	NA	NA
NC_045512.2	16335	T	G	15052	12811	46	2	2	24	0.000132837	15056	1	FALSE	NA	NA	NA	NA	NA	NA
NC_045512.2	16335	T	C	15052	12811	46	2	2	40	0.000132837	15056	0.499975	FALSE	NA	NA	NA	NA	NA	NA
NC_045512.2	16336	G	T	15086	12826	45	1	1	24	6.62778e-05	15088	1	FALSE	NA	NA	NA	NA	NA	NA
NC_045512.2	16336	G	C	15086	12826	45	1	0	24	6.62778e-05	15088	1	FALSE	NA	NA	NA	NA	NA	NA
NC_045512.2	16337	T	G	15091	12823	46	2	2	32	0.000132477	15097	0.999863	FALSE	NA	NA	NA	NA	NA	NA
NC_045512.2	16337	T	C	15091	12823	46	4	4	32	0.000264953	15097	0.997792	FALSE	NA	NA	NA	NA	NA	NA
NC_045512.2	16338	C	G	15037	12758	46	1	1	40	6.64982e-05	15038	0.750025	FALSE	NA	NA	NA	NA	NA	NA
NC_045512.2	16339	A	C	14954	12683	46	1	0	24	6.68673e-05	14955	1	FALSE	NA	NA	NA	NA	NA	NA
NC_045512.2	16340	T	G	14759	12480	46	3	3	29	0.000203211	14763	1	FALSE	NA	NA	NA	NA	NA	NA
NC_045512.2	16340	T	C	14759	12480	46	1	1	40	6.77369e-05	14763	0.749975	FALSE	NA	NA	NA	NA	NA	NA
NC_045512.2	16341	A	G	14819	12549	46	3	2	33	0.000202375	14824	0.998828	FALSE	NA	NA	NA	NA	NA	NA
NC_045512.2	16341	A	C	14819	12549	46	2	0	24	0.000134916	14824	1	FALSE	NA	NA	NA	NA	NA	NA
NC_045512.2	16342	T	G	14727	12437	46	4	4	24	0.000271499	14733	1	FALSE	NA	NA	NA	NA	NA	NA
NC_045512.2	16342	T	C	14727	12437	46	2	1	40	0.00013575	14733	0.499924	FALSE	NA	NA	NA	NA	NA	NA
NC_045512.2	16344	A	G	14069	11845	46	2	2	40	0.000142136	14071	0.500027	FALSE	NA	NA	NA	NA	NA	NA
NC_045512.2	16345	A	C	13792	11579	46	1	1	24	7.25005e-05	13793	1	FALSE	NA	NA	NA	NA	NA	NA
NC_045512.2	16347	A	C	13547	11373	46	3	3	34	0.000221402	13550	0.997916	FALSE	NA	NA	NA	NA	NA	NA
NC_045512.2	16348	T	C	13471	11297	46	2	0	32	0.000148445	13473	0.999513	FALSE	NA	NA	NA	NA	NA	NA
NC_045512.2	16349	C	G	13270	11106	46	1	1	40	7.53523e-05	13271	0.750028	FALSE	NA	NA	NA	NA	NA	NA
NC_045512.2	16350	A	G	13246	11063	46	2	2	32	0.000150955	13249	0.999513	FALSE	NA	NA	NA	NA	NA	NA
NC_045512.2	16350	A	C	13246	11063	46	1	1	24	7.54774e-05	13249	1	FALSE	NA	NA	NA	NA	NA	NA
NC_045512.2	16351	C	G	12971	11156	43	1	1	40	7.70179e-05	12984	0.749798	FALSE	NA	NA	NA	NA	NA	NA
NC_045512.2	16351	C	A	12971	11156	43	12	0	28	0.000924214	12984	1	FALSE	NA	NA	NA	NA	NA	NA
NC_045512.2	16352	A	G	13224	11057	46	3	3	24	0.000226775	13229	1	FALSE	NA	NA	NA	NA	NA	NA
NC_045512.2	16352	A	C	13224	11057	46	2	1	32	0.000151183	13229	0.999513	FALSE	NA	NA	NA	NA	NA	NA
NC_045512.2	16353	T	G	13132	10962	45	3	3	24	0.000228363	13137	1	FALSE	NA	NA	NA	NA	NA	NA
NC_045512.2	16353	T	C	13132	10962	45	2	1	40	0.000152242	13137	0.499943	FALSE	NA	NA	NA	NA	NA	NA
NC_045512.2	16354	A	G	13131	10963	46	1	1	24	7.61441e-05	13133	1	FALSE	NA	NA	NA	NA	NA	NA
NC_045512.2	16354	A	C	13131	10963	46	1	1	40	7.61441e-05	13133	0.75001	FALSE	NA	NA	NA	NA	NA	NA
NC_045512.2	16355	A	T	13187	10959	46	1	0	40	7.58093e-05	13191	0.749972	FALSE	NA	NA	NA	NA	NA	NA
NC_045512.2	16355	A	G	13187	10959	46	3	2	32	0.000227428	13191	0.997915	FALSE	NA	NA	NA	NA	NA	NA
NC_045512.2	16356	A	G	13150	10921	46	1	1	24	7.60398e-05	13151	1	FALSE	NA	NA	NA	NA	NA	NA
NC_045512.2	16357	T	G	13077	10856	45	4	4	24	0.000305787	13081	1	FALSE	NA	NA	NA	NA	NA	NA
NC_045512.2	16358	T	G	13029	10967	45	2	2	24	0.00015348	13031	1	FALSE	NA	NA	NA	NA	NA	NA
NC_045512.2	16359	A	G	12585	10562	45	3	3	40	0.000238322	12588	0.312515	FALSE	NA	NA	NA	NA	NA	NA
NC_045512.2	16360	G	T	12517	10510	44	1	1	24	7.9885e-05	12518	1	FALSE	NA	NA	NA	NA	NA	NA
NC_045512.2	16361	T	G	12507	10627	43	1	1	24	7.99297e-05	12511	1	FALSE	NA	NA	NA	NA	NA	NA
NC_045512.2	16361	T	C	12507	10627	43	3	3	34	0.000239789	12511	0.996316	FALSE	NA	NA	NA	NA	NA	NA
NC_045512.2	16362	C	G	12521	10711	43	2	2	32	0.000159693	12524	0.999087	FALSE	NA	NA	NA	NA	NA	NA
NC_045512.2	16362	C	A	12521	10711	43	1	1	40	7.98467e-05	12524	0.74999	FALSE	NA	NA	NA	NA	NA	NA
NC_045512.2	16363	T	G	12218	10419	44	1	1	24	8.18331e-05	12220	1	FALSE	NA	NA	NA	NA	NA	NA
NC_045512.2	16363	T	C	12218	10419	44	1	1	40	8.18331e-05	12220	0.75001	FALSE	NA	NA	NA	NA	NA	NA
NC_045512.2	16363	T	+A	12218	10419	44	1	0	20	8.18331e-05	12220	1	FALSE	NA	NA	NA	NA	NA	NA
NC_045512.2	16364	T	G	11229	9456	44	6	6	36	0.000533998	11236	0.928344	FALSE	NA	NA	NA	NA	NA	NA
NC_045512.2	16364	T	A	11229	9456	44	1	1	40	8.89996e-05	11236	0.7499	FALSE	NA	NA	NA	NA	NA	NA
NC_045512.2	16366	T	G	11212	9435	44	3	3	24	0.000267475	11216	1	FALSE	NA	NA	NA	NA	NA	NA
NC_045512.2	16366	T	C	11212	9435	44	1	1	40	8.91583e-05	11216	0.749967	FALSE	NA	NA	NA	NA	NA	NA
NC_045512.2	16367	C	G	11293	9557	43	1	1	40	8.85426e-05	11294	0.750033	FALSE	NA	NA	NA	NA	NA	NA
NC_045512.2	16368	T	G	11024	9301	43	3	3	40	0.000271985	11030	0.312415	FALSE	NA	NA	NA	NA	NA	NA
NC_045512.2	16368	T	C	11024	9301	43	3	3	34	0.000271985	11030	0.993538	FALSE	NA	NA	NA	NA	NA	NA
NC_045512.2	16369	G	T	10989	9254	43	1	1	40	9.09835e-05	10991	0.750011	FALSE	NA	NA	NA	NA	NA	NA
NC_045512.2	16369	G	C	10989	9254	43	1	1	24	9.09835e-05	10991	1	FALSE	NA	NA	NA	NA	NA	NA
NC_045512.2	16370	T	G	10976	9250	43	8	8	30	0.000728266	10985	0.75975	FALSE	NA	NA	NA	NA	NA	NA
NC_045512.2	16370	T	C	10976	9250	43	1	1	40	9.10332e-05	10985	0.749852	FALSE	NA	NA	NA	NA	NA	NA
NC_045512.2	16371	T	G	10915	9188	43	2	2	24	0.000183201	10917	1	FALSE	NA	NA	NA	NA	NA	NA
NC_045512.2	16372	A	G	10983	9304	43	1	1	24	9.10415e-05	10984	1	FALSE	NA	NA	NA	NA	NA	NA
NC_045512.2	16373	A	G	10951	9256	43	1	1	24	9.13075e-05	10952	1	FALSE	NA	NA	NA	NA	NA	NA
NC_045512.2	16374	T	G	10835	9138	43	6	6	26	0.000553454	10841	1	FALSE	NA	NA	NA	NA	NA	NA
NC_045512.2	16375	C	G	10865	9171	43	2	2	24	0.000184043	10867	1	FALSE	NA	NA	NA	NA	NA	NA
NC_045512.2	16377	G	T	9552	7949	43	1	1	40	0.000104657	9555	0.499974	FALSE	NA	NA	NA	NA	NA	NA
NC_045512.2	16377	G	A	9552	7949	43	2	2	32	0.000209314	9555	0.994152	FALSE	NA	NA	NA	NA	NA	NA
NC_045512.2	16378	T	G	9228	7640	43	3	3	24	0.000324957	9232	1	FALSE	NA	NA	NA	NA	NA	NA
NC_045512.2	16378	T	C	9228	7640	43	1	1	40	0.000108319	9232	0.499946	FALSE	NA	NA	NA	NA	NA	NA
NC_045512.2	16379	A	G	9255	7787	42	1	1	24	0.000108038	9256	1	FALSE	NA	NA	NA	NA	NA	NA
NC_045512.2	16380	T	G	9241	7748	42	3	3	29	0.000324465	9246	1	FALSE	NA	NA	NA	NA	NA	NA
NC_045512.2	16380	T	C	9241	7748	42	2	2	40	0.00021631	9246	0.249932	FALSE	NA	NA	NA	NA	NA	NA
NC_045512.2	16381	G	A	9269	7813	42	1	1	40	0.000107875	9270	0.500027	FALSE	NA	NA	NA	NA	NA	NA
NC_045512.2	16382	T	G	8363	6916	42	1	1	24	0.00011956	8364	1	FALSE	NA	NA	NA	NA	NA	NA
NC_045512.2	16383	T	G	8302	6854	42	3	3	29	0.000361185	8306	1	FALSE	NA	NA	NA	NA	NA	NA
NC_045512.2	16383	T	C	8302	6854	42	1	1	40	0.000120395	8306	0.49994	FALSE	NA	NA	NA	NA	NA	NA
NC_045512.2	16387	A	C	1391	176	45	1	0	24	0.000718391	1392	0.999941	FALSE	NA	NA	NA	NA	NA	NA
NC_045512.2	16390	G	A	1508	182	45	2	0	40	0.0013245	1510	0.250083	FALSE	NA	NA	NA	NA	NA	NA
NC_045512.2	16391	C	A	1510	183	46	1	0	40	0.000661813	1511	0.500166	FALSE	NA	NA	NA	NA	NA	NA
NC_045512.2	16392	T	C	1513	184	46	1	0	40	0.000660502	1514	0.500165	FALSE	NA	NA	NA	NA	NA	NA
NC_045512.2	16395	A	C	1515	197	46	1	0	40	0.000659631	1516	0.500165	FALSE	NA	NA	NA	NA	NA	NA
NC_045512.2	16396	G	A	1521	195	47	1	1	80	0.00065703	1522	0.500164	FALSE	NA	NA	NA	NA	NA	NA
NC_045512.2	16400	G	T	1530	180	43	3	3	34	0.00195695	1533	0.312622	FALSE	NA	NA	NA	NA	NA	NA
NC_045512.2	16401	T	C	1547	220	48	3	2	66	0.00193548	1550	0.125	FALSE	NA	NA	NA	NA	NA	NA
NC_045512.2	16409	C	A	1524	228	44	1	0	40	0.000655738	1525	0.500164	FALSE	NA	NA	NA	NA	NA	NA
NC_045512.2	16413	T	C	1611	260	50	1	0	24	0.000620347	1612	0.999993	FALSE	NA	NA	NA	NA	NA	NA
NC_045512.2	16418	C	A	1580	256	49	2	0	24	0.00126422	1582	0.999868	FALSE	NA	NA	NA	NA	NA	NA
NC_045512.2	16420	C	A	1600	256	49	1	0	24	0.00062461	1601	0.999993	FALSE	NA	NA	NA	NA	NA	NA
NC_045512.2	16422	A	C	1619	261	50	1	0	24	0.000617284	1620	0.999993	FALSE	NA	NA	NA	NA	NA	NA
NC_045512.2	16428	C	A	1615	280	49	1	0	24	0.000618812	1616	0.999993	FALSE	NA	NA	NA	NA	NA	NA
NC_045512.2	16431	A	C	1601	268	51	2	0	24	0.00124766	1603	0.999931	FALSE	NA	NA	NA	NA	NA	NA
NC_045512.2	16433	G	T	1608	207	45	3	3	29	0.0018622	1611	0.999649	FALSE	NA	NA	NA	NA	NA	NA
NC_045512.2	16434	A	C	1623	273	51	1	0	24	0.000615764	1624	0.999993	FALSE	NA	NA	NA	NA	NA	NA
NC_045512.2	16438	A	C	1662	315	53	2	0	24	0.00120192	1664	0.99993	FALSE	NA	NA	NA	NA	NA	NA
NC_045512.2	16441	A	C	1667	320	53	1	0	40	0.00059952	1668	0.50015	FALSE	NA	NA	NA	NA	NA	NA
NC_045512.2	16455	A	C	1473	433	52	2	0	32	0.00135593	1475	0.500254	FALSE	NA	NA	NA	NA	NA	NA
NC_045512.2	16468	C	A	1444	691	51	1	0	24	0.000692042	1445	0.999971	FALSE	NA	NA	NA	NA	NA	NA
NC_045512.2	16469	C	A	1455	688	52	1	0	24	0.000686813	1456	0.999971	FALSE	NA	NA	NA	NA	NA	NA
NC_045512.2	16481	C	A	1454	854	51	1	0	24	0.000687285	1455	0.999971	FALSE	NA	NA	NA	NA	NA	NA
NC_045512.2	16483	T	G	1460	864	51	1	0	24	0.000684463	1461	0.999971	FALSE	NA	NA	NA	NA	NA	NA
NC_045512.2	16484	T	G	1426	831	51	2	2	24	0.00139958	1429	0.999749	FALSE	NA	NA	NA	NA	NA	NA
NC_045512.2	16484	T	C	1426	831	51	1	1	80	0.00069979	1429	0.499825	FALSE	NA	NA	NA	NA	NA	NA
NC_045512.2	16491	T	C	1387	872	49	1	0	64	0.000720461	1388	0.50018	FALSE	NA	NA	NA	NA	NA	NA
NC_045512.2	16494	T	G	1387	875	49	1	1	40	0.000720461	1388	0.50018	FALSE	NA	NA	NA	NA	NA	NA
NC_045512.2	16501	G	-T	1355	888	50	1	0	20	0.000738007	1355	0.999942	FALSE	NA	NA	NA	NA	NA	NA
NC_045512.2	16513	T	G	1494	1176	51	1	1	24	0.000668896	1495	0.999971	FALSE	NA	NA	NA	NA	NA	NA
NC_045512.2	16521	T	C	1566	1310	51	1	1	40	0.000638162	1567	0.50016	FALSE	NA	NA	NA	NA	NA	NA
NC_045512.2	16532	G	T	1501	1265	49	2	2	24	0.00133067	1503	0.999868	FALSE	NA	NA	NA	NA	NA	NA
NC_045512.2	16533	T	C	1541	1306	51	1	1	80	0.000648508	1542	0.500162	FALSE	NA	NA	NA	NA	NA	NA
NC_045512.2	16544	T	G	1493	1308	48	1	1	24	0.000669344	1494	0.999971	FALSE	NA	NA	NA	NA	NA	NA
NC_045512.2	16545	T	G	1477	1293	49	2	2	24	0.00135227	1479	0.99975	FALSE	NA	NA	NA	NA	NA	NA
NC_045512.2	16546	A	G	1483	1306	49	1	1	40	0.000673401	1485	0.5	FALSE	NA	NA	NA	NA	NA	NA
NC_045512.2	16546	A	C	1483	1306	49	1	1	40	0.000673401	1485	0.5	FALSE	NA	NA	NA	NA	NA	NA
NC_045512.2	16554	T	G	1442	1277	48	1	1	24	0.000693001	1443	0.999971	FALSE	NA	NA	NA	NA	NA	NA
NC_045512.2	16558	G	T	1445	1300	48	1	1	40	0.000691563	1446	0.500173	FALSE	NA	NA	NA	NA	NA	NA
NC_045512.2	16588	G	A	1178	1102	45	1	1	40	0.000848176	1179	0.500212	FALSE	NA	NA	NA	NA	NA	NA
NC_045512.2	16589	G	T	1129	1053	41	3	3	24	0.00265018	1132	0.993691	FALSE	NA	NA	NA	NA	NA	NA
NC_045512.2	16600	T	C	1102	1045	44	1	1	40	0.000906618	1103	0.500227	FALSE	NA	NA	NA	NA	NA	NA
NC_045512.2	16608	C	T	1076	1027	43	1	1	40	0.000928505	1077	0.500232	FALSE	NA	NA	NA	NA	NA	NA
NC_045512.2	16617	T	G	878	839	42	2	2	24	0.00227273	880	0.989481	FALSE	NA	NA	NA	NA	NA	NA
NC_045512.2	16625	T	G	702	671	42	1	1	24	0.00142248	703	0.996193	FALSE	NA	NA	NA	NA	NA	NA
NC_045512.2	16635	T	G	647	619	42	1	1	24	0.00154321	648	0.992355	FALSE	NA	NA	NA	NA	NA	NA
NC_045512.2	16640	C	A	628	604	41	1	1	40	0.00158983	629	0.500398	FALSE	NA	NA	NA	NA	NA	NA
NC_045512.2	16643	A	G	626	602	42	1	1	40	0.0015949	627	0.500399	FALSE	NA	NA	NA	NA	NA	NA
NC_045512.2	16647	G	C	591	569	38	1	1	40	0.00168634	593	0.5	FALSE	NA	NA	NA	NA	NA	NA
NC_045512.2	16647	G	A	591	569	38	1	1	40	0.00168634	593	0.5	FALSE	NA	NA	NA	NA	NA	NA
NC_045512.2	16653	A	C	1968	131	40	4	0	24	0.0020284	1972	0.999765	FALSE	NA	NA	NA	NA	NA	NA
NC_045512.2	16657	A	C	2759	155	41	1	0	24	0.000362319	2760	1	FALSE	NA	NA	NA	NA	NA	NA
NC_045512.2	16658	C	A	2701	158	39	5	0	24	0.00184775	2706	0.999991	FALSE	NA	NA	NA	NA	NA	NA
NC_045512.2	16660	G	T	2885	133	40	1	1	24	0.0003465	2886	1	FALSE	NA	NA	NA	NA	NA	NA
NC_045512.2	16661	A	C	2901	159	40	1	0	24	0.00034459	2902	1	FALSE	NA	NA	NA	NA	NA	NA
NC_045512.2	16663	G	T	2884	71	39	12	12	28	0.00414079	2898	0.996865	FALSE	NA	NA	NA	NA	NA	NA
NC_045512.2	16663	G	C	2884	71	39	2	0	24	0.000690131	2898	1	FALSE	NA	NA	NA	NA	NA	NA
NC_045512.2	16664	A	C	2962	166	41	1	0	24	0.000337496	2963	1	FALSE	NA	NA	NA	NA	NA	NA
NC_045512.2	16665	G	T	2965	166	41	3	1	40	0.0010101	2970	0.124874	FALSE	NA	NA	NA	NA	NA	NA
NC_045512.2	16665	G	C	2965	166	41	2	0	32	0.000673401	2970	0.68731	FALSE	NA	NA	NA	NA	NA	NA
NC_045512.2	16666	A	G	2960	176	40	2	0	32	0.000675219	2962	0.68769	FALSE	NA	NA	NA	NA	NA	NA
NC_045512.2	16668	A	C	4341	207	41	6	0	29	0.00138026	4347	1	FALSE	NA	NA	NA	NA	NA	NA
NC_045512.2	16670	T	C	4458	213	41	2	0	24	0.00044843	4460	1	FALSE	NA	NA	NA	NA	NA	NA
NC_045512.2	16671	T	C	4467	226	41	1	0	40	0.000223814	4468	0.500056	FALSE	NA	NA	NA	NA	NA	NA
NC_045512.2	16672	A	C	4429	231	40	4	0	28	0.000902323	4433	1	FALSE	NA	NA	NA	NA	NA	NA
NC_045512.2	16673	A	G	4475	234	41	1	1	40	0.000223414	4476	0.500056	FALSE	NA	NA	NA	NA	NA	NA
NC_045512.2	16674	A	T	4470	233	41	1	0	40	0.000223614	4472	0.5	FALSE	NA	NA	NA	NA	NA	NA
NC_045512.2	16674	A	C	4470	233	41	1	0	24	0.000223614	4472	1	FALSE	NA	NA	NA	NA	NA	NA
NC_045512.2	16676	T	C	4510	256	42	1	0	40	0.000221631	4512	0.5	FALSE	NA	NA	NA	NA	NA	NA
NC_045512.2	16676	T	A	4510	256	42	1	1	40	0.000221631	4512	0.5	FALSE	NA	NA	NA	NA	NA	NA
NC_045512.2	16677	G	T	6423	292	41	1	1	24	0.000155666	6424	1	FALSE	NA	NA	NA	NA	NA	NA
NC_045512.2	16678	T	G	6425	300	42	2	0	32	0.000311042	6430	0.964852	FALSE	NA	NA	NA	NA	NA	NA
NC_045512.2	16678	T	C	6425	300	42	3	0	29	0.000466563	6430	1	FALSE	NA	NA	NA	NA	NA	NA
NC_045512.2	16680	T	G	6457	320	42	2	0	32	0.000309358	6465	0.964801	FALSE	NA	NA	NA	NA	NA	NA
NC_045512.2	16680	T	C	6457	320	42	6	0	34	0.000928074	6465	0.612741	FALSE	NA	NA	NA	NA	NA	NA
NC_045512.2	16681	T	G	6483	323	42	1	0	40	0.000154178	6486	0.499961	FALSE	NA	NA	NA	NA	NA	NA
NC_045512.2	16681	T	C	6483	323	42	2	0	40	0.000308356	6486	0.249981	FALSE	NA	NA	NA	NA	NA	NA
NC_045512.2	16682	A	C	6530	329	42	2	0	24	0.000306185	6532	1	FALSE	NA	NA	NA	NA	NA	NA
NC_045512.2	16684	G	C	6661	387	43	1	0	40	0.000150083	6663	0.5	FALSE	NA	NA	NA	NA	NA	NA
NC_045512.2	16684	G	A	6661	387	43	1	0	40	0.000150083	6663	0.5	FALSE	NA	NA	NA	NA	NA	NA
NC_045512.2	16686	T	C	7431	429	43	2	0	32	0.00026907	7433	0.980507	FALSE	NA	NA	NA	NA	NA	NA
NC_045512.2	16687	A	G	7407	433	43	1	0	40	0.000134971	7409	0.5	FALSE	NA	NA	NA	NA	NA	NA
NC_045512.2	16687	A	C	7407	433	43	1	0	24	0.000134971	7409	1	FALSE	NA	NA	NA	NA	NA	NA
NC_045512.2	16688	T	G	7818	442	43	1	0	40	0.000127812	7824	0.499872	FALSE	NA	NA	NA	NA	NA	NA
NC_045512.2	16688	T	C	7818	442	43	5	0	33	0.000639059	7824	0.806245	FALSE	NA	NA	NA	NA	NA	NA
NC_045512.2	16689	T	C	7825	443	43	1	0	40	0.000127779	7826	0.500032	FALSE	NA	NA	NA	NA	NA	NA
NC_045512.2	16690	G	T	7837	446	43	1	0	40	0.000127551	7840	0.499968	FALSE	NA	NA	NA	NA	NA	NA
NC_045512.2	16690	G	C	7837	446	43	2	0	24	0.000255102	7840	1	FALSE	NA	NA	NA	NA	NA	NA
NC_045512.2	16691	C	T	7991	480	43	1	0	40	0.000125125	7992	0.500031	FALSE	NA	NA	NA	NA	NA	NA
NC_045512.2	16693	A	T	8057	488	43	1	0	40	0.0001241	8058	0.500031	FALSE	NA	NA	NA	NA	NA	NA
NC_045512.2	16694	C	A	7948	487	38	2	0	24	0.000251572	7950	1	FALSE	NA	NA	NA	NA	NA	NA
NC_045512.2	16696	G	A	8426	492	43	1	0	40	0.000118666	8427	0.50003	FALSE	NA	NA	NA	NA	NA	NA
NC_045512.2	16697	T	C	8483	489	43	2	0	32	0.00023571	8485	0.989281	FALSE	NA	NA	NA	NA	NA	NA
NC_045512.2	16698	A	G	8413	493	42	5	0	33	0.000593613	8423	0.866484	FALSE	NA	NA	NA	NA	NA	NA
NC_045512.2	16698	A	C	8413	493	42	5	0	27	0.000593613	8423	1	FALSE	NA	NA	NA	NA	NA	NA
NC_045512.2	16699	C	T	8558	492	43	1	0	40	0.000116836	8559	0.500029	FALSE	NA	NA	NA	NA	NA	NA
NC_045512.2	16700	G	T	8703	494	43	1	1	24	0.00011485	8707	1	FALSE	NA	NA	NA	NA	NA	NA
NC_045512.2	16700	G	C	8703	494	43	2	0	32	0.0002297	8707	0.98927	FALSE	NA	NA	NA	NA	NA	NA
NC_045512.2	16700	G	A	8703	494	43	1	0	24	0.00011485	8707	1	FALSE	NA	NA	NA	NA	NA	NA
NC_045512.2	16701	T	G	8716	510	43	1	0	40	0.000114679	8720	0.499943	FALSE	NA	NA	NA	NA	NA	NA
NC_045512.2	16701	T	C	8716	510	43	3	0	40	0.000344037	8720	0.124978	FALSE	NA	NA	NA	NA	NA	NA
NC_045512.2	16703	A	G	8696	533	43	4	0	36	0.000459664	8702	0.927044	FALSE	NA	NA	NA	NA	NA	NA
NC_045512.2	16703	A	C	8696	533	43	2	0	40	0.000229832	8702	0.249899	FALSE	NA	NA	NA	NA	NA	NA
NC_045512.2	16704	A	G	8678	534	43	1	0	40	0.000115194	8681	0.499971	FALSE	NA	NA	NA	NA	NA	NA
NC_045512.2	16704	A	C	8678	534	43	2	0	24	0.000230388	8681	1	FALSE	NA	NA	NA	NA	NA	NA
NC_045512.2	16706	T	C	8870	591	44	3	0	34	0.000338104	8873	0.96734	FALSE	NA	NA	NA	NA	NA	NA
NC_045512.2	16708	C	T	8936	607	43	6	0	34	0.000670991	8942	0.788179	FALSE	NA	NA	NA	NA	NA	NA
NC_045512.2	16709	T	C	8983	625	44	5	0	33	0.000556297	8988	0.866708	FALSE	NA	NA	NA	NA	NA	NA
NC_045512.2	16710	G	C	9225	634	44	1	0	80	0.000108389	9226	0.500027	FALSE	NA	NA	NA	NA	NA	NA
NC_045512.2	16712	C	T	9254	658	44	1	0	40	0.000108038	9256	0.5	FALSE	NA	NA	NA	NA	NA	NA
NC_045512.2	16712	C	A	9254	658	44	1	0	40	0.000108038	9256	0.5	FALSE	NA	NA	NA	NA	NA	NA
NC_045512.2	16713	T	G	9256	657	44	2	0	40	0.000215983	9260	0.249959	FALSE	NA	NA	NA	NA	NA	NA
NC_045512.2	16713	T	C	9256	657	44	2	0	40	0.000215983	9260	0.249959	FALSE	NA	NA	NA	NA	NA	NA
NC_045512.2	16715	A	C	9234	660	44	2	0	24	0.000216544	9236	1	FALSE	NA	NA	NA	NA	NA	NA
NC_045512.2	16716	C	A	9196	654	43	3	1	48	0.000326122	9199	0.125	FALSE	NA	NA	NA	NA	NA	NA
NC_045512.2	16717	A	G	9225	660	44	2	0	40	0.000216755	9227	0.250014	FALSE	NA	NA	NA	NA	NA	NA
NC_045512.2	16718	G	T	9311	659	44	1	1	32	0.000107365	9314	0.999025	FALSE	NA	NA	NA	NA	NA	NA
NC_045512.2	16718	G	C	9311	659	44	1	0	40	0.000107365	9314	0.499973	FALSE	NA	NA	NA	NA	NA	NA
NC_045512.2	16718	G	A	9311	659	44	1	0	24	0.000107365	9314	1	FALSE	NA	NA	NA	NA	NA	NA
NC_045512.2	16719	A	C	9285	713	44	1	0	24	0.000107689	9286	1	FALSE	NA	NA	NA	NA	NA	NA
NC_045512.2	16721	A	T	9721	828	45	1	0	40	0.000102838	9724	0.499974	FALSE	NA	NA	NA	NA	NA	NA
NC_045512.2	16721	A	G	9721	828	45	2	2	80	0.000205677	9724	0.249987	FALSE	NA	NA	NA	NA	NA	NA
NC_045512.2	16722	A	G	9764	842	45	1	0	24	0.000102407	9765	1	FALSE	NA	NA	NA	NA	NA	NA
NC_045512.2	16723	T	G	9806	840	45	4	0	36	0.000407747	9810	0.953929	FALSE	NA	NA	NA	NA	NA	NA
NC_045512.2	16725	A	C	9708	852	44	3	0	24	0.000308928	9711	1	FALSE	NA	NA	NA	NA	NA	NA
NC_045512.2	16726	C	A	9634	856	44	5	0	24	0.000518726	9639	1	FALSE	NA	NA	NA	NA	NA	NA
NC_045512.2	16728	T	C	9842	858	45	1	0	40	0.000101595	9843	0.500025	FALSE	NA	NA	NA	NA	NA	NA
NC_045512.2	16729	C	T	9857	862	45	1	0	24	0.00010144	9858	1	FALSE	NA	NA	NA	NA	NA	NA
NC_045512.2	16730	T	C	9882	947	46	2	0	80	0.000202347	9884	0.250013	FALSE	NA	NA	NA	NA	NA	NA
NC_045512.2	16731	T	C	9902	955	46	3	0	34	0.000302877	9905	0.980749	FALSE	NA	NA	NA	NA	NA	NA
NC_045512.2	16732	T	G	9915	999	46	1	1	32	0.000100837	9917	0.999026	FALSE	NA	NA	NA	NA	NA	NA
NC_045512.2	16732	T	C	9915	999	46	1	0	24	0.000100837	9917	1	FALSE	NA	NA	NA	NA	NA	NA
NC_045512.2	16733	C	A	9534	1015	43	21	0	26	0.0021978	9555	1	FALSE	NA	NA	NA	NA	NA	NA
NC_045512.2	16734	A	G	9850	1011	46	2	0	40	0.000202943	9855	0.249937	FALSE	NA	NA	NA	NA	NA	NA
NC_045512.2	16734	A	C	9850	1011	46	3	0	29	0.000304414	9855	1	FALSE	NA	NA	NA	NA	NA	NA
NC_045512.2	16735	T	C	9946	1013	46	1	0	40	0.000100533	9947	0.500025	FALSE	NA	NA	NA	NA	NA	NA
NC_045512.2	16736	G	T	9912	964	44	1	1	24	0.000100857	9915	1	FALSE	NA	NA	NA	NA	NA	NA
NC_045512.2	16736	G	A	9912	964	44	2	0	24	0.000201715	9915	1	FALSE	NA	NA	NA	NA	NA	NA
NC_045512.2	16737	G	C	9952	1014	46	1	0	40	0.000100472	9953	0.500025	FALSE	NA	NA	NA	NA	NA	NA
NC_045512.2	16738	G	A	9960	1017	46	2	0	40	0.000200763	9962	0.250013	FALSE	NA	NA	NA	NA	NA	NA
NC_045512.2	16739	A	G	9919	1020	46	2	0	32	0.000201593	9921	0.994154	FALSE	NA	NA	NA	NA	NA	NA
NC_045512.2	16740	A	G	9930	1020	46	1	0	40	0.000100685	9932	0.5	FALSE	NA	NA	NA	NA	NA	NA
NC_045512.2	16740	A	C	9930	1020	46	1	0	24	0.000100685	9932	1	FALSE	NA	NA	NA	NA	NA	NA
NC_045512.2	16741	G	T	10009	1024	46	1	0	40	9.99001e-05	10010	0.750037	FALSE	NA	NA	NA	NA	NA	NA
NC_045512.2	16742	T	C	10036	1027	46	2	0	40	0.000199223	10039	0.5	FALSE	NA	NA	NA	NA	NA	NA
NC_045512.2	16742	T	A	10036	1027	46	1	0	40	9.96115e-05	10039	0.749988	FALSE	NA	NA	NA	NA	NA	NA
NC_045512.2	16744	G	A	10241	1040	46	1	0	80	9.76372e-05	10242	0.500024	FALSE	NA	NA	NA	NA	NA	NA
NC_045512.2	16745	G	T	10254	1039	46	1	0	32	9.75134e-05	10255	0.999513	FALSE	NA	NA	NA	NA	NA	NA
NC_045512.2	16746	T	C	10261	1035	46	2	1	60	0.000194875	10263	0.250012	FALSE	NA	NA	NA	NA	NA	NA
NC_045512.2	16749	A	G	10771	1140	47	1	0	40	9.2816e-05	10774	0.749988	FALSE	NA	NA	NA	NA	NA	NA
NC_045512.2	16749	A	C	10771	1140	47	2	0	24	0.000185632	10774	1	FALSE	NA	NA	NA	NA	NA	NA
NC_045512.2	16751	C	G	10852	1141	47	1	0	24	9.21404e-05	10853	1	FALSE	NA	NA	NA	NA	NA	NA
NC_045512.2	16752	T	G	10839	1136	47	1	0	24	9.22254e-05	10843	1	FALSE	NA	NA	NA	NA	NA	NA
NC_045512.2	16752	T	C	10839	1136	47	2	0	40	0.000184451	10843	0.499965	FALSE	NA	NA	NA	NA	NA	NA
NC_045512.2	16752	T	A	10839	1136	47	1	0	40	9.22254e-05	10843	0.749965	FALSE	NA	NA	NA	NA	NA	NA
NC_045512.2	16753	A	G	10725	1129	46	3	0	34	0.000279538	10732	0.988774	FALSE	NA	NA	NA	NA	NA	NA
NC_045512.2	16753	A	C	10725	1129	46	4	0	24	0.000372717	10732	1	FALSE	NA	NA	NA	NA	NA	NA
NC_045512.2	16755	A	C	10912	1146	47	2	0	32	0.000183251	10914	0.996834	FALSE	NA	NA	NA	NA	NA	NA
NC_045512.2	16756	C	A	10923	1148	46	6	0	26	0.000548998	10929	1	FALSE	NA	NA	NA	NA	NA	NA
NC_045512.2	16757	C	-A	10986	1142	47	1	0	20	9.10249e-05	10986	1	FALSE	NA	NA	NA	NA	NA	NA
NC_045512.2	16758	A	G	10877	1126	47	4	1	46	0.000367613	10881	0.187471	FALSE	NA	NA	NA	NA	NA	NA
NC_045512.2	16759	C	T	10907	1135	46	1	0	40	9.16338e-05	10913	0.74992	FALSE	NA	NA	NA	NA	NA	NA
NC_045512.2	16759	C	G	10907	1135	46	1	0	24	9.16338e-05	10913	1	FALSE	NA	NA	NA	NA	NA	NA
NC_045512.2	16759	C	A	10907	1135	46	4	0	28	0.000366535	10913	1	FALSE	NA	NA	NA	NA	NA	NA
NC_045512.2	16760	C	T	11021	1161	47	1	0	24	9.07276e-05	11022	1	FALSE	NA	NA	NA	NA	NA	NA
NC_045512.2	16762	C	A	9795	1187	41	67	0	25	0.00679375	9862	0.993946	FALSE	NA	NA	NA	NA	NA	NA
NC_045512.2	16763	T	G	11004	1155	47	2	0	40	0.000181703	11007	0.5	FALSE	NA	NA	NA	NA	NA	NA
NC_045512.2	16763	T	C	11004	1155	47	1	0	40	9.08513e-05	11007	0.749989	FALSE	NA	NA	NA	NA	NA	NA
NC_045512.2	16764	T	C	11034	1150	47	1	0	40	9.06208e-05	11035	0.750034	FALSE	NA	NA	NA	NA	NA	NA
NC_045512.2	16765	A	G	10899	1192	46	1	0	40	9.17095e-05	10904	0.749943	FALSE	NA	NA	NA	NA	NA	NA
NC_045512.2	16765	A	C	10899	1192	46	4	0	24	0.000366838	10904	1	FALSE	NA	NA	NA	NA	NA	NA
NC_045512.2	16766	A	C	10969	1191	47	2	0	32	0.000182299	10971	0.996834	FALSE	NA	NA	NA	NA	NA	NA
NC_045512.2	16767	C	A	10157	1206	42	25	0	24	0.00245531	10182	1	FALSE	NA	NA	NA	NA	NA	NA
NC_045512.2	16768	C	T	11033	1183	47	1	1	80	9.06125e-05	11036	0.499977	FALSE	NA	NA	NA	NA	NA	NA
NC_045512.2	16768	C	G	11033	1183	47	1	0	40	9.06125e-05	11036	0.749989	FALSE	NA	NA	NA	NA	NA	NA
NC_045512.2	16768	C	A	11033	1183	47	1	0	32	9.06125e-05	11036	0.999756	FALSE	NA	NA	NA	NA	NA	NA
NC_045512.2	16770	A	G	10984	1212	47	1	0	40	9.10084e-05	10988	0.749966	FALSE	NA	NA	NA	NA	NA	NA
NC_045512.2	16770	A	C	10984	1212	47	3	0	24	0.000273025	10988	1	FALSE	NA	NA	NA	NA	NA	NA
NC_045512.2	16771	A	G	11002	1212	47	1	0	40	9.08595e-05	11006	0.749966	FALSE	NA	NA	NA	NA	NA	NA
NC_045512.2	16771	A	C	11002	1212	47	3	0	29	0.000272579	11006	1	FALSE	NA	NA	NA	NA	NA	NA
NC_045512.2	16772	A	C	11101	1225	47	3	0	24	0.000270173	11104	1	FALSE	NA	NA	NA	NA	NA	NA
NC_045512.2	16776	T	G	11165	1271	47	1	1	32	8.95576e-05	11166	0.999757	FALSE	NA	NA	NA	NA	NA	NA
NC_045512.2	16777	G	T	11179	1271	48	2	0	40	0.000178859	11182	0.5	FALSE	NA	NA	NA	NA	NA	NA
NC_045512.2	16777	G	A	11179	1271	48	1	0	40	8.94294e-05	11182	0.749989	FALSE	NA	NA	NA	NA	NA	NA
NC_045512.2	16778	T	C	11194	1393	49	3	1	52	0.000267929	11197	0.125	FALSE	NA	NA	NA	NA	NA	NA
NC_045512.2	16780	T	G	11316	1485	49	1	0	24	8.8347e-05	11319	1	FALSE	NA	NA	NA	NA	NA	NA
NC_045512.2	16780	T	C	11316	1485	49	2	0	32	0.000176694	11319	0.998295	FALSE	NA	NA	NA	NA	NA	NA
NC_045512.2	16782	T	C	11329	1669	50	1	1	32	8.82613e-05	11330	0.999757	FALSE	NA	NA	NA	NA	NA	NA
NC_045512.2	16783	A	C	11182	1699	50	1	0	24	8.94214e-05	11183	1	FALSE	NA	NA	NA	NA	NA	NA
NC_045512.2	16784	C	A	11127	1711	50	5	0	24	0.000449156	11132	1	FALSE	NA	NA	NA	NA	NA	NA
NC_045512.2	16785	T	G	11254	1701	50	1	0	24	8.88336e-05	11257	1	FALSE	NA	NA	NA	NA	NA	NA
NC_045512.2	16785	T	C	11254	1701	50	1	0	40	8.88336e-05	11257	0.749989	FALSE	NA	NA	NA	NA	NA	NA
NC_045512.2	16785	T	A	11254	1701	50	1	0	40	8.88336e-05	11257	0.749989	FALSE	NA	NA	NA	NA	NA	NA
NC_045512.2	16786	G	T	11344	1714	50	1	0	80	8.81368e-05	11346	0.5	FALSE	NA	NA	NA	NA	NA	NA
NC_045512.2	16786	G	C	11344	1714	50	1	0	24	8.81368e-05	11346	1	FALSE	NA	NA	NA	NA	NA	NA
NC_045512.2	16787	G	T	11381	1904	51	3	3	32	0.000263505	11385	0.993543	FALSE	NA	NA	NA	NA	NA	NA
NC_045512.2	16787	G	A	11381	1904	51	1	0	40	8.78349e-05	11385	0.749967	FALSE	NA	NA	NA	NA	NA	NA
NC_045512.2	16787	G	-T	11381	1904	51	1	0	20	8.78349e-05	11385	1	FALSE	NA	NA	NA	NA	NA	NA
NC_045512.2	16788	T	G	11242	2003	52	1	0	24	8.89126e-05	11247	1	FALSE	NA	NA	NA	NA	NA	NA
NC_045512.2	16788	T	C	11242	2003	52	4	2	70	0.00035565	11247	0.0624722	FALSE	NA	NA	NA	NA	NA	NA
NC_045512.2	16790	A	C	11141	2035	52	1	0	24	8.97505e-05	11142	1	FALSE	NA	NA	NA	NA	NA	NA
NC_045512.2	16791	T	C	11190	2036	52	3	0	34	0.000268025	11193	0.993547	FALSE	NA	NA	NA	NA	NA	NA
NC_045512.2	16792	C	T	11125	2056	52	1	1	40	8.98796e-05	11126	0.750034	FALSE	NA	NA	NA	NA	NA	NA
NC_045512.2	16793	G	A	11161	2064	52	2	0	40	0.000179163	11163	0.500034	FALSE	NA	NA	NA	NA	NA	NA
NC_045512.2	16795	G	T	11137	2161	53	1	1	24	8.97666e-05	11140	1	FALSE	NA	NA	NA	NA	NA	NA
NC_045512.2	16795	G	C	11137	2161	53	1	0	40	8.97666e-05	11140	0.749989	FALSE	NA	NA	NA	NA	NA	NA
NC_045512.2	16795	G	A	11137	2161	53	1	0	40	8.97666e-05	11140	0.749989	FALSE	NA	NA	NA	NA	NA	NA
NC_045512.2	16796	T	C	11113	2171	53	1	0	80	8.99766e-05	11114	0.500022	FALSE	NA	NA	NA	NA	NA	NA
NC_045512.2	16797	A	C	10919	2247	52	3	0	24	0.000274675	10922	1	FALSE	NA	NA	NA	NA	NA	NA
NC_045512.2	16798	A	G	10850	2317	52	1	1	80	9.21574e-05	10851	0.500023	FALSE	NA	NA	NA	NA	NA	NA
NC_045512.2	16801	A	G	10753	2385	53	1	0	40	9.298e-05	10755	0.750012	FALSE	NA	NA	NA	NA	NA	NA
NC_045512.2	16801	A	C	10753	2385	53	1	0	24	9.298e-05	10755	1	FALSE	NA	NA	NA	NA	NA	NA
NC_045512.2	16802	A	G	10754	2401	53	1	0	40	9.298e-05	10755	0.750035	FALSE	NA	NA	NA	NA	NA	NA
NC_045512.2	16804	A	G	10612	2866	54	1	0	24	9.42241e-05	10613	1	FALSE	NA	NA	NA	NA	NA	NA
NC_045512.2	16805	A	G	10596	2877	54	1	1	80	9.43485e-05	10599	0.499976	FALSE	NA	NA	NA	NA	NA	NA
NC_045512.2	16805	A	C	10596	2877	54	2	0	24	0.000188697	10599	1	FALSE	NA	NA	NA	NA	NA	NA
NC_045512.2	16806	C	A	10394	2975	53	2	0	36	0.000192382	10396	0.996835	FALSE	NA	NA	NA	NA	NA	NA
NC_045512.2	16807	A	C	10344	2949	53	2	0	24	0.000193311	10346	1	FALSE	NA	NA	NA	NA	NA	NA
NC_045512.2	16808	G	T	10200	2983	52	1	1	40	9.80008e-05	10204	0.749963	FALSE	NA	NA	NA	NA	NA	NA
NC_045512.2	16808	G	C	10200	2983	52	2	1	40	0.000196002	10204	0.499963	FALSE	NA	NA	NA	NA	NA	NA
NC_045512.2	16808	G	A	10200	2983	52	1	0	40	9.80008e-05	10204	0.749963	FALSE	NA	NA	NA	NA	NA	NA
NC_045512.2	16810	A	C	10373	3453	55	1	0	40	9.63948e-05	10374	0.750036	FALSE	NA	NA	NA	NA	NA	NA
NC_045512.2	16811	A	G	10300	3495	54	1	0	80	9.70685e-05	10302	0.5	FALSE	NA	NA	NA	NA	NA	NA
NC_045512.2	16811	A	C	10300	3495	54	1	0	40	9.70685e-05	10302	0.750012	FALSE	NA	NA	NA	NA	NA	NA
NC_045512.2	16812	A	G	10323	3484	55	1	0	24	9.68523e-05	10325	1	FALSE	NA	NA	NA	NA	NA	NA
NC_045512.2	16812	A	C	10323	3484	55	1	0	24	9.68523e-05	10325	1	FALSE	NA	NA	NA	NA	NA	NA
NC_045512.2	16816	C	A	10444	3658	55	1	0	24	9.57396e-05	10445	1	FALSE	NA	NA	NA	NA	NA	NA
NC_045512.2	16818	A	C	9898	4048	53	1	0	24	0.00010102	9899	1	FALSE	NA	NA	NA	NA	NA	NA
NC_045512.2	16820	T	G	9854	4042	53	2	2	32	0.000202881	9858	0.994149	FALSE	NA	NA	NA	NA	NA	NA
NC_045512.2	16820	T	C	9854	4042	53	2	1	36	0.000202881	9858	0.994149	FALSE	NA	NA	NA	NA	NA	NA
NC_045512.2	16821	A	C	9852	4064	53	1	0	24	0.000101492	9853	1	FALSE	NA	NA	NA	NA	NA	NA
NC_045512.2	16822	G	T	9867	4016	53	1	1	32	0.000101338	9868	0.999026	FALSE	NA	NA	NA	NA	NA	NA
NC_045512.2	16823	G	T	9945	4186	53	1	1	24	0.000100543	9946	1	FALSE	NA	NA	NA	NA	NA	NA
NC_045512.2	16824	A	G	9951	4208	54	2	1	32	0.000200924	9954	0.994151	FALSE	NA	NA	NA	NA	NA	NA
NC_045512.2	16824	A	C	9951	4208	54	1	0	24	0.000100462	9954	1	FALSE	NA	NA	NA	NA	NA	NA
NC_045512.2	16826	A	G	10056	4227	54	2	1	48	0.000198807	10060	0.499963	FALSE	NA	NA	NA	NA	NA	NA
NC_045512.2	16826	A	C	10056	4227	54	2	0	32	0.000198807	10060	0.996832	FALSE	NA	NA	NA	NA	NA	NA
NC_045512.2	16827	G	A	10132	4231	54	3	1	56	0.000296004	10135	0.125	FALSE	NA	NA	NA	NA	NA	NA
NC_045512.2	16829	A	G	9348	4872	52	1	1	40	0.000106952	9350	0.5	FALSE	NA	NA	NA	NA	NA	NA
NC_045512.2	16829	A	C	9348	4872	52	1	0	24	0.000106952	9350	1	FALSE	NA	NA	NA	NA	NA	NA
NC_045512.2	16830	C	T	9356	4883	52	1	1	24	0.000106872	9357	1	FALSE	NA	NA	NA	NA	NA	NA
NC_045512.2	16831	A	G	9778	5616	53	2	0	32	0.000204499	9780	0.994154	FALSE	NA	NA	NA	NA	NA	NA
NC_045512.2	16833	C	A	9812	5712	53	1	0	24	0.000101906	9813	1	FALSE	NA	NA	NA	NA	NA	NA
NC_045512.2	16834	T	G	9646	5565	53	1	1	32	0.000103659	9647	0.999026	FALSE	NA	NA	NA	NA	NA	NA
NC_045512.2	16835	T	G	9650	5569	53	1	1	40	0.000103605	9652	0.5	FALSE	NA	NA	NA	NA	NA	NA
NC_045512.2	16835	T	C	9650	5569	53	1	1	24	0.000103605	9652	1	FALSE	NA	NA	NA	NA	NA	NA
NC_045512.2	16837	G	-A	9371	5768	51	5	0	20	0.000533561	9371	1	FALSE	NA	NA	NA	NA	NA	NA
NC_045512.2	16837	G	+A	9371	5768	51	1	0	20	0.000106712	9371	1	FALSE	NA	NA	NA	NA	NA	NA
NC_045512.2	16838	A	G	9438	5883	52	2	1	36	0.000211864	9440	0.994141	FALSE	NA	NA	NA	NA	NA	NA
NC_045512.2	16839	A	G	9327	5997	51	1	1	64	0.000107193	9329	0.5	FALSE	NA	NA	NA	NA	NA	NA
NC_045512.2	16839	A	C	9327	5997	51	1	0	24	0.000107193	9329	1	FALSE	NA	NA	NA	NA	NA	NA
NC_045512.2	16840	A	G	9365	6042	51	1	1	40	0.000106769	9366	0.500027	FALSE	NA	NA	NA	NA	NA	NA
NC_045512.2	16841	A	C	9289	6018	51	1	0	40	0.000107643	9290	0.500027	FALSE	NA	NA	NA	NA	NA	NA
NC_045512.2	16842	A	G	9197	5981	49	1	1	80	0.000108696	9200	0.499973	FALSE	NA	NA	NA	NA	NA	NA
NC_045512.2	16842	A	C	9197	5981	49	2	0	40	0.000217391	9200	0.249986	FALSE	NA	NA	NA	NA	NA	NA
NC_045512.2	16844	G	T	9170	5992	49	3	3	24	0.000327047	9173	1	FALSE	NA	NA	NA	NA	NA	NA
NC_045512.2	16845	T	G	9756	6790	51	1	1	24	0.00010248	9758	1	FALSE	NA	NA	NA	NA	NA	NA
NC_045512.2	16845	T	C	9756	6790	51	1	1	40	0.00010248	9758	0.5	FALSE	NA	NA	NA	NA	NA	NA
NC_045512.2	16847	A	G	10008	7316	51	1	0	48	9.99101e-05	10009	0.750037	FALSE	NA	NA	NA	NA	NA	NA
NC_045512.2	16848	C	G	10039	7334	51	1	1	24	9.95917e-05	10041	1	FALSE	NA	NA	NA	NA	NA	NA
NC_045512.2	16848	C	A	10039	7334	51	1	1	40	9.95917e-05	10041	0.750012	FALSE	NA	NA	NA	NA	NA	NA
NC_045512.2	16849	T	G	10004	7297	50	1	1	24	9.993e-05	10007	1	FALSE	NA	NA	NA	NA	NA	NA
NC_045512.2	16849	T	C	10004	7297	50	2	1	60	0.00019986	10007	0.249988	FALSE	NA	NA	NA	NA	NA	NA
NC_045512.2	16851	T	G	10081	7479	50	3	3	34	0.000297471	10085	0.98879	FALSE	NA	NA	NA	NA	NA	NA
NC_045512.2	16851	T	C	10081	7479	50	1	1	40	9.91572e-05	10085	0.749963	FALSE	NA	NA	NA	NA	NA	NA
NC_045512.2	16851	T	-G	10081	7479	50	1	0	20	9.91572e-05	10085	1	FALSE	NA	NA	NA	NA	NA	NA
NC_045512.2	16853	G	T	9299	6699	43	50	50	26	0.00534817	9349	0.999901	FALSE	NA	NA	NA	NA	NA	NA
NC_045512.2	16854	T	G	10306	7768	51	1	1	24	9.7012e-05	10308	1	FALSE	NA	NA	NA	NA	NA	NA
NC_045512.2	16854	T	C	10306	7768	51	1	0	32	9.7012e-05	10308	0.999513	FALSE	NA	NA	NA	NA	NA	NA
NC_045512.2	16855	G	A	10309	7786	51	3	3	66	0.000290923	10312	0.125	FALSE	NA	NA	NA	NA	NA	NA
NC_045512.2	16856	A	C	10296	7835	50	1	1	24	9.71157e-05	10297	1	FALSE	NA	NA	NA	NA	NA	NA
NC_045512.2	16857	T	G	10369	7992	51	1	1	24	9.6432e-05	10370	1	FALSE	NA	NA	NA	NA	NA	NA
NC_045512.2	16858	G	A	10397	8046	51	1	0	80	9.61723e-05	10398	0.500024	FALSE	NA	NA	NA	NA	NA	NA
NC_045512.2	16859	C	T	10392	8250	50	2	2	40	0.000192419	10394	0.500036	FALSE	NA	NA	NA	NA	NA	NA
NC_045512.2	16860	T	G	10635	8588	50	1	1	24	9.40203e-05	10636	1	FALSE	NA	NA	NA	NA	NA	NA
NC_045512.2	16861	G	C	10739	8643	50	1	1	40	9.31099e-05	10740	0.750035	FALSE	NA	NA	NA	NA	NA	NA
NC_045512.2	16862	T	G	10978	9000	50	1	1	24	9.1083e-05	10979	1	FALSE	NA	NA	NA	NA	NA	NA
NC_045512.2	16863	T	G	10973	8997	51	2	2	24	0.000182216	10976	1	FALSE	NA	NA	NA	NA	NA	NA
NC_045512.2	16863	T	C	10973	8997	51	1	1	40	9.11079e-05	10976	0.749989	FALSE	NA	NA	NA	NA	NA	NA
NC_045512.2	16864	G	A	11066	9093	51	2	1	80	0.000180701	11068	0.250011	FALSE	NA	NA	NA	NA	NA	NA
NC_045512.2	16864	G	-T	11066	9093	51	1	0	20	9.03506e-05	11068	1	FALSE	NA	NA	NA	NA	NA	NA
NC_045512.2	16865	T	G	10961	9009	51	3	3	24	0.000273623	10964	1	FALSE	NA	NA	NA	NA	NA	NA
NC_045512.2	16866	T	C	10980	9030	51	2	1	46	0.000182116	10982	0.500034	FALSE	NA	NA	NA	NA	NA	NA
NC_045512.2	16867	T	G	11135	9233	51	3	3	29	0.000269348	11138	1	FALSE	NA	NA	NA	NA	NA	NA
NC_045512.2	16868	A	G	11182	9300	51	2	2	32	0.000178827	11184	0.998296	FALSE	NA	NA	NA	NA	NA	NA
NC_045512.2	16871	G	T	9713	8030	43	79	79	26	0.00806781	9792	0.925074	FALSE	NA	NA	NA	NA	NA	NA
NC_045512.2	16872	A	G	11091	9433	50	3	3	34	0.000270416	11094	0.993547	FALSE	NA	NA	NA	NA	NA	NA
NC_045512.2	16874	G	A	11160	9537	50	2	2	40	0.000179179	11162	0.500034	FALSE	NA	NA	NA	NA	NA	NA
NC_045512.2	16875	T	G	11062	9448	50	6	6	24	0.000542103	11068	1	FALSE	NA	NA	NA	NA	NA	NA
NC_045512.2	16876	A	G	11175	9567	50	2	1	60	0.000178939	11177	0.250011	FALSE	NA	NA	NA	NA	NA	NA
NC_045512.2	16878	A	G	11226	9634	50	1	1	24	8.9071e-05	11227	1	FALSE	NA	NA	NA	NA	NA	NA
NC_045512.2	16879	A	C	11218	9628	50	1	0	32	8.91345e-05	11219	0.999757	FALSE	NA	NA	NA	NA	NA	NA
NC_045512.2	16881	A	G	11019	9457	50	1	1	40	9.07441e-05	11020	0.750034	FALSE	NA	NA	NA	NA	NA	NA
NC_045512.2	16882	A	G	11019	9471	50	1	0	52	9.07441e-05	11020	0.500023	FALSE	NA	NA	NA	NA	NA	NA
NC_045512.2	16883	C	G	10899	9375	50	1	1	40	9.17431e-05	10900	0.750034	FALSE	NA	NA	NA	NA	NA	NA
NC_045512.2	16884	T	C	10824	9300	50	3	3	48	0.000277085	10827	0.312517	FALSE	NA	NA	NA	NA	NA	NA
NC_045512.2	16885	T	G	10592	9066	46	4	4	28	0.000377501	10596	1	FALSE	NA	NA	NA	NA	NA	NA
NC_045512.2	16886	A	C	10880	9365	50	1	0	32	9.19033e-05	10881	0.999513	FALSE	NA	NA	NA	NA	NA	NA
NC_045512.2	16888	A	G	10863	9353	50	1	0	36	9.20471e-05	10864	0.999513	FALSE	NA	NA	NA	NA	NA	NA
NC_045512.2	16890	A	C	10865	9340	50	2	1	36	0.000184043	10867	0.996834	FALSE	NA	NA	NA	NA	NA	NA
NC_045512.2	16892	T	G	10770	9274	49	3	3	24	0.000278474	10773	1	FALSE	NA	NA	NA	NA	NA	NA
NC_045512.2	16893	A	T	10878	9394	49	1	1	40	9.19202e-05	10879	0.750034	FALSE	NA	NA	NA	NA	NA	NA
NC_045512.2	16894	A	G	10853	9389	49	1	1	40	9.21319e-05	10854	0.750035	FALSE	NA	NA	NA	NA	NA	NA
NC_045512.2	16896	T	G	10835	9432	49	3	3	24	0.000276804	10838	1	FALSE	NA	NA	NA	NA	NA	NA
NC_045512.2	16897	G	T	10837	9436	49	1	1	40	9.22594e-05	10839	0.750012	FALSE	NA	NA	NA	NA	NA	NA
NC_045512.2	16897	G	A	10837	9436	49	1	1	24	9.22594e-05	10839	1	FALSE	NA	NA	NA	NA	NA	NA
NC_045512.2	16898	T	G	10707	9314	49	1	1	24	9.33881e-05	10708	1	FALSE	NA	NA	NA	NA	NA	NA
NC_045512.2	16899	T	G	10668	9285	49	1	1	24	9.37295e-05	10669	1	FALSE	NA	NA	NA	NA	NA	NA
NC_045512.2	16900	G	T	10684	9565	47	4	4	36	0.000374181	10690	0.971342	FALSE	NA	NA	NA	NA	NA	NA
NC_045512.2	16900	G	C	10684	9565	47	1	1	24	9.35454e-05	10690	1	FALSE	NA	NA	NA	NA	NA	NA
NC_045512.2	16900	G	A	10684	9565	47	1	0	52	9.35454e-05	10690	0.499906	FALSE	NA	NA	NA	NA	NA	NA
NC_045512.2	16901	G	T	9606	8442	41	68	68	25	0.00702915	9674	0.988685	FALSE	NA	NA	NA	NA	NA	NA
NC_045512.2	16902	T	G	10663	9546	47	2	2	24	0.000187512	10666	1	FALSE	NA	NA	NA	NA	NA	NA
NC_045512.2	16902	T	C	10663	9546	47	1	1	40	9.37559e-05	10666	0.749988	FALSE	NA	NA	NA	NA	NA	NA
NC_045512.2	16904	A	G	10697	9590	47	1	1	40	9.34754e-05	10698	0.750035	FALSE	NA	NA	NA	NA	NA	NA
NC_045512.2	16905	T	G	10653	9613	46	1	1	24	9.38527e-05	10655	1	FALSE	NA	NA	NA	NA	NA	NA
NC_045512.2	16905	T	C	10653	9613	46	1	1	40	9.38527e-05	10655	0.750012	FALSE	NA	NA	NA	NA	NA	NA
NC_045512.2	16907	A	G	10674	9653	47	2	2	32	0.000187319	10677	0.996833	FALSE	NA	NA	NA	NA	NA	NA
NC_045512.2	16907	A	C	10674	9653	47	1	0	32	9.36593e-05	10677	0.999513	FALSE	NA	NA	NA	NA	NA	NA
NC_045512.2	16908	T	C	10618	9591	46	1	1	40	9.41708e-05	10619	0.750035	FALSE	NA	NA	NA	NA	NA	NA
NC_045512.2	16909	T	G	10601	9575	46	3	3	29	0.000282885	10605	1	FALSE	NA	NA	NA	NA	NA	NA
NC_045512.2	16909	T	C	10601	9575	46	1	1	40	9.42951e-05	10605	0.749965	FALSE	NA	NA	NA	NA	NA	NA
NC_045512.2	16911	T	C	10559	9600	46	1	1	40	9.4697e-05	10560	0.750036	FALSE	NA	NA	NA	NA	NA	NA
NC_045512.2	16913	T	G	10550	9599	46	1	1	40	9.47777e-05	10551	0.750036	FALSE	NA	NA	NA	NA	NA	NA
NC_045512.2	16914	G	A	10596	9647	46	1	1	40	9.43663e-05	10597	0.750035	FALSE	NA	NA	NA	NA	NA	NA
NC_045512.2	16915	C	T	10562	9639	46	2	1	52	0.000189322	10564	0.250012	FALSE	NA	NA	NA	NA	NA	NA
NC_045512.2	16918	A	C	10481	9561	46	3	3	29	0.00028615	10484	1	FALSE	NA	NA	NA	NA	NA	NA
NC_045512.2	16919	C	T	10472	9555	46	2	2	52	0.000190949	10474	0.250012	FALSE	NA	NA	NA	NA	NA	NA
NC_045512.2	16920	A	G	10486	9572	46	1	1	24	9.53562e-05	10487	1	FALSE	NA	NA	NA	NA	NA	NA
NC_045512.2	16921	T	G	10370	9476	46	1	1	24	9.64041e-05	10373	1	FALSE	NA	NA	NA	NA	NA	NA
NC_045512.2	16921	T	C	10370	9476	46	2	1	60	0.000192808	10373	0.249988	FALSE	NA	NA	NA	NA	NA	NA
NC_045512.2	16923	A	G	10391	9520	46	5	5	36	0.000480954	10396	0.940854	FALSE	NA	NA	NA	NA	NA	NA
NC_045512.2	16924	C	T	10375	9539	44	1	1	40	9.63577e-05	10378	0.749988	FALSE	NA	NA	NA	NA	NA	NA
NC_045512.2	16924	C	A	10375	9539	44	2	0	28	0.000192715	10378	1	FALSE	NA	NA	NA	NA	NA	NA
NC_045512.2	16925	A	G	10392	9525	45	2	2	40	0.000192419	10394	0.500036	FALSE	NA	NA	NA	NA	NA	NA
NC_045512.2	16926	T	G	10266	9401	45	2	2	24	0.00019478	10268	1	FALSE	NA	NA	NA	NA	NA	NA
NC_045512.2	16927	A	C	10299	9450	45	1	0	24	9.70874e-05	10300	1	FALSE	NA	NA	NA	NA	NA	NA
NC_045512.2	16928	C	T	10272	9426	45	1	1	40	9.73425e-05	10273	0.750037	FALSE	NA	NA	NA	NA	NA	NA
NC_045512.2	16929	A	G	10049	9217	45	1	1	24	9.95025e-05	10050	1	FALSE	NA	NA	NA	NA	NA	NA
NC_045512.2	16930	G	T	9834	9063	43	7	7	26	0.000711093	9844	1	FALSE	NA	NA	NA	NA	NA	NA
NC_045512.2	16930	G	A	9834	9063	43	3	3	40	0.000304754	9844	0.124867	FALSE	NA	NA	NA	NA	NA	NA
NC_045512.2	16931	T	G	9796	9040	45	3	3	34	0.000306154	9799	0.98075	FALSE	NA	NA	NA	NA	NA	NA
NC_045512.2	16932	A	G	9456	8728	45	1	1	40	0.000105731	9458	0.5	FALSE	NA	NA	NA	NA	NA	NA
NC_045512.2	16932	A	C	9456	8728	45	1	1	40	0.000105731	9458	0.5	FALSE	NA	NA	NA	NA	NA	NA
NC_045512.2	16933	A	G	9402	8673	45	1	1	40	0.000106349	9403	0.500027	FALSE	NA	NA	NA	NA	NA	NA
NC_045512.2	16934	T	G	9355	8631	45	1	1	24	0.000106883	9356	1	FALSE	NA	NA	NA	NA	NA	NA
NC_045512.2	16935	G	T	9382	8660	45	1	1	24	0.000106564	9384	1	FALSE	NA	NA	NA	NA	NA	NA
NC_045512.2	16935	G	A	9382	8660	45	1	1	40	0.000106564	9384	0.5	FALSE	NA	NA	NA	NA	NA	NA
NC_045512.2	16936	C	A	9380	8701	45	1	1	24	0.000106598	9381	1	FALSE	NA	NA	NA	NA	NA	NA
NC_045512.2	16938	A	-T	8807	8173	45	1	0	20	0.000113546	8807	1	FALSE	NA	NA	NA	NA	NA	NA
NC_045512.2	16939	T	G	8685	8052	45	3	3	29	0.000345304	8688	1	FALSE	NA	NA	NA	NA	NA	NA
NC_045512.2	16940	T	G	8649	8015	44	2	2	24	0.000231187	8651	1	FALSE	NA	NA	NA	NA	NA	NA
NC_045512.2	16941	A	T	8712	8081	45	1	1	40	0.000114705	8718	0.499885	FALSE	NA	NA	NA	NA	NA	NA
NC_045512.2	16941	A	G	8712	8081	45	3	3	34	0.000344116	8718	0.967299	FALSE	NA	NA	NA	NA	NA	NA
NC_045512.2	16941	A	C	8712	8081	45	2	2	40	0.00022941	8718	0.2499	FALSE	NA	NA	NA	NA	NA	NA
NC_045512.2	16942	A	G	8717	8085	45	3	3	29	0.000344037	8720	1	FALSE	NA	NA	NA	NA	NA	NA
NC_045512.2	16944	T	G	8425	7820	44	2	2	32	0.000237304	8428	0.989276	FALSE	NA	NA	NA	NA	NA	NA
NC_045512.2	16944	T	C	8425	7820	44	1	0	80	0.000118652	8428	0.49997	FALSE	NA	NA	NA	NA	NA	NA
NC_045512.2	16945	G	C	8431	7825	45	1	1	40	0.000118596	8432	0.50003	FALSE	NA	NA	NA	NA	NA	NA
NC_045512.2	16946	C	T	8420	7815	45	2	0	80	0.000237473	8422	0.250015	FALSE	NA	NA	NA	NA	NA	NA
NC_045512.2	16947	A	G	8409	7804	45	1	1	40	0.000118906	8410	0.50003	FALSE	NA	NA	NA	NA	NA	NA
NC_045512.2	16948	C	G	8399	7826	45	1	1	40	0.000119048	8400	0.50003	FALSE	NA	NA	NA	NA	NA	NA
NC_045512.2	16950	T	G	8286	7720	44	3	3	24	0.000361925	8289	1	FALSE	NA	NA	NA	NA	NA	NA
NC_045512.2	16952	C	G	8263	7698	44	3	3	34	0.000362932	8266	0.967344	FALSE	NA	NA	NA	NA	NA	NA
NC_045512.2	16953	A	T	8236	7675	44	1	1	40	0.000121389	8238	0.5	FALSE	NA	NA	NA	NA	NA	NA
NC_045512.2	16953	A	G	8236	7675	44	1	1	24	0.000121389	8238	1	FALSE	NA	NA	NA	NA	NA	NA
NC_045512.2	16955	T	G	7597	7063	45	2	2	24	0.000263193	7599	1	FALSE	NA	NA	NA	NA	NA	NA
NC_045512.2	16956	A	G	7196	6684	45	1	1	24	0.000138947	7197	1	FALSE	NA	NA	NA	NA	NA	NA
NC_045512.2	16958	T	G	7060	6560	44	1	1	24	0.000141563	7064	1	FALSE	NA	NA	NA	NA	NA	NA
NC_045512.2	16958	T	C	7060	6560	44	2	2	28	0.000283126	7064	1	FALSE	NA	NA	NA	NA	NA	NA
NC_045512.2	16958	T	A	7060	6560	44	1	1	40	0.000141563	7064	0.499929	FALSE	NA	NA	NA	NA	NA	NA
NC_045512.2	16960	C	T	6947	6474	44	1	1	40	0.000142939	6996	0.498315	FALSE	NA	NA	NA	NA	NA	NA
NC_045512.2	16960	C	G	6947	6474	44	1	1	24	0.000142939	6996	1	FALSE	NA	NA	NA	NA	NA	NA
NC_045512.2	16960	C	A	6947	6474	44	47	44	43	0.00671812	6996	6.55321e-15	TRUE	NA	NA	NA	NA	NA	NA
NC_045512.2	16962	A	T	6820	6356	45	1	1	40	0.000146606	6821	0.500037	FALSE	NA	NA	NA	NA	NA	NA
NC_045512.2	16963	C	A	6772	6352	44	1	0	32	0.000147645	6773	0.992204	FALSE	NA	NA	NA	NA	NA	NA
NC_045512.2	16964	A	G	6777	6345	44	1	1	24	0.000147536	6778	1	FALSE	NA	NA	NA	NA	NA	NA
NC_045512.2	16965	A	G	6700	6276	44	2	2	40	0.000298418	6702	0.250019	FALSE	NA	NA	NA	NA	NA	NA
NC_045512.2	16968	G	T	6491	6108	43	1	1	24	0.000154036	6492	1	FALSE	NA	NA	NA	NA	NA	NA
NC_045512.2	16969	C	T	6518	6140	44	1	1	40	0.000153398	6519	0.500038	FALSE	NA	NA	NA	NA	NA	NA
NC_045512.2	16970	A	T	6483	6112	44	1	1	40	0.000154154	6487	0.499923	FALSE	NA	NA	NA	NA	NA	NA
NC_045512.2	16970	A	G	6483	6112	44	3	3	40	0.000462463	6487	0.124971	FALSE	NA	NA	NA	NA	NA	NA
NC_045512.2	16972	T	G	6173	5838	43	1	1	24	0.00016197	6174	1	FALSE	NA	NA	NA	NA	NA	NA
NC_045512.2	16973	A	G	6202	5866	43	1	1	24	0.000161212	6203	1	FALSE	NA	NA	NA	NA	NA	NA
NC_045512.2	16975	G	T	6094	5766	43	1	1	24	0.000164069	6095	1	FALSE	NA	NA	NA	NA	NA	NA
NC_045512.2	16976	T	G	6024	5747	42	1	1	24	0.000165948	6026	1	FALSE	NA	NA	NA	NA	NA	NA
NC_045512.2	16976	T	C	6024	5747	42	1	1	40	0.000165948	6026	0.5	FALSE	NA	NA	NA	NA	NA	NA
NC_045512.2	16977	T	G	5891	5617	41	1	1	24	0.000169722	5892	1	FALSE	NA	NA	NA	NA	NA	NA
NC_045512.2	16981	A	G	5828	5582	42	2	2	24	0.000343053	5830	1	FALSE	NA	NA	NA	NA	NA	NA
NC_045512.2	16982	T	G	4604	4384	42	4	4	28	0.000867679	4610	1	FALSE	NA	NA	NA	NA	NA	NA
NC_045512.2	16982	T	C	4604	4384	42	2	2	52	0.000433839	4610	0.24981	FALSE	NA	NA	NA	NA	NA	NA
NC_045512.2	16983	T	G	4606	4411	42	2	2	24	0.000434028	4608	1	FALSE	NA	NA	NA	NA	NA	NA
NC_045512.2	16984	A	G	4583	4396	42	1	1	40	0.000218055	4586	0.499945	FALSE	NA	NA	NA	NA	NA	NA
NC_045512.2	16984	A	C	4583	4396	42	2	2	24	0.00043611	4586	1	FALSE	NA	NA	NA	NA	NA	NA
NC_045512.2	16986	T	G	4552	4363	42	2	2	32	0.000439174	4554	0.890754	FALSE	NA	NA	NA	NA	NA	NA
NC_045512.2	16987	G	C	4540	4352	42	1	1	40	0.000220216	4541	0.500055	FALSE	NA	NA	NA	NA	NA	NA
NC_045512.2	16990	T	C	4439	4253	42	1	1	80	0.000225225	4440	0.500056	FALSE	NA	NA	NA	NA	NA	NA
NC_045512.2	16991	T	G	4370	4186	42	1	1	24	0.000228781	4371	1	FALSE	NA	NA	NA	NA	NA	NA
NC_045512.2	16993	T	G	4352	4172	42	1	1	24	0.000229674	4354	1	FALSE	NA	NA	NA	NA	NA	NA
NC_045512.2	16993	T	C	4352	4172	42	1	1	40	0.000229674	4354	0.5	FALSE	NA	NA	NA	NA	NA	NA
NC_045512.2	16995	C	T	4392	4223	42	1	1	24	0.000227635	4393	1	FALSE	NA	NA	NA	NA	NA	NA
NC_045512.2	16996	C	G	3389	3256	42	4	4	36	0.0011789	3393	0.500161	FALSE	NA	NA	NA	NA	NA	NA
NC_045512.2	16997	C	G	3349	3221	42	1	1	24	0.000298329	3352	1	FALSE	NA	NA	NA	NA	NA	NA
NC_045512.2	16997	C	A	3349	3221	42	2	2	40	0.000596659	3352	0.249963	FALSE	NA	NA	NA	NA	NA	NA
NC_045512.2	16998	A	G	12446	3444	40	5	4	40	0.000401542	12452	0.109347	FALSE	NA	NA	NA	NA	NA	NA
NC_045512.2	16998	A	C	12446	3444	40	1	0	24	8.03084e-05	12452	1	FALSE	NA	NA	NA	NA	NA	NA
NC_045512.2	16999	A	T	12927	3454	39	1	1	24	7.73216e-05	12933	1	FALSE	NA	NA	NA	NA	NA	NA
NC_045512.2	16999	A	G	12927	3454	39	3	3	29	0.000231965	12933	1	FALSE	NA	NA	NA	NA	NA	NA
NC_045512.2	16999	A	C	12927	3454	39	2	0	24	0.000154643	12933	1	FALSE	NA	NA	NA	NA	NA	NA
NC_045512.2	17000	C	G	12925	3444	39	7	0	40	0.000541251	12933	0.0351351	FALSE	NA	NA	NA	NA	NA	NA
NC_045512.2	17000	C	A	12925	3444	39	1	0	24	7.73216e-05	12933	1	FALSE	NA	NA	NA	NA	NA	NA
NC_045512.2	17001	A	G	12905	3328	40	1	1	40	7.74653e-05	12909	0.749971	FALSE	NA	NA	NA	NA	NA	NA
NC_045512.2	17001	A	C	12905	3328	40	3	0	24	0.000232396	12909	1	FALSE	NA	NA	NA	NA	NA	NA
NC_045512.2	17002	C	T	10497	671	38	1	1	24	9.5229e-05	10501	1	FALSE	NA	NA	NA	NA	NA	NA
NC_045512.2	17002	C	G	10497	671	38	3	0	34	0.000285687	10501	0.988789	FALSE	NA	NA	NA	NA	NA	NA
NC_045512.2	17005	A	G	11214	718	40	6	1	40	0.000534283	11230	0.0623394	FALSE	NA	NA	NA	NA	NA	NA
NC_045512.2	17005	A	C	11214	718	40	10	0	35	0.000890472	11230	0.667888	FALSE	NA	NA	NA	NA	NA	NA
NC_045512.2	17006	A	C	11245	845	40	7	0	26	0.000622112	11252	1	FALSE	NA	NA	NA	NA	NA	NA
NC_045512.2	17007	T	G	11281	796	40	2	1	32	0.000177242	11284	0.998295	FALSE	NA	NA	NA	NA	NA	NA
NC_045512.2	17007	T	C	11281	796	40	1	0	24	8.86211e-05	11284	1	FALSE	NA	NA	NA	NA	NA	NA
NC_045512.2	17008	A	C	11302	965	41	2	0	32	0.000176929	11304	0.998296	FALSE	NA	NA	NA	NA	NA	NA
NC_045512.2	17010	C	T	11686	1194	43	1	0	40	8.55652e-05	11687	0.750032	FALSE	NA	NA	NA	NA	NA	NA
NC_045512.2	17011	T	G	11651	1175	42	1	0	24	8.58001e-05	11655	1	FALSE	NA	NA	NA	NA	NA	NA
NC_045512.2	17011	T	C	11651	1175	42	3	0	53	0.0002574	11655	0.124984	FALSE	NA	NA	NA	NA	NA	NA
NC_045512.2	17012	C	G	5421	1184	31	2	0	40	0.000337724	5922	0.22851	FALSE	NA	NA	NA	NA	NA	NA
NC_045512.2	17012	C	A	5421	1184	31	499	0	25	0.0842621	5922	7.42801e-92	TRUE	NA	NA	NA	NA	NA	NA
NC_045512.2	17013	A	G	11645	1204	42	2	0	32	0.000171659	11651	0.998293	FALSE	NA	NA	NA	NA	NA	NA
NC_045512.2	17013	A	C	11645	1204	42	4	0	32	0.000343318	11651	0.982443	FALSE	NA	NA	NA	NA	NA	NA
NC_045512.2	17015	A	C	11727	1191	42	1	0	24	8.5266e-05	11728	1	FALSE	NA	NA	NA	NA	NA	NA
NC_045512.2	17016	T	G	11668	1090	42	8	7	29	0.000684932	11680	1	FALSE	NA	NA	NA	NA	NA	NA
NC_045512.2	17016	T	C	11668	1090	42	4	0	36	0.000342466	11680	0.9824	FALSE	NA	NA	NA	NA	NA	NA
NC_045512.2	17017	G	T	11833	1254	43	1	0	24	8.44951e-05	11835	1	FALSE	NA	NA	NA	NA	NA	NA
NC_045512.2	17017	G	C	11833	1254	43	1	0	24	8.44951e-05	11835	1	FALSE	NA	NA	NA	NA	NA	NA
NC_045512.2	17020	T	G	12086	1267	43	1	0	40	8.27335e-05	12087	0.750031	FALSE	NA	NA	NA	NA	NA	NA
NC_045512.2	17022	T	G	12148	1301	43	1	0	40	8.23045e-05	12150	0.75001	FALSE	NA	NA	NA	NA	NA	NA
NC_045512.2	17022	T	C	12148	1301	43	1	0	40	8.23045e-05	12150	0.75001	FALSE	NA	NA	NA	NA	NA	NA
NC_045512.2	17023	T	G	12153	1306	43	2	0	40	0.000164501	12158	0.499938	FALSE	NA	NA	NA	NA	NA	NA
NC_045512.2	17023	T	C	12153	1306	43	3	0	40	0.000246751	12158	0.312454	FALSE	NA	NA	NA	NA	NA	NA
NC_045512.2	17025	T	G	12017	1114	42	3	3	24	0.000249563	12021	1	FALSE	NA	NA	NA	NA	NA	NA
NC_045512.2	17025	T	C	12017	1114	42	1	0	40	8.31878e-05	12021	0.749969	FALSE	NA	NA	NA	NA	NA	NA
NC_045512.2	17026	A	C	12048	1287	43	1	0	24	8.29944e-05	12049	1	FALSE	NA	NA	NA	NA	NA	NA
NC_045512.2	17027	G	T	12126	1274	43	1	1	24	8.24402e-05	12130	1	FALSE	NA	NA	NA	NA	NA	NA
NC_045512.2	17027	G	C	12126	1274	43	3	0	34	0.000247321	12130	0.996316	FALSE	NA	NA	NA	NA	NA	NA
NC_045512.2	17029	A	G	12101	1332	43	1	0	24	8.26173e-05	12104	1	FALSE	NA	NA	NA	NA	NA	NA
NC_045512.2	17029	A	C	12101	1332	43	2	0	32	0.000165235	12104	0.999087	FALSE	NA	NA	NA	NA	NA	NA
NC_045512.2	17031	T	G	12283	1306	43	4	2	32	0.000325521	12288	0.989385	FALSE	NA	NA	NA	NA	NA	NA
NC_045512.2	17031	T	C	12283	1306	43	1	0	40	8.13802e-05	12288	0.749949	FALSE	NA	NA	NA	NA	NA	NA
NC_045512.2	17032	G	T	12339	1219	42	4	4	26	0.000324018	12345	1	FALSE	NA	NA	NA	NA	NA	NA
NC_045512.2	17032	G	A	12339	1219	42	2	0	32	0.000162009	12345	0.999086	FALSE	NA	NA	NA	NA	NA	NA
NC_045512.2	17033	T	G	12441	1359	43	1	0	24	8.03536e-05	12445	1	FALSE	NA	NA	NA	NA	NA	NA
NC_045512.2	17033	T	C	12441	1359	43	3	0	34	0.000241061	12445	0.996316	FALSE	NA	NA	NA	NA	NA	NA
NC_045512.2	17034	T	G	12335	1209	42	6	6	26	0.000486184	12341	1	FALSE	NA	NA	NA	NA	NA	NA
NC_045512.2	17035	G	A	12417	1330	43	4	2	40	0.000322035	12421	0.1875	FALSE	NA	NA	NA	NA	NA	NA
NC_045512.2	17036	C	T	12243	1231	42	1	0	40	8.16593e-05	12246	0.74999	FALSE	NA	NA	NA	NA	NA	NA
NC_045512.2	17036	C	A	12243	1231	42	2	2	24	0.000163319	12246	1	FALSE	NA	NA	NA	NA	NA	NA
NC_045512.2	17037	A	G	12391	1504	44	1	0	40	8.06842e-05	12394	0.74999	FALSE	NA	NA	NA	NA	NA	NA
NC_045512.2	17037	A	C	12391	1504	44	2	0	24	0.000161368	12394	1	FALSE	NA	NA	NA	NA	NA	NA
NC_045512.2	17039	A	C	12369	1444	43	1	0	24	8.08407e-05	12370	1	FALSE	NA	NA	NA	NA	NA	NA
NC_045512.2	17041	T	G	12406	1440	43	1	0	40	8.05997e-05	12407	0.75003	FALSE	NA	NA	NA	NA	NA	NA
NC_045512.2	17042	A	C	12592	1506	44	1	0	24	7.94092e-05	12593	1	FALSE	NA	NA	NA	NA	NA	NA
NC_045512.2	17043	T	C	12691	1638	45	2	0	32	0.000157567	12693	0.999087	FALSE	NA	NA	NA	NA	NA	NA
NC_045512.2	17045	A	G	12673	1830	46	1	0	40	7.89017e-05	12674	0.75003	FALSE	NA	NA	NA	NA	NA	NA
NC_045512.2	17046	A	G	12698	1839	46	1	0	24	7.87278e-05	12702	1	FALSE	NA	NA	NA	NA	NA	NA
NC_045512.2	17046	A	C	12698	1839	46	3	0	24	0.000236183	12702	1	FALSE	NA	NA	NA	NA	NA	NA
NC_045512.2	17047	A	C	12728	1844	46	1	0	24	7.85608e-05	12729	1	FALSE	NA	NA	NA	NA	NA	NA
NC_045512.2	17048	A	G	12698	1800	45	2	0	32	0.00015748	12700	0.999087	FALSE	NA	NA	NA	NA	NA	NA
NC_045512.2	17050	G	T	12734	1661	44	4	4	30	0.000313996	12739	0.989384	FALSE	NA	NA	NA	NA	NA	NA
NC_045512.2	17050	G	A	12734	1661	44	1	0	80	7.84991e-05	12739	0.499941	FALSE	NA	NA	NA	NA	NA	NA
NC_045512.2	17050	G	+T	12734	1661	44	1	0	20	7.84991e-05	12739	1	FALSE	NA	NA	NA	NA	NA	NA
NC_045512.2	17051	T	C	12888	1861	46	2	0	40	0.000155159	12890	0.500029	FALSE	NA	NA	NA	NA	NA	NA
NC_045512.2	17052	T	C	12838	1783	45	1	0	40	7.78877e-05	12839	0.750029	FALSE	NA	NA	NA	NA	NA	NA
NC_045512.2	17053	G	A	12908	1869	46	2	1	52	0.000154919	12910	0.25001	FALSE	NA	NA	NA	NA	NA	NA
NC_045512.2	17054	G	T	12912	1834	46	1	1	32	7.74293e-05	12915	0.999878	FALSE	NA	NA	NA	NA	NA	NA
NC_045512.2	17054	G	A	12912	1834	46	2	0	24	0.000154859	12915	1	FALSE	NA	NA	NA	NA	NA	NA
NC_045512.2	17055	T	G	12865	1750	45	2	2	28	0.000155436	12867	1	FALSE	NA	NA	NA	NA	NA	NA
NC_045512.2	17056	A	G	13039	1884	45	2	1	32	0.000153351	13042	0.999513	FALSE	NA	NA	NA	NA	NA	NA
NC_045512.2	17056	A	C	13039	1884	45	1	0	24	7.66754e-05	13042	1	FALSE	NA	NA	NA	NA	NA	NA
NC_045512.2	17057	T	G	13048	1798	45	2	2	28	0.000153245	13051	1	FALSE	NA	NA	NA	NA	NA	NA
NC_045512.2	17057	T	C	13048	1798	45	1	0	40	7.66225e-05	13051	0.74999	FALSE	NA	NA	NA	NA	NA	NA
NC_045512.2	17058	G	A	13115	1904	46	1	1	80	7.62428e-05	13116	0.500019	FALSE	NA	NA	NA	NA	NA	NA
NC_045512.2	17060	A	C	13136	1950	47	2	0	32	0.00015223	13138	0.999513	FALSE	NA	NA	NA	NA	NA	NA
NC_045512.2	17061	A	G	13246	1951	47	2	0	36	0.000150943	13250	0.999513	FALSE	NA	NA	NA	NA	NA	NA
NC_045512.2	17061	A	C	13246	1951	47	2	0	32	0.000150943	13250	0.999513	FALSE	NA	NA	NA	NA	NA	NA
NC_045512.2	17062	A	G	13250	1954	47	1	0	24	7.5466e-05	13251	1	FALSE	NA	NA	NA	NA	NA	NA
NC_045512.2	17063	A	G	13229	1924	46	1	0	40	7.55801e-05	13231	0.750009	FALSE	NA	NA	NA	NA	NA	NA
NC_045512.2	17063	A	C	13229	1924	46	1	0	24	7.55801e-05	13231	1	FALSE	NA	NA	NA	NA	NA	NA
NC_045512.2	17064	G	C	13617	1964	47	2	0	40	0.000146854	13619	0.500028	FALSE	NA	NA	NA	NA	NA	NA
NC_045512.2	17064	G	-TATTCTACAC	13617	1964	47	4	0	20	0.000293707	13619	1	FALSE	NA	NA	NA	NA	NA	NA
NC_045512.2	17065	T	G	13572	1914	45	1	1	24	7.36703e-05	13574	1	FALSE	NA	NA	NA	NA	NA	NA
NC_045512.2	17065	T	C	13572	1914	45	1	0	40	7.36703e-05	13574	0.749936	FALSE	NA	NA	NA	NA	NA	NA
NC_045512.2	17066	A	C	13912	1993	46	1	0	40	7.18752e-05	13913	0.749955	FALSE	NA	NA	NA	NA	NA	NA
NC_045512.2	17067	T	C	13916	1949	45	1	0	80	7.18494e-05	13918	0.499928	FALSE	NA	NA	NA	NA	NA	NA
NC_045512.2	17067	T	A	13916	1949	45	1	1	64	7.18494e-05	13918	0.499928	FALSE	NA	NA	NA	NA	NA	NA
NC_045512.2	17068	T	C	13985	2013	47	3	0	48	0.00021447	13988	0.312406	FALSE	NA	NA	NA	NA	NA	NA
NC_045512.2	17070	T	C	14093	2021	47	1	0	40	7.09522e-05	14094	0.749956	FALSE	NA	NA	NA	NA	NA	NA
NC_045512.2	17071	A	G	14068	2048	46	2	0	40	0.000142136	14071	0.499893	FALSE	NA	NA	NA	NA	NA	NA
NC_045512.2	17071	A	C	14068	2048	46	1	0	24	7.10682e-05	14071	1	FALSE	NA	NA	NA	NA	NA	NA
NC_045512.2	17072	C	A	13297	2061	42	40	0	25	0.00299918	13337	1	FALSE	NA	NA	NA	NA	NA	NA
NC_045512.2	17073	A	G	14124	2068	47	2	1	40	0.000141573	14127	0.499894	FALSE	NA	NA	NA	NA	NA	NA
NC_045512.2	17073	A	C	14124	2068	47	1	0	24	7.07864e-05	14127	1	FALSE	NA	NA	NA	NA	NA	NA
NC_045512.2	17074	C	A	14761	2086	47	1	0	24	6.77415e-05	14762	1	FALSE	NA	NA	NA	NA	NA	NA
NC_045512.2	17075	T	G	14757	2095	47	1	0	40	6.77553e-05	14759	0.750008	FALSE	NA	NA	NA	NA	NA	NA
NC_045512.2	17075	T	C	14757	2095	47	1	0	80	6.77553e-05	14759	0.5	FALSE	NA	NA	NA	NA	NA	NA
NC_045512.2	17076	C	A	14854	2227	48	1	0	40	6.73174e-05	14855	0.750025	FALSE	NA	NA	NA	NA	NA	NA
NC_045512.2	17077	C	G	14601	2226	46	2	0	40	0.000136883	14611	0.49982	FALSE	NA	NA	NA	NA	NA	NA
NC_045512.2	17077	C	A	14601	2226	46	8	0	26	0.000547533	14611	1	FALSE	NA	NA	NA	NA	NA	NA
NC_045512.2	17078	A	G	14787	2233	47	3	0	40	0.000202826	14791	0.312487	FALSE	NA	NA	NA	NA	NA	NA
NC_045512.2	17078	A	C	14787	2233	47	1	0	24	6.76087e-05	14791	1	FALSE	NA	NA	NA	NA	NA	NA
NC_045512.2	17079	G	T	14639	1791	43	13	12	32	0.00088713	14654	0.649446	FALSE	NA	NA	NA	NA	NA	NA
NC_045512.2	17079	G	C	14639	1791	43	1	0	40	6.82408e-05	14654	0.749787	FALSE	NA	NA	NA	NA	NA	NA
NC_045512.2	17079	G	A	14639	1791	43	1	0	24	6.82408e-05	14654	1	FALSE	NA	NA	NA	NA	NA	NA
NC_045512.2	17080	G	A	14929	2234	47	1	0	40	6.69792e-05	14930	0.750025	FALSE	NA	NA	NA	NA	NA	NA
NC_045512.2	17081	G	T	14947	2227	47	1	1	24	6.68896e-05	14950	1	FALSE	NA	NA	NA	NA	NA	NA
NC_045512.2	17081	G	C	14947	2227	47	1	0	40	6.68896e-05	14950	0.749992	FALSE	NA	NA	NA	NA	NA	NA
NC_045512.2	17081	G	A	14947	2227	47	1	0	40	6.68896e-05	14950	0.749992	FALSE	NA	NA	NA	NA	NA	NA
NC_045512.2	17082	A	T	14927	2307	48	1	0	40	6.69748e-05	14931	0.749975	FALSE	NA	NA	NA	NA	NA	NA
NC_045512.2	17082	A	G	14927	2307	48	2	1	52	0.00013395	14931	0.249975	FALSE	NA	NA	NA	NA	NA	NA
NC_045512.2	17082	A	C	14927	2307	48	1	0	24	6.69748e-05	14931	1	FALSE	NA	NA	NA	NA	NA	NA
NC_045512.2	17083	C	A	14991	2335	48	1	0	24	6.67022e-05	14992	1	FALSE	NA	NA	NA	NA	NA	NA
NC_045512.2	17084	C	T	15013	2350	48	1	0	40	6.66045e-05	15014	0.750025	FALSE	NA	NA	NA	NA	NA	NA
NC_045512.2	17085	A	G	15641	2371	48	1	1	24	6.39223e-05	15644	1	FALSE	NA	NA	NA	NA	NA	NA
NC_045512.2	17085	A	C	15641	2371	48	2	1	40	0.000127845	15644	0.5	FALSE	NA	NA	NA	NA	NA	NA
NC_045512.2	17086	C	T	15621	2386	47	1	0	80	6.39836e-05	15629	0.499904	FALSE	NA	NA	NA	NA	NA	NA
NC_045512.2	17086	C	G	15621	2386	47	1	1	32	6.39836e-05	15629	0.999985	FALSE	NA	NA	NA	NA	NA	NA
NC_045512.2	17086	C	A	15621	2386	47	6	0	26	0.000383902	15629	1	FALSE	NA	NA	NA	NA	NA	NA
NC_045512.2	17087	C	T	15560	2388	47	2	0	40	0.000128469	15568	0.49988	FALSE	NA	NA	NA	NA	NA	NA
NC_045512.2	17087	C	A	15560	2388	47	6	0	29	0.000385406	15568	1	FALSE	NA	NA	NA	NA	NA	NA
NC_045512.2	17088	T	G	15717	2386	48	1	0	40	6.36173e-05	15719	0.750008	FALSE	NA	NA	NA	NA	NA	NA
NC_045512.2	17088	T	C	15717	2386	48	1	1	32	6.36173e-05	15719	0.999985	FALSE	NA	NA	NA	NA	NA	NA
NC_045512.2	17089	G	A	15723	2391	48	1	0	40	6.3597e-05	15724	0.750024	FALSE	NA	NA	NA	NA	NA	NA
NC_045512.2	17090	G	A	16128	2551	49	1	0	40	6.20001e-05	16129	0.750023	FALSE	NA	NA	NA	NA	NA	NA
NC_045512.2	17092	A	T	16079	2770	49	1	0	24	6.21775e-05	16083	1	FALSE	NA	NA	NA	NA	NA	NA
NC_045512.2	17092	A	C	16079	2770	49	3	0	24	0.000186532	16083	1	FALSE	NA	NA	NA	NA	NA	NA
NC_045512.2	17093	C	T	16089	2764	49	1	0	40	6.21465e-05	16091	0.750008	FALSE	NA	NA	NA	NA	NA	NA
NC_045512.2	17093	C	A	16089	2764	49	1	0	24	6.21465e-05	16091	1	FALSE	NA	NA	NA	NA	NA	NA
NC_045512.2	17094	T	G	16167	2774	50	1	0	40	6.18429e-05	16170	0.749992	FALSE	NA	NA	NA	NA	NA	NA
NC_045512.2	17094	T	C	16167	2774	50	2	1	40	0.000123686	16170	0.5	FALSE	NA	NA	NA	NA	NA	NA
NC_045512.2	17095	G	A	16330	2791	50	1	1	80	6.12332e-05	16331	0.500015	FALSE	NA	NA	NA	NA	NA	NA
NC_045512.2	17096	G	T	16317	2747	48	2	2	32	0.000122534	16322	0.999928	FALSE	NA	NA	NA	NA	NA	NA
NC_045512.2	17096	G	C	16317	2747	48	1	0	40	6.1267e-05	16322	0.749962	FALSE	NA	NA	NA	NA	NA	NA
NC_045512.2	17096	G	A	16317	2747	48	2	0	60	0.000122534	16322	0.249962	FALSE	NA	NA	NA	NA	NA	NA
NC_045512.2	17098	A	G	16271	2835	50	2	1	66	0.000122873	16277	0.249946	FALSE	NA	NA	NA	NA	NA	NA
NC_045512.2	17098	A	C	16271	2835	50	4	0	28	0.000245746	16277	1	FALSE	NA	NA	NA	NA	NA	NA
NC_045512.2	17099	A	C	16014	2759	49	1	0	24	6.24415e-05	16015	1	FALSE	NA	NA	NA	NA	NA	NA
NC_045512.2	17101	A	G	16118	2829	49	2	1	58	0.000124054	16122	0.249977	FALSE	NA	NA	NA	NA	NA	NA
NC_045512.2	17101	A	C	16118	2829	49	2	0	32	0.000124054	16122	0.999928	FALSE	NA	NA	NA	NA	NA	NA
NC_045512.2	17102	G	T	16258	2809	50	1	1	32	6.15044e-05	16259	0.999992	FALSE	NA	NA	NA	NA	NA	NA
NC_045512.2	17103	T	C	16242	2826	50	1	0	24	6.15574e-05	16245	1	FALSE	NA	NA	NA	NA	NA	NA
NC_045512.2	17103	T	A	16242	2826	50	2	1	60	0.000123115	16245	0.249992	FALSE	NA	NA	NA	NA	NA	NA
NC_045512.2	17104	C	A	16147	2797	50	2	0	40	0.000123847	16149	0.500023	FALSE	NA	NA	NA	NA	NA	NA
NC_045512.2	17105	A	G	16069	2928	50	4	1	41	0.000248865	16073	0.1875	FALSE	NA	NA	NA	NA	NA	NA
NC_045512.2	17106	T	C	16197	2930	51	1	1	52	6.1736e-05	16198	0.500015	FALSE	NA	NA	NA	NA	NA	NA
NC_045512.2	17107	T	C	16194	3072	52	1	0	32	6.17475e-05	16195	0.999992	FALSE	NA	NA	NA	NA	NA	NA
NC_045512.2	17109	T	G	16165	3347	53	1	1	24	6.18391e-05	16171	1	FALSE	NA	NA	NA	NA	NA	NA
NC_045512.2	17109	T	C	16165	3347	53	5	0	40	0.000309195	16171	0.109353	FALSE	NA	NA	NA	NA	NA	NA
NC_045512.2	17110	G	A	16204	3359	53	1	0	40	6.17093e-05	16205	0.750023	FALSE	NA	NA	NA	NA	NA	NA
NC_045512.2	17112	T	C	16238	3397	53	2	1	52	0.000123153	16240	0.250008	FALSE	NA	NA	NA	NA	NA	NA
NC_045512.2	17113	A	G	16153	3403	53	2	0	32	0.000123793	16156	0.999928	FALSE	NA	NA	NA	NA	NA	NA
NC_045512.2	17113	A	C	16153	3403	53	1	0	40	6.18965e-05	16156	0.749992	FALSE	NA	NA	NA	NA	NA	NA
NC_045512.2	17114	T	C	16211	3393	53	1	0	64	6.16827e-05	16212	0.500015	FALSE	NA	NA	NA	NA	NA	NA
NC_045512.2	17116	G	C	16264	3410	53	1	0	40	6.14742e-05	16267	0.749992	FALSE	NA	NA	NA	NA	NA	NA
NC_045512.2	17116	G	A	16264	3410	53	2	1	40	0.000122948	16267	0.5	FALSE	NA	NA	NA	NA	NA	NA
NC_045512.2	17118	C	G	16349	3469	52	1	0	24	6.11621e-05	16350	1	FALSE	NA	NA	NA	NA	NA	NA
NC_045512.2	17119	C	A	16075	3530	52	12	0	28	0.000745944	16087	1	FALSE	NA	NA	NA	NA	NA	NA
NC_045512.2	17120	T	G	16346	3500	54	1	1	32	6.11733e-05	16347	0.999992	FALSE	NA	NA	NA	NA	NA	NA
NC_045512.2	17121	A	C	16227	3515	53	7	0	24	0.000431194	16234	1	FALSE	NA	NA	NA	NA	NA	NA
NC_045512.2	17122	G	T	16438	3614	53	1	1	40	6.08125e-05	16444	0.749947	FALSE	NA	NA	NA	NA	NA	NA
NC_045512.2	17122	G	C	16438	3614	53	2	2	32	0.000121625	16444	0.999928	FALSE	NA	NA	NA	NA	NA	NA
NC_045512.2	17122	G	A	16438	3614	53	3	2	61	0.000182437	16444	0.124966	FALSE	NA	NA	NA	NA	NA	NA
NC_045512.2	17124	T	G	14372	4502	51	1	1	40	6.95749e-05	14373	0.750026	FALSE	NA	NA	NA	NA	NA	NA
NC_045512.2	17125	C	T	14500	4558	51	1	0	40	6.89608e-05	14501	0.750026	FALSE	NA	NA	NA	NA	NA	NA
NC_045512.2	17126	T	G	14364	4477	51	1	1	24	6.96088e-05	14366	1	FALSE	NA	NA	NA	NA	NA	NA
NC_045512.2	17126	T	C	14364	4477	51	1	0	24	6.96088e-05	14366	1	FALSE	NA	NA	NA	NA	NA	NA
NC_045512.2	17128	T	C	14679	4528	50	5	2	60	0.000340483	14685	0.0312394	FALSE	NA	NA	NA	NA	NA	NA
NC_045512.2	17128	T	A	14679	4528	50	1	1	40	6.80967e-05	14685	0.74994	FALSE	NA	NA	NA	NA	NA	NA
NC_045512.2	17129	A	G	14576	4567	50	1	0	40	6.85965e-05	14578	0.750009	FALSE	NA	NA	NA	NA	NA	NA
NC_045512.2	17129	A	C	14576	4567	50	1	0	24	6.85965e-05	14578	1	FALSE	NA	NA	NA	NA	NA	NA
NC_045512.2	17130	C	G	14437	4670	49	1	0	24	6.92185e-05	14447	1	FALSE	NA	NA	NA	NA	NA	NA
NC_045512.2	17130	C	A	14437	4670	49	9	1	31	0.000622967	14447	0.895071	FALSE	NA	NA	NA	NA	NA	NA
NC_045512.2	17131	T	C	14423	4521	50	1	1	40	6.93289e-05	14424	0.750026	FALSE	NA	NA	NA	NA	NA	NA
NC_045512.2	17132	A	C	14398	4542	50	1	0	24	6.94493e-05	14399	1	FALSE	NA	NA	NA	NA	NA	NA
NC_045512.2	17133	C	T	14089	4581	49	1	1	80	7.09522e-05	14094	0.499947	FALSE	NA	NA	NA	NA	NA	NA
NC_045512.2	17133	C	A	14089	4581	49	4	0	32	0.000283809	14094	0.99624	FALSE	NA	NA	NA	NA	NA	NA
NC_045512.2	17135	C	A	14140	4482	50	3	1	42	0.000212119	14143	0.312513	FALSE	NA	NA	NA	NA	NA	NA
NC_045512.2	17136	T	G	13991	4331	50	1	0	40	7.14592e-05	13994	0.749991	FALSE	NA	NA	NA	NA	NA	NA
NC_045512.2	17136	T	C	13991	4331	50	2	1	32	0.000142918	13994	0.999513	FALSE	NA	NA	NA	NA	NA	NA
NC_045512.2	17138	C	G	12279	5027	46	1	0	24	8.14133e-05	12283	1	FALSE	NA	NA	NA	NA	NA	NA
NC_045512.2	17138	C	A	12279	5027	46	3	0	24	0.00024424	12283	1	FALSE	NA	NA	NA	NA	NA	NA
NC_045512.2	17139	T	C	12501	4973	48	1	1	80	7.99872e-05	12502	0.50002	FALSE	NA	NA	NA	NA	NA	NA
NC_045512.2	17140	G	A	12490	4986	48	1	1	40	8.00576e-05	12491	0.75003	FALSE	NA	NA	NA	NA	NA	NA
NC_045512.2	17141	C	T	12345	5086	48	12	4	46	0.000971109	12357	0.0017059	TRUE	NA	NA	NA	NA	NA	NA
NC_045512.2	17142	T	G	12327	5068	48	2	2	32	0.00016218	12332	0.999086	FALSE	NA	NA	NA	NA	NA	NA
NC_045512.2	17142	T	C	12327	5068	48	3	2	42	0.00024327	12332	0.312454	FALSE	NA	NA	NA	NA	NA	NA
NC_045512.2	17143	C	G	12389	5102	48	2	1	40	0.000161394	12392	0.5	FALSE	NA	NA	NA	NA	NA	NA
NC_045512.2	17143	C	A	12389	5102	48	1	1	40	8.06972e-05	12392	0.74999	FALSE	NA	NA	NA	NA	NA	NA
NC_045512.2	17144	G	C	12378	5098	48	1	0	40	8.07428e-05	12385	0.749909	FALSE	NA	NA	NA	NA	NA	NA
NC_045512.2	17144	G	A	12378	5098	48	6	4	37	0.000484457	12385	0.951934	FALSE	NA	NA	NA	NA	NA	NA
NC_045512.2	17145	C	G	12084	5218	47	1	1	24	8.27404e-05	12086	1	FALSE	NA	NA	NA	NA	NA	NA
NC_045512.2	17145	C	A	12084	5218	47	1	0	40	8.27404e-05	12086	0.75001	FALSE	NA	NA	NA	NA	NA	NA
NC_045512.2	17146	A	C	12461	5848	48	4	4	40	0.000320899	12465	0.1875	FALSE	NA	NA	NA	NA	NA	NA
NC_045512.2	17147	T	G	12450	5812	48	1	1	24	8.03148e-05	12451	1	FALSE	NA	NA	NA	NA	NA	NA
NC_045512.2	17148	A	G	12721	5870	48	1	1	32	7.8604e-05	12722	0.999878	FALSE	NA	NA	NA	NA	NA	NA
NC_045512.2	17151	G	C	13623	6186	48	2	0	36	0.000146767	13627	0.999513	FALSE	NA	NA	NA	NA	NA	NA
NC_045512.2	17151	G	A	13623	6186	48	2	1	60	0.000146767	13627	0.249972	FALSE	NA	NA	NA	NA	NA	NA
NC_045512.2	17152	T	G	13559	6246	48	1	1	40	7.37463e-05	13560	0.750028	FALSE	NA	NA	NA	NA	NA	NA
NC_045512.2	17153	A	G	13287	6390	47	2	1	32	0.000150489	13290	0.999513	FALSE	NA	NA	NA	NA	NA	NA
NC_045512.2	17153	A	C	13287	6390	47	1	0	24	7.52445e-05	13290	1	FALSE	NA	NA	NA	NA	NA	NA
NC_045512.2	17154	T	G	13552	6699	48	2	2	24	0.000147547	13555	1	FALSE	NA	NA	NA	NA	NA	NA
NC_045512.2	17154	T	C	13552	6699	48	1	0	32	7.37735e-05	13555	0.999939	FALSE	NA	NA	NA	NA	NA	NA
NC_045512.2	17155	A	G	13252	6873	47	1	1	40	7.54432e-05	13255	0.749991	FALSE	NA	NA	NA	NA	NA	NA
NC_045512.2	17155	A	C	13252	6873	47	2	0	32	0.000150886	13255	0.999513	FALSE	NA	NA	NA	NA	NA	NA
NC_045512.2	17156	C	T	13265	6880	47	3	3	34	0.000226108	13268	0.997916	FALSE	NA	NA	NA	NA	NA	NA
NC_045512.2	17157	A	G	12883	6514	47	1	1	64	7.76096e-05	12885	0.5	FALSE	NA	NA	NA	NA	NA	NA
NC_045512.2	17157	A	C	12883	6514	47	1	0	40	7.76096e-05	12885	0.75001	FALSE	NA	NA	NA	NA	NA	NA
NC_045512.2	17158	G	A	12891	6470	47	1	1	40	7.75675e-05	12892	0.750029	FALSE	NA	NA	NA	NA	NA	NA
NC_045512.2	17160	T	C	12606	6603	48	6	2	41	0.000475737	12612	0.062487	FALSE	NA	NA	NA	NA	NA	NA
NC_045512.2	17161	T	G	12801	6876	49	1	1	24	7.81067e-05	12803	1	FALSE	NA	NA	NA	NA	NA	NA
NC_045512.2	17161	T	C	12801	6876	49	1	0	40	7.81067e-05	12803	0.75001	FALSE	NA	NA	NA	NA	NA	NA
NC_045512.2	17162	G	A	12802	6899	49	1	0	40	7.81067e-05	12803	0.750029	FALSE	NA	NA	NA	NA	NA	NA
NC_045512.2	17163	C	T	13294	7615	49	1	0	40	7.52162e-05	13295	0.750028	FALSE	NA	NA	NA	NA	NA	NA
NC_045512.2	17164	T	G	13297	7634	49	2	1	24	0.000150376	13300	1	FALSE	NA	NA	NA	NA	NA	NA
NC_045512.2	17164	T	C	13297	7634	49	1	0	40	7.5188e-05	13300	0.749991	FALSE	NA	NA	NA	NA	NA	NA
NC_045512.2	17166	T	G	13289	7608	49	1	1	24	7.52332e-05	13292	1	FALSE	NA	NA	NA	NA	NA	NA
NC_045512.2	17166	T	C	13289	7608	49	2	2	32	0.000150466	13292	0.999513	FALSE	NA	NA	NA	NA	NA	NA
NC_045512.2	17167	C	A	13314	7686	49	1	0	24	7.51033e-05	13315	1	FALSE	NA	NA	NA	NA	NA	NA
NC_045512.2	17168	A	T	13300	7678	49	1	1	80	7.51767e-05	13302	0.5	FALSE	NA	NA	NA	NA	NA	NA
NC_045512.2	17168	A	C	13300	7678	49	1	0	40	7.51767e-05	13302	0.750009	FALSE	NA	NA	NA	NA	NA	NA
NC_045512.2	17169	T	C	13339	7703	49	1	0	40	7.49625e-05	13340	0.750028	FALSE	NA	NA	NA	NA	NA	NA
NC_045512.2	17170	G	T	13094	7603	48	8	8	28	0.000610501	13104	1	FALSE	NA	NA	NA	NA	NA	NA
NC_045512.2	17170	G	A	13094	7603	48	2	0	40	0.000152625	13104	0.4998	FALSE	NA	NA	NA	NA	NA	NA
NC_045512.2	17171	C	T	13512	8156	49	1	0	40	7.40028e-05	13513	0.750028	FALSE	NA	NA	NA	NA	NA	NA
NC_045512.2	17172	C	A	13508	8398	48	5	0	27	0.000370014	13513	1	FALSE	NA	NA	NA	NA	NA	NA
NC_045512.2	17173	G	A	13624	8366	49	4	2	56	0.000293513	13628	0.0624954	FALSE	NA	NA	NA	NA	NA	NA
NC_045512.2	17174	C	A	13899	8770	50	1	1	24	7.19424e-05	13900	1	FALSE	NA	NA	NA	NA	NA	NA
NC_045512.2	17177	T	G	14177	8874	50	2	2	24	0.000141054	14179	1	FALSE	NA	NA	NA	NA	NA	NA
NC_045512.2	17178	T	C	14221	8923	50	4	3	46	0.000281195	14225	0.1875	FALSE	NA	NA	NA	NA	NA	NA
NC_045512.2	17179	G	C	14284	8989	51	1	1	24	6.99986e-05	14286	1	FALSE	NA	NA	NA	NA	NA	NA
NC_045512.2	17179	G	A	14284	8989	51	1	1	80	6.99986e-05	14286	0.5	FALSE	NA	NA	NA	NA	NA	NA
NC_045512.2	17180	A	G	14247	8977	50	1	1	40	7.01705e-05	14251	0.749974	FALSE	NA	NA	NA	NA	NA	NA
NC_045512.2	17180	A	C	14247	8977	50	3	2	34	0.000210512	14251	0.998828	FALSE	NA	NA	NA	NA	NA	NA
NC_045512.2	17181	T	G	14174	8955	50	2	2	24	0.000141084	14176	1	FALSE	NA	NA	NA	NA	NA	NA
NC_045512.2	17182	G	C	14213	8998	50	1	1	40	7.03532e-05	14214	0.750026	FALSE	NA	NA	NA	NA	NA	NA
NC_045512.2	17184	A	T	13322	8893	51	1383	919	51	0.0940432	14706	0	TRUE	NA	NA	NA	NA	NA	NA
NC_045512.2	17184	A	G	13322	8893	51	1	0	40	6.79995e-05	14706	0.724747	FALSE	NA	NA	NA	NA	NA	NA
NC_045512.2	17186	T	G	14362	9479	51	3	3	29	0.000208812	14367	1	FALSE	NA	NA	NA	NA	NA	NA
NC_045512.2	17186	T	C	14362	9479	51	2	1	52	0.000139208	14367	0.249956	FALSE	NA	NA	NA	NA	NA	NA
NC_045512.2	17188	T	G	14387	9511	51	1	1	40	6.94927e-05	14390	0.749991	FALSE	NA	NA	NA	NA	NA	NA
NC_045512.2	17188	T	C	14387	9511	51	2	1	40	0.000138985	14390	0.5	FALSE	NA	NA	NA	NA	NA	NA
NC_045512.2	17189	G	T	14397	9526	51	2	1	32	0.000138899	14399	0.999742	FALSE	NA	NA	NA	NA	NA	NA
NC_045512.2	17190	T	C	14450	9637	51	1	1	40	6.91994e-05	14451	0.750026	FALSE	NA	NA	NA	NA	NA	NA
NC_045512.2	17191	G	T	14169	9351	48	10	10	25	0.000705268	14179	1	FALSE	NA	NA	NA	NA	NA	NA
NC_045512.2	17193	G	A	14412	9767	50	1	1	40	6.93818e-05	14413	0.750026	FALSE	NA	NA	NA	NA	NA	NA
NC_045512.2	17194	A	G	14140	9588	51	1	1	24	7.07164e-05	14141	1	FALSE	NA	NA	NA	NA	NA	NA
NC_045512.2	17198	C	T	14572	10456	53	2	1	40	0.000137231	14574	0.500026	FALSE	NA	NA	NA	NA	NA	NA
NC_045512.2	17199	A	G	14710	10727	53	2	2	32	0.000135943	14712	0.999742	FALSE	NA	NA	NA	NA	NA	NA
NC_045512.2	17200	T	G	15355	11732	54	1	1	40	6.51211e-05	15356	0.750024	FALSE	NA	NA	NA	NA	NA	NA
NC_045512.2	17201	T	G	15301	11693	53	3	3	24	0.000196014	15305	1	FALSE	NA	NA	NA	NA	NA	NA
NC_045512.2	17201	T	A	15301	11693	53	1	0	40	6.53381e-05	15305	0.749975	FALSE	NA	NA	NA	NA	NA	NA
NC_045512.2	17202	A	G	15461	11911	54	3	3	40	0.000193999	15464	0.312512	FALSE	NA	NA	NA	NA	NA	NA
NC_045512.2	17204	A	G	15526	12020	54	1	1	24	6.44039e-05	15527	1	FALSE	NA	NA	NA	NA	NA	NA
NC_045512.2	17205	A	G	15619	12166	54	3	1	29	0.000192037	15622	1	FALSE	NA	NA	NA	NA	NA	NA
NC_045512.2	17206	T	G	15529	12063	54	3	3	29	0.000193137	15533	1	FALSE	NA	NA	NA	NA	NA	NA
NC_045512.2	17206	T	C	15529	12063	54	1	0	80	6.43791e-05	15533	0.499968	FALSE	NA	NA	NA	NA	NA	NA
NC_045512.2	17207	A	C	15514	12126	54	3	3	40	0.000193336	15517	0.312512	FALSE	NA	NA	NA	NA	NA	NA
NC_045512.2	17208	T	G	15477	12084	54	5	5	28	0.000322956	15482	1	FALSE	NA	NA	NA	NA	NA	NA
NC_045512.2	17209	T	G	15414	12027	54	3	3	29	0.000194565	15419	1	FALSE	NA	NA	NA	NA	NA	NA
NC_045512.2	17209	T	C	15414	12027	54	2	2	40	0.00012971	15419	0.499951	FALSE	NA	NA	NA	NA	NA	NA
NC_045512.2	17210	T	G	15428	12055	54	4	4	32	0.000259151	15435	0.997791	FALSE	NA	NA	NA	NA	NA	NA
NC_045512.2	17210	T	C	15428	12055	54	3	3	40	0.000194363	15435	0.312415	FALSE	NA	NA	NA	NA	NA	NA
NC_045512.2	17211	G	A	15489	12127	54	1	1	40	6.45578e-05	15490	0.750024	FALSE	NA	NA	NA	NA	NA	NA
NC_045512.2	17212	C	A	15490	12171	54	1	1	24	6.45536e-05	15491	1	FALSE	NA	NA	NA	NA	NA	NA
NC_045512.2	17213	C	A	15457	12335	51	1	0	32	6.46914e-05	15458	0.999985	FALSE	NA	NA	NA	NA	NA	NA
NC_045512.2	17214	T	G	15318	12149	53	1	1	24	6.52742e-05	15320	1	FALSE	NA	NA	NA	NA	NA	NA
NC_045512.2	17214	T	C	15318	12149	53	1	1	40	6.52742e-05	15320	0.750008	FALSE	NA	NA	NA	NA	NA	NA
NC_045512.2	17215	A	G	15403	12252	53	1	1	24	6.49182e-05	15404	1	FALSE	NA	NA	NA	NA	NA	NA
NC_045512.2	17216	T	G	18689	12872	51	7	7	25	0.000374412	18696	1	FALSE	NA	NA	NA	NA	NA	NA
NC_045512.2	17217	A	G	18959	13187	50	1	0	80	5.27343e-05	18963	0.499974	FALSE	NA	NA	NA	NA	NA	NA
NC_045512.2	17217	A	C	18959	13187	50	3	0	24	0.000158203	18963	1	FALSE	NA	NA	NA	NA	NA	NA
NC_045512.2	17218	G	C	20112	13221	50	2	0	24	9.94332e-05	20114	1	FALSE	NA	NA	NA	NA	NA	NA
NC_045512.2	17219	A	C	20129	13257	50	2	0	40	9.93493e-05	20131	0.687528	FALSE	NA	NA	NA	NA	NA	NA
NC_045512.2	17220	T	G	20033	13199	49	3	2	24	0.000149701	20040	1	FALSE	NA	NA	NA	NA	NA	NA
NC_045512.2	17220	T	C	20033	13199	49	4	0	46	0.000199601	20040	0.343692	FALSE	NA	NA	NA	NA	NA	NA
NC_045512.2	17221	A	G	20143	13351	50	1	0	40	4.96376e-05	20146	0.875	FALSE	NA	NA	NA	NA	NA	NA
NC_045512.2	17221	A	C	20143	13351	50	2	0	24	9.92753e-05	20146	1	FALSE	NA	NA	NA	NA	NA	NA
NC_045512.2	17222	A	G	20116	13363	50	1	1	24	4.97067e-05	20118	1	FALSE	NA	NA	NA	NA	NA	NA
NC_045512.2	17222	A	C	20116	13363	50	1	0	24	4.97067e-05	20118	1	FALSE	NA	NA	NA	NA	NA	NA
NC_045512.2	17224	T	G	20604	13318	50	1	1	24	4.85296e-05	20606	1	FALSE	NA	NA	NA	NA	NA	NA
NC_045512.2	17224	T	C	20604	13318	50	1	0	40	4.85296e-05	20606	0.875009	FALSE	NA	NA	NA	NA	NA	NA
NC_045512.2	17225	G	T	20551	13385	47	2	2	32	9.72952e-05	20556	0.999995	FALSE	NA	NA	NA	NA	NA	NA
NC_045512.2	17225	G	A	20551	13385	47	3	2	53	0.000145943	20556	0.124982	FALSE	NA	NA	NA	NA	NA	NA
NC_045512.2	17226	T	G	20836	13526	49	3	2	29	0.000143899	20848	1	FALSE	NA	NA	NA	NA	NA	NA
NC_045512.2	17226	T	C	20836	13526	49	7	2	41	0.000335764	20848	0.0897729	FALSE	NA	NA	NA	NA	NA	NA
NC_045512.2	17226	T	A	20836	13526	49	2	2	40	9.59325e-05	20848	0.687347	FALSE	NA	NA	NA	NA	NA	NA
NC_045512.2	17227	A	C	20557	13383	48	9	0	26	0.000437615	20566	1	FALSE	NA	NA	NA	NA	NA	NA
NC_045512.2	17228	G	T	19691	12273	45	57	57	26	0.00288622	19749	1	FALSE	NA	NA	NA	NA	NA	NA
NC_045512.2	17228	G	A	19691	12273	45	1	0	24	5.06355e-05	19749	1	FALSE	NA	NA	NA	NA	NA	NA
NC_045512.2	17229	T	G	20675	13307	48	3	2	29	0.000145054	20682	1	FALSE	NA	NA	NA	NA	NA	NA
NC_045512.2	17229	T	C	20675	13307	48	4	1	34	0.000193405	20682	0.999862	FALSE	NA	NA	NA	NA	NA	NA
NC_045512.2	17230	A	T	20717	13416	48	1	0	40	4.82556e-05	20723	0.874973	FALSE	NA	NA	NA	NA	NA	NA
NC_045512.2	17230	A	G	20717	13416	48	4	4	36	0.000193022	20723	0.999862	FALSE	NA	NA	NA	NA	NA	NA
NC_045512.2	17230	A	C	20717	13416	48	1	0	24	4.82556e-05	20723	1	FALSE	NA	NA	NA	NA	NA	NA
NC_045512.2	17231	G	T	22099	13518	48	1	1	24	4.52407e-05	22104	1	FALSE	NA	NA	NA	NA	NA	NA
NC_045512.2	17231	G	C	22099	13518	48	4	0	36	0.000180963	22104	0.999956	FALSE	NA	NA	NA	NA	NA	NA
NC_045512.2	17232	A	G	22515	13387	48	5	4	33	0.000221995	22523	0.999845	FALSE	NA	NA	NA	NA	NA	NA
NC_045512.2	17232	A	C	22515	13387	48	3	0	24	0.000133197	22523	1	FALSE	NA	NA	NA	NA	NA	NA
NC_045512.2	17233	A	G	22562	13386	48	1	1	40	4.43125e-05	22567	0.874983	FALSE	NA	NA	NA	NA	NA	NA
NC_045512.2	17233	A	C	22562	13386	48	4	1	28	0.00017725	22567	1	FALSE	NA	NA	NA	NA	NA	NA
NC_045512.2	17234	T	G	22547	13327	48	2	2	32	8.86879e-05	22551	0.999999	FALSE	NA	NA	NA	NA	NA	NA
NC_045512.2	17234	T	C	22547	13327	48	2	0	36	8.86879e-05	22551	0.999999	FALSE	NA	NA	NA	NA	NA	NA
NC_045512.2	17235	T	G	22502	13286	48	1	1	24	4.44385e-05	22503	1	FALSE	NA	NA	NA	NA	NA	NA
NC_045512.2	17236	A	G	22585	13684	47	2	1	40	8.85387e-05	22589	0.687492	FALSE	NA	NA	NA	NA	NA	NA
NC_045512.2	17236	A	C	22585	13684	47	2	0	24	8.85387e-05	22589	1	FALSE	NA	NA	NA	NA	NA	NA
NC_045512.2	17237	T	G	22644	13595	47	1	1	24	4.4156e-05	22647	1	FALSE	NA	NA	NA	NA	NA	NA
NC_045512.2	17237	T	C	22644	13595	47	2	1	40	8.83119e-05	22647	0.687508	FALSE	NA	NA	NA	NA	NA	NA
NC_045512.2	17238	A	G	22782	13646	46	1	0	40	4.38847e-05	22787	0.874984	FALSE	NA	NA	NA	NA	NA	NA
NC_045512.2	17238	A	C	22782	13646	46	4	1	24	0.000175539	22787	1	FALSE	NA	NA	NA	NA	NA	NA
NC_045512.2	17239	C	T	22852	13644	47	2	1	40	8.75082e-05	22855	0.687508	FALSE	NA	NA	NA	NA	NA	NA
NC_045512.2	17239	C	G	22852	13644	47	1	0	24	4.37541e-05	22855	1	FALSE	NA	NA	NA	NA	NA	NA
NC_045512.2	17241	T	G	21988	12985	46	3	2	29	0.000136407	21993	1	FALSE	NA	NA	NA	NA	NA	NA
NC_045512.2	17241	T	C	21988	12985	46	1	0	40	4.5469e-05	21993	0.874983	FALSE	NA	NA	NA	NA	NA	NA
NC_045512.2	17241	T	A	21988	12985	46	1	1	40	4.5469e-05	21993	0.874983	FALSE	NA	NA	NA	NA	NA	NA
NC_045512.2	17242	G	C	22327	13041	46	5	0	36	0.000223894	22332	0.999845	FALSE	NA	NA	NA	NA	NA	NA
NC_045512.2	17243	C	T	22364	13054	46	1	0	40	4.47107e-05	22366	0.875008	FALSE	NA	NA	NA	NA	NA	NA
NC_045512.2	17243	C	G	22364	13054	46	1	0	40	4.47107e-05	22366	0.875008	FALSE	NA	NA	NA	NA	NA	NA
NC_045512.2	17244	A	T	22258	13062	46	1	1	40	4.49014e-05	22271	0.874916	FALSE	NA	NA	NA	NA	NA	NA
NC_045512.2	17244	A	G	22258	13062	46	4	1	40	0.000179606	22271	0.343571	FALSE	NA	NA	NA	NA	NA	NA
NC_045512.2	17244	A	C	22258	13062	46	8	1	28	0.000359212	22271	1	FALSE	NA	NA	NA	NA	NA	NA
NC_045512.2	17245	C	T	22292	13095	46	2	2	40	8.97102e-05	22294	0.687525	FALSE	NA	NA	NA	NA	NA	NA
NC_045512.2	17246	G	T	22217	13016	46	2	2	32	8.99604e-05	22232	0.999999	FALSE	NA	NA	NA	NA	NA	NA
NC_045512.2	17246	G	A	22217	13016	46	13	12	43	0.000584743	22232	0.00368701	TRUE	NA	NA	NA	NA	NA	NA
NC_045512.2	17247	T	G	22646	12973	46	1	1	24	4.4154e-05	22648	1	FALSE	NA	NA	NA	NA	NA	NA
NC_045512.2	17247	T	C	22646	12973	46	1	0	24	4.4154e-05	22648	1	FALSE	NA	NA	NA	NA	NA	NA
NC_045512.2	17248	G	A	22713	13033	46	1	1	24	4.40257e-05	22714	1	FALSE	NA	NA	NA	NA	NA	NA
NC_045512.2	17250	T	G	23242	13022	45	3	1	34	0.000129049	23247	0.999995	FALSE	NA	NA	NA	NA	NA	NA
NC_045512.2	17250	T	C	23242	13022	45	1	0	40	4.30163e-05	23247	0.874984	FALSE	NA	NA	NA	NA	NA	NA
NC_045512.2	17250	T	A	23242	13022	45	1	1	40	4.30163e-05	23247	0.874984	FALSE	NA	NA	NA	NA	NA	NA
NC_045512.2	17252	G	A	24000	12823	44	4	1	36	0.000166639	24004	0.999986	FALSE	NA	NA	NA	NA	NA	NA
NC_045512.2	17253	T	G	24144	12903	45	3	2	34	0.000124234	24148	0.999997	FALSE	NA	NA	NA	NA	NA	NA
NC_045512.2	17253	T	C	24144	12903	45	1	0	40	4.14113e-05	24148	0.874992	FALSE	NA	NA	NA	NA	NA	NA
NC_045512.2	17254	G	T	22771	11458	42	80	80	25	0.00350079	22852	1	FALSE	NA	NA	NA	NA	NA	NA
NC_045512.2	17254	G	A	22771	11458	42	1	1	40	4.37598e-05	22852	0.874358	FALSE	NA	NA	NA	NA	NA	NA
NC_045512.2	17255	T	G	24067	12803	44	1	1	24	4.15438e-05	24071	1	FALSE	NA	NA	NA	NA	NA	NA
NC_045512.2	17255	T	C	24067	12803	44	3	0	34	0.000124631	24071	0.999997	FALSE	NA	NA	NA	NA	NA	NA
NC_045512.2	17256	A	G	23931	12717	45	2	2	40	8.35527e-05	23937	0.687461	FALSE	NA	NA	NA	NA	NA	NA
NC_045512.2	17256	A	C	23931	12717	45	4	0	28	0.000167105	23937	1	FALSE	NA	NA	NA	NA	NA	NA
NC_045512.2	17257	G	T	24012	12721	45	1	0	24	4.16424e-05	24014	1	FALSE	NA	NA	NA	NA	NA	NA
NC_045512.2	17257	G	C	24012	12721	45	1	0	24	4.16424e-05	24014	1	FALSE	NA	NA	NA	NA	NA	NA
NC_045512.2	17258	A	G	23613	12400	45	5	2	36	0.000211694	23619	0.99991	FALSE	NA	NA	NA	NA	NA	NA
NC_045512.2	17258	A	C	23613	12400	45	1	0	24	4.23388e-05	23619	1	FALSE	NA	NA	NA	NA	NA	NA
NC_045512.2	17259	G	T	23761	12382	45	1	1	24	4.20805e-05	23764	1	FALSE	NA	NA	NA	NA	NA	NA
NC_045512.2	17259	G	A	23761	12382	45	2	2	40	8.41609e-05	23764	0.687508	FALSE	NA	NA	NA	NA	NA	NA
NC_045512.2	17259	G	+C	23761	12382	45	1	0	20	4.20805e-05	23764	1	FALSE	NA	NA	NA	NA	NA	NA
NC_045512.2	17260	T	G	23027	11726	45	6	2	32	0.000260485	23034	0.999728	FALSE	NA	NA	NA	NA	NA	NA
NC_045512.2	17260	T	C	23027	11726	45	1	0	24	4.34141e-05	23034	1	FALSE	NA	NA	NA	NA	NA	NA
NC_045512.2	17261	G	A	23190	11801	45	1	1	40	4.31202e-05	23191	0.875016	FALSE	NA	NA	NA	NA	NA	NA
NC_045512.2	17262	T	G	23130	11732	45	2	0	32	8.64416e-05	23137	0.999999	FALSE	NA	NA	NA	NA	NA	NA
NC_045512.2	17262	T	C	23130	11732	45	4	1	40	0.000172883	23137	0.343699	FALSE	NA	NA	NA	NA	NA	NA
NC_045512.2	17262	T	A	23130	11732	45	1	0	40	4.32208e-05	23137	0.874968	FALSE	NA	NA	NA	NA	NA	NA
NC_045512.2	17263	T	G	23076	11665	45	1	1	24	4.33332e-05	23077	1	FALSE	NA	NA	NA	NA	NA	NA
NC_045512.2	17264	T	G	23011	11713	45	1	1	24	4.34499e-05	23015	1	FALSE	NA	NA	NA	NA	NA	NA
NC_045512.2	17264	T	C	23011	11713	45	3	0	29	0.00013035	23015	1	FALSE	NA	NA	NA	NA	NA	NA
NC_045512.2	17265	T	G	23090	11779	46	2	2	24	8.66063e-05	23093	1	FALSE	NA	NA	NA	NA	NA	NA
NC_045512.2	17265	T	C	23090	11779	46	1	0	40	4.33032e-05	23093	0.875	FALSE	NA	NA	NA	NA	NA	NA
NC_045512.2	17267	A	G	23153	11855	45	5	4	36	0.000215908	23158	0.99991	FALSE	NA	NA	NA	NA	NA	NA
NC_045512.2	17268	T	G	23112	11807	45	2	2	24	8.65239e-05	23115	1	FALSE	NA	NA	NA	NA	NA	NA
NC_045512.2	17268	T	A	23112	11807	45	1	1	40	4.3262e-05	23115	0.875	FALSE	NA	NA	NA	NA	NA	NA
NC_045512.2	17269	A	G	23040	11891	46	1	0	40	4.34009e-05	23041	0.875016	FALSE	NA	NA	NA	NA	NA	NA
NC_045512.2	17270	A	G	23015	11816	46	1	1	40	4.34461e-05	23017	0.875008	FALSE	NA	NA	NA	NA	NA	NA
NC_045512.2	17270	A	C	23015	11816	46	1	0	24	4.34461e-05	23017	1	FALSE	NA	NA	NA	NA	NA	NA
NC_045512.2	17271	A	G	23127	11941	46	1	0	40	4.32376e-05	23128	0.875016	FALSE	NA	NA	NA	NA	NA	NA
NC_045512.2	17272	T	C	23089	11862	46	2	2	40	8.66138e-05	23091	0.687524	FALSE	NA	NA	NA	NA	NA	NA
NC_045512.2	17273	T	G	23106	11969	45	2	2	24	8.65464e-05	23109	1	FALSE	NA	NA	NA	NA	NA	NA
NC_045512.2	17273	T	C	23106	11969	45	1	1	40	4.32732e-05	23109	0.875	FALSE	NA	NA	NA	NA	NA	NA
NC_045512.2	17274	C	A	23192	12044	46	1	0	40	4.31165e-05	23193	0.875016	FALSE	NA	NA	NA	NA	NA	NA
NC_045512.2	17275	A	G	23001	12010	46	2	1	40	8.69338e-05	23006	0.687476	FALSE	NA	NA	NA	NA	NA	NA
NC_045512.2	17275	A	C	23001	12010	46	3	0	29	0.000130401	23006	1	FALSE	NA	NA	NA	NA	NA	NA
NC_045512.2	17276	A	T	23032	12197	45	2	1	40	8.68206e-05	23036	0.687492	FALSE	NA	NA	NA	NA	NA	NA
NC_045512.2	17276	A	G	23032	12197	45	1	0	40	4.34103e-05	23036	0.874992	FALSE	NA	NA	NA	NA	NA	NA
NC_045512.2	17276	A	C	23032	12197	45	1	0	24	4.34103e-05	23036	1	FALSE	NA	NA	NA	NA	NA	NA
NC_045512.2	17277	A	G	23065	12178	46	2	1	40	8.67039e-05	23067	0.687524	FALSE	NA	NA	NA	NA	NA	NA
NC_045512.2	17278	G	C	23106	12334	45	1	0	40	4.32769e-05	23107	0.875016	FALSE	NA	NA	NA	NA	NA	NA
NC_045512.2	17279	T	G	23035	12244	45	2	1	40	8.68093e-05	23039	0.687492	FALSE	NA	NA	NA	NA	NA	NA
NC_045512.2	17279	T	C	23035	12244	45	2	1	40	8.68093e-05	23039	0.687492	FALSE	NA	NA	NA	NA	NA	NA
NC_045512.2	17280	G	C	23146	12291	45	3	2	40	0.000129595	23149	0.50002	FALSE	NA	NA	NA	NA	NA	NA
NC_045512.2	17281	A	G	23073	12457	46	3	2	40	0.000129988	23079	0.499959	FALSE	NA	NA	NA	NA	NA	NA
NC_045512.2	17281	A	C	23073	12457	46	3	0	24	0.000129988	23079	1	FALSE	NA	NA	NA	NA	NA	NA
NC_045512.2	17282	A	G	23090	12477	46	3	2	53	0.000129904	23094	0.124992	FALSE	NA	NA	NA	NA	NA	NA
NC_045512.2	17282	A	C	23090	12477	46	1	0	24	4.33013e-05	23094	1	FALSE	NA	NA	NA	NA	NA	NA
NC_045512.2	17283	T	G	23043	12475	46	6	6	29	0.000260281	23052	1	FALSE	NA	NA	NA	NA	NA	NA
NC_045512.2	17283	T	C	23043	12475	46	3	3	29	0.000130141	23052	1	FALSE	NA	NA	NA	NA	NA	NA
NC_045512.2	17284	T	C	23074	12478	46	2	2	32	8.66701e-05	23076	0.999999	FALSE	NA	NA	NA	NA	NA	NA
NC_045512.2	17285	C	T	23172	12608	46	1	1	40	4.31481e-05	23176	0.874992	FALSE	NA	NA	NA	NA	NA	NA
NC_045512.2	17285	C	G	23172	12608	46	3	3	24	0.000129444	23176	1	FALSE	NA	NA	NA	NA	NA	NA
NC_045512.2	17286	A	G	23060	12617	46	4	1	46	0.0001734	23068	0.343679	FALSE	NA	NA	NA	NA	NA	NA
NC_045512.2	17286	A	C	23060	12617	46	4	0	24	0.0001734	23068	1	FALSE	NA	NA	NA	NA	NA	NA
NC_045512.2	17287	A	C	23128	12609	46	4	0	24	0.000172921	23132	1	FALSE	NA	NA	NA	NA	NA	NA
NC_045512.2	17288	C	G	23746	12648	46	1	1	40	4.20999e-05	23753	0.874968	FALSE	NA	NA	NA	NA	NA	NA
NC_045512.2	17288	C	A	23746	12648	46	6	1	29	0.0002526	23753	1	FALSE	NA	NA	NA	NA	NA	NA
NC_045512.2	17289	A	T	23681	12552	46	1	1	40	4.22244e-05	23683	0.875008	FALSE	NA	NA	NA	NA	NA	NA
NC_045512.2	17289	A	C	23681	12552	46	1	0	24	4.22244e-05	23683	1	FALSE	NA	NA	NA	NA	NA	NA
NC_045512.2	17290	T	G	23740	12490	46	2	2	36	8.42389e-05	23742	0.999999	FALSE	NA	NA	NA	NA	NA	NA
NC_045512.2	17291	T	G	23668	12450	46	3	3	29	0.000126732	23672	1	FALSE	NA	NA	NA	NA	NA	NA
NC_045512.2	17291	T	C	23668	12450	46	1	0	40	4.2244e-05	23672	0.874992	FALSE	NA	NA	NA	NA	NA	NA
NC_045512.2	17292	A	G	23655	12580	46	3	3	29	0.000126775	23664	1	FALSE	NA	NA	NA	NA	NA	NA
NC_045512.2	17292	A	C	23655	12580	46	6	0	26	0.00025355	23664	1	FALSE	NA	NA	NA	NA	NA	NA
NC_045512.2	17293	G	C	23840	12586	46	1	1	40	4.19445e-05	23841	0.875016	FALSE	NA	NA	NA	NA	NA	NA
NC_045512.2	17294	A	G	23772	12586	46	3	3	29	0.000126183	23775	1	FALSE	NA	NA	NA	NA	NA	NA
NC_045512.2	17295	A	T	23809	12591	46	2	1	60	8.39631e-05	23820	0.249911	FALSE	NA	NA	NA	NA	NA	NA
NC_045512.2	17295	A	G	23809	12591	46	2	2	40	8.39631e-05	23820	0.687382	FALSE	NA	NA	NA	NA	NA	NA
NC_045512.2	17295	A	C	23809	12591	46	7	3	28	0.000293871	23820	1	FALSE	NA	NA	NA	NA	NA	NA
NC_045512.2	17296	C	A	24104	12599	46	2	0	32	8.29669e-05	24106	1	FALSE	NA	NA	NA	NA	NA	NA
NC_045512.2	17297	A	G	23155	11704	46	2	1	32	8.63521e-05	23161	0.999999	FALSE	NA	NA	NA	NA	NA	NA
NC_045512.2	17297	A	C	23155	11704	46	4	0	28	0.000172704	23161	1	FALSE	NA	NA	NA	NA	NA	NA
NC_045512.2	17298	G	T	23320	11694	46	1	0	40	4.28761e-05	23323	0.875	FALSE	NA	NA	NA	NA	NA	NA
NC_045512.2	17298	G	C	23320	11694	46	1	1	40	4.28761e-05	23323	0.875	FALSE	NA	NA	NA	NA	NA	NA
NC_045512.2	17298	G	A	23320	11694	46	1	0	80	4.28761e-05	23323	0.499989	FALSE	NA	NA	NA	NA	NA	NA
NC_045512.2	17299	T	G	23150	11685	46	3	3	24	0.000129556	23156	1	FALSE	NA	NA	NA	NA	NA	NA
NC_045512.2	17299	T	C	23150	11685	46	3	1	33	0.000129556	23156	0.999995	FALSE	NA	NA	NA	NA	NA	NA
NC_045512.2	17300	A	G	23144	11977	45	2	1	32	8.64006e-05	23148	0.999999	FALSE	NA	NA	NA	NA	NA	NA
NC_045512.2	17300	A	C	23144	11977	45	2	0	28	8.64006e-05	23148	1	FALSE	NA	NA	NA	NA	NA	NA
NC_045512.2	17301	T	G	23144	12026	45	1	0	24	4.31891e-05	23154	1	FALSE	NA	NA	NA	NA	NA	NA
NC_045512.2	17301	T	C	23144	12026	45	9	5	36	0.000388702	23154	0.996509	FALSE	NA	NA	NA	NA	NA	NA
NC_045512.2	17302	G	T	23144	12024	44	1	1	24	4.32021e-05	23147	1	FALSE	NA	NA	NA	NA	NA	NA
NC_045512.2	17302	G	A	23144	12024	44	2	1	40	8.64043e-05	23147	0.687508	FALSE	NA	NA	NA	NA	NA	NA
NC_045512.2	17302	G	-T	23144	12024	44	2	0	20	8.64043e-05	23147	1	FALSE	NA	NA	NA	NA	NA	NA
NC_045512.2	17303	T	G	23173	12091	45	1	1	24	4.31481e-05	23176	1	FALSE	NA	NA	NA	NA	NA	NA
NC_045512.2	17303	T	C	23173	12091	45	2	2	40	8.62962e-05	23176	0.687476	FALSE	NA	NA	NA	NA	NA	NA
NC_045512.2	17304	C	T	23558	12187	45	3	1	34	0.000127329	23561	0.999995	FALSE	NA	NA	NA	NA	NA	NA
NC_045512.2	17304	C	-T	23558	12187	45	1489	0	20	0.0631977	23561	2.14592e-213	TRUE	NA	NA	NA	NA	NA	NA
NC_045512.2	17305	T	G	21649	10288	45	1	1	24	4.61766e-05	21656	1	FALSE	NA	NA	NA	NA	NA	NA
NC_045512.2	17305	T	C	21649	10288	45	6	6	41	0.000277059	21656	0.123789	FALSE	NA	NA	NA	NA	NA	NA
NC_045512.2	17306	T	G	23070	11601	45	1	1	32	4.33445e-05	23071	1	FALSE	NA	NA	NA	NA	NA	NA
NC_045512.2	17307	T	G	22785	11314	45	4	2	32	0.000175508	22791	0.999956	FALSE	NA	NA	NA	NA	NA	NA
NC_045512.2	17307	T	C	22785	11314	45	2	1	40	8.77539e-05	22791	0.687459	FALSE	NA	NA	NA	NA	NA	NA
NC_045512.2	17308	T	G	22648	11374	46	7	6	29	0.000308928	22659	1	FALSE	NA	NA	NA	NA	NA	NA
NC_045512.2	17308	T	C	22648	11374	46	4	2	36	0.00017653	22659	0.999956	FALSE	NA	NA	NA	NA	NA	NA
NC_045512.2	17309	G	T	22714	11481	46	2	1	32	8.80282e-05	22720	0.999999	FALSE	NA	NA	NA	NA	NA	NA
NC_045512.2	17309	G	C	22714	11481	46	3	1	34	0.000132042	22720	0.99999	FALSE	NA	NA	NA	NA	NA	NA
NC_045512.2	17309	G	A	22714	11481	46	1	0	40	4.40141e-05	22720	0.874975	FALSE	NA	NA	NA	NA	NA	NA
NC_045512.2	17310	T	G	22647	11387	46	2	2	24	8.82963e-05	22651	1	FALSE	NA	NA	NA	NA	NA	NA
NC_045512.2	17310	T	C	22647	11387	46	2	2	60	8.82963e-05	22651	0.249983	FALSE	NA	NA	NA	NA	NA	NA
NC_045512.2	17311	A	G	21861	11168	42	2	1	60	9.14495e-05	21870	0.249926	FALSE	NA	NA	NA	NA	NA	NA
NC_045512.2	17311	A	C	21861	11168	42	7	0	24	0.000320073	21870	1	FALSE	NA	NA	NA	NA	NA	NA
NC_045512.2	17312	C	G	22577	11178	46	1	1	40	4.42909e-05	22578	0.875017	FALSE	NA	NA	NA	NA	NA	NA
NC_045512.2	17313	T	G	21190	9880	46	5	4	28	0.000235905	21195	1	FALSE	NA	NA	NA	NA	NA	NA
NC_045512.2	17314	G	A	21593	9984	47	2	1	80	9.2614e-05	21595	0.250006	FALSE	NA	NA	NA	NA	NA	NA
NC_045512.2	17315	T	G	21447	9810	45	3	3	24	0.000139854	21451	1	FALSE	NA	NA	NA	NA	NA	NA
NC_045512.2	17315	T	C	21447	9810	45	1	0	80	4.66179e-05	21451	0.499977	FALSE	NA	NA	NA	NA	NA	NA
NC_045512.2	17315	T	-A	21447	9810	45	1	0	20	4.66179e-05	21451	1	FALSE	NA	NA	NA	NA	NA	NA
NC_045512.2	17316	A	G	21354	9970	46	4	2	36	0.000187231	21364	0.999922	FALSE	NA	NA	NA	NA	NA	NA
NC_045512.2	17316	A	C	21354	9970	46	6	0	26	0.000280846	21364	1	FALSE	NA	NA	NA	NA	NA	NA
NC_045512.2	17317	A	G	21452	9970	47	1	0	40	4.6607e-05	21456	0.874991	FALSE	NA	NA	NA	NA	NA	NA
NC_045512.2	17317	A	C	21452	9970	47	3	0	29	0.000139821	21456	1	FALSE	NA	NA	NA	NA	NA	NA
NC_045512.2	17318	A	C	21378	9884	47	2	0	24	9.35454e-05	21380	1	FALSE	NA	NA	NA	NA	NA	NA
NC_045512.2	17319	T	G	21482	9833	47	4	4	24	0.000186159	21487	1	FALSE	NA	NA	NA	NA	NA	NA
NC_045512.2	17319	T	C	21482	9833	47	1	0	40	4.65398e-05	21487	0.874983	FALSE	NA	NA	NA	NA	NA	NA
NC_045512.2	17320	G	C	21518	9878	47	3	3	40	0.000139386	21523	0.499978	FALSE	NA	NA	NA	NA	NA	NA
NC_045512.2	17320	G	A	21518	9878	47	2	1	40	9.29238e-05	21523	0.687474	FALSE	NA	NA	NA	NA	NA	NA
NC_045512.2	17321	C	G	21191	9610	47	1	1	40	4.71876e-05	21192	0.875018	FALSE	NA	NA	NA	NA	NA	NA
NC_045512.2	17322	A	G	20889	9416	47	8	8	30	0.000382793	20899	0.993742	FALSE	NA	NA	NA	NA	NA	NA
NC_045512.2	17322	A	C	20889	9416	47	2	1	32	9.56984e-05	20899	0.999995	FALSE	NA	NA	NA	NA	NA	NA
NC_045512.2	17323	T	C	20530	8990	47	1	0	40	4.87068e-05	20531	0.875018	FALSE	NA	NA	NA	NA	NA	NA
NC_045512.2	17324	T	G	19942	8475	48	2	2	24	0.000100281	19944	1	FALSE	NA	NA	NA	NA	NA	NA
NC_045512.2	17325	G	T	20257	8526	47	1	0	40	4.93583e-05	20260	0.875	FALSE	NA	NA	NA	NA	NA	NA
NC_045512.2	17325	G	C	20257	8526	47	1	0	40	4.93583e-05	20260	0.875	FALSE	NA	NA	NA	NA	NA	NA
NC_045512.2	17325	G	A	20257	8526	47	1	0	40	4.93583e-05	20260	0.875	FALSE	NA	NA	NA	NA	NA	NA
NC_045512.2	17326	C	T	20270	8767	48	1	0	40	4.93218e-05	20275	0.874982	FALSE	NA	NA	NA	NA	NA	NA
NC_045512.2	17326	C	G	20270	8767	48	3	3	29	0.000147965	20275	1	FALSE	NA	NA	NA	NA	NA	NA
NC_045512.2	17326	C	A	20270	8767	48	1	0	40	4.93218e-05	20275	0.874982	FALSE	NA	NA	NA	NA	NA	NA
NC_045512.2	17327	C	A	20104	8813	47	8	0	27	0.000397772	20112	1	FALSE	NA	NA	NA	NA	NA	NA
NC_045512.2	17328	T	G	20057	8540	48	3	3	29	0.000149529	20063	1	FALSE	NA	NA	NA	NA	NA	NA
NC_045512.2	17328	T	C	20057	8540	48	3	2	48	0.000149529	20063	0.499953	FALSE	NA	NA	NA	NA	NA	NA
NC_045512.2	17329	G	T	17041	5321	43	166	165	25	0.00964724	17207	0.649174	FALSE	NA	NA	NA	NA	NA	NA
NC_045512.2	17330	A	G	20099	8562	48	3	1	48	0.000149209	20106	0.49993	FALSE	NA	NA	NA	NA	NA	NA
NC_045512.2	17330	A	C	20099	8562	48	4	0	24	0.000198946	20106	1	FALSE	NA	NA	NA	NA	NA	NA
NC_045512.2	17331	G	C	13385	2214	51	1	0	40	7.47049e-05	13386	0.750028	FALSE	NA	NA	NA	NA	NA	NA
NC_045512.2	17333	C	T	13459	2364	52	2	0	40	0.000148577	13461	0.500028	FALSE	NA	NA	NA	NA	NA	NA
NC_045512.2	17334	G	T	8573	1519	52	4873	850	52	0.362386	13447	0	TRUE	NA	NA	NA	NA	NA	NA
NC_045512.2	17334	G	C	8573	1519	52	1	0	40	7.4366e-05	13447	0.627146	FALSE	NA	NA	NA	NA	NA	NA
NC_045512.2	17335	A	C	13387	2371	52	1	0	24	7.46938e-05	13388	1	FALSE	NA	NA	NA	NA	NA	NA
NC_045512.2	17336	C	G	13074	2391	50	1	0	40	7.63301e-05	13101	0.749532	FALSE	NA	NA	NA	NA	NA	NA
NC_045512.2	17336	C	A	13074	2391	50	26	0	25	0.00198458	13101	1	FALSE	NA	NA	NA	NA	NA	NA
NC_045512.2	17337	A	G	13430	2371	52	1	0	40	7.44435e-05	13433	0.749991	FALSE	NA	NA	NA	NA	NA	NA
NC_045512.2	17337	A	C	13430	2371	52	2	0	24	0.000148887	13433	1	FALSE	NA	NA	NA	NA	NA	NA
NC_045512.2	17338	G	A	13518	2377	52	2	0	52	0.000147929	13520	0.250009	FALSE	NA	NA	NA	NA	NA	NA
NC_045512.2	17339	C	T	13524	2550	52	1	0	24	7.39372e-05	13525	1	FALSE	NA	NA	NA	NA	NA	NA
NC_045512.2	17340	A	G	13576	2566	53	1	0	80	7.36431e-05	13579	0.499982	FALSE	NA	NA	NA	NA	NA	NA
NC_045512.2	17340	A	C	13576	2566	53	2	0	32	0.000147286	13579	0.999513	FALSE	NA	NA	NA	NA	NA	NA
NC_045512.2	17341	G	C	13678	2586	53	1	1	80	7.31048e-05	13679	0.500018	FALSE	NA	NA	NA	NA	NA	NA
NC_045512.2	17342	A	C	13825	2873	54	1	0	24	7.23275e-05	13826	1	FALSE	NA	NA	NA	NA	NA	NA
NC_045512.2	17343	T	C	13830	2878	54	1	0	40	7.23014e-05	13831	0.750027	FALSE	NA	NA	NA	NA	NA	NA
NC_045512.2	17345	T	C	13920	2885	54	1	1	32	7.18288e-05	13922	0.999939	FALSE	NA	NA	NA	NA	NA	NA
NC_045512.2	17345	T	A	13920	2885	54	1	0	40	7.18288e-05	13922	0.750009	FALSE	NA	NA	NA	NA	NA	NA
NC_045512.2	17346	A	T	13864	2887	53	1	0	80	7.21189e-05	13866	0.5	FALSE	NA	NA	NA	NA	NA	NA
NC_045512.2	17346	A	G	13864	2887	53	1	0	40	7.21189e-05	13866	0.750009	FALSE	NA	NA	NA	NA	NA	NA
NC_045512.2	17348	T	G	13501	3197	53	1	1	24	7.40631e-05	13502	1	FALSE	NA	NA	NA	NA	NA	NA
NC_045512.2	17349	T	C	13420	3262	53	1	0	40	7.45101e-05	13421	0.750028	FALSE	NA	NA	NA	NA	NA	NA
NC_045512.2	17353	T	G	13410	3433	54	1	0	24	7.45657e-05	13411	1	FALSE	NA	NA	NA	NA	NA	NA
NC_045512.2	17354	T	G	13371	3419	53	1	1	24	7.47664e-05	13375	1	FALSE	NA	NA	NA	NA	NA	NA
NC_045512.2	17354	T	C	13371	3419	53	3	0	48	0.000224299	13375	0.312486	FALSE	NA	NA	NA	NA	NA	NA
NC_045512.2	17355	T	G	13395	3440	54	1	1	24	7.46269e-05	13400	1	FALSE	NA	NA	NA	NA	NA	NA
NC_045512.2	17355	T	C	13395	3440	54	4	0	32	0.000298507	13400	0.993651	FALSE	NA	NA	NA	NA	NA	NA
NC_045512.2	17357	A	G	13200	3783	54	1	0	24	7.57404e-05	13203	1	FALSE	NA	NA	NA	NA	NA	NA
NC_045512.2	17357	A	C	13200	3783	54	2	0	24	0.000151481	13203	1	FALSE	NA	NA	NA	NA	NA	NA
NC_045512.2	17359	G	A	13251	3759	53	1	0	40	7.54603e-05	13252	0.750028	FALSE	NA	NA	NA	NA	NA	NA
NC_045512.2	17360	A	G	13236	3797	54	3	0	40	0.000226569	13241	0.312458	FALSE	NA	NA	NA	NA	NA	NA
NC_045512.2	17360	A	C	13236	3797	54	2	0	24	0.000151046	13241	1	FALSE	NA	NA	NA	NA	NA	NA
NC_045512.2	17361	A	G	13233	3812	54	2	2	28	0.000151103	13236	1	FALSE	NA	NA	NA	NA	NA	NA
NC_045512.2	17361	A	C	13233	3812	54	1	0	24	7.55515e-05	13236	1	FALSE	NA	NA	NA	NA	NA	NA
NC_045512.2	17362	A	G	13234	3839	54	1	1	80	7.55572e-05	13235	0.500019	FALSE	NA	NA	NA	NA	NA	NA
NC_045512.2	17363	T	C	13246	3849	54	1	0	40	7.54888e-05	13247	0.750028	FALSE	NA	NA	NA	NA	NA	NA
NC_045512.2	17364	T	C	13236	3863	54	1	0	40	7.55458e-05	13237	0.750028	FALSE	NA	NA	NA	NA	NA	NA
NC_045512.2	17365	T	C	13238	3876	54	2	0	80	0.000151057	13240	0.250009	FALSE	NA	NA	NA	NA	NA	NA
NC_045512.2	17366	C	T	13051	3942	52	1	0	40	7.66166e-05	13052	0.750029	FALSE	NA	NA	NA	NA	NA	NA
NC_045512.2	17366	C	-A	13051	3942	52	1	0	20	7.66166e-05	13052	1	FALSE	NA	NA	NA	NA	NA	NA
NC_045512.2	17367	A	G	13043	4021	54	1	0	80	7.66225e-05	13051	0.499866	FALSE	NA	NA	NA	NA	NA	NA
NC_045512.2	17367	A	C	13043	4021	54	7	0	24	0.000536357	13051	1	FALSE	NA	NA	NA	NA	NA	NA
NC_045512.2	17368	A	G	13031	4287	54	1	1	64	7.67283e-05	13033	0.5	FALSE	NA	NA	NA	NA	NA	NA
NC_045512.2	17368	A	C	13031	4287	54	1	0	24	7.67283e-05	13033	1	FALSE	NA	NA	NA	NA	NA	NA
NC_045512.2	17369	T	C	12969	5321	56	1	0	40	7.7101e-05	12970	0.750029	FALSE	NA	NA	NA	NA	NA	NA
NC_045512.2	17370	G	T	12935	5295	56	1	1	24	7.72917e-05	12938	1	FALSE	NA	NA	NA	NA	NA	NA
NC_045512.2	17370	G	A	12935	5295	56	2	0	60	0.000154583	12938	0.24999	FALSE	NA	NA	NA	NA	NA	NA
NC_045512.2	17371	G	T	12901	5229	55	6	6	26	0.000464792	12909	1	FALSE	NA	NA	NA	NA	NA	NA
NC_045512.2	17371	G	C	12901	5229	55	1	0	40	7.74653e-05	12909	0.749893	FALSE	NA	NA	NA	NA	NA	NA
NC_045512.2	17371	G	A	12901	5229	55	1	1	24	7.74653e-05	12909	1	FALSE	NA	NA	NA	NA	NA	NA
NC_045512.2	17373	C	T	12771	5545	55	1	1	40	7.82901e-05	12773	0.75001	FALSE	NA	NA	NA	NA	NA	NA
NC_045512.2	17373	C	A	12771	5545	55	1	0	40	7.82901e-05	12773	0.75001	FALSE	NA	NA	NA	NA	NA	NA
NC_045512.2	17374	A	G	12820	5626	56	2	1	52	0.00015597	12823	0.24999	FALSE	NA	NA	NA	NA	NA	NA
NC_045512.2	17374	A	C	12820	5626	56	1	0	24	7.79849e-05	12823	1	FALSE	NA	NA	NA	NA	NA	NA
NC_045512.2	17375	C	A	12814	5655	55	1	0	24	7.80336e-05	12815	1	FALSE	NA	NA	NA	NA	NA	NA
NC_045512.2	17377	A	G	12753	5721	55	1	0	80	7.83945e-05	12756	0.49998	FALSE	NA	NA	NA	NA	NA	NA
NC_045512.2	17377	A	C	12753	5721	55	2	0	28	0.000156789	12756	1	FALSE	NA	NA	NA	NA	NA	NA
NC_045512.2	17378	A	C	12735	5683	54	1	0	32	7.85176e-05	12736	0.999878	FALSE	NA	NA	NA	NA	NA	NA
NC_045512.2	17380	T	G	12813	5821	56	1	1	24	7.80396e-05	12814	1	FALSE	NA	NA	NA	NA	NA	NA
NC_045512.2	17381	A	C	12702	5819	54	2	0	24	0.000157431	12704	1	FALSE	NA	NA	NA	NA	NA	NA
NC_045512.2	17383	G	T	11912	6145	50	1	0	40	8.39419e-05	11913	0.750031	FALSE	NA	NA	NA	NA	NA	NA
NC_045512.2	17384	A	G	12149	6458	52	1	0	80	8.23045e-05	12150	0.500021	FALSE	NA	NA	NA	NA	NA	NA
NC_045512.2	17385	T	C	11877	6147	49	2	2	24	0.000168364	11879	1	FALSE	NA	NA	NA	NA	NA	NA
NC_045512.2	17386	T	G	12504	7031	53	1	0	40	7.9968e-05	12505	0.75003	FALSE	NA	NA	NA	NA	NA	NA
NC_045512.2	17387	T	C	12480	7091	54	4	2	60	0.00032041	12484	0.062495	FALSE	NA	NA	NA	NA	NA	NA
NC_045512.2	17389	A	G	12442	7206	54	2	2	80	0.00016072	12444	0.25001	FALSE	NA	NA	NA	NA	NA	NA
NC_045512.2	17390	G	T	12332	7060	51	2	1	32	0.00016214	12335	0.999087	FALSE	NA	NA	NA	NA	NA	NA
NC_045512.2	17390	G	C	12332	7060	51	1	0	32	8.10701e-05	12335	0.999878	FALSE	NA	NA	NA	NA	NA	NA
NC_045512.2	17391	T	C	12618	7488	54	3	2	61	0.000237699	12621	0.125	FALSE	NA	NA	NA	NA	NA	NA
NC_045512.2	17392	G	A	12577	7451	53	1	1	80	7.95039e-05	12578	0.50002	FALSE	NA	NA	NA	NA	NA	NA
NC_045512.2	17393	T	G	12922	8290	55	1	1	24	7.73814e-05	12923	1	FALSE	NA	NA	NA	NA	NA	NA
NC_045512.2	17394	T	C	12956	8342	55	1	1	80	7.71784e-05	12957	0.500019	FALSE	NA	NA	NA	NA	NA	NA
NC_045512.2	17396	T	C	13003	8336	55	2	2	40	0.000153787	13005	0.500029	FALSE	NA	NA	NA	NA	NA	NA
NC_045512.2	17397	C	T	13171	8906	55	1	0	40	7.59186e-05	13172	0.750028	FALSE	NA	NA	NA	NA	NA	NA
NC_045512.2	17399	A	G	13125	8899	54	2	2	36	0.000152323	13130	0.999513	FALSE	NA	NA	NA	NA	NA	NA
NC_045512.2	17399	A	C	13125	8899	54	3	0	24	0.000228484	13130	1	FALSE	NA	NA	NA	NA	NA	NA
NC_045512.2	17401	G	A	13064	9140	54	1	1	40	7.65404e-05	13065	0.750029	FALSE	NA	NA	NA	NA	NA	NA
NC_045512.2	17403	C	G	12823	9561	51	1	1	40	7.79788e-05	12824	0.750029	FALSE	NA	NA	NA	NA	NA	NA
NC_045512.2	17404	A	G	12759	9493	51	4	3	50	0.000313406	12763	0.0624951	FALSE	NA	NA	NA	NA	NA	NA
NC_045512.2	17406	A	G	13167	9938	52	2	2	44	0.00015186	13170	0.5	FALSE	NA	NA	NA	NA	NA	NA
NC_045512.2	17406	A	C	13167	9938	52	1	1	24	7.59301e-05	13170	1	FALSE	NA	NA	NA	NA	NA	NA
NC_045512.2	17408	T	C	13072	9859	52	3	3	29	0.000229446	13075	1	FALSE	NA	NA	NA	NA	NA	NA
NC_045512.2	17409	A	G	13078	9886	52	2	2	40	0.000152905	13080	0.500029	FALSE	NA	NA	NA	NA	NA	NA
NC_045512.2	17410	C	T	4	4	40	13187	10114	52	0.999621	13192	0	TRUE	NA	NA	NA	NA	NA	NA
NC_045512.2	17410	C	G	4	4	40	1	0	80	7.58035e-05	13192	0.000378903	TRUE	NA	NA	NA	NA	NA	NA
NC_045512.2	17412	T	G	13245	10200	52	3	3	24	0.000226432	13249	1	FALSE	NA	NA	NA	NA	NA	NA
NC_045512.2	17412	T	C	13245	10200	52	1	1	40	7.54774e-05	13249	0.749972	FALSE	NA	NA	NA	NA	NA	NA
NC_045512.2	17413	G	C	13391	10263	52	1	0	32	7.46714e-05	13392	0.999939	FALSE	NA	NA	NA	NA	NA	NA
NC_045512.2	17414	C	T	13445	10338	52	2	1	60	0.000148721	13448	0.249991	FALSE	NA	NA	NA	NA	NA	NA
NC_045512.2	17414	C	G	13445	10338	52	1	1	32	7.43605e-05	13448	0.999939	FALSE	NA	NA	NA	NA	NA	NA
NC_045512.2	17415	T	G	13268	10248	52	2	2	32	0.000150716	13270	0.999513	FALSE	NA	NA	NA	NA	NA	NA
NC_045512.2	17417	A	G	13319	10358	52	2	2	40	0.000150128	13322	0.5	FALSE	NA	NA	NA	NA	NA	NA
NC_045512.2	17417	A	C	13319	10358	52	1	1	40	7.50638e-05	13322	0.749991	FALSE	NA	NA	NA	NA	NA	NA
NC_045512.2	17420	A	G	13759	11006	53	2	2	52	0.000145317	13763	0.249973	FALSE	NA	NA	NA	NA	NA	NA
NC_045512.2	17420	A	C	13759	11006	53	2	0	28	0.000145317	13763	1	FALSE	NA	NA	NA	NA	NA	NA
NC_045512.2	17422	T	C	13487	10790	53	1	1	40	7.414e-05	13488	0.750028	FALSE	NA	NA	NA	NA	NA	NA
NC_045512.2	17424	T	G	13586	10860	53	2	2	28	0.000147189	13588	1	FALSE	NA	NA	NA	NA	NA	NA
NC_045512.2	17425	G	A	13676	10925	53	1	1	80	7.31154e-05	13677	0.500018	FALSE	NA	NA	NA	NA	NA	NA
NC_045512.2	17426	T	G	13824	11226	54	5	5	25	0.000361533	13830	1	FALSE	NA	NA	NA	NA	NA	NA
NC_045512.2	17426	T	C	13824	11226	54	1	0	80	7.23066e-05	13830	0.499928	FALSE	NA	NA	NA	NA	NA	NA
NC_045512.2	17428	T	G	13645	11043	54	1	1	24	7.32654e-05	13649	1	FALSE	NA	NA	NA	NA	NA	NA
NC_045512.2	17428	T	C	13645	11043	54	3	3	40	0.000219796	13649	0.312486	FALSE	NA	NA	NA	NA	NA	NA
NC_045512.2	17429	A	G	13683	11094	54	1	1	24	7.30727e-05	13685	1	FALSE	NA	NA	NA	NA	NA	NA
NC_045512.2	17429	A	C	13683	11094	54	1	0	32	7.30727e-05	13685	0.999939	FALSE	NA	NA	NA	NA	NA	NA
NC_045512.2	17430	C	T	13663	11115	54	2	2	32	0.000146359	13665	0.999513	FALSE	NA	NA	NA	NA	NA	NA
NC_045512.2	17432	T	G	13168	10653	54	4	4	28	0.000303651	13173	1	FALSE	NA	NA	NA	NA	NA	NA
NC_045512.2	17432	T	C	13168	10653	54	1	1	40	7.59129e-05	13173	0.749953	FALSE	NA	NA	NA	NA	NA	NA
NC_045512.2	17433	T	G	13117	10611	54	4	4	34	0.000304739	13126	0.99364	FALSE	NA	NA	NA	NA	NA	NA
NC_045512.2	17433	T	C	13117	10611	54	5	4	48	0.000380923	13126	0.109295	FALSE	NA	NA	NA	NA	NA	NA
NC_045512.2	17434	G	T	12853	10366	53	1	1	24	7.77968e-05	12854	1	FALSE	NA	NA	NA	NA	NA	NA
NC_045512.2	17435	G	T	12596	10106	49	5	5	24	0.000396699	12604	1	FALSE	NA	NA	NA	NA	NA	NA
NC_045512.2	17435	G	A	12596	10106	49	3	3	42	0.00023802	12604	0.312366	FALSE	NA	NA	NA	NA	NA	NA
NC_045512.2	17436	C	T	12833	10368	54	3	3	40	0.000233718	12836	0.312515	FALSE	NA	NA	NA	NA	NA	NA
NC_045512.2	17437	G	T	12826	10361	54	1	1	24	7.79545e-05	12828	1	FALSE	NA	NA	NA	NA	NA	NA
NC_045512.2	17437	G	A	12826	10361	54	1	1	40	7.79545e-05	12828	0.75001	FALSE	NA	NA	NA	NA	NA	NA
NC_045512.2	17438	A	C	12828	10390	54	1	1	24	7.79484e-05	12829	1	FALSE	NA	NA	NA	NA	NA	NA
NC_045512.2	17439	C	T	12821	10658	52	1	1	24	7.7991e-05	12822	1	FALSE	NA	NA	NA	NA	NA	NA
NC_045512.2	17440	C	T	12800	10676	52	1	0	80	7.81189e-05	12801	0.50002	FALSE	NA	NA	NA	NA	NA	NA
NC_045512.2	17442	T	C	12688	10592	52	4	4	50	0.000315159	12692	0.0624951	FALSE	NA	NA	NA	NA	NA	NA
NC_045512.2	17445	T	G	12675	10565	52	4	4	36	0.000315383	12683	0.989371	FALSE	NA	NA	NA	NA	NA	NA
NC_045512.2	17445	T	C	12675	10565	52	4	4	36	0.000315383	12683	0.989371	FALSE	NA	NA	NA	NA	NA	NA
NC_045512.2	17446	C	T	12768	10774	51	2	2	52	0.000156617	12770	0.25001	FALSE	NA	NA	NA	NA	NA	NA
NC_045512.2	17448	A	G	12667	10709	51	1	1	40	7.89391e-05	12668	0.75003	FALSE	NA	NA	NA	NA	NA	NA
NC_045512.2	17449	T	G	12625	10734	51	1	1	24	7.92016e-05	12626	1	FALSE	NA	NA	NA	NA	NA	NA
NC_045512.2	17450	T	G	12605	10695	50	2	2	32	0.000158629	12608	0.999087	FALSE	NA	NA	NA	NA	NA	NA
NC_045512.2	17450	T	C	12605	10695	50	1	0	80	7.93147e-05	12608	0.49998	FALSE	NA	NA	NA	NA	NA	NA
NC_045512.2	17451	A	G	12680	10773	51	1	1	40	7.88519e-05	12682	0.75001	FALSE	NA	NA	NA	NA	NA	NA
NC_045512.2	17451	A	C	12680	10773	51	1	0	32	7.88519e-05	12682	0.999878	FALSE	NA	NA	NA	NA	NA	NA
NC_045512.2	17452	C	T	12482	10666	50	1	1	40	8.01089e-05	12483	0.75003	FALSE	NA	NA	NA	NA	NA	NA
NC_045512.2	17454	T	G	12370	10750	49	1	1	24	8.08277e-05	12372	1	FALSE	NA	NA	NA	NA	NA	NA
NC_045512.2	17454	T	C	12370	10750	49	1	1	40	8.08277e-05	12372	0.75001	FALSE	NA	NA	NA	NA	NA	NA
NC_045512.2	17456	C	G	12304	10696	49	1	1	24	8.12546e-05	12307	1	FALSE	NA	NA	NA	NA	NA	NA
NC_045512.2	17456	C	A	12304	10696	49	2	2	40	0.000162509	12307	0.5	FALSE	NA	NA	NA	NA	NA	NA
NC_045512.2	17457	A	G	12271	10667	49	1	1	24	8.14797e-05	12273	1	FALSE	NA	NA	NA	NA	NA	NA
NC_045512.2	17457	A	C	12271	10667	49	1	1	40	8.14797e-05	12273	0.75001	FALSE	NA	NA	NA	NA	NA	NA
NC_045512.2	17458	C	A	12276	10667	49	1	1	40	8.14531e-05	12277	0.750031	FALSE	NA	NA	NA	NA	NA	NA
NC_045512.2	17459	C	T	11785	10245	49	1	1	40	8.48464e-05	11786	0.750032	FALSE	NA	NA	NA	NA	NA	NA
NC_045512.2	17462	G	A	11702	10163	49	2	2	40	0.000170882	11704	0.500032	FALSE	NA	NA	NA	NA	NA	NA
NC_045512.2	17463	C	T	11741	10269	49	1	0	80	8.51571e-05	11743	0.5	FALSE	NA	NA	NA	NA	NA	NA
NC_045512.2	17463	C	G	11741	10269	49	1	1	24	8.51571e-05	11743	1	FALSE	NA	NA	NA	NA	NA	NA
NC_045512.2	17464	A	T	11650	10183	49	1	1	24	8.58222e-05	11652	1	FALSE	NA	NA	NA	NA	NA	NA
NC_045512.2	17464	A	G	11650	10183	49	1	1	40	8.58222e-05	11652	0.750011	FALSE	NA	NA	NA	NA	NA	NA
NC_045512.2	17466	A	G	11605	10285	48	1	1	40	8.61623e-05	11606	0.750032	FALSE	NA	NA	NA	NA	NA	NA
NC_045512.2	17467	T	C	11514	10196	48	2	1	52	0.000173656	11517	0.249989	FALSE	NA	NA	NA	NA	NA	NA
NC_045512.2	17467	T	A	11514	10196	48	1	1	40	8.68282e-05	11517	0.749989	FALSE	NA	NA	NA	NA	NA	NA
NC_045512.2	17468	T	G	11473	10157	48	1	1	24	8.71384e-05	11476	1	FALSE	NA	NA	NA	NA	NA	NA
NC_045512.2	17468	T	C	11473	10157	48	2	1	44	0.000174277	11476	0.5	FALSE	NA	NA	NA	NA	NA	NA
NC_045512.2	17470	C	G	11526	10255	48	1	1	40	8.67528e-05	11527	0.750033	FALSE	NA	NA	NA	NA	NA	NA
NC_045512.2	17471	T	G	11403	10135	47	1	1	24	8.76501e-05	11409	1	FALSE	NA	NA	NA	NA	NA	NA
NC_045512.2	17471	T	C	11403	10135	47	5	3	52	0.000438251	11409	0.0312363	FALSE	NA	NA	NA	NA	NA	NA
NC_045512.2	17472	A	C	11454	10187	48	1	1	24	8.72981e-05	11455	1	FALSE	NA	NA	NA	NA	NA	NA
NC_045512.2	17473	A	C	11447	10179	48	1	1	24	8.73515e-05	11448	1	FALSE	NA	NA	NA	NA	NA	NA
NC_045512.2	17475	T	G	11254	10133	46	2	2	32	0.000177667	11257	0.998295	FALSE	NA	NA	NA	NA	NA	NA
NC_045512.2	17475	T	C	11254	10133	46	1	1	24	8.88336e-05	11257	1	FALSE	NA	NA	NA	NA	NA	NA
NC_045512.2	17476	A	G	11062	9957	47	1	1	40	9.03914e-05	11063	0.750034	FALSE	NA	NA	NA	NA	NA	NA
NC_045512.2	17478	G	C	10918	9820	46	1	1	24	9.15583e-05	10922	1	FALSE	NA	NA	NA	NA	NA	NA
NC_045512.2	17478	G	A	10918	9820	46	3	3	48	0.000274675	10922	0.312483	FALSE	NA	NA	NA	NA	NA	NA
NC_045512.2	17479	G	T	10297	9194	43	28	28	26	0.00271134	10327	1	FALSE	NA	NA	NA	NA	NA	NA
NC_045512.2	17479	G	C	10297	9194	43	2	2	24	0.000193667	10327	1	FALSE	NA	NA	NA	NA	NA	NA
NC_045512.2	17480	G	A	10987	9898	47	3	3	40	0.000272975	10990	0.312517	FALSE	NA	NA	NA	NA	NA	NA
NC_045512.2	17482	A	G	10721	9804	46	2	2	32	0.000186498	10724	0.996833	FALSE	NA	NA	NA	NA	NA	NA
NC_045512.2	17482	A	C	10721	9804	46	1	1	24	9.32488e-05	10724	1	FALSE	NA	NA	NA	NA	NA	NA
NC_045512.2	17486	T	G	10587	9705	45	5	5	24	0.00047201	10593	1	FALSE	NA	NA	NA	NA	NA	NA
NC_045512.2	17486	T	C	10587	9705	45	1	1	40	9.4402e-05	10593	0.749917	FALSE	NA	NA	NA	NA	NA	NA
NC_045512.2	17487	A	G	10458	9586	46	1	1	40	9.56114e-05	10459	0.750036	FALSE	NA	NA	NA	NA	NA	NA
NC_045512.2	17488	G	A	10456	9585	46	1	1	40	9.56297e-05	10457	0.750036	FALSE	NA	NA	NA	NA	NA	NA
NC_045512.2	17489	A	G	10412	9577	46	2	2	32	0.000192031	10415	0.996833	FALSE	NA	NA	NA	NA	NA	NA
NC_045512.2	17489	A	C	10412	9577	46	1	1	40	9.60154e-05	10415	0.749988	FALSE	NA	NA	NA	NA	NA	NA
NC_045512.2	17490	A	G	10393	9589	45	5	5	36	0.000480862	10398	0.940854	FALSE	NA	NA	NA	NA	NA	NA
NC_045512.2	17491	C	T	10396	9650	45	1	1	40	9.61723e-05	10398	0.750012	FALSE	NA	NA	NA	NA	NA	NA
NC_045512.2	17491	C	G	10396	9650	45	1	1	40	9.61723e-05	10398	0.750012	FALSE	NA	NA	NA	NA	NA	NA
NC_045512.2	17494	G	T	9858	9184	44	1	1	24	0.00010142	9860	1	FALSE	NA	NA	NA	NA	NA	NA
NC_045512.2	17494	G	C	9858	9184	44	1	1	40	0.00010142	9860	0.5	FALSE	NA	NA	NA	NA	NA	NA
NC_045512.2	17495	A	G	9883	9219	44	1	1	40	0.000101174	9884	0.500025	FALSE	NA	NA	NA	NA	NA	NA
NC_045512.2	17496	A	G	9872	9229	44	3	3	42	0.000303797	9875	0.125	FALSE	NA	NA	NA	NA	NA	NA
NC_045512.2	17497	T	G	9832	9187	44	1	1	24	0.000101698	9833	1	FALSE	NA	NA	NA	NA	NA	NA
NC_045512.2	17498	A	G	9714	9076	44	1	1	40	0.000102934	9715	0.500026	FALSE	NA	NA	NA	NA	NA	NA
NC_045512.2	17501	T	C	9643	9011	44	1	1	24	0.000103691	9644	1	FALSE	NA	NA	NA	NA	NA	NA
NC_045512.2	17502	C	A	9681	9054	44	1	0	32	0.000103284	9682	0.999026	FALSE	NA	NA	NA	NA	NA	NA
NC_045512.2	17503	A	G	9430	8801	44	1	1	24	0.000106033	9431	1	FALSE	NA	NA	NA	NA	NA	NA
NC_045512.2	17504	A	T	9434	8806	44	1	1	40	0.000105977	9436	0.5	FALSE	NA	NA	NA	NA	NA	NA
NC_045512.2	17504	A	G	9434	8806	44	1	1	40	0.000105977	9436	0.5	FALSE	NA	NA	NA	NA	NA	NA
NC_045512.2	17505	T	G	9376	8746	44	2	2	36	0.000213265	9378	0.994155	FALSE	NA	NA	NA	NA	NA	NA
NC_045512.2	17506	T	G	9331	8703	44	8	8	31	0.000856348	9342	0.685391	FALSE	NA	NA	NA	NA	NA	NA
NC_045512.2	17506	T	C	9331	8703	44	3	3	40	0.00032113	9342	0.124839	FALSE	NA	NA	NA	NA	NA	NA
NC_045512.2	17508	A	G	9019	8404	44	2	2	40	0.000221656	9023	0.249958	FALSE	NA	NA	NA	NA	NA	NA
NC_045512.2	17508	A	C	9019	8404	44	2	2	40	0.000221656	9023	0.249958	FALSE	NA	NA	NA	NA	NA	NA
NC_045512.2	17509	G	A	9025	8411	45	2	2	40	0.000221558	9027	0.250014	FALSE	NA	NA	NA	NA	NA	NA
NC_045512.2	17510	T	G	8966	8351	44	2	2	24	0.000222965	8970	1	FALSE	NA	NA	NA	NA	NA	NA
NC_045512.2	17510	T	C	8966	8351	44	1	1	40	0.000111483	8970	0.499944	FALSE	NA	NA	NA	NA	NA	NA
NC_045512.2	17510	T	A	8966	8351	44	1	1	40	0.000111483	8970	0.499944	FALSE	NA	NA	NA	NA	NA	NA
NC_045512.2	17511	G	T	34889	9420	41	2	0	32	5.73181e-05	34893	1	FALSE	NA	NA	NA	NA	NA	NA
NC_045512.2	17511	G	C	34889	9420	41	2	0	32	5.73181e-05	34893	1	FALSE	NA	NA	NA	NA	NA	NA
NC_045512.2	17512	T	G	34700	9333	41	5	2	27	0.000143984	34726	1	FALSE	NA	NA	NA	NA	NA	NA
NC_045512.2	17512	T	C	34700	9333	41	20	0	32	0.000575937	34726	0.979901	FALSE	NA	NA	NA	NA	NA	NA
NC_045512.2	17512	T	A	34700	9333	41	1	0	24	2.87969e-05	34726	1	FALSE	NA	NA	NA	NA	NA	NA
NC_045512.2	17513	G	T	34905	9260	40	2	2	24	5.72902e-05	34910	1	FALSE	NA	NA	NA	NA	NA	NA
NC_045512.2	17513	G	C	34905	9260	40	2	0	32	5.72902e-05	34910	1	FALSE	NA	NA	NA	NA	NA	NA
NC_045512.2	17513	G	A	34905	9260	40	1	0	40	2.86451e-05	34910	0.937495	FALSE	NA	NA	NA	NA	NA	NA
NC_045512.2	17514	T	G	34911	9256	40	2	1	38	5.72738e-05	34920	1	FALSE	NA	NA	NA	NA	NA	NA
NC_045512.2	17514	T	C	34911	9256	40	7	2	45	0.000200458	34920	0.171846	FALSE	NA	NA	NA	NA	NA	NA
NC_045512.2	17515	A	T	34525	9367	40	1	1	40	2.89377e-05	34557	0.937397	FALSE	NA	NA	NA	NA	NA	NA
NC_045512.2	17515	A	G	34525	9367	40	4	3	36	0.000115751	34557	1	FALSE	NA	NA	NA	NA	NA	NA
NC_045512.2	17515	A	C	34525	9367	40	27	0	27	0.000781318	34557	1	FALSE	NA	NA	NA	NA	NA	NA
NC_045512.2	17516	G	C	35659	9389	41	1	0	40	2.80426e-05	35660	0.937509	FALSE	NA	NA	NA	NA	NA	NA
NC_045512.2	17517	A	G	35519	9425	41	3	1	40	8.44333e-05	35531	0.656151	FALSE	NA	NA	NA	NA	NA	NA
NC_045512.2	17517	A	C	35519	9425	41	9	0	29	0.0002533	35531	1	FALSE	NA	NA	NA	NA	NA	NA
NC_045512.2	17518	C	T	35891	9277	41	1	0	40	2.7859e-05	35895	0.937498	FALSE	NA	NA	NA	NA	NA	NA
NC_045512.2	17518	C	G	35891	9277	41	1	0	40	2.7859e-05	35895	0.937498	FALSE	NA	NA	NA	NA	NA	NA
NC_045512.2	17518	C	A	35891	9277	41	2	0	32	5.57181e-05	35895	1	FALSE	NA	NA	NA	NA	NA	NA
NC_045512.2	17519	T	G	35509	8915	41	5	2	32	0.000140786	35515	1	FALSE	NA	NA	NA	NA	NA	NA
NC_045512.2	17519	T	C	35509	8915	41	1	1	24	2.81571e-05	35515	1	FALSE	NA	NA	NA	NA	NA	NA
NC_045512.2	17520	T	G	34882	7659	41	4	0	36	0.00011462	34898	1	FALSE	NA	NA	NA	NA	NA	NA
NC_045512.2	17520	T	C	34882	7659	41	12	0	29	0.000343859	34898	1	FALSE	NA	NA	NA	NA	NA	NA
NC_045512.2	17521	A	G	34233	7731	40	3	2	34	8.7512e-05	34281	1	FALSE	NA	NA	NA	NA	NA	NA
NC_045512.2	17521	A	C	34233	7731	40	45	0	27	0.00131268	34281	1	FALSE	NA	NA	NA	NA	NA	NA
NC_045512.2	17522	T	G	34711	7627	41	8	1	34	0.000230335	34732	0.999992	FALSE	NA	NA	NA	NA	NA	NA
NC_045512.2	17522	T	C	34711	7627	41	13	0	32	0.000374295	34732	0.999456	FALSE	NA	NA	NA	NA	NA	NA
NC_045512.2	17523	G	C	34858	7695	41	7	1	35	0.000200774	34865	0.999998	FALSE	NA	NA	NA	NA	NA	NA
NC_045512.2	17524	A	G	34594	7712	41	16	1	37	0.000461907	34639	0.996681	FALSE	NA	NA	NA	NA	NA	NA
NC_045512.2	17524	A	C	34594	7712	41	29	0	28	0.000837207	34639	1	FALSE	NA	NA	NA	NA	NA	NA
NC_045512.2	17525	A	T	34760	7729	41	1	0	40	2.87579e-05	34773	0.937466	FALSE	NA	NA	NA	NA	NA	NA
NC_045512.2	17525	A	G	34760	7729	41	6	4	40	0.000172548	34773	0.253807	FALSE	NA	NA	NA	NA	NA	NA
NC_045512.2	17525	A	C	34760	7729	41	6	0	26	0.000172548	34773	1	FALSE	NA	NA	NA	NA	NA	NA
NC_045512.2	17526	A	G	35221	7771	41	2	2	32	5.67746e-05	35227	1	FALSE	NA	NA	NA	NA	NA	NA
NC_045512.2	17526	A	C	35221	7771	41	4	0	28	0.000113549	35227	1	FALSE	NA	NA	NA	NA	NA	NA
NC_045512.2	17527	A	G	35268	7883	42	1	1	40	2.83487e-05	35275	0.937488	FALSE	NA	NA	NA	NA	NA	NA
NC_045512.2	17527	A	C	35268	7883	42	6	0	26	0.000170092	35275	1	FALSE	NA	NA	NA	NA	NA	NA
NC_045512.2	17528	C	G	38592	7964	42	3	1	29	7.77242e-05	38598	1	FALSE	NA	NA	NA	NA	NA	NA
NC_045512.2	17528	C	A	38592	7964	42	3	1	29	7.77242e-05	38598	1	FALSE	NA	NA	NA	NA	NA	NA
NC_045512.2	17529	T	C	38517	7828	42	4	2	32	0.000103839	38521	1	FALSE	NA	NA	NA	NA	NA	NA
NC_045512.2	17530	A	C	38206	7893	42	24	0	27	0.000627779	38230	1	FALSE	NA	NA	NA	NA	NA	NA
NC_045512.2	17531	T	G	38588	7867	42	4	3	28	0.000103619	38603	1	FALSE	NA	NA	NA	NA	NA	NA
NC_045512.2	17531	T	C	38588	7867	42	11	5	31	0.000284952	38603	0.999981	FALSE	NA	NA	NA	NA	NA	NA
NC_045512.2	17532	A	G	38239	7901	42	10	3	48	0.000261315	38268	0.0460468	FALSE	NA	NA	NA	NA	NA	NA
NC_045512.2	17532	A	C	38239	7901	42	19	0	24	0.000496498	38268	1	FALSE	NA	NA	NA	NA	NA	NA
NC_045512.2	17533	G	T	40226	7940	42	1	0	40	2.48558e-05	40232	0.968746	FALSE	NA	NA	NA	NA	NA	NA
NC_045512.2	17533	G	C	40226	7940	42	1	0	40	2.48558e-05	40232	0.968746	FALSE	NA	NA	NA	NA	NA	NA
NC_045512.2	17533	G	A	40226	7940	42	4	0	36	9.94233e-05	40232	1	FALSE	NA	NA	NA	NA	NA	NA
NC_045512.2	17534	G	T	44012	8000	42	1	0	24	2.27195e-05	44015	1	FALSE	NA	NA	NA	NA	NA	NA
NC_045512.2	17534	G	C	44012	8000	42	2	1	32	4.54391e-05	44015	1	FALSE	NA	NA	NA	NA	NA	NA
NC_045512.2	17535	T	G	43970	7905	42	5	5	27	0.000113685	43981	1	FALSE	NA	NA	NA	NA	NA	NA
NC_045512.2	17535	T	C	43970	7905	42	6	0	34	0.000136423	43981	1	FALSE	NA	NA	NA	NA	NA	NA
NC_045512.2	17536	C	A	44032	7999	42	4	0	26	9.08348e-05	44036	1	FALSE	NA	NA	NA	NA	NA	NA
NC_045512.2	17537	C	T	43228	7208	42	2	0	40	4.6261e-05	43233	0.890622	FALSE	NA	NA	NA	NA	NA	NA
NC_045512.2	17537	C	G	43228	7208	42	3	0	34	6.93914e-05	43233	1	FALSE	NA	NA	NA	NA	NA	NA
NC_045512.2	17538	A	T	42658	7176	42	1	1	40	2.34219e-05	42695	0.96869	FALSE	NA	NA	NA	NA	NA	NA
NC_045512.2	17538	A	G	42658	7176	42	4	0	36	9.36878e-05	42695	1	FALSE	NA	NA	NA	NA	NA	NA
NC_045512.2	17538	A	C	42658	7176	42	32	0	26	0.000749502	42695	1	FALSE	NA	NA	NA	NA	NA	NA
NC_045512.2	17539	G	T	44806	7196	42	4	3	28	8.92538e-05	44816	1	FALSE	NA	NA	NA	NA	NA	NA
NC_045512.2	17539	G	C	44806	7196	42	5	0	40	0.000111567	44816	0.499945	FALSE	NA	NA	NA	NA	NA	NA
NC_045512.2	17539	G	A	44806	7196	42	1	0	40	2.23135e-05	44816	0.96874	FALSE	NA	NA	NA	NA	NA	NA
NC_045512.2	17540	A	G	44650	7293	42	7	1	36	0.000156687	44675	1	FALSE	NA	NA	NA	NA	NA	NA
NC_045512.2	17540	A	C	44650	7293	42	18	0	28	0.00040291	44675	1	FALSE	NA	NA	NA	NA	NA	NA
NC_045512.2	17541	C	T	44978	7264	42	1	0	40	2.22277e-05	44989	0.968738	FALSE	NA	NA	NA	NA	NA	NA
NC_045512.2	17541	C	G	44978	7264	42	9	3	34	0.000200049	44989	1	FALSE	NA	NA	NA	NA	NA	NA
NC_045512.2	17541	C	A	44978	7264	42	1	0	24	2.22277e-05	44989	1	FALSE	NA	NA	NA	NA	NA	NA
NC_045512.2	17542	A	G	44388	6857	42	2	2	60	4.50501e-05	44395	0.249975	FALSE	NA	NA	NA	NA	NA	NA
NC_045512.2	17542	A	C	44388	6857	42	5	1	27	0.000112625	44395	1	FALSE	NA	NA	NA	NA	NA	NA
NC_045512.2	17542	A	+C	44388	6857	42	1	0	20	2.25251e-05	44395	1	FALSE	NA	NA	NA	NA	NA	NA
NC_045512.2	17543	T	G	43486	5877	43	1	1	40	2.29933e-05	43491	0.968748	FALSE	NA	NA	NA	NA	NA	NA
NC_045512.2	17543	T	C	43486	5877	43	4	1	40	9.19731e-05	43491	0.636725	FALSE	NA	NA	NA	NA	NA	NA
NC_045512.2	17544	G	C	43561	5902	42	3	1	40	6.88642e-05	43564	0.773456	FALSE	NA	NA	NA	NA	NA	NA
NC_045512.2	17545	T	G	43580	5868	42	4	0	36	9.17536e-05	43595	1	FALSE	NA	NA	NA	NA	NA	NA
NC_045512.2	17545	T	C	43580	5868	42	10	0	30	0.000229384	43595	0.999999	FALSE	NA	NA	NA	NA	NA	NA
NC_045512.2	17545	T	A	43580	5868	42	1	1	40	2.29384e-05	43595	0.96873	FALSE	NA	NA	NA	NA	NA	NA
NC_045512.2	17546	T	G	43592	5865	43	5	3	40	0.000114671	43603	0.499929	FALSE	NA	NA	NA	NA	NA	NA
NC_045512.2	17546	T	C	43592	5865	43	5	0	27	0.000114671	43603	1	FALSE	NA	NA	NA	NA	NA	NA
NC_045512.2	17546	T	A	43592	5865	43	1	0	40	2.29342e-05	43603	0.968737	FALSE	NA	NA	NA	NA	NA	NA
NC_045512.2	17547	C	T	45024	5940	42	4	0	40	8.88099e-05	45040	0.636591	FALSE	NA	NA	NA	NA	NA	NA
NC_045512.2	17547	C	G	45024	5940	42	7	1	33	0.000155417	45040	1	FALSE	NA	NA	NA	NA	NA	NA
NC_045512.2	17547	C	A	45024	5940	42	5	2	33	0.000111012	45040	1	FALSE	NA	NA	NA	NA	NA	NA
NC_045512.2	17548	C	T	44040	5441	42	3	1	34	6.80905e-05	44059	1	FALSE	NA	NA	NA	NA	NA	NA
NC_045512.2	17548	C	A	44040	5441	42	16	0	24	0.000363149	44059	1	FALSE	NA	NA	NA	NA	NA	NA
NC_045512.2	17549	T	C	44521	5424	42	5	1	36	0.000112294	44526	1	FALSE	NA	NA	NA	NA	NA	NA
NC_045512.2	17550	C	T	37587	5473	35	1	0	40	2.6338e-05	37968	0.936241	FALSE	NA	NA	NA	NA	NA	NA
NC_045512.2	17550	C	A	37587	5473	35	380	1	26	0.0100084	37968	0.5	FALSE	NA	NA	NA	NA	NA	NA
NC_045512.2	17550	C	-G	37587	5473	35	1	0	20	2.6338e-05	37968	1	FALSE	NA	NA	NA	NA	NA	NA
NC_045512.2	17551	G	T	44362	5363	42	1	0	24	2.25408e-05	44364	1	FALSE	NA	NA	NA	NA	NA	NA
NC_045512.2	17551	G	A	44362	5363	42	1	0	40	2.25408e-05	44364	0.968752	FALSE	NA	NA	NA	NA	NA	NA
NC_045512.2	17552	G	T	45046	5416	42	3	2	26	6.65912e-05	45051	1	FALSE	NA	NA	NA	NA	NA	NA
NC_045512.2	17552	G	C	45046	5416	42	2	0	32	4.43941e-05	45051	1	FALSE	NA	NA	NA	NA	NA	NA
NC_045512.2	17553	A	G	44816	5673	43	3	0	34	6.69314e-05	44822	1	FALSE	NA	NA	NA	NA	NA	NA
NC_045512.2	17553	A	C	44816	5673	43	3	0	34	6.69314e-05	44822	1	FALSE	NA	NA	NA	NA	NA	NA
NC_045512.2	17554	A	G	44865	5670	43	1	0	40	2.22856e-05	44872	0.968745	FALSE	NA	NA	NA	NA	NA	NA
NC_045512.2	17554	A	C	44865	5670	43	6	0	26	0.000133714	44872	1	FALSE	NA	NA	NA	NA	NA	NA
NC_045512.2	17555	C	T	45278	5690	43	2	0	40	4.41696e-05	45280	0.890638	FALSE	NA	NA	NA	NA	NA	NA
NC_045512.2	17555	C	-T	45278	5690	43	2	0	20	4.41696e-05	45280	1	FALSE	NA	NA	NA	NA	NA	NA
NC_045512.2	17556	T	G	44684	5140	43	2	2	32	4.47527e-05	44690	1	FALSE	NA	NA	NA	NA	NA	NA
NC_045512.2	17556	T	C	44684	5140	43	2	0	40	4.47527e-05	44690	0.890607	FALSE	NA	NA	NA	NA	NA	NA
NC_045512.2	17556	T	A	44684	5140	43	2	0	40	4.47527e-05	44690	0.890607	FALSE	NA	NA	NA	NA	NA	NA
NC_045512.2	17557	T	G	45046	5143	43	3	3	29	6.65809e-05	45058	1	FALSE	NA	NA	NA	NA	NA	NA
NC_045512.2	17557	T	C	45046	5143	43	9	1	31	0.000199743	45058	1	FALSE	NA	NA	NA	NA	NA	NA
NC_045512.2	17558	G	T	42470	2795	43	1	0	24	2.35433e-05	42475	1	FALSE	NA	NA	NA	NA	NA	NA
NC_045512.2	17558	G	C	42470	2795	43	2	0	40	4.70865e-05	42475	0.890622	FALSE	NA	NA	NA	NA	NA	NA
NC_045512.2	17558	G	A	42470	2795	43	2	0	24	4.70865e-05	42475	1	FALSE	NA	NA	NA	NA	NA	NA
NC_045512.2	17559	T	C	42627	2814	43	3	0	40	7.0373e-05	42630	0.773457	FALSE	NA	NA	NA	NA	NA	NA
NC_045512.2	17560	C	T	42439	2826	43	4	1	50	9.42285e-05	42450	0.0624779	FALSE	NA	NA	NA	NA	NA	NA
NC_045512.2	17560	C	G	42439	2826	43	4	0	32	9.42285e-05	42450	1	FALSE	NA	NA	NA	NA	NA	NA
NC_045512.2	17560	C	A	42439	2826	43	3	0	24	7.06714e-05	42450	1	FALSE	NA	NA	NA	NA	NA	NA
NC_045512.2	17561	G	T	42531	2818	43	4	1	42	9.4038e-05	42536	0.636725	FALSE	NA	NA	NA	NA	NA	NA
NC_045512.2	17561	G	A	42531	2818	43	1	0	40	2.35095e-05	42536	0.968748	FALSE	NA	NA	NA	NA	NA	NA
NC_045512.2	17562	G	T	44060	2892	43	1	0	24	2.26953e-05	44062	1	FALSE	NA	NA	NA	NA	NA	NA
NC_045512.2	17562	G	A	44060	2892	43	1	0	40	2.26953e-05	44062	0.968754	FALSE	NA	NA	NA	NA	NA	NA
NC_045512.2	17563	C	T	44034	3095	43	8	1	43	0.000181645	44042	0.193842	FALSE	NA	NA	NA	NA	NA	NA
NC_045512.2	17564	G	T	44043	3088	43	1	1	40	2.27035e-05	44046	0.968752	FALSE	NA	NA	NA	NA	NA	NA
NC_045512.2	17564	G	A	44043	3088	43	2	0	40	4.54071e-05	44046	0.890633	FALSE	NA	NA	NA	NA	NA	NA
NC_045512.2	17565	T	C	44133	3231	43	3	0	29	6.79717e-05	44136	1	FALSE	NA	NA	NA	NA	NA	NA
NC_045512.2	17566	T	C	44205	3237	44	6	0	37	0.000135713	44211	1	FALSE	NA	NA	NA	NA	NA	NA
NC_045512.2	17567	G	A	45229	3271	43	4	0	36	8.8431e-05	45233	1	FALSE	NA	NA	NA	NA	NA	NA
NC_045512.2	17568	T	G	45300	3557	44	4	0	36	8.82827e-05	45309	1	FALSE	NA	NA	NA	NA	NA	NA
NC_045512.2	17568	T	C	45300	3557	44	5	1	44	0.000110353	45309	0.499959	FALSE	NA	NA	NA	NA	NA	NA
NC_045512.2	17569	C	T	45165	3652	44	3	0	40	6.64114e-05	45173	0.77341	FALSE	NA	NA	NA	NA	NA	NA
NC_045512.2	17569	C	A	45165	3652	44	5	0	33	0.000110686	45173	1	FALSE	NA	NA	NA	NA	NA	NA
NC_045512.2	17570	C	T	45404	3657	44	2	0	52	4.4047e-05	45406	0.250003	FALSE	NA	NA	NA	NA	NA	NA
NC_045512.2	17571	T	C	45407	3647	44	3	0	34	6.60647e-05	45410	1	FALSE	NA	NA	NA	NA	NA	NA
NC_045512.2	17572	G	T	45633	3671	44	94	6	44	0.00205545	45732	1.13382e-23	TRUE	NA	NA	NA	NA	NA	NA
NC_045512.2	17572	G	A	45633	3671	44	5	0	36	0.000109333	45732	1	FALSE	NA	NA	NA	NA	NA	NA
NC_045512.2	17573	C	T	45767	3685	44	1	0	40	2.18484e-05	45770	0.968752	FALSE	NA	NA	NA	NA	NA	NA
NC_045512.2	17573	C	A	45767	3685	44	2	0	32	4.36967e-05	45770	1	FALSE	NA	NA	NA	NA	NA	NA
NC_045512.2	17574	T	G	45784	3754	44	3	2	50	6.55136e-05	45792	0.12498	FALSE	NA	NA	NA	NA	NA	NA
NC_045512.2	17574	T	C	45784	3754	44	5	0	33	0.000109189	45792	1	FALSE	NA	NA	NA	NA	NA	NA
NC_045512.2	17574	T	+G	45784	3754	44	1	0	20	2.18379e-05	45792	1	FALSE	NA	NA	NA	NA	NA	NA
NC_045512.2	17575	G	T	45740	3750	44	1	1	24	2.18603e-05	45745	1	FALSE	NA	NA	NA	NA	NA	NA
NC_045512.2	17575	G	C	45740	3750	44	3	0	29	6.55809e-05	45745	1	FALSE	NA	NA	NA	NA	NA	NA
NC_045512.2	17575	G	A	45740	3750	44	1	0	80	2.18603e-05	45745	0.499984	FALSE	NA	NA	NA	NA	NA	NA
NC_045512.2	17576	A	T	45624	3779	44	1	1	80	2.19149e-05	45631	0.499973	FALSE	NA	NA	NA	NA	NA	NA
NC_045512.2	17576	A	G	45624	3779	44	1	0	24	2.19149e-05	45631	1	FALSE	NA	NA	NA	NA	NA	NA
NC_045512.2	17576	A	C	45624	3779	44	5	0	30	0.000109575	45631	1	FALSE	NA	NA	NA	NA	NA	NA
NC_045512.2	17577	A	G	45715	3787	44	6	0	37	0.000131216	45726	1	FALSE	NA	NA	NA	NA	NA	NA
NC_045512.2	17577	A	C	45715	3787	44	5	0	27	0.000109347	45726	1	FALSE	NA	NA	NA	NA	NA	NA
NC_045512.2	17578	A	G	46139	3995	44	3	0	66	6.50153e-05	46143	0.124996	FALSE	NA	NA	NA	NA	NA	NA
NC_045512.2	17578	A	C	46139	3995	44	1	0	24	2.16718e-05	46143	1	FALSE	NA	NA	NA	NA	NA	NA
NC_045512.2	17579	T	C	46548	4025	45	2	0	40	4.29646e-05	46550	0.890638	FALSE	NA	NA	NA	NA	NA	NA
NC_045512.2	17580	T	G	47180	4085	44	1	0	24	2.11909e-05	47190	1	FALSE	NA	NA	NA	NA	NA	NA
NC_045512.2	17580	T	C	47180	4085	44	9	0	33	0.000190718	47190	1	FALSE	NA	NA	NA	NA	NA	NA
NC_045512.2	17581	G	T	47535	4104	44	1	1	80	2.10354e-05	47539	0.499989	FALSE	NA	NA	NA	NA	NA	NA
NC_045512.2	17581	G	C	47535	4104	44	2	0	40	4.20707e-05	47539	0.890627	FALSE	NA	NA	NA	NA	NA	NA
NC_045512.2	17581	G	A	47535	4104	44	1	0	40	2.10354e-05	47539	0.96875	FALSE	NA	NA	NA	NA	NA	NA
NC_045512.2	17582	T	G	47644	4094	44	1	1	24	2.09872e-05	47648	1	FALSE	NA	NA	NA	NA	NA	NA
NC_045512.2	17582	T	C	47644	4094	44	3	0	34	6.29617e-05	47648	1	FALSE	NA	NA	NA	NA	NA	NA
NC_045512.2	17583	T	G	47673	4136	45	1	1	40	2.09705e-05	47686	0.968735	FALSE	NA	NA	NA	NA	NA	NA
NC_045512.2	17583	T	C	47673	4136	45	12	3	42	0.000251646	47686	0.0383941	FALSE	NA	NA	NA	NA	NA	NA
NC_045512.2	17584	G	T	47621	4116	44	1	1	32	2.09969e-05	47626	1	FALSE	NA	NA	NA	NA	NA	NA
NC_045512.2	17584	G	A	47621	4116	44	4	0	46	8.39877e-05	47626	0.636724	FALSE	NA	NA	NA	NA	NA	NA
NC_045512.2	17585	A	G	47261	4289	44	2	1	56	4.23092e-05	47271	0.24996	FALSE	NA	NA	NA	NA	NA	NA
NC_045512.2	17585	A	C	47261	4289	44	8	0	30	0.000169237	47271	1	FALSE	NA	NA	NA	NA	NA	NA
NC_045512.2	17586	C	T	48491	4324	45	2	0	40	4.12405e-05	48496	0.890623	FALSE	NA	NA	NA	NA	NA	NA
NC_045512.2	17586	C	G	48491	4324	45	1	0	40	2.06203e-05	48496	0.968748	FALSE	NA	NA	NA	NA	NA	NA
NC_045512.2	17586	C	A	48491	4324	45	2	0	24	4.12405e-05	48496	1	FALSE	NA	NA	NA	NA	NA	NA
NC_045512.2	17587	A	G	48416	4325	45	3	0	38	6.19438e-05	48431	1	FALSE	NA	NA	NA	NA	NA	NA
NC_045512.2	17587	A	C	48416	4325	45	12	0	29	0.000247775	48431	1	FALSE	NA	NA	NA	NA	NA	NA
NC_045512.2	17588	C	T	50025	4385	45	2	0	40	3.99768e-05	50029	0.937503	FALSE	NA	NA	NA	NA	NA	NA
NC_045512.2	17588	C	G	50025	4385	45	1	1	40	1.99884e-05	50029	0.984375	FALSE	NA	NA	NA	NA	NA	NA
NC_045512.2	17588	C	A	50025	4385	45	1	0	40	1.99884e-05	50029	0.984375	FALSE	NA	NA	NA	NA	NA	NA
NC_045512.2	17589	T	C	50012	4385	45	7	2	49	0.000139947	50019	0.387214	FALSE	NA	NA	NA	NA	NA	NA
NC_045512.2	17590	G	A	50315	4418	45	2	0	32	3.9748e-05	50317	1	FALSE	NA	NA	NA	NA	NA	NA
NC_045512.2	17591	T	G	50362	4787	45	2	1	40	3.96999e-05	50378	0.937464	FALSE	NA	NA	NA	NA	NA	NA
NC_045512.2	17591	T	C	50362	4787	45	12	0	36	0.000238199	50378	1	FALSE	NA	NA	NA	NA	NA	NA
NC_045512.2	17591	T	A	50362	4787	45	2	0	32	3.96999e-05	50378	1	FALSE	NA	NA	NA	NA	NA	NA
NC_045512.2	17592	G	T	50408	4805	45	1	0	40	1.98377e-05	50409	0.984378	FALSE	NA	NA	NA	NA	NA	NA
NC_045512.2	17593	A	T	50158	4808	45	2	0	32	3.98597e-05	50176	1	FALSE	NA	NA	NA	NA	NA	NA
NC_045512.2	17593	A	G	50158	4808	45	8	0	41	0.000159439	50176	0.290402	FALSE	NA	NA	NA	NA	NA	NA
NC_045512.2	17593	A	C	50158	4808	45	8	0	24	0.000159439	50176	1	FALSE	NA	NA	NA	NA	NA	NA
NC_045512.2	17595	T	C	51117	4903	46	1	0	40	1.95622e-05	51119	0.984377	FALSE	NA	NA	NA	NA	NA	NA
NC_045512.2	17595	T	A	51117	4903	46	1	0	24	1.95622e-05	51119	1	FALSE	NA	NA	NA	NA	NA	NA
NC_045512.2	17596	G	T	51662	4937	45	2	0	32	3.87079e-05	51669	1	FALSE	NA	NA	NA	NA	NA	NA
NC_045512.2	17596	G	C	51662	4937	45	2	0	32	3.87079e-05	51669	1	FALSE	NA	NA	NA	NA	NA	NA
NC_045512.2	17596	G	A	51662	4937	45	3	1	53	5.80619e-05	51669	0.124985	FALSE	NA	NA	NA	NA	NA	NA
NC_045512.2	17597	C	T	51742	6027	47	6	1	46	0.000115947	51748	0.500013	FALSE	NA	NA	NA	NA	NA	NA
NC_045512.2	17598	T	C	51737	6035	47	5	0	33	9.66333e-05	51742	1	FALSE	NA	NA	NA	NA	NA	NA
NC_045512.2	17599	T	G	51662	6037	47	2	0	24	3.87057e-05	51672	1	FALSE	NA	NA	NA	NA	NA	NA
NC_045512.2	17599	T	C	51662	6037	47	5	0	38	9.67642e-05	51672	1	FALSE	NA	NA	NA	NA	NA	NA
NC_045512.2	17599	T	A	51662	6037	47	3	0	34	5.80585e-05	51672	1	FALSE	NA	NA	NA	NA	NA	NA
NC_045512.2	17600	T	G	51745	6128	47	1	1	24	1.9324e-05	51749	1	FALSE	NA	NA	NA	NA	NA	NA
NC_045512.2	17600	T	C	51745	6128	47	3	0	29	5.79721e-05	51749	1	FALSE	NA	NA	NA	NA	NA	NA
NC_045512.2	17601	G	T	52784	6206	47	2	0	24	3.78831e-05	52794	1	FALSE	NA	NA	NA	NA	NA	NA
NC_045512.2	17601	G	C	52784	6206	47	5	1	27	9.47077e-05	52794	1	FALSE	NA	NA	NA	NA	NA	NA
NC_045512.2	17601	G	A	52784	6206	47	3	0	34	5.68246e-05	52794	1	FALSE	NA	NA	NA	NA	NA	NA
NC_045512.2	17602	G	A	53143	6207	47	1	0	24	1.88168e-05	53144	1	FALSE	NA	NA	NA	NA	NA	NA
NC_045512.2	17602	G	-T	53143	6207	47	1	0	20	1.88168e-05	53144	1	FALSE	NA	NA	NA	NA	NA	NA
NC_045512.2	17603	T	G	53227	6434	48	2	2	32	3.75721e-05	53231	1	FALSE	NA	NA	NA	NA	NA	NA
NC_045512.2	17603	T	C	53227	6434	48	2	0	40	3.75721e-05	53231	0.9375	FALSE	NA	NA	NA	NA	NA	NA
NC_045512.2	17604	T	G	53228	6435	48	1	0	24	1.8786e-05	53231	1	FALSE	NA	NA	NA	NA	NA	NA
NC_045512.2	17604	T	C	53228	6435	48	2	0	40	3.75721e-05	53231	0.937506	FALSE	NA	NA	NA	NA	NA	NA
NC_045512.2	17605	T	C	53229	6436	48	4	0	40	7.51414e-05	53233	0.746112	FALSE	NA	NA	NA	NA	NA	NA
NC_045512.2	17605	T	-A	53229	6436	48	1	0	20	1.87853e-05	53233	1	FALSE	NA	NA	NA	NA	NA	NA
NC_045512.2	17606	A	G	53020	6495	47	5	3	60	9.4272e-05	53038	0.0312279	FALSE	NA	NA	NA	NA	NA	NA
NC_045512.2	17606	A	C	53020	6495	47	13	0	24	0.000245107	53038	1	FALSE	NA	NA	NA	NA	NA	NA
NC_045512.2	17607	T	G	53395	6711	48	2	0	28	3.74525e-05	53401	1	FALSE	NA	NA	NA	NA	NA	NA
NC_045512.2	17607	T	C	53395	6711	48	4	1	50	7.4905e-05	53401	0.0624941	FALSE	NA	NA	NA	NA	NA	NA
NC_045512.2	17608	G	C	53433	6732	48	1	0	40	1.87147e-05	53434	0.984378	FALSE	NA	NA	NA	NA	NA	NA
NC_045512.2	17609	A	T	53722	6761	48	1	0	40	1.86098e-05	53735	0.984368	FALSE	NA	NA	NA	NA	NA	NA
NC_045512.2	17609	A	G	53722	6761	48	4	1	42	7.44394e-05	53735	0.74603	FALSE	NA	NA	NA	NA	NA	NA
NC_045512.2	17609	A	C	53722	6761	48	8	0	32	0.000148879	53735	1	FALSE	NA	NA	NA	NA	NA	NA
NC_045512.2	17610	T	G	54127	6749	48	1	1	24	1.84734e-05	54132	1	FALSE	NA	NA	NA	NA	NA	NA
NC_045512.2	17610	T	C	54127	6749	48	4	1	35	7.38934e-05	54132	1	FALSE	NA	NA	NA	NA	NA	NA
NC_045512.2	17611	A	G	53841	6723	48	2	1	40	3.71409e-05	53849	0.937491	FALSE	NA	NA	NA	NA	NA	NA
NC_045512.2	17611	A	C	53841	6723	48	6	1	26	0.000111423	53849	1	FALSE	NA	NA	NA	NA	NA	NA
NC_045512.2	17612	A	G	53883	7044	48	1	0	40	1.85574e-05	53887	0.984375	FALSE	NA	NA	NA	NA	NA	NA
NC_045512.2	17612	A	C	53883	7044	48	3	0	29	5.56721e-05	53887	1	FALSE	NA	NA	NA	NA	NA	NA
NC_045512.2	17613	T	G	54104	7026	48	5	5	35	9.24027e-05	54111	1	FALSE	NA	NA	NA	NA	NA	NA
NC_045512.2	17613	T	C	54104	7026	48	2	1	32	3.69611e-05	54111	1	FALSE	NA	NA	NA	NA	NA	NA
NC_045512.2	17614	A	G	53917	7091	48	5	1	56	9.27111e-05	53931	0.0312355	FALSE	NA	NA	NA	NA	NA	NA
NC_045512.2	17614	A	C	53917	7091	48	9	0	25	0.00016688	53931	1	FALSE	NA	NA	NA	NA	NA	NA
NC_045512.2	17615	A	T	53889	7076	48	1	0	80	1.85515e-05	53904	0.49994	FALSE	NA	NA	NA	NA	NA	NA
NC_045512.2	17615	A	G	53889	7076	48	7	2	43	0.00012986	53904	0.387113	FALSE	NA	NA	NA	NA	NA	NA
NC_045512.2	17615	A	C	53889	7076	48	7	0	29	0.00012986	53904	1	FALSE	NA	NA	NA	NA	NA	NA
NC_045512.2	17617	C	T	56130	7206	48	1	0	40	1.78136e-05	56137	0.984373	FALSE	NA	NA	NA	NA	NA	NA
NC_045512.2	17617	C	A	56130	7206	48	6	0	40	0.000106881	56137	0.5	FALSE	NA	NA	NA	NA	NA	NA
NC_045512.2	17618	T	G	55975	7125	48	1	1	24	1.78632e-05	55981	1	FALSE	NA	NA	NA	NA	NA	NA
NC_045512.2	17618	T	C	55975	7125	48	4	0	36	7.14528e-05	55981	1	FALSE	NA	NA	NA	NA	NA	NA
NC_045512.2	17618	T	A	55975	7125	48	1	0	40	1.78632e-05	55981	0.984374	FALSE	NA	NA	NA	NA	NA	NA
NC_045512.2	17619	T	G	55933	7151	48	2	1	32	3.57507e-05	55943	1	FALSE	NA	NA	NA	NA	NA	NA
NC_045512.2	17619	T	C	55933	7151	48	6	1	44	0.000107252	55943	0.499964	FALSE	NA	NA	NA	NA	NA	NA
NC_045512.2	17619	T	A	55933	7151	48	2	0	60	3.57507e-05	55943	0.249966	FALSE	NA	NA	NA	NA	NA	NA
NC_045512.2	17619	T	-A	55933	7151	48	1	0	20	1.78753e-05	55943	1	FALSE	NA	NA	NA	NA	NA	NA
NC_045512.2	17620	A	T	55287	7180	47	2	1	60	3.61566e-05	55315	0.24988	FALSE	NA	NA	NA	NA	NA	NA
NC_045512.2	17620	A	G	55287	7180	47	5	3	38	9.03914e-05	55315	1	FALSE	NA	NA	NA	NA	NA	NA
NC_045512.2	17620	A	C	55287	7180	47	21	0	27	0.000379644	55315	1	FALSE	NA	NA	NA	NA	NA	NA
NC_045512.2	17621	A	G	55725	7178	48	5	1	44	8.9707e-05	55737	0.622986	FALSE	NA	NA	NA	NA	NA	NA
NC_045512.2	17621	A	C	55725	7178	48	7	0	30	0.00012559	55737	1	FALSE	NA	NA	NA	NA	NA	NA
NC_045512.2	17622	A	G	55711	7184	48	5	0	30	8.97344e-05	55720	1	FALSE	NA	NA	NA	NA	NA	NA
NC_045512.2	17622	A	C	55711	7184	48	4	0	28	7.17875e-05	55720	1	FALSE	NA	NA	NA	NA	NA	NA
NC_045512.2	17623	G	T	56008	7189	48	5	1	56	8.92634e-05	56014	0.0312472	FALSE	NA	NA	NA	NA	NA	NA
NC_045512.2	17623	G	A	56008	7189	48	1	0	40	1.78527e-05	56014	0.984374	FALSE	NA	NA	NA	NA	NA	NA
NC_045512.2	17624	C	T	56151	7560	49	3	0	40	5.34236e-05	56155	0.855478	FALSE	NA	NA	NA	NA	NA	NA
NC_045512.2	17624	C	A	56151	7560	49	1	0	40	1.78079e-05	56155	0.984375	FALSE	NA	NA	NA	NA	NA	NA
NC_045512.2	17625	A	T	55408	7329	49	2	0	40	3.60868e-05	55422	0.937473	FALSE	NA	NA	NA	NA	NA	NA
NC_045512.2	17625	A	G	55408	7329	49	3	0	53	5.41301e-05	55422	0.124963	FALSE	NA	NA	NA	NA	NA	NA
NC_045512.2	17625	A	C	55408	7329	49	9	0	27	0.00016239	55422	1	FALSE	NA	NA	NA	NA	NA	NA
NC_045512.2	17626	C	T	56911	7495	49	1	0	24	1.75707e-05	56913	1	FALSE	NA	NA	NA	NA	NA	NA
NC_045512.2	17626	C	A	56911	7495	49	1	0	40	1.75707e-05	56913	0.984377	FALSE	NA	NA	NA	NA	NA	NA
NC_045512.2	17627	A	T	56633	7612	49	1	0	40	1.76538e-05	56645	0.984369	FALSE	NA	NA	NA	NA	NA	NA
NC_045512.2	17627	A	G	56633	7612	49	1	0	24	1.76538e-05	56645	1	FALSE	NA	NA	NA	NA	NA	NA
NC_045512.2	17627	A	C	56633	7612	49	10	0	28	0.000176538	56645	1	FALSE	NA	NA	NA	NA	NA	NA
NC_045512.2	17628	T	G	56811	7573	48	2	1	32	3.52007e-05	56817	1	FALSE	NA	NA	NA	NA	NA	NA
NC_045512.2	17628	T	C	56811	7573	48	4	0	32	7.04015e-05	56817	1	FALSE	NA	NA	NA	NA	NA	NA
NC_045512.2	17628	T	-AA	56811	7573	48	2	0	20	3.52007e-05	56817	1	FALSE	NA	NA	NA	NA	NA	NA
NC_045512.2	17629	A	G	56652	7626	49	4	1	41	7.05903e-05	56665	0.746016	FALSE	NA	NA	NA	NA	NA	NA
NC_045512.2	17629	A	C	56652	7626	49	9	0	31	0.000158828	56665	1	FALSE	NA	NA	NA	NA	NA	NA
NC_045512.2	17630	A	G	56626	7627	49	8	0	34	0.00014125	56637	1	FALSE	NA	NA	NA	NA	NA	NA
NC_045512.2	17630	A	C	56626	7627	49	3	0	29	5.29689e-05	56637	1	FALSE	NA	NA	NA	NA	NA	NA
NC_045512.2	17631	A	G	57435	7661	49	7	2	54	0.000121856	57445	0.00781012	TRUE	NA	NA	NA	NA	NA	NA
NC_045512.2	17631	A	C	57435	7661	49	3	1	24	5.22239e-05	57445	1	FALSE	NA	NA	NA	NA	NA	NA
NC_045512.2	17632	G	A	57511	7649	49	2	0	32	3.47747e-05	57513	1	FALSE	NA	NA	NA	NA	NA	NA
NC_045512.2	17633	A	G	57407	7746	49	3	0	40	5.2253e-05	57413	0.855466	FALSE	NA	NA	NA	NA	NA	NA
NC_045512.2	17633	A	C	57407	7746	49	3	0	24	5.2253e-05	57413	1	FALSE	NA	NA	NA	NA	NA	NA
NC_045512.2	17634	C	T	57477	8052	49	1	0	40	1.73971e-05	57481	0.984375	FALSE	NA	NA	NA	NA	NA	NA
NC_045512.2	17634	C	A	57477	8052	49	3	0	24	5.21912e-05	57481	1	FALSE	NA	NA	NA	NA	NA	NA
NC_045512.2	17635	A	G	57127	7868	50	16	3	55	0.000279999	57143	1.52449e-05	TRUE	NA	NA	NA	NA	NA	NA
NC_045512.2	17636	A	T	57282	8154	49	1	0	40	1.74532e-05	57296	0.984367	FALSE	NA	NA	NA	NA	NA	NA
NC_045512.2	17636	A	G	57282	8154	49	7	0	43	0.000122173	57296	0.38713	FALSE	NA	NA	NA	NA	NA	NA
NC_045512.2	17636	A	C	57282	8154	49	6	0	25	0.000104719	57296	1	FALSE	NA	NA	NA	NA	NA	NA
NC_045512.2	17637	A	G	57400	8158	49	3	0	40	5.22521e-05	57414	0.85542	FALSE	NA	NA	NA	NA	NA	NA
NC_045512.2	17637	A	C	57400	8158	49	11	0	29	0.000191591	57414	1	FALSE	NA	NA	NA	NA	NA	NA
NC_045512.2	17638	T	G	57573	8337	50	1	1	24	1.73668e-05	57581	1	FALSE	NA	NA	NA	NA	NA	NA
NC_045512.2	17638	T	C	57573	8337	50	7	3	61	0.000121568	57581	0.00781108	TRUE	NA	NA	NA	NA	NA	NA
NC_045512.2	17639	C	T	55602	8937	50	3	1	48	5.3951e-05	55606	0.855478	FALSE	NA	NA	NA	NA	NA	NA
NC_045512.2	17639	C	A	55602	8937	50	1	0	40	1.79837e-05	55606	0.984375	FALSE	NA	NA	NA	NA	NA	NA
NC_045512.2	17640	A	G	55128	8792	49	6	3	35	0.000108812	55141	1	FALSE	NA	NA	NA	NA	NA	NA
NC_045512.2	17640	A	C	55128	8792	49	7	0	25	0.000126947	55141	1	FALSE	NA	NA	NA	NA	NA	NA
NC_045512.2	17641	G	A	56010	8842	49	7	0	37	0.000124962	56017	1	FALSE	NA	NA	NA	NA	NA	NA
NC_045512.2	17642	C	T	55829	8996	49	1	0	40	1.79109e-05	55832	0.984376	FALSE	NA	NA	NA	NA	NA	NA
NC_045512.2	17642	C	A	55829	8996	49	2	0	24	3.58218e-05	55832	1	FALSE	NA	NA	NA	NA	NA	NA
NC_045512.2	17643	T	G	55743	8982	49	3	1	34	5.3802e-05	55760	1	FALSE	NA	NA	NA	NA	NA	NA
NC_045512.2	17643	T	C	55743	8982	49	13	3	39	0.000233142	55760	1	FALSE	NA	NA	NA	NA	NA	NA
NC_045512.2	17643	T	A	55743	8982	49	1	0	40	1.7934e-05	55760	0.984364	FALSE	NA	NA	NA	NA	NA	NA
NC_045512.2	17644	C	T	53700	9523	49	4	1	46	7.44657e-05	53716	0.746002	FALSE	NA	NA	NA	NA	NA	NA
NC_045512.2	17644	C	G	53700	9523	49	1	1	40	1.86164e-05	53716	0.984365	FALSE	NA	NA	NA	NA	NA	NA
NC_045512.2	17644	C	A	53700	9523	49	11	0	26	0.000204781	53716	1	FALSE	NA	NA	NA	NA	NA	NA
NC_045512.2	17645	A	G	53525	9619	49	3	1	53	5.60392e-05	53534	0.124979	FALSE	NA	NA	NA	NA	NA	NA
NC_045512.2	17645	A	C	53525	9619	49	6	0	29	0.000112078	53534	1	FALSE	NA	NA	NA	NA	NA	NA
NC_045512.2	17646	A	G	53594	9624	49	1	0	24	1.86574e-05	53598	1	FALSE	NA	NA	NA	NA	NA	NA
NC_045512.2	17646	A	C	53594	9624	49	3	0	26	5.59722e-05	53598	1	FALSE	NA	NA	NA	NA	NA	NA
NC_045512.2	17647	T	G	53651	9648	49	1	0	40	1.86369e-05	53657	0.984374	FALSE	NA	NA	NA	NA	NA	NA
NC_045512.2	17647	T	C	53651	9648	49	5	1	33	9.31845e-05	53657	1	FALSE	NA	NA	NA	NA	NA	NA
NC_045512.2	17648	G	T	53943	9692	49	3	0	53	5.56112e-05	53946	0.125	FALSE	NA	NA	NA	NA	NA	NA
NC_045512.2	17649	C	T	51200	11019	49	1	1	64	1.95301e-05	51203	0.499995	FALSE	NA	NA	NA	NA	NA	NA
NC_045512.2	17649	C	G	51200	11019	49	1	0	24	1.95301e-05	51203	1	FALSE	NA	NA	NA	NA	NA	NA
NC_045512.2	17649	C	A	51200	11019	49	1	0	24	1.95301e-05	51203	1	FALSE	NA	NA	NA	NA	NA	NA
NC_045512.2	17650	T	C	51148	11542	49	3	0	45	5.86499e-05	51151	0.855485	FALSE	NA	NA	NA	NA	NA	NA
NC_045512.2	17651	T	G	51209	11548	50	3	3	26	5.85777e-05	51214	1	FALSE	NA	NA	NA	NA	NA	NA
NC_045512.2	17651	T	C	51209	11548	50	2	0	60	3.90518e-05	51214	0.249988	FALSE	NA	NA	NA	NA	NA	NA
NC_045512.2	17652	T	G	51449	12374	50	1	1	24	1.94333e-05	51458	1	FALSE	NA	NA	NA	NA	NA	NA
NC_045512.2	17652	T	C	51449	12374	50	6	0	41	0.0001166	51458	0.499974	FALSE	NA	NA	NA	NA	NA	NA
NC_045512.2	17652	T	A	51449	12374	50	2	0	80	3.88666e-05	51458	0.249968	FALSE	NA	NA	NA	NA	NA	NA
NC_045512.2	17653	A	T	51224	12621	50	1	0	24	1.95191e-05	51232	1	FALSE	NA	NA	NA	NA	NA	NA
NC_045512.2	17653	A	G	51224	12621	50	2	1	44	3.90381e-05	51232	0.93749	FALSE	NA	NA	NA	NA	NA	NA
NC_045512.2	17653	A	C	51224	12621	50	5	0	28	9.75953e-05	51232	1	FALSE	NA	NA	NA	NA	NA	NA
NC_045512.2	17654	A	T	51274	12634	50	2	1	32	3.89924e-05	51292	1	FALSE	NA	NA	NA	NA	NA	NA
NC_045512.2	17654	A	G	51274	12634	50	4	0	36	7.79849e-05	51292	1	FALSE	NA	NA	NA	NA	NA	NA
NC_045512.2	17654	A	C	51274	12634	50	12	0	28	0.000233955	51292	1	FALSE	NA	NA	NA	NA	NA	NA
NC_045512.2	17655	A	G	51143	12668	50	5	2	38	9.77441e-05	51154	1	FALSE	NA	NA	NA	NA	NA	NA
NC_045512.2	17655	A	C	51143	12668	50	6	1	30	0.000117293	51154	1	FALSE	NA	NA	NA	NA	NA	NA
NC_045512.2	17656	A	G	51142	12671	50	1	0	80	1.95526e-05	51144	0.5	FALSE	NA	NA	NA	NA	NA	NA
NC_045512.2	17656	A	C	51142	12671	50	1	0	40	1.95526e-05	51144	0.984377	FALSE	NA	NA	NA	NA	NA	NA
NC_045512.2	17657	T	G	51129	12597	50	1	1	24	1.95576e-05	51131	1	FALSE	NA	NA	NA	NA	NA	NA
NC_045512.2	17657	T	C	51129	12597	50	1	0	24	1.95576e-05	51131	1	FALSE	NA	NA	NA	NA	NA	NA
NC_045512.2	17658	G	T	51346	12655	50	2	1	32	3.89492e-05	51349	1	FALSE	NA	NA	NA	NA	NA	NA
NC_045512.2	17658	G	A	51346	12655	50	1	0	40	1.94746e-05	51349	0.984376	FALSE	NA	NA	NA	NA	NA	NA
NC_045512.2	17658	G	-T	51346	12655	50	3	0	20	5.84237e-05	51349	1	FALSE	NA	NA	NA	NA	NA	NA
NC_045512.2	17659	T	C	51342	12850	50	3	0	48	5.84283e-05	51345	0.855466	FALSE	NA	NA	NA	NA	NA	NA
NC_045512.2	17660	T	G	49475	13682	50	1	1	24	2.0211e-05	49478	1	FALSE	NA	NA	NA	NA	NA	NA
NC_045512.2	17660	T	C	49475	13682	50	2	0	40	4.0422e-05	49478	0.890632	FALSE	NA	NA	NA	NA	NA	NA
NC_045512.2	17661	T	G	49984	13699	50	1	0	40	2.00044e-05	49989	0.968748	FALSE	NA	NA	NA	NA	NA	NA
NC_045512.2	17661	T	C	49984	13699	50	3	0	29	6.00132e-05	49989	1	FALSE	NA	NA	NA	NA	NA	NA
NC_045512.2	17661	T	A	49984	13699	50	1	1	24	2.00044e-05	49989	1	FALSE	NA	NA	NA	NA	NA	NA
NC_045512.2	17661	T	-TA	49984	13699	50	1	0	20	2.00044e-05	49989	1	FALSE	NA	NA	NA	NA	NA	NA
NC_045512.2	17662	T	G	45110	15382	48	2	2	32	4.43341e-05	45112	1	FALSE	NA	NA	NA	NA	NA	NA
NC_045512.2	17663	A	G	45106	15447	48	3	1	42	6.64938e-05	45117	0.773374	FALSE	NA	NA	NA	NA	NA	NA
NC_045512.2	17663	A	C	45106	15447	48	8	0	24	0.000177317	45117	1	FALSE	NA	NA	NA	NA	NA	NA
NC_045512.2	17664	T	G	44982	15307	48	10	10	28	0.000222232	44998	1	FALSE	NA	NA	NA	NA	NA	NA
NC_045512.2	17664	T	C	44982	15307	48	6	3	34	0.000133339	44998	1	FALSE	NA	NA	NA	NA	NA	NA
NC_045512.2	17664	T	-A	44982	15307	48	2	0	20	4.44464e-05	44998	1	FALSE	NA	NA	NA	NA	NA	NA
NC_045512.2	17665	A	G	44980	15445	48	2	1	32	4.44573e-05	44987	1	FALSE	NA	NA	NA	NA	NA	NA
NC_045512.2	17665	A	C	44980	15445	48	5	0	27	0.000111143	44987	1	FALSE	NA	NA	NA	NA	NA	NA
NC_045512.2	17666	A	G	44818	15419	48	8	4	47	0.00017846	44828	0.193821	FALSE	NA	NA	NA	NA	NA	NA
NC_045512.2	17666	A	C	44818	15419	48	2	1	40	4.4615e-05	44828	0.890596	FALSE	NA	NA	NA	NA	NA	NA
NC_045512.2	17667	G	T	45139	15520	48	1	1	80	2.21523e-05	45142	0.499994	FALSE	NA	NA	NA	NA	NA	NA
NC_045512.2	17667	G	C	45139	15520	48	1	1	40	2.21523e-05	45142	0.968752	FALSE	NA	NA	NA	NA	NA	NA
NC_045512.2	17667	G	A	45139	15520	48	1	0	40	2.21523e-05	45142	0.968752	FALSE	NA	NA	NA	NA	NA	NA
NC_045512.2	17668	G	C	45611	16081	48	1	1	24	2.19236e-05	45613	1	FALSE	NA	NA	NA	NA	NA	NA
NC_045512.2	17668	G	A	45611	16081	48	1	0	40	2.19236e-05	45613	0.968753	FALSE	NA	NA	NA	NA	NA	NA
NC_045512.2	17669	G	T	46140	16291	48	1	0	24	2.16718e-05	46143	1	FALSE	NA	NA	NA	NA	NA	NA
NC_045512.2	17669	G	A	46140	16291	48	2	0	40	4.33435e-05	46143	0.890633	FALSE	NA	NA	NA	NA	NA	NA
NC_045512.2	17670	T	G	45848	16023	48	1	0	40	2.18083e-05	45854	0.968747	FALSE	NA	NA	NA	NA	NA	NA
NC_045512.2	17670	T	C	45848	16023	48	5	2	36	0.000109042	45854	1	FALSE	NA	NA	NA	NA	NA	NA
NC_045512.2	17671	G	C	45617	16198	48	1	0	24	2.19192e-05	45622	1	FALSE	NA	NA	NA	NA	NA	NA
NC_045512.2	17671	G	A	45617	16198	48	4	0	36	8.7677e-05	45622	1	FALSE	NA	NA	NA	NA	NA	NA
NC_045512.2	17672	T	G	45538	16144	48	2	2	24	4.39126e-05	45545	1	FALSE	NA	NA	NA	NA	NA	NA
NC_045512.2	17672	T	C	45538	16144	48	2	0	32	4.39126e-05	45545	1	FALSE	NA	NA	NA	NA	NA	NA
NC_045512.2	17672	T	A	45538	16144	48	3	1	80	6.58689e-05	45545	0.124984	FALSE	NA	NA	NA	NA	NA	NA
NC_045512.2	17673	T	G	45607	16193	48	2	2	24	4.38491e-05	45611	1	FALSE	NA	NA	NA	NA	NA	NA
NC_045512.2	17673	T	C	45607	16193	48	2	2	24	4.38491e-05	45611	1	FALSE	NA	NA	NA	NA	NA	NA
NC_045512.2	17674	A	G	45595	16272	48	3	1	53	6.57851e-05	45603	0.124979	FALSE	NA	NA	NA	NA	NA	NA
NC_045512.2	17674	A	C	45595	16272	48	5	1	27	0.000109642	45603	1	FALSE	NA	NA	NA	NA	NA	NA
NC_045512.2	17675	T	C	45647	16231	48	6	3	48	0.000131426	45653	0.37696	FALSE	NA	NA	NA	NA	NA	NA
NC_045512.2	17676	C	T	45126	16223	48	3	2	53	6.64761e-05	45129	0.125	FALSE	NA	NA	NA	NA	NA	NA
NC_045512.2	17677	A	G	45159	16557	48	2	1	40	4.42821e-05	45165	0.890617	FALSE	NA	NA	NA	NA	NA	NA
NC_045512.2	17677	A	C	45159	16557	48	4	0	28	8.85642e-05	45165	1	FALSE	NA	NA	NA	NA	NA	NA
NC_045512.2	17678	C	T	41596	16718	45	3	1	53	7.19459e-05	41698	0.124555	FALSE	NA	NA	NA	NA	NA	NA
NC_045512.2	17678	C	A	41596	16718	45	99	0	26	0.00237421	41698	1	FALSE	NA	NA	NA	NA	NA	NA
NC_045512.2	17679	G	T	42793	16687	48	3	2	66	7.00902e-05	42802	0.124974	FALSE	NA	NA	NA	NA	NA	NA
NC_045512.2	17679	G	C	42793	16687	48	1	1	80	2.33634e-05	42802	0.499959	FALSE	NA	NA	NA	NA	NA	NA
NC_045512.2	17679	G	A	42793	16687	48	5	1	56	0.000116817	42802	0.0312409	FALSE	NA	NA	NA	NA	NA	NA
NC_045512.2	17680	C	T	42754	16600	48	2	1	60	4.67749e-05	42758	0.249991	FALSE	NA	NA	NA	NA	NA	NA
NC_045512.2	17680	C	G	42754	16600	48	1	0	40	2.33874e-05	42758	0.96875	FALSE	NA	NA	NA	NA	NA	NA
NC_045512.2	17680	C	A	42754	16600	48	1	0	24	2.33874e-05	42758	1	FALSE	NA	NA	NA	NA	NA	NA
NC_045512.2	17680	C	-A	42754	16600	48	1	0	20	2.33874e-05	42758	1	FALSE	NA	NA	NA	NA	NA	NA
NC_045512.2	17681	A	G	42813	16884	48	2	1	60	4.67071e-05	42820	0.249968	FALSE	NA	NA	NA	NA	NA	NA
NC_045512.2	17681	A	C	42813	16884	48	5	0	24	0.000116768	42820	1	FALSE	NA	NA	NA	NA	NA	NA
NC_045512.2	17682	T	G	43025	16978	48	2	0	32	4.64781e-05	43031	1	FALSE	NA	NA	NA	NA	NA	NA
NC_045512.2	17682	T	C	43025	16978	48	4	1	46	9.29562e-05	43031	0.636712	FALSE	NA	NA	NA	NA	NA	NA
NC_045512.2	17683	G	A	43010	17006	48	1	1	24	2.32499e-05	43011	1	FALSE	NA	NA	NA	NA	NA	NA
NC_045512.2	17684	A	G	42435	17866	48	10	5	56	0.000235588	42447	0.00097593	TRUE	NA	NA	NA	NA	NA	NA
NC_045512.2	17684	A	C	42435	17866	48	2	0	24	4.71176e-05	42447	1	FALSE	NA	NA	NA	NA	NA	NA
NC_045512.2	17685	T	G	40471	18461	47	1	1	24	2.4706e-05	40476	1	FALSE	NA	NA	NA	NA	NA	NA
NC_045512.2	17685	T	C	40471	18461	47	4	1	50	9.8824e-05	40476	0.0624954	FALSE	NA	NA	NA	NA	NA	NA
NC_045512.2	17686	G	T	40543	18555	47	2	0	80	4.93243e-05	40548	0.249985	FALSE	NA	NA	NA	NA	NA	NA
NC_045512.2	17686	G	A	40543	18555	47	3	0	61	7.39864e-05	40548	0.124991	FALSE	NA	NA	NA	NA	NA	NA
NC_045512.2	17687	T	G	40248	18321	47	1	1	24	2.48423e-05	40254	1	FALSE	NA	NA	NA	NA	NA	NA
NC_045512.2	17687	T	C	40248	18321	47	5	4	35	0.000124211	40254	1	FALSE	NA	NA	NA	NA	NA	NA
NC_045512.2	17688	T	G	40279	18367	47	2	2	32	4.96487e-05	40283	1	FALSE	NA	NA	NA	NA	NA	NA
NC_045512.2	17688	T	C	40279	18367	47	2	1	40	4.96487e-05	40283	0.890628	FALSE	NA	NA	NA	NA	NA	NA
NC_045512.2	17689	T	G	40614	18869	47	1	1	24	2.46202e-05	40617	1	FALSE	NA	NA	NA	NA	NA	NA
NC_045512.2	17689	T	C	40614	18869	47	2	1	40	4.92405e-05	40617	0.890634	FALSE	NA	NA	NA	NA	NA	NA
NC_045512.2	17690	C	T	39195	19456	45	1	1	40	2.55076e-05	39204	0.937482	FALSE	NA	NA	NA	NA	NA	NA
NC_045512.2	17690	C	G	39195	19456	45	4	4	28	0.00010203	39204	1	FALSE	NA	NA	NA	NA	NA	NA
NC_045512.2	17690	C	A	39195	19456	45	4	0	26	0.00010203	39204	1	FALSE	NA	NA	NA	NA	NA	NA
NC_045512.2	17691	A	G	39667	19496	47	2	2	40	5.04083e-05	39676	0.812461	FALSE	NA	NA	NA	NA	NA	NA
NC_045512.2	17691	A	C	39667	19496	47	7	0	24	0.000176429	39676	1	FALSE	NA	NA	NA	NA	NA	NA
NC_045512.2	17692	T	G	39723	19447	47	3	3	29	7.55116e-05	39729	1	FALSE	NA	NA	NA	NA	NA	NA
NC_045512.2	17692	T	C	39723	19447	47	3	1	34	7.55116e-05	39729	1	FALSE	NA	NA	NA	NA	NA	NA
NC_045512.2	17693	C	A	39606	19505	47	1	0	24	2.52481e-05	39607	1	FALSE	NA	NA	NA	NA	NA	NA
NC_045512.2	17694	T	G	39165	19103	47	5	5	25	0.000127642	39172	1	FALSE	NA	NA	NA	NA	NA	NA
NC_045512.2	17694	T	C	39165	19103	47	2	1	66	5.10569e-05	39172	0.249971	FALSE	NA	NA	NA	NA	NA	NA
NC_045512.2	17695	G	T	40017	19313	47	1	0	40	2.49869e-05	40021	0.96875	FALSE	NA	NA	NA	NA	NA	NA
NC_045512.2	17695	G	A	40017	19313	47	3	1	40	7.49606e-05	40021	0.773448	FALSE	NA	NA	NA	NA	NA	NA
NC_045512.2	17696	C	T	40651	20126	47	1	0	80	2.45978e-05	40654	0.499994	FALSE	NA	NA	NA	NA	NA	NA
NC_045512.2	17696	C	G	40651	20126	47	1	0	40	2.45978e-05	40654	0.968752	FALSE	NA	NA	NA	NA	NA	NA
NC_045512.2	17696	C	A	40651	20126	47	1	0	80	2.45978e-05	40654	0.499994	FALSE	NA	NA	NA	NA	NA	NA
NC_045512.2	17696	C	+A	40651	20126	47	1	0	20	2.45978e-05	40654	1	FALSE	NA	NA	NA	NA	NA	NA
NC_045512.2	17697	A	G	40544	20185	47	1	1	40	2.4664e-05	40545	0.968756	FALSE	NA	NA	NA	NA	NA	NA
NC_045512.2	17698	A	G	39944	20660	47	2	0	32	5.00663e-05	39947	1	FALSE	NA	NA	NA	NA	NA	NA
NC_045512.2	17698	A	C	39944	20660	47	1	1	24	2.50332e-05	39947	1	FALSE	NA	NA	NA	NA	NA	NA
NC_045512.2	17699	T	G	39878	20513	47	5	5	24	0.000125367	39883	1	FALSE	NA	NA	NA	NA	NA	NA
NC_045512.2	17700	T	G	40712	21567	47	2	2	28	4.91183e-05	40718	1	FALSE	NA	NA	NA	NA	NA	NA
NC_045512.2	17700	T	C	40712	21567	47	4	2	42	9.82367e-05	40718	0.636712	FALSE	NA	NA	NA	NA	NA	NA
NC_045512.2	17701	A	G	40721	21724	47	1	1	40	2.45549e-05	40725	0.96875	FALSE	NA	NA	NA	NA	NA	NA
NC_045512.2	17701	A	C	40721	21724	47	3	1	29	7.36648e-05	40725	1	FALSE	NA	NA	NA	NA	NA	NA
NC_045512.2	17702	A	T	40685	21697	47	1	1	40	2.45724e-05	40696	0.968737	FALSE	NA	NA	NA	NA	NA	NA
NC_045512.2	17702	A	G	40685	21697	47	6	4	37	0.000147435	40696	1	FALSE	NA	NA	NA	NA	NA	NA
NC_045512.2	17702	A	C	40685	21697	47	4	0	28	9.82898e-05	40696	1	FALSE	NA	NA	NA	NA	NA	NA
NC_045512.2	17703	C	T	40445	21806	47	3	2	34	7.41693e-05	40448	1	FALSE	NA	NA	NA	NA	NA	NA
NC_045512.2	17704	A	T	39618	21106	47	2	0	40	5.04706e-05	39627	0.812461	FALSE	NA	NA	NA	NA	NA	NA
NC_045512.2	17704	A	G	39618	21106	47	5	5	36	0.000126177	39627	1	FALSE	NA	NA	NA	NA	NA	NA
NC_045512.2	17704	A	C	39618	21106	47	2	0	32	5.04706e-05	39627	1	FALSE	NA	NA	NA	NA	NA	NA
NC_045512.2	17705	G	T	39855	21031	47	4	4	24	0.000100344	39863	1	FALSE	NA	NA	NA	NA	NA	NA
NC_045512.2	17705	G	A	39855	21031	47	4	2	36	0.000100344	39863	1	FALSE	NA	NA	NA	NA	NA	NA
NC_045512.2	17706	G	T	40386	21831	47	7	4	30	0.000173272	40399	1	FALSE	NA	NA	NA	NA	NA	NA
NC_045512.2	17706	G	C	40386	21831	47	2	1	40	4.95062e-05	40399	0.890576	FALSE	NA	NA	NA	NA	NA	NA
NC_045512.2	17706	G	A	40386	21831	47	4	0	50	9.90124e-05	40399	0.0624706	FALSE	NA	NA	NA	NA	NA	NA
NC_045512.2	17706	G	-C	40386	21831	47	1	0	20	2.47531e-05	40399	1	FALSE	NA	NA	NA	NA	NA	NA
NC_045512.2	17707	C	T	42910	25472	48	3	3	40	6.99056e-05	42915	0.773428	FALSE	NA	NA	NA	NA	NA	NA
NC_045512.2	17707	C	G	42910	25472	48	2	2	32	4.66038e-05	42915	1	FALSE	NA	NA	NA	NA	NA	NA
NC_045512.2	17708	C	T	42637	25564	48	3	1	57	7.03268e-05	42658	0.124921	FALSE	NA	NA	NA	NA	NA	NA
NC_045512.2	17708	C	G	42637	25564	48	1	0	24	2.34423e-05	42658	1	FALSE	NA	NA	NA	NA	NA	NA
NC_045512.2	17708	C	A	42637	25564	48	17	1	25	0.000398518	42658	1	FALSE	NA	NA	NA	NA	NA	NA
NC_045512.2	17709	A	C	42923	25525	48	1	0	40	2.3297e-05	42924	0.968755	FALSE	NA	NA	NA	NA	NA	NA
NC_045512.2	17710	C	T	43139	25689	48	4	3	40	9.27085e-05	43146	0.6367	FALSE	NA	NA	NA	NA	NA	NA
NC_045512.2	17710	C	A	43139	25689	48	3	0	24	6.95314e-05	43146	1	FALSE	NA	NA	NA	NA	NA	NA
NC_045512.2	17711	A	G	43447	25737	48	5	4	55	0.000115064	43454	0.0312446	FALSE	NA	NA	NA	NA	NA	NA
NC_045512.2	17711	A	C	43447	25737	48	2	0	24	4.60257e-05	43454	1	FALSE	NA	NA	NA	NA	NA	NA
NC_045512.2	17712	A	G	53689	39532	52	4	4	28	7.44934e-05	53696	1	FALSE	NA	NA	NA	NA	NA	NA
NC_045512.2	17712	A	C	53689	39532	52	3	2	37	5.58701e-05	53696	1	FALSE	NA	NA	NA	NA	NA	NA
NC_045512.2	17713	A	G	53416	40104	51	2	0	32	3.74392e-05	53420	1	FALSE	NA	NA	NA	NA	NA	NA
NC_045512.2	17713	A	C	53416	40104	51	2	0	24	3.74392e-05	53420	1	FALSE	NA	NA	NA	NA	NA	NA
NC_045512.2	17714	T	G	52925	39668	51	10	10	27	0.000188907	52936	1	FALSE	NA	NA	NA	NA	NA	NA
NC_045512.2	17714	T	C	52925	39668	51	1	1	40	1.88907e-05	52936	0.984369	FALSE	NA	NA	NA	NA	NA	NA
NC_045512.2	17715	A	G	52932	39731	51	49	40	50	0.00092486	52981	1.75756e-15	TRUE	NA	NA	NA	NA	NA	NA
NC_045512.2	17716	G	T	51666	38332	50	45	45	25	0.000870204	51712	1	FALSE	NA	NA	NA	NA	NA	NA
NC_045512.2	17716	G	A	51666	38332	50	1	0	40	1.93379e-05	51712	0.984337	FALSE	NA	NA	NA	NA	NA	NA
NC_045512.2	17717	G	T	52711	39449	51	9	9	29	0.00017071	52721	1	FALSE	NA	NA	NA	NA	NA	NA
NC_045512.2	17717	G	A	52711	39449	51	1	1	80	1.89678e-05	52721	0.499962	FALSE	NA	NA	NA	NA	NA	NA
NC_045512.2	17718	C	T	53272	40846	51	8	3	60	0.000150142	53283	0.00390464	TRUE	NA	NA	NA	NA	NA	NA
NC_045512.2	17718	C	G	53272	40846	51	1	1	24	1.87677e-05	53283	1	FALSE	NA	NA	NA	NA	NA	NA
NC_045512.2	17718	C	A	53272	40846	51	2	1	36	3.75354e-05	53283	1	FALSE	NA	NA	NA	NA	NA	NA
NC_045512.2	17719	G	T	52431	40044	50	5	5	27	9.53452e-05	52441	1	FALSE	NA	NA	NA	NA	NA	NA
NC_045512.2	17719	G	C	52431	40044	50	1	1	40	1.9069e-05	52441	0.98437	FALSE	NA	NA	NA	NA	NA	NA
NC_045512.2	17719	G	A	52431	40044	50	4	3	56	7.62762e-05	52441	0.0624845	FALSE	NA	NA	NA	NA	NA	NA
NC_045512.2	17720	T	G	52946	40588	51	2	1	32	3.77693e-05	52953	1	FALSE	NA	NA	NA	NA	NA	NA
NC_045512.2	17720	T	C	52946	40588	51	4	3	36	7.55387e-05	52953	1	FALSE	NA	NA	NA	NA	NA	NA
NC_045512.2	17720	T	A	52946	40588	51	1	1	40	1.88847e-05	52953	0.984373	FALSE	NA	NA	NA	NA	NA	NA
NC_045512.2	17720	T	-G	52946	40588	51	1	0	20	1.88847e-05	52953	1	FALSE	NA	NA	NA	NA	NA	NA
NC_045512.2	17721	G	C	53134	40803	51	3	3	48	5.64546e-05	53140	0.855459	FALSE	NA	NA	NA	NA	NA	NA
NC_045512.2	17721	G	A	53134	40803	51	3	2	53	5.64546e-05	53140	0.124986	FALSE	NA	NA	NA	NA	NA	NA
NC_045512.2	17722	G	T	52599	40250	50	11	11	25	0.000209078	52612	1	FALSE	NA	NA	NA	NA	NA	NA
NC_045512.2	17722	G	C	52599	40250	50	1	1	24	1.90071e-05	52612	1	FALSE	NA	NA	NA	NA	NA	NA
NC_045512.2	17722	G	A	52599	40250	50	1	1	80	1.90071e-05	52612	0.499948	FALSE	NA	NA	NA	NA	NA	NA
NC_045512.2	17723	T	G	53921	42275	50	5	5	25	9.27145e-05	53929	1	FALSE	NA	NA	NA	NA	NA	NA
NC_045512.2	17723	T	C	53921	42275	50	3	3	38	5.56287e-05	53929	1	FALSE	NA	NA	NA	NA	NA	NA
NC_045512.2	17724	A	G	57863	47515	52	4	1	58	6.9124e-05	57867	0.0624989	FALSE	NA	NA	NA	NA	NA	NA
NC_045512.2	17725	A	T	57700	47327	52	1	0	64	1.73283e-05	57709	0.49997	FALSE	NA	NA	NA	NA	NA	NA
NC_045512.2	17725	A	G	57700	47327	52	5	3	41	8.66416e-05	57709	0.62302	FALSE	NA	NA	NA	NA	NA	NA
NC_045512.2	17725	A	C	57700	47327	52	3	2	24	5.1985e-05	57709	1	FALSE	NA	NA	NA	NA	NA	NA
NC_045512.2	17726	G	T	57527	47089	52	4	4	24	6.95277e-05	57531	1	FALSE	NA	NA	NA	NA	NA	NA
NC_045512.2	17727	A	G	57918	47572	52	7	6	49	0.000120844	57926	0.387201	FALSE	NA	NA	NA	NA	NA	NA
NC_045512.2	17727	A	C	57918	47572	52	1	0	32	1.72634e-05	57926	1	FALSE	NA	NA	NA	NA	NA	NA
NC_045512.2	17728	G	C	57960	47596	53	1	1	40	1.7253e-05	57961	0.984378	FALSE	NA	NA	NA	NA	NA	NA
NC_045512.2	17729	A	T	57924	48016	52	1	0	24	1.7261e-05	57934	1	FALSE	NA	NA	NA	NA	NA	NA
NC_045512.2	17729	A	G	57924	48016	52	8	6	45	0.000138088	57934	0.290506	FALSE	NA	NA	NA	NA	NA	NA
NC_045512.2	17729	A	C	57924	48016	52	1	0	24	1.7261e-05	57934	1	FALSE	NA	NA	NA	NA	NA	NA
NC_045512.2	17730	A	G	57902	48066	52	2	2	52	3.45399e-05	57904	0.250002	FALSE	NA	NA	NA	NA	NA	NA
NC_045512.2	17731	T	G	57551	48036	52	2	2	28	3.47482e-05	57557	1	FALSE	NA	NA	NA	NA	NA	NA
NC_045512.2	17731	T	C	57551	48036	52	4	3	42	6.94963e-05	57557	0.746094	FALSE	NA	NA	NA	NA	NA	NA
NC_045512.2	17732	T	G	57579	48238	51	3	3	26	5.20951e-05	57587	1	FALSE	NA	NA	NA	NA	NA	NA
NC_045512.2	17732	T	C	57579	48238	51	4	3	42	6.94601e-05	57587	0.746077	FALSE	NA	NA	NA	NA	NA	NA
NC_045512.2	17732	T	A	57579	48238	51	1	1	40	1.7365e-05	57587	0.984372	FALSE	NA	NA	NA	NA	NA	NA
NC_045512.2	17733	C	T	57942	48501	52	5	4	54	8.62798e-05	57951	0.0312433	FALSE	NA	NA	NA	NA	NA	NA
NC_045512.2	17733	C	G	57942	48501	52	1	1	24	1.7256e-05	57951	1	FALSE	NA	NA	NA	NA	NA	NA
NC_045512.2	17733	C	A	57942	48501	52	3	3	40	5.17679e-05	57951	0.855449	FALSE	NA	NA	NA	NA	NA	NA
NC_045512.2	17734	C	T	57848	48473	51	2	2	52	3.45692e-05	57855	0.249981	FALSE	NA	NA	NA	NA	NA	NA
NC_045512.2	17734	C	G	57848	48473	51	4	4	30	6.91384e-05	57855	1	FALSE	NA	NA	NA	NA	NA	NA
NC_045512.2	17734	C	A	57848	48473	51	1	1	40	1.72846e-05	57855	0.984373	FALSE	NA	NA	NA	NA	NA	NA
NC_045512.2	17735	T	G	56876	47500	51	5	5	28	8.78905e-05	56889	1	FALSE	NA	NA	NA	NA	NA	NA
NC_045512.2	17735	T	C	56876	47500	51	7	6	36	0.000123047	56889	1	FALSE	NA	NA	NA	NA	NA	NA
NC_045512.2	17735	T	A	56876	47500	51	1	1	40	1.75781e-05	56889	0.984368	FALSE	NA	NA	NA	NA	NA	NA
NC_045512.2	17736	T	G	57215	47836	51	8	8	29	0.000139792	57228	1	FALSE	NA	NA	NA	NA	NA	NA
NC_045512.2	17736	T	C	57215	47836	51	5	4	43	8.73698e-05	57228	0.622977	FALSE	NA	NA	NA	NA	NA	NA
NC_045512.2	17736	T	-A	57215	47836	51	1	0	20	1.7474e-05	57228	1	FALSE	NA	NA	NA	NA	NA	NA
NC_045512.2	17737	A	G	57558	48680	51	6	6	40	0.000104228	57566	0.499976	FALSE	NA	NA	NA	NA	NA	NA
NC_045512.2	17737	A	C	57558	48680	51	2	1	36	3.47427e-05	57566	1	FALSE	NA	NA	NA	NA	NA	NA
NC_045512.2	17738	C	T	57829	49427	50	5	4	48	8.64484e-05	57838	0.62302	FALSE	NA	NA	NA	NA	NA	NA
NC_045512.2	17738	C	G	57829	49427	50	1	1	24	1.72897e-05	57838	1	FALSE	NA	NA	NA	NA	NA	NA
NC_045512.2	17738	C	A	57829	49427	50	3	2	34	5.1869e-05	57838	1	FALSE	NA	NA	NA	NA	NA	NA
NC_045512.2	17739	A	G	58086	49529	51	6	6	44	0.000103284	58092	0.500012	FALSE	NA	NA	NA	NA	NA	NA
NC_045512.2	17739	A	+CAG	58086	49529	51	1	0	20	1.72141e-05	58092	1	FALSE	NA	NA	NA	NA	NA	NA
NC_045512.2	17740	C	T	58168	49735	50	2	2	40	3.43808e-05	58172	0.937503	FALSE	NA	NA	NA	NA	NA	NA
NC_045512.2	17740	C	G	58168	49735	50	2	2	32	3.43808e-05	58172	1	FALSE	NA	NA	NA	NA	NA	NA
NC_045512.2	17741	G	T	57597	49172	50	5	5	24	8.6795e-05	57607	1	FALSE	NA	NA	NA	NA	NA	NA
NC_045512.2	17741	G	A	57597	49172	50	5	5	40	8.6795e-05	57607	0.623009	FALSE	NA	NA	NA	NA	NA	NA
NC_045512.2	17742	T	G	57174	48788	51	2	2	24	3.49767e-05	57181	1	FALSE	NA	NA	NA	NA	NA	NA
NC_045512.2	17742	T	C	57174	48788	51	4	4	36	6.99533e-05	57181	1	FALSE	NA	NA	NA	NA	NA	NA
NC_045512.2	17742	T	A	57174	48788	51	1	1	40	1.74883e-05	57181	0.984373	FALSE	NA	NA	NA	NA	NA	NA
NC_045512.2	17742	T	-A	57174	48788	51	1	0	20	1.74883e-05	57181	1	FALSE	NA	NA	NA	NA	NA	NA
NC_045512.2	17743	A	G	57347	49022	50	4	4	40	6.97435e-05	57353	0.746085	FALSE	NA	NA	NA	NA	NA	NA
NC_045512.2	17743	A	C	57347	49022	50	2	0	28	3.48718e-05	57353	1	FALSE	NA	NA	NA	NA	NA	NA
NC_045512.2	17744	A	G	57501	49095	51	1	1	80	1.73898e-05	57505	0.499991	FALSE	NA	NA	NA	NA	NA	NA
NC_045512.2	17744	A	C	57501	49095	51	3	2	34	5.21694e-05	57505	1	FALSE	NA	NA	NA	NA	NA	NA
NC_045512.2	17745	C	G	57441	49334	50	1	1	24	1.74089e-05	57442	1	FALSE	NA	NA	NA	NA	NA	NA
NC_045512.2	17747	C	T	56913	49117	50	1	1	40	1.75701e-05	56915	0.984377	FALSE	NA	NA	NA	NA	NA	NA
NC_045512.2	17747	C	A	56913	49117	50	1	1	40	1.75701e-05	56915	0.984377	FALSE	NA	NA	NA	NA	NA	NA
NC_045512.2	17748	T	G	54512	46816	50	1	1	40	1.83422e-05	54519	0.984373	FALSE	NA	NA	NA	NA	NA	NA
NC_045512.2	17748	T	C	54512	46816	50	6	4	42	0.000110053	54519	0.5	FALSE	NA	NA	NA	NA	NA	NA
NC_045512.2	17749	G	C	54795	47040	50	2	2	40	3.64977e-05	54798	0.937506	FALSE	NA	NA	NA	NA	NA	NA
NC_045512.2	17749	G	A	54795	47040	50	1	1	40	1.82488e-05	54798	0.984376	FALSE	NA	NA	NA	NA	NA	NA
NC_045512.2	17750	C	-T	54808	47550	49	2	0	20	3.6491e-05	54808	1	FALSE	NA	NA	NA	NA	NA	NA
NC_045512.2	17751	T	G	54003	46745	49	9	9	24	0.00016662	54015	1	FALSE	NA	NA	NA	NA	NA	NA
NC_045512.2	17751	T	C	54003	46745	49	3	3	44	5.55401e-05	54015	0.855417	FALSE	NA	NA	NA	NA	NA	NA
NC_045512.2	17752	T	G	54214	46953	49	4	4	28	7.37722e-05	54221	1	FALSE	NA	NA	NA	NA	NA	NA
NC_045512.2	17752	T	C	54214	46953	49	3	3	37	5.53291e-05	54221	1	FALSE	NA	NA	NA	NA	NA	NA
NC_045512.2	17753	G	T	50015	42913	46	43	43	24	0.000858986	50059	1	FALSE	NA	NA	NA	NA	NA	NA
NC_045512.2	17753	G	A	50015	42913	46	1	0	80	1.99764e-05	50059	0.49979	FALSE	NA	NA	NA	NA	NA	NA
NC_045512.2	17754	G	T	26066	18236	42	195	195	24	0.00742518	26262	0.999313	FALSE	NA	NA	NA	NA	NA	NA
NC_045512.2	17754	G	A	26066	18236	42	1	1	40	3.80778e-05	26262	0.873612	FALSE	NA	NA	NA	NA	NA	NA
NC_045512.2	17755	A	G	54384	47237	49	13	12	40	0.000238984	54397	0.0481165	FALSE	NA	NA	NA	NA	NA	NA
NC_045512.2	17756	G	T	47283	39973	42	224	224	25	0.00471509	47507	1	FALSE	NA	NA	NA	NA	NA	NA
NC_045512.2	17756	G	-A	47283	39973	42	1	0	20	2.10495e-05	47507	1	FALSE	NA	NA	NA	NA	NA	NA
NC_045512.2	17757	A	G	54352	47295	49	5	4	46	9.19845e-05	54357	0.623053	FALSE	NA	NA	NA	NA	NA	NA
NC_045512.2	17758	A	G	53796	46768	49	3	3	38	5.57621e-05	53800	1	FALSE	NA	NA	NA	NA	NA	NA
NC_045512.2	17758	A	C	53796	46768	49	1	1	32	1.85874e-05	53800	1	FALSE	NA	NA	NA	NA	NA	NA
NC_045512.2	17759	A	G	53776	46771	49	8	8	32	0.000148743	53784	1	FALSE	NA	NA	NA	NA	NA	NA
NC_045512.2	17760	A	G	53777	47045	49	6	5	38	0.000111557	53784	1	FALSE	NA	NA	NA	NA	NA	NA
NC_045512.2	17760	A	C	53777	47045	49	1	1	24	1.85929e-05	53784	1	FALSE	NA	NA	NA	NA	NA	NA
NC_045512.2	17761	G	A	53812	47129	49	1	1	40	1.85829e-05	53813	0.984378	FALSE	NA	NA	NA	NA	NA	NA
NC_045512.2	17761	G	+C	53812	47129	49	1	0	20	1.85829e-05	53813	1	FALSE	NA	NA	NA	NA	NA	NA
NC_045512.2	17762	C	G	53719	47946	47	1	1	40	1.8615e-05	53720	0.984378	FALSE	NA	NA	NA	NA	NA	NA
NC_045512.2	17763	T	G	52887	47131	48	3	3	24	5.67151e-05	52896	1	FALSE	NA	NA	NA	NA	NA	NA
NC_045512.2	17763	T	C	52887	47131	48	5	5	36	9.45251e-05	52896	1	FALSE	NA	NA	NA	NA	NA	NA
NC_045512.2	17763	T	A	52887	47131	48	1	1	40	1.8905e-05	52896	0.984371	FALSE	NA	NA	NA	NA	NA	NA
NC_045512.2	17764	G	T	52870	47110	47	2	2	52	3.78236e-05	52877	0.249979	FALSE	NA	NA	NA	NA	NA	NA
NC_045512.2	17764	G	C	52870	47110	47	1	1	40	1.89118e-05	52877	0.984373	FALSE	NA	NA	NA	NA	NA	NA
NC_045512.2	17764	G	A	52870	47110	47	4	2	52	7.56473e-05	52877	0.0624917	FALSE	NA	NA	NA	NA	NA	NA
NC_045512.2	17765	T	G	52798	47043	47	2	2	32	3.78752e-05	52805	1	FALSE	NA	NA	NA	NA	NA	NA
NC_045512.2	17765	T	C	52798	47043	47	5	4	33	9.4688e-05	52805	1	FALSE	NA	NA	NA	NA	NA	NA
NC_045512.2	17766	C	T	52948	47191	48	3	3	40	5.66562e-05	52951	0.855484	FALSE	NA	NA	NA	NA	NA	NA
NC_045512.2	17767	T	G	52803	47055	48	3	3	29	5.6802e-05	52815	1	FALSE	NA	NA	NA	NA	NA	NA
NC_045512.2	17767	T	C	52803	47055	48	8	6	48	0.000151472	52815	0.29048	FALSE	NA	NA	NA	NA	NA	NA
NC_045512.2	17767	T	A	52803	47055	48	1	1	40	1.8934e-05	52815	0.984368	FALSE	NA	NA	NA	NA	NA	NA
NC_045512.2	17768	T	G	52663	46913	47	4	4	28	7.59474e-05	52668	1	FALSE	NA	NA	NA	NA	NA	NA
NC_045512.2	17768	T	C	52663	46913	47	1	1	24	1.89869e-05	52668	1	FALSE	NA	NA	NA	NA	NA	NA
NC_045512.2	17769	T	G	52717	46968	48	4	4	28	7.58697e-05	52722	1	FALSE	NA	NA	NA	NA	NA	NA
NC_045512.2	17769	T	C	52717	46968	48	1	1	40	1.89674e-05	52722	0.984375	FALSE	NA	NA	NA	NA	NA	NA
NC_045512.2	17770	A	C	52799	47072	48	1	1	24	1.89394e-05	52800	1	FALSE	NA	NA	NA	NA	NA	NA
NC_045512.2	17771	T	G	52568	46823	48	10	10	27	0.000190168	52585	1	FALSE	NA	NA	NA	NA	NA	NA
NC_045512.2	17771	T	C	52568	46823	48	7	4	42	0.000133118	52585	0.387085	FALSE	NA	NA	NA	NA	NA	NA
NC_045512.2	17772	T	G	52353	46617	47	10	10	25	0.000190953	52369	1	FALSE	NA	NA	NA	NA	NA	NA
NC_045512.2	17772	T	C	52353	46617	47	6	3	61	0.000114572	52369	0.0156147	FALSE	NA	NA	NA	NA	NA	NA
NC_045512.2	17773	T	G	51907	46200	48	5	5	30	9.6315e-05	51913	1	FALSE	NA	NA	NA	NA	NA	NA
NC_045512.2	17773	T	C	51907	46200	48	1	1	40	1.9263e-05	51913	0.984374	FALSE	NA	NA	NA	NA	NA	NA
NC_045512.2	17774	C	T	52070	46467	47	1	1	40	1.92023e-05	52077	0.984373	FALSE	NA	NA	NA	NA	NA	NA
NC_045512.2	17774	C	G	52070	46467	47	1	1	40	1.92023e-05	52077	0.984373	FALSE	NA	NA	NA	NA	NA	NA
NC_045512.2	17774	C	A	52070	46467	47	5	1	40	9.60117e-05	52077	0.623041	FALSE	NA	NA	NA	NA	NA	NA
NC_045512.2	17775	A	G	51906	46300	48	7	7	40	0.000134838	51914	0.387201	FALSE	NA	NA	NA	NA	NA	NA
NC_045512.2	17775	A	C	51906	46300	48	1	1	24	1.92626e-05	51914	1	FALSE	NA	NA	NA	NA	NA	NA
NC_045512.2	17776	C	A	51808	46769	46	1	1	40	1.93017e-05	51809	0.984378	FALSE	NA	NA	NA	NA	NA	NA
NC_045512.2	17777	C	A	51578	46505	47	3	3	66	5.8161e-05	51581	0.125	FALSE	NA	NA	NA	NA	NA	NA
NC_045512.2	17778	T	G	51128	46062	47	7	7	28	0.000136868	51144	1	FALSE	NA	NA	NA	NA	NA	NA
NC_045512.2	17778	T	C	51128	46062	47	8	7	47	0.000156421	51144	0.290429	FALSE	NA	NA	NA	NA	NA	NA
NC_045512.2	17778	T	A	51128	46062	47	1	0	64	1.95526e-05	51144	0.499932	FALSE	NA	NA	NA	NA	NA	NA
NC_045512.2	17779	T	G	51166	46097	47	4	4	24	7.81464e-05	51186	1	FALSE	NA	NA	NA	NA	NA	NA
NC_045512.2	17779	T	C	51166	46097	47	16	16	38	0.000312585	51186	0.999997	FALSE	NA	NA	NA	NA	NA	NA
NC_045512.2	17780	A	C	51404	46369	47	2	2	40	3.8906e-05	51406	0.93751	FALSE	NA	NA	NA	NA	NA	NA
NC_045512.2	17781	T	G	51093	46043	47	7	7	24	0.000136978	51103	1	FALSE	NA	NA	NA	NA	NA	NA
NC_045512.2	17781	T	C	51093	46043	47	3	3	40	5.8705e-05	51103	0.85544	FALSE	NA	NA	NA	NA	NA	NA
NC_045512.2	17782	A	G	51359	46629	46	4	4	32	7.7874e-05	51365	1	FALSE	NA	NA	NA	NA	NA	NA
NC_045512.2	17782	A	C	51359	46629	46	2	1	32	3.8937e-05	51365	1	FALSE	NA	NA	NA	NA	NA	NA
NC_045512.2	17783	A	T	51330	46608	46	1	1	24	1.94799e-05	51335	1	FALSE	NA	NA	NA	NA	NA	NA
NC_045512.2	17783	A	G	51330	46608	46	4	4	36	7.79195e-05	51335	1	FALSE	NA	NA	NA	NA	NA	NA
NC_045512.2	17784	T	G	50853	46132	46	6	6	24	0.000117971	50860	1	FALSE	NA	NA	NA	NA	NA	NA
NC_045512.2	17784	T	C	50853	46132	46	1	1	64	1.96618e-05	50860	0.499975	FALSE	NA	NA	NA	NA	NA	NA
NC_045512.2	17785	T	G	50135	45493	46	6	6	29	0.000119655	50144	1	FALSE	NA	NA	NA	NA	NA	NA
NC_045512.2	17785	T	C	50135	45493	46	3	2	38	5.98277e-05	50144	1	FALSE	NA	NA	NA	NA	NA	NA
NC_045512.2	17786	C	T	50396	46034	46	2	1	60	3.96825e-05	50400	0.249993	FALSE	NA	NA	NA	NA	NA	NA
NC_045512.2	17786	C	G	50396	46034	46	2	2	40	3.96825e-05	50400	0.937503	FALSE	NA	NA	NA	NA	NA	NA
NC_045512.2	17787	A	G	50062	45734	46	8	8	32	0.00015976	50075	1	FALSE	NA	NA	NA	NA	NA	NA
NC_045512.2	17787	A	C	50062	45734	46	5	3	32	9.98502e-05	50075	1	FALSE	NA	NA	NA	NA	NA	NA
NC_045512.2	17788	C	T	50088	45744	46	2	2	40	3.99273e-05	50091	0.937507	FALSE	NA	NA	NA	NA	NA	NA
NC_045512.2	17788	C	A	50088	45744	46	1	0	32	1.99637e-05	50091	1	FALSE	NA	NA	NA	NA	NA	NA
NC_045512.2	17789	A	G	49698	45382	46	13	13	35	0.000261496	49714	0.999999	FALSE	NA	NA	NA	NA	NA	NA
NC_045512.2	17789	A	C	49698	45382	46	3	3	34	6.03452e-05	49714	1	FALSE	NA	NA	NA	NA	NA	NA
NC_045512.2	17790	G	C	49747	45421	46	1	1	80	2.01009e-05	49749	0.5	FALSE	NA	NA	NA	NA	NA	NA
NC_045512.2	17790	G	A	49747	45421	46	1	1	24	2.01009e-05	49749	1	FALSE	NA	NA	NA	NA	NA	NA
NC_045512.2	17790	G	-A	49747	45421	46	1	0	20	2.01009e-05	49749	1	FALSE	NA	NA	NA	NA	NA	NA
NC_045512.2	17791	A	T	49669	45351	46	1	1	40	2.01313e-05	49674	0.968747	FALSE	NA	NA	NA	NA	NA	NA
NC_045512.2	17791	A	G	49669	45351	46	3	3	40	6.03938e-05	49674	0.773429	FALSE	NA	NA	NA	NA	NA	NA
NC_045512.2	17791	A	C	49669	45351	46	1	1	40	2.01313e-05	49674	0.968747	FALSE	NA	NA	NA	NA	NA	NA
NC_045512.2	17792	A	G	49552	45611	45	4	4	28	8.07151e-05	49557	1	FALSE	NA	NA	NA	NA	NA	NA
NC_045512.2	17792	A	C	49552	45611	45	1	1	40	2.01788e-05	49557	0.968748	FALSE	NA	NA	NA	NA	NA	NA
NC_045512.2	17793	T	G	49457	45506	45	3	3	24	6.06538e-05	49461	1	FALSE	NA	NA	NA	NA	NA	NA
NC_045512.2	17793	T	C	49457	45506	45	1	1	40	2.02179e-05	49461	0.96875	FALSE	NA	NA	NA	NA	NA	NA
NC_045512.2	17794	G	T	49531	45587	45	1	1	24	2.01886e-05	49533	1	FALSE	NA	NA	NA	NA	NA	NA
NC_045512.2	17794	G	C	49531	45587	45	1	1	40	2.01886e-05	49533	0.968753	FALSE	NA	NA	NA	NA	NA	NA
NC_045512.2	17795	C	T	49466	45677	45	8	8	40	0.000161695	49476	0.193823	FALSE	NA	NA	NA	NA	NA	NA
NC_045512.2	17795	C	G	49466	45677	45	1	1	40	2.02118e-05	49476	0.968741	FALSE	NA	NA	NA	NA	NA	NA
NC_045512.2	17795	C	A	49466	45677	45	1	1	40	2.02118e-05	49476	0.968741	FALSE	NA	NA	NA	NA	NA	NA
NC_045512.2	17796	T	G	48776	45000	45	11	11	25	0.000225456	48790	1	FALSE	NA	NA	NA	NA	NA	NA
NC_045512.2	17796	T	C	48776	45000	45	3	3	34	6.1488e-05	48790	1	FALSE	NA	NA	NA	NA	NA	NA
NC_045512.2	17797	G	T	47905	44121	43	17	17	25	0.000354684	47930	1	FALSE	NA	NA	NA	NA	NA	NA
NC_045512.2	17797	G	C	47905	44121	43	1	1	40	2.08638e-05	47930	0.968716	FALSE	NA	NA	NA	NA	NA	NA
NC_045512.2	17797	G	A	47905	44121	43	7	6	60	0.000146046	47930	0.00780109	TRUE	NA	NA	NA	NA	NA	NA
NC_045512.2	17798	T	G	48692	44916	45	11	11	27	0.00022585	48705	1	FALSE	NA	NA	NA	NA	NA	NA
NC_045512.2	17798	T	C	48692	44916	45	2	2	32	4.10635e-05	48705	1	FALSE	NA	NA	NA	NA	NA	NA
NC_045512.2	17799	A	G	48018	44304	45	7	7	47	0.000145754	48026	0.274402	FALSE	NA	NA	NA	NA	NA	NA
NC_045512.2	17799	A	C	48018	44304	45	1	0	32	2.08221e-05	48026	1	FALSE	NA	NA	NA	NA	NA	NA
NC_045512.2	17800	G	T	48065	44351	45	1	1	40	2.08034e-05	48069	0.96875	FALSE	NA	NA	NA	NA	NA	NA
NC_045512.2	17800	G	A	48065	44351	45	3	3	40	6.24103e-05	48069	0.773446	FALSE	NA	NA	NA	NA	NA	NA
NC_045512.2	17801	C	T	46596	42950	45	1	1	40	2.14601e-05	46598	0.968753	FALSE	NA	NA	NA	NA	NA	NA
NC_045512.2	17801	C	A	46596	42950	45	1	1	40	2.14601e-05	46598	0.968753	FALSE	NA	NA	NA	NA	NA	NA
NC_045512.2	17802	C	T	46568	42954	45	3	3	40	6.44136e-05	46574	0.773429	FALSE	NA	NA	NA	NA	NA	NA
NC_045512.2	17802	C	G	46568	42954	45	2	2	24	4.29424e-05	46574	1	FALSE	NA	NA	NA	NA	NA	NA
NC_045512.2	17802	C	A	46568	42954	45	1	1	24	2.14712e-05	46574	1	FALSE	NA	NA	NA	NA	NA	NA
NC_045512.2	17803	T	G	44590	41015	45	7	7	33	0.000156933	44605	1	FALSE	NA	NA	NA	NA	NA	NA
NC_045512.2	17803	T	C	44590	41015	45	8	7	41	0.000179352	44605	0.193766	FALSE	NA	NA	NA	NA	NA	NA
NC_045512.2	17804	C	T	44725	41297	44	1	1	40	2.23569e-05	44729	0.96875	FALSE	NA	NA	NA	NA	NA	NA
NC_045512.2	17804	C	A	44725	41297	44	3	1	32	6.70706e-05	44729	1	FALSE	NA	NA	NA	NA	NA	NA
NC_045512.2	17805	A	G	44853	41292	45	6	6	36	0.000133752	44859	1	FALSE	NA	NA	NA	NA	NA	NA
NC_045512.2	17806	A	G	44838	41285	45	1	1	24	2.2302e-05	44839	1	FALSE	NA	NA	NA	NA	NA	NA
NC_045512.2	17807	A	G	44825	41281	45	6	6	40	0.000133836	44831	0.37696	FALSE	NA	NA	NA	NA	NA	NA
NC_045512.2	17809	A	G	44579	41166	45	1	1	24	2.24316e-05	44580	1	FALSE	NA	NA	NA	NA	NA	NA
NC_045512.2	17809	A	-T	44579	41166	45	2	0	20	4.48632e-05	44580	1	FALSE	NA	NA	NA	NA	NA	NA
NC_045512.2	17810	T	G	44187	40780	45	3	3	29	6.78825e-05	44194	1	FALSE	NA	NA	NA	NA	NA	NA
NC_045512.2	17810	T	C	44187	40780	45	4	4	32	9.051e-05	44194	1	FALSE	NA	NA	NA	NA	NA	NA
NC_045512.2	17811	T	G	44018	40619	45	4	4	24	9.08616e-05	44023	1	FALSE	NA	NA	NA	NA	NA	NA
NC_045512.2	17811	T	C	44018	40619	45	1	1	24	2.27154e-05	44023	1	FALSE	NA	NA	NA	NA	NA	NA
NC_045512.2	17812	T	G	43951	40778	45	13	13	24	0.000295649	43971	1	FALSE	NA	NA	NA	NA	NA	NA
NC_045512.2	17812	T	C	43951	40778	45	7	7	45	0.000159196	43971	0.274247	FALSE	NA	NA	NA	NA	NA	NA
NC_045512.2	17813	T	G	43950	40786	45	32	30	42	0.000727455	43989	9.64724e-07	TRUE	NA	NA	NA	NA	NA	NA
NC_045512.2	17813	T	C	43950	40786	45	7	6	48	0.000159131	43989	0.274004	FALSE	NA	NA	NA	NA	NA	NA
NC_045512.2	17814	G	T	39203	36045	38	192	192	25	0.00487359	39396	1	FALSE	NA	NA	NA	NA	NA	NA
NC_045512.2	17814	G	A	39203	36045	38	1	1	40	2.53833e-05	39396	0.936895	FALSE	NA	NA	NA	NA	NA	NA
NC_045512.2	17815	G	T	44193	41077	45	8	8	26	0.000180963	44208	1	FALSE	NA	NA	NA	NA	NA	NA
NC_045512.2	17815	G	A	44193	41077	45	7	7	40	0.000158342	44208	0.274312	FALSE	NA	NA	NA	NA	NA	NA
NC_045512.2	17816	G	T	44150	41035	45	1	1	24	2.26485e-05	44153	1	FALSE	NA	NA	NA	NA	NA	NA
NC_045512.2	17816	G	C	44150	41035	45	1	1	40	2.26485e-05	44153	0.968752	FALSE	NA	NA	NA	NA	NA	NA
NC_045512.2	17816	G	A	44150	41035	45	1	1	40	2.26485e-05	44153	0.968752	FALSE	NA	NA	NA	NA	NA	NA
NC_045512.2	17817	A	G	43505	40440	45	4	3	35	9.1935e-05	43509	1	FALSE	NA	NA	NA	NA	NA	NA
NC_045512.2	17818	C	T	43307	40862	44	1	1	40	2.30894e-05	43310	0.968752	FALSE	NA	NA	NA	NA	NA	NA
NC_045512.2	17818	C	G	43307	40862	44	1	1	24	2.30894e-05	43310	1	FALSE	NA	NA	NA	NA	NA	NA
NC_045512.2	17818	C	A	43307	40862	44	1	1	24	2.30894e-05	43310	1	FALSE	NA	NA	NA	NA	NA	NA
NC_045512.2	17819	T	G	42573	40132	41	12	12	26	0.000281783	42586	1	FALSE	NA	NA	NA	NA	NA	NA
NC_045512.2	17819	T	C	42573	40132	41	1	1	80	2.34819e-05	42586	0.499935	FALSE	NA	NA	NA	NA	NA	NA
NC_045512.2	17820	A	G	43222	40785	44	3	3	34	6.94043e-05	43225	1	FALSE	NA	NA	NA	NA	NA	NA
NC_045512.2	17820	A	-C	43222	40785	44	4	0	20	9.2539e-05	43225	1	FALSE	NA	NA	NA	NA	NA	NA
NC_045512.2	17821	C	G	43105	40742	43	2	2	24	4.63951e-05	43108	1	FALSE	NA	NA	NA	NA	NA	NA
NC_045512.2	17821	C	A	43105	40742	43	1	1	40	2.31976e-05	43108	0.968743	FALSE	NA	NA	NA	NA	NA	NA
NC_045512.2	17822	C	G	43109	40754	43	1	1	40	2.31943e-05	43114	0.968748	FALSE	NA	NA	NA	NA	NA	NA
NC_045512.2	17822	C	A	43109	40754	43	4	3	36	9.27773e-05	43114	1	FALSE	NA	NA	NA	NA	NA	NA
NC_045512.2	17822	C	-A	43109	40754	43	1	0	20	2.31943e-05	43114	1	FALSE	NA	NA	NA	NA	NA	NA
NC_045512.2	17823	A	G	43087	40741	43	6	6	37	0.000139234	43093	1	FALSE	NA	NA	NA	NA	NA	NA
NC_045512.2	17824	A	G	42988	40662	43	5	5	36	0.000116298	42993	1	FALSE	NA	NA	NA	NA	NA	NA
NC_045512.2	17825	C	T	42928	40618	43	1	1	40	2.32943e-05	42929	0.968755	FALSE	NA	NA	NA	NA	NA	NA
NC_045512.2	17826	T	G	42650	40340	43	14	14	25	0.000328092	42671	1	FALSE	NA	NA	NA	NA	NA	NA
NC_045512.2	17826	T	C	42650	40340	43	6	6	37	0.000140611	42671	1	FALSE	NA	NA	NA	NA	NA	NA
NC_045512.2	17826	T	A	42650	40340	43	1	1	40	2.34351e-05	42671	0.968719	FALSE	NA	NA	NA	NA	NA	NA
NC_045512.2	17827	C	T	42742	40456	43	1	1	24	2.33956e-05	42743	1	FALSE	NA	NA	NA	NA	NA	NA
NC_045512.2	17828	A	G	42116	39850	43	9	8	40	0.000213645	42126	0.133404	FALSE	NA	NA	NA	NA	NA	NA
NC_045512.2	17828	A	C	42116	39850	43	1	1	24	2.37383e-05	42126	1	FALSE	NA	NA	NA	NA	NA	NA
NC_045512.2	17829	A	G	42084	39928	43	7	7	33	0.000166306	42091	1	FALSE	NA	NA	NA	NA	NA	NA
NC_045512.2	17830	A	G	42010	39865	43	4	4	36	9.52064e-05	42014	1	FALSE	NA	NA	NA	NA	NA	NA
NC_045512.2	17831	C	T	42055	40058	43	2	2	32	4.75522e-05	42059	1	FALSE	NA	NA	NA	NA	NA	NA
NC_045512.2	17831	C	G	42055	40058	43	1	1	40	2.37761e-05	42059	0.96875	FALSE	NA	NA	NA	NA	NA	NA
NC_045512.2	17831	C	A	42055	40058	43	1	1	40	2.37761e-05	42059	0.96875	FALSE	NA	NA	NA	NA	NA	NA
NC_045512.2	17832	T	G	41516	39532	43	6	6	28	0.000144484	41527	1	FALSE	NA	NA	NA	NA	NA	NA
NC_045512.2	17832	T	C	41516	39532	43	5	5	40	0.000120404	41527	0.499926	FALSE	NA	NA	NA	NA	NA	NA
NC_045512.2	17833	G	T	40788	38793	42	8	7	25	0.00019603	40810	1	FALSE	NA	NA	NA	NA	NA	NA
NC_045512.2	17833	G	C	40788	38793	42	11	11	34	0.000269542	40810	0.999993	FALSE	NA	NA	NA	NA	NA	NA
NC_045512.2	17833	G	A	40788	38793	42	3	3	40	7.35114e-05	40810	0.773267	FALSE	NA	NA	NA	NA	NA	NA
NC_045512.2	17833	G	-T	40788	38793	42	1	0	20	2.45038e-05	40810	1	FALSE	NA	NA	NA	NA	NA	NA
NC_045512.2	17834	T	G	40491	38543	43	7	7	26	0.00017284	40500	1	FALSE	NA	NA	NA	NA	NA	NA
NC_045512.2	17834	T	C	40491	38543	43	2	1	80	4.93827e-05	40500	0.249954	FALSE	NA	NA	NA	NA	NA	NA
NC_045512.2	17835	T	G	40486	38539	43	5	5	24	0.000123475	40494	1	FALSE	NA	NA	NA	NA	NA	NA
NC_045512.2	17835	T	C	40486	38539	43	3	3	53	7.4085e-05	40494	0.124977	FALSE	NA	NA	NA	NA	NA	NA
NC_045512.2	17837	A	T	40642	38764	43	2	1	60	4.91993e-05	40651	0.24996	FALSE	NA	NA	NA	NA	NA	NA
NC_045512.2	17837	A	G	40642	38764	43	5	5	36	0.000122998	40651	1	FALSE	NA	NA	NA	NA	NA	NA
NC_045512.2	17837	A	C	40642	38764	43	2	2	24	4.91993e-05	40651	1	FALSE	NA	NA	NA	NA	NA	NA
NC_045512.2	17838	T	G	40358	38477	43	6	6	24	0.000148636	40367	1	FALSE	NA	NA	NA	NA	NA	NA
NC_045512.2	17838	T	C	40358	38477	43	3	3	40	7.43181e-05	40367	0.773397	FALSE	NA	NA	NA	NA	NA	NA
NC_045512.2	17839	T	G	40370	38495	43	3	3	29	7.4296e-05	40379	1	FALSE	NA	NA	NA	NA	NA	NA
NC_045512.2	17839	T	C	40370	38495	43	6	5	35	0.000148592	40379	1	FALSE	NA	NA	NA	NA	NA	NA
NC_045512.2	17840	C	T	39777	37943	43	5	5	40	0.000125682	39783	0.363274	FALSE	NA	NA	NA	NA	NA	NA
NC_045512.2	17840	C	G	39777	37943	43	1	1	40	2.51364e-05	39783	0.937492	FALSE	NA	NA	NA	NA	NA	NA
NC_045512.2	17841	A	T	39578	37761	43	1	1	40	2.52646e-05	39581	0.937502	FALSE	NA	NA	NA	NA	NA	NA
NC_045512.2	17841	A	G	39578	37761	43	2	1	60	5.05293e-05	39581	0.249997	FALSE	NA	NA	NA	NA	NA	NA
NC_045512.2	17842	T	G	39257	37441	43	2	2	24	5.09359e-05	39265	1	FALSE	NA	NA	NA	NA	NA	NA
NC_045512.2	17842	T	C	39257	37441	43	6	6	34	0.000152808	39265	1	FALSE	NA	NA	NA	NA	NA	NA
NC_045512.2	17843	C	T	41793	37658	43	2	2	32	4.78423e-05	41804	1	FALSE	NA	NA	NA	NA	NA	NA
NC_045512.2	17843	C	G	41793	37658	43	8	8	33	0.000191369	41804	1	FALSE	NA	NA	NA	NA	NA	NA
NC_045512.2	17843	C	A	41793	37658	43	1	1	40	2.39212e-05	41804	0.968737	FALSE	NA	NA	NA	NA	NA	NA
NC_045512.2	17844	A	G	41744	37634	43	15	13	33	0.000359127	41768	0.999883	FALSE	NA	NA	NA	NA	NA	NA
NC_045512.2	17844	A	C	41744	37634	43	9	7	29	0.000215476	41768	1	FALSE	NA	NA	NA	NA	NA	NA
NC_045512.2	17845	C	T	41236	37864	41	4	4	32	9.69509e-05	41258	1	FALSE	NA	NA	NA	NA	NA	NA
NC_045512.2	17845	C	G	41236	37864	41	4	4	40	9.69509e-05	41258	0.6365	FALSE	NA	NA	NA	NA	NA	NA
NC_045512.2	17845	C	A	41236	37864	41	14	0	27	0.000339328	41258	1	FALSE	NA	NA	NA	NA	NA	NA
NC_045512.2	17846	A	T	40584	36855	42	1	1	40	2.46336e-05	40595	0.968737	FALSE	NA	NA	NA	NA	NA	NA
NC_045512.2	17846	A	G	40584	36855	42	9	8	29	0.000221702	40595	1	FALSE	NA	NA	NA	NA	NA	NA
NC_045512.2	17846	A	C	40584	36855	42	1	1	40	2.46336e-05	40595	0.968737	FALSE	NA	NA	NA	NA	NA	NA
NC_045512.2	17846	A	-G	40584	36855	42	1	0	20	2.46336e-05	40595	1	FALSE	NA	NA	NA	NA	NA	NA
NC_045512.2	17847	G	A	40907	36940	42	1	0	80	2.44451e-05	40908	0.5	FALSE	NA	NA	NA	NA	NA	NA
NC_045512.2	17848	G	T	40516	36531	41	3	3	24	7.40393e-05	40519	1	FALSE	NA	NA	NA	NA	NA	NA
NC_045512.2	17849	G	T	41182	36210	41	3	3	40	7.27926e-05	41213	0.773179	FALSE	NA	NA	NA	NA	NA	NA
NC_045512.2	17849	G	C	41182	36210	41	20	20	33	0.000485284	41213	0.997779	FALSE	NA	NA	NA	NA	NA	NA
NC_045512.2	17849	G	A	41182	36210	41	8	8	26	0.000194114	41213	1	FALSE	NA	NA	NA	NA	NA	NA
NC_045512.2	17850	C	T	41386	36460	42	1	1	40	2.41622e-05	41387	0.968756	FALSE	NA	NA	NA	NA	NA	NA
NC_045512.2	17851	T	G	39642	34721	41	32	32	29	0.00080635	39685	1	FALSE	NA	NA	NA	NA	NA	NA
NC_045512.2	17851	T	C	39642	34721	41	11	11	28	0.000277183	39685	1	FALSE	NA	NA	NA	NA	NA	NA
NC_045512.2	17852	C	T	40033	35078	42	1	0	40	2.49775e-05	40036	0.968752	FALSE	NA	NA	NA	NA	NA	NA
NC_045512.2	17852	C	A	40033	35078	42	2	2	40	4.9955e-05	40036	0.890634	FALSE	NA	NA	NA	NA	NA	NA
NC_045512.2	17853	A	G	40015	35092	42	14	14	28	0.000349711	40033	1	FALSE	NA	NA	NA	NA	NA	NA
NC_045512.2	17853	A	C	40015	35092	42	4	2	34	9.99176e-05	40033	1	FALSE	NA	NA	NA	NA	NA	NA
NC_045512.2	17854	G	T	43627	35232	42	1	1	24	2.29195e-05	43631	1	FALSE	NA	NA	NA	NA	NA	NA
NC_045512.2	17854	G	C	43627	35232	42	3	1	34	6.87585e-05	43631	1	FALSE	NA	NA	NA	NA	NA	NA
NC_045512.2	17855	A	G	43462	35147	42	7	5	33	0.000161016	43474	1	FALSE	NA	NA	NA	NA	NA	NA
NC_045512.2	17855	A	C	43462	35147	42	5	0	27	0.000115011	43474	1	FALSE	NA	NA	NA	NA	NA	NA
NC_045512.2	17856	A	G	42639	34368	41	11	9	33	0.000257895	42653	0.999997	FALSE	NA	NA	NA	NA	NA	NA
NC_045512.2	17856	A	C	42639	34368	41	3	0	24	7.0335e-05	42653	1	FALSE	NA	NA	NA	NA	NA	NA
NC_045512.2	17858	A	C	7448	320	40	2	0	24	0.000268456	7450	1	FALSE	NA	NA	NA	NA	NA	NA
NC_045512.2	17860	G	C	7662	329	41	3	0	29	0.000391389	7665	1	FALSE	NA	NA	NA	NA	NA	NA
NC_045512.2	17861	A	G	7701	350	40	1	0	40	0.000129836	7702	0.500032	FALSE	NA	NA	NA	NA	NA	NA
NC_045512.2	17862	C	G	7593	350	39	2	0	40	0.000263296	7596	0.249984	FALSE	NA	NA	NA	NA	NA	NA
NC_045512.2	17862	C	A	7593	350	39	1	0	40	0.000131648	7596	0.499967	FALSE	NA	NA	NA	NA	NA	NA
NC_045512.2	17863	T	G	7761	347	41	2	1	40	0.000257566	7765	0.249952	FALSE	NA	NA	NA	NA	NA	NA
NC_045512.2	17863	T	C	7761	347	41	1	0	40	0.000128783	7765	0.499936	FALSE	NA	NA	NA	NA	NA	NA
NC_045512.2	17863	T	A	7761	347	41	1	0	40	0.000128783	7765	0.499936	FALSE	NA	NA	NA	NA	NA	NA
NC_045512.2	17864	A	T	7985	355	41	1	0	40	0.000125156	7990	0.499906	FALSE	NA	NA	NA	NA	NA	NA
NC_045512.2	17864	A	C	7985	355	41	4	0	24	0.000500626	7990	1	FALSE	NA	NA	NA	NA	NA	NA
NC_045512.2	17865	T	G	8022	354	41	4	0	32	0.00049776	8036	0.926806	FALSE	NA	NA	NA	NA	NA	NA
NC_045512.2	17865	T	C	8022	354	41	9	0	34	0.00111996	8036	0.499584	FALSE	NA	NA	NA	NA	NA	NA
NC_045512.2	17865	T	A	8022	354	41	1	0	40	0.00012444	8036	0.499626	FALSE	NA	NA	NA	NA	NA	NA
NC_045512.2	17866	G	C	8775	365	41	2	0	32	0.000227842	8778	0.989275	FALSE	NA	NA	NA	NA	NA	NA
NC_045512.2	17866	G	A	8775	365	41	1	0	24	0.000113921	8778	1	FALSE	NA	NA	NA	NA	NA	NA
NC_045512.2	17867	T	G	8725	368	41	5	0	30	0.000572148	8739	0.866307	FALSE	NA	NA	NA	NA	NA	NA
NC_045512.2	17867	T	C	8725	368	41	9	0	32	0.00102987	8739	0.499618	FALSE	NA	NA	NA	NA	NA	NA
NC_045512.2	17868	C	T	8793	367	40	1	0	40	0.000113714	8794	0.500028	FALSE	NA	NA	NA	NA	NA	NA
NC_045512.2	17869	A	G	8778	370	41	2	0	24	0.000227764	8781	1	FALSE	NA	NA	NA	NA	NA	NA
NC_045512.2	17869	A	C	8778	370	41	1	0	24	0.000113882	8781	1	FALSE	NA	NA	NA	NA	NA	NA
NC_045512.2	17870	T	C	8942	368	41	1	0	40	0.000111807	8944	0.5	FALSE	NA	NA	NA	NA	NA	NA
NC_045512.2	17870	T	A	8942	368	41	1	0	40	0.000111807	8944	0.5	FALSE	NA	NA	NA	NA	NA	NA
NC_045512.2	17871	A	C	8889	380	41	1	0	40	0.000112486	8890	0.500028	FALSE	NA	NA	NA	NA	NA	NA
NC_045512.2	17871	A	-T	8889	380	41	3	0	20	0.000337458	8890	1	FALSE	NA	NA	NA	NA	NA	NA
NC_045512.2	17872	T	C	8918	380	41	2	0	40	0.000224215	8920	0.24993	FALSE	NA	NA	NA	NA	NA	NA
NC_045512.2	17873	T	C	8945	396	41	1	0	40	0.000111782	8946	0.500028	FALSE	NA	NA	NA	NA	NA	NA
NC_045512.2	17874	C	T	9026	404	41	1	0	24	0.000110779	9027	1	FALSE	NA	NA	NA	NA	NA	NA
NC_045512.2	17875	A	G	9024	418	41	1	0	40	0.000110742	9030	0.499889	FALSE	NA	NA	NA	NA	NA	NA
NC_045512.2	17875	A	C	9024	418	41	5	0	24	0.00055371	9030	1	FALSE	NA	NA	NA	NA	NA	NA
NC_045512.2	17876	C	A	9089	423	41	1	0	40	0.000110011	9090	0.500028	FALSE	NA	NA	NA	NA	NA	NA
NC_045512.2	17877	T	G	9144	423	41	1	0	40	0.000109337	9146	0.5	FALSE	NA	NA	NA	NA	NA	NA
NC_045512.2	17877	T	C	9144	423	41	1	0	40	0.000109337	9146	0.5	FALSE	NA	NA	NA	NA	NA	NA
NC_045512.2	17878	C	G	9137	443	41	1	0	24	0.000109433	9138	1	FALSE	NA	NA	NA	NA	NA	NA
NC_045512.2	17879	A	C	9064	449	41	5	0	33	0.000551329	9069	0.910335	FALSE	NA	NA	NA	NA	NA	NA
NC_045512.2	17880	A	C	9075	452	41	3	0	24	0.000330469	9078	1	FALSE	NA	NA	NA	NA	NA	NA
NC_045512.2	17881	A	C	9079	452	41	1	0	24	0.000110132	9080	1	FALSE	NA	NA	NA	NA	NA	NA
NC_045512.2	17882	C	T	9351	470	42	1	0	40	0.000106929	9352	0.500027	FALSE	NA	NA	NA	NA	NA	NA
NC_045512.2	17883	C	G	9498	481	42	3	0	34	0.000315756	9501	0.980751	FALSE	NA	NA	NA	NA	NA	NA
NC_045512.2	17884	A	C	9469	480	41	6	0	26	0.000633245	9475	1	FALSE	NA	NA	NA	NA	NA	NA
NC_045512.2	17886	T	C	9608	478	42	2	0	40	0.000208117	9610	0.250013	FALSE	NA	NA	NA	NA	NA	NA
NC_045512.2	17888	A	C	9578	489	41	3	0	24	0.00031312	9581	1	FALSE	NA	NA	NA	NA	NA	NA
NC_045512.2	17891	C	A	9717	493	42	1	0	24	0.000102902	9718	1	FALSE	NA	NA	NA	NA	NA	NA
NC_045512.2	17892	A	C	9700	491	41	1	0	24	0.000103082	9701	1	FALSE	NA	NA	NA	NA	NA	NA
NC_045512.2	17893	G	T	9892	495	41	1	0	24	0.000101041	9897	1	FALSE	NA	NA	NA	NA	NA	NA
NC_045512.2	17893	G	C	9892	495	41	1	0	24	0.000101041	9897	1	FALSE	NA	NA	NA	NA	NA	NA
NC_045512.2	17893	G	A	9892	495	41	3	0	40	0.000303122	9897	0.124962	FALSE	NA	NA	NA	NA	NA	NA
NC_045512.2	17895	T	C	9926	511	42	4	0	32	0.00040282	9930	0.953928	FALSE	NA	NA	NA	NA	NA	NA
NC_045512.2	17896	C	A	9992	516	42	1	0	24	0.00010007	9993	1	FALSE	NA	NA	NA	NA	NA	NA
NC_045512.2	17897	A	C	9857	520	41	5	0	27	0.000506997	9862	1	FALSE	NA	NA	NA	NA	NA	NA
NC_045512.2	17898	C	T	10764	533	42	1	0	40	9.28936e-05	10765	0.750035	FALSE	NA	NA	NA	NA	NA	NA
NC_045512.2	17899	T	C	10762	543	42	1	0	24	9.29109e-05	10763	1	FALSE	NA	NA	NA	NA	NA	NA
NC_045512.2	17901	T	C	11113	558	42	3	1	42	0.000269881	11116	0.312517	FALSE	NA	NA	NA	NA	NA	NA
NC_045512.2	17903	G	T	11089	541	41	1	1	24	9.01713e-05	11090	1	FALSE	NA	NA	NA	NA	NA	NA
NC_045512.2	17905	A	C	11079	609	41	4	0	28	0.000360913	11083	1	FALSE	NA	NA	NA	NA	NA	NA
NC_045512.2	17907	T	C	11271	604	42	1	0	40	8.87154e-05	11272	0.750033	FALSE	NA	NA	NA	NA	NA	NA
NC_045512.2	17908	G	A	11266	607	42	1	0	24	8.87548e-05	11267	1	FALSE	NA	NA	NA	NA	NA	NA
NC_045512.2	17909	T	C	11287	647	42	2	0	32	0.000177164	11289	0.998296	FALSE	NA	NA	NA	NA	NA	NA
NC_045512.2	17911	A	G	11106	669	41	3	0	29	0.000269978	11112	1	FALSE	NA	NA	NA	NA	NA	NA
NC_045512.2	17911	A	C	11106	669	41	3	0	40	0.000269978	11112	0.312416	FALSE	NA	NA	NA	NA	NA	NA
NC_045512.2	17912	A	C	11230	670	43	1	0	40	8.90393e-05	11231	0.750033	FALSE	NA	NA	NA	NA	NA	NA
NC_045512.2	17913	C	A	11206	671	42	4	0	28	0.000356824	11210	1	FALSE	NA	NA	NA	NA	NA	NA
NC_045512.2	17918	T	G	11808	827	44	1	0	24	8.4674e-05	11810	1	FALSE	NA	NA	NA	NA	NA	NA
NC_045512.2	17918	T	C	11808	827	44	1	0	24	8.4674e-05	11810	1	FALSE	NA	NA	NA	NA	NA	NA
NC_045512.2	17919	T	C	11823	838	44	5	0	40	0.000422726	11828	0.109365	FALSE	NA	NA	NA	NA	NA	NA
NC_045512.2	17920	A	C	11695	847	43	3	0	24	0.000256454	11698	1	FALSE	NA	NA	NA	NA	NA	NA
NC_045512.2	17921	A	C	11797	845	43	2	0	24	0.000169506	11799	1	FALSE	NA	NA	NA	NA	NA	NA
NC_045512.2	17923	G	T	11850	842	44	1	0	40	8.43811e-05	11851	0.750032	FALSE	NA	NA	NA	NA	NA	NA
NC_045512.2	17926	G	C	12421	891	44	1	0	40	8.05023e-05	12422	0.75003	FALSE	NA	NA	NA	NA	NA	NA
NC_045512.2	17927	C	A	12447	897	44	2	0	32	0.000160655	12449	0.999087	FALSE	NA	NA	NA	NA	NA	NA
NC_045512.2	17928	T	C	12437	895	44	1	0	40	8.03988e-05	12438	0.75003	FALSE	NA	NA	NA	NA	NA	NA
NC_045512.2	17929	A	G	12360	1019	44	1	1	80	8.08734e-05	12365	0.499939	FALSE	NA	NA	NA	NA	NA	NA
NC_045512.2	17929	A	C	12360	1019	44	4	0	28	0.000323494	12365	1	FALSE	NA	NA	NA	NA	NA	NA
NC_045512.2	17930	T	C	12448	1026	45	1	0	24	8.03277e-05	12449	1	FALSE	NA	NA	NA	NA	NA	NA
NC_045512.2	17932	A	G	12386	1037	44	1	0	40	8.06972e-05	12392	0.749929	FALSE	NA	NA	NA	NA	NA	NA
NC_045512.2	17932	A	C	12386	1037	44	5	0	24	0.000403486	12392	1	FALSE	NA	NA	NA	NA	NA	NA
NC_045512.2	17933	C	A	12109	1038	41	9	0	24	0.000742697	12118	1	FALSE	NA	NA	NA	NA	NA	NA
NC_045512.2	17934	C	T	12522	1034	45	2	0	40	0.000159681	12525	0.5	FALSE	NA	NA	NA	NA	NA	NA
NC_045512.2	17934	C	A	12522	1034	45	1	0	40	7.98403e-05	12525	0.74999	FALSE	NA	NA	NA	NA	NA	NA
NC_045512.2	17935	A	C	12398	1030	44	6	0	26	0.000483715	12404	1	FALSE	NA	NA	NA	NA	NA	NA
NC_045512.2	17937	A	G	12619	1201	45	3	0	34	0.000237643	12624	0.996314	FALSE	NA	NA	NA	NA	NA	NA
NC_045512.2	17937	A	C	12619	1201	45	2	0	24	0.000158428	12624	1	FALSE	NA	NA	NA	NA	NA	NA
NC_045512.2	17938	G	T	12700	1201	46	1	0	80	7.8734e-05	12701	0.50002	FALSE	NA	NA	NA	NA	NA	NA
NC_045512.2	17939	C	G	12703	1204	45	1	0	40	7.87154e-05	12704	0.75003	FALSE	NA	NA	NA	NA	NA	NA
NC_045512.2	17940	A	G	12593	1208	45	3	1	53	0.000238152	12597	0.124985	FALSE	NA	NA	NA	NA	NA	NA
NC_045512.2	17940	A	C	12593	1208	45	1	1	24	7.9384e-05	12597	1	FALSE	NA	NA	NA	NA	NA	NA
NC_045512.2	17941	A	C	12717	1257	46	1	0	24	7.86287e-05	12718	1	FALSE	NA	NA	NA	NA	NA	NA
NC_045512.2	17942	A	G	12715	1260	46	1	0	64	7.86349e-05	12717	0.5	FALSE	NA	NA	NA	NA	NA	NA
NC_045512.2	17942	A	C	12715	1260	46	1	0	40	7.86349e-05	12717	0.75001	FALSE	NA	NA	NA	NA	NA	NA
NC_045512.2	17943	A	C	12757	1258	46	1	0	24	7.83822e-05	12758	1	FALSE	NA	NA	NA	NA	NA	NA
NC_045512.2	17944	G	A	12933	1264	45	1	0	24	7.73156e-05	12934	1	FALSE	NA	NA	NA	NA	NA	NA
NC_045512.2	17945	T	C	12963	1264	46	1	0	40	7.71367e-05	12964	0.750029	FALSE	NA	NA	NA	NA	NA	NA
NC_045512.2	17946	A	T	12874	1269	46	1	0	80	7.76639e-05	12876	0.5	FALSE	NA	NA	NA	NA	NA	NA
NC_045512.2	17946	A	C	12874	1269	46	1	0	24	7.76639e-05	12876	1	FALSE	NA	NA	NA	NA	NA	NA
NC_045512.2	17948	G	A	13088	1418	47	1	0	24	7.64e-05	13089	1	FALSE	NA	NA	NA	NA	NA	NA
NC_045512.2	17949	C	A	13125	1564	48	1	0	40	7.61847e-05	13126	0.750029	FALSE	NA	NA	NA	NA	NA	NA
NC_045512.2	17950	A	C	13012	1560	47	3	0	34	0.000230503	13015	0.997916	FALSE	NA	NA	NA	NA	NA	NA
NC_045512.2	17951	T	C	13109	1577	48	1	0	40	7.62777e-05	13110	0.750029	FALSE	NA	NA	NA	NA	NA	NA
NC_045512.2	17952	A	C	13259	1587	48	2	0	24	0.000150818	13261	1	FALSE	NA	NA	NA	NA	NA	NA
NC_045512.2	17955	T	C	13285	1795	49	1	0	24	7.52672e-05	13286	1	FALSE	NA	NA	NA	NA	NA	NA
NC_045512.2	17956	T	G	13262	1817	49	1	1	24	7.53864e-05	13265	1	FALSE	NA	NA	NA	NA	NA	NA
NC_045512.2	17956	T	C	13262	1817	49	2	0	44	0.000150773	13265	0.5	FALSE	NA	NA	NA	NA	NA	NA
NC_045512.2	17957	G	T	13361	1837	49	2	0	60	0.000149656	13364	0.249991	FALSE	NA	NA	NA	NA	NA	NA
NC_045512.2	17957	G	A	13361	1837	49	1	0	40	7.48279e-05	13364	0.749991	FALSE	NA	NA	NA	NA	NA	NA
NC_045512.2	17958	C	T	13385	1855	50	2	1	64	0.000149388	13388	0.249991	FALSE	NA	NA	NA	NA	NA	NA
NC_045512.2	17958	C	A	13385	1855	50	1	0	24	7.46938e-05	13388	1	FALSE	NA	NA	NA	NA	NA	NA
NC_045512.2	17959	A	T	13302	1866	49	1	0	40	7.51541e-05	13306	0.749972	FALSE	NA	NA	NA	NA	NA	NA
NC_045512.2	17959	A	G	13302	1866	49	1	0	40	7.51541e-05	13306	0.749972	FALSE	NA	NA	NA	NA	NA	NA
NC_045512.2	17959	A	C	13302	1866	49	2	0	24	0.000150308	13306	1	FALSE	NA	NA	NA	NA	NA	NA
NC_045512.2	17961	A	C	13292	1852	49	2	0	24	0.000150444	13294	1	FALSE	NA	NA	NA	NA	NA	NA
NC_045512.2	17964	G	T	13955	2011	50	1	1	24	7.16538e-05	13956	1	FALSE	NA	NA	NA	NA	NA	NA
NC_045512.2	17965	T	G	13981	2342	52	1	1	24	7.15052e-05	13985	1	FALSE	NA	NA	NA	NA	NA	NA
NC_045512.2	17965	T	C	13981	2342	52	3	0	40	0.000214516	13985	0.312487	FALSE	NA	NA	NA	NA	NA	NA
NC_045512.2	17966	C	A	13756	2340	51	12	0	25	0.000871586	13768	1	FALSE	NA	NA	NA	NA	NA	NA
NC_045512.2	17967	T	G	14006	2493	52	1	1	24	7.13878e-05	14008	1	FALSE	NA	NA	NA	NA	NA	NA
NC_045512.2	17967	T	A	14006	2493	52	1	0	40	7.13878e-05	14008	0.750009	FALSE	NA	NA	NA	NA	NA	NA
NC_045512.2	17968	G	C	14051	2520	53	1	0	40	7.11642e-05	14052	0.750027	FALSE	NA	NA	NA	NA	NA	NA
NC_045512.2	17969	A	G	14149	2684	53	2	1	32	0.000141313	14153	0.999741	FALSE	NA	NA	NA	NA	NA	NA
NC_045512.2	17969	A	C	14149	2684	53	2	0	24	0.000141313	14153	1	FALSE	NA	NA	NA	NA	NA	NA
NC_045512.2	17970	T	C	14230	2780	54	2	0	40	0.000140528	14232	0.500026	FALSE	NA	NA	NA	NA	NA	NA
NC_045512.2	17971	A	G	14116	2774	54	1	0	40	7.08316e-05	14118	0.750009	FALSE	NA	NA	NA	NA	NA	NA
NC_045512.2	17971	A	C	14116	2774	54	1	0	40	7.08316e-05	14118	0.750009	FALSE	NA	NA	NA	NA	NA	NA
NC_045512.2	17972	G	T	14113	2682	51	5	5	27	0.000354108	14120	1	FALSE	NA	NA	NA	NA	NA	NA
NC_045512.2	17972	G	A	14113	2682	51	2	0	24	0.000141643	14120	1	FALSE	NA	NA	NA	NA	NA	NA
NC_045512.2	17973	A	T	13957	2725	54	2	1	60	0.000143256	13961	0.249973	FALSE	NA	NA	NA	NA	NA	NA
NC_045512.2	17973	A	G	13957	2725	54	1	1	64	7.16281e-05	13961	0.499964	FALSE	NA	NA	NA	NA	NA	NA
NC_045512.2	17973	A	C	13957	2725	54	1	0	24	7.16281e-05	13961	1	FALSE	NA	NA	NA	NA	NA	NA
NC_045512.2	17976	C	A	13809	3261	54	2	0	28	0.000144812	13811	1	FALSE	NA	NA	NA	NA	NA	NA
NC_045512.2	17977	C	T	13865	3259	55	1	0	40	7.21085e-05	13868	0.749991	FALSE	NA	NA	NA	NA	NA	NA
NC_045512.2	17977	C	G	13865	3259	55	1	0	40	7.21085e-05	13868	0.749991	FALSE	NA	NA	NA	NA	NA	NA
NC_045512.2	17977	C	A	13865	3259	55	1	0	24	7.21085e-05	13868	1	FALSE	NA	NA	NA	NA	NA	NA
NC_045512.2	17978	T	C	13813	3216	55	2	1	60	0.00014476	13816	0.249991	FALSE	NA	NA	NA	NA	NA	NA
NC_045512.2	17978	T	A	13813	3216	55	1	0	40	7.23798e-05	13816	0.749991	FALSE	NA	NA	NA	NA	NA	NA
NC_045512.2	17979	T	C	13813	3236	55	2	0	24	0.00014477	13815	1	FALSE	NA	NA	NA	NA	NA	NA
NC_045512.2	17981	A	C	13740	3374	54	4	0	24	0.000291036	13744	1	FALSE	NA	NA	NA	NA	NA	NA
NC_045512.2	17982	T	C	13672	3482	55	2	0	36	0.000146263	13674	0.999513	FALSE	NA	NA	NA	NA	NA	NA
NC_045512.2	17983	G	T	13647	3491	55	1	0	24	7.32708e-05	13648	1	FALSE	NA	NA	NA	NA	NA	NA
NC_045512.2	17984	A	G	13592	3509	55	1	1	32	7.35456e-05	13597	0.999939	FALSE	NA	NA	NA	NA	NA	NA
NC_045512.2	17984	A	C	13592	3509	55	4	0	30	0.000294183	13597	0.99365	FALSE	NA	NA	NA	NA	NA	NA
NC_045512.2	17985	C	T	13541	3505	54	2	0	32	0.000147667	13544	0.999513	FALSE	NA	NA	NA	NA	NA	NA
NC_045512.2	17985	C	A	13541	3505	54	1	0	24	7.38334e-05	13544	1	FALSE	NA	NA	NA	NA	NA	NA
NC_045512.2	17986	A	C	13485	3476	55	1	0	24	7.4151e-05	13486	1	FALSE	NA	NA	NA	NA	NA	NA
NC_045512.2	17987	A	G	13452	3481	54	3	1	53	0.000222916	13458	0.124958	FALSE	NA	NA	NA	NA	NA	NA
NC_045512.2	17987	A	C	13452	3481	54	3	0	32	0.000222916	13458	0.997913	FALSE	NA	NA	NA	NA	NA	NA
NC_045512.2	17988	G	C	13370	3555	55	2	0	40	0.000149566	13372	0.500028	FALSE	NA	NA	NA	NA	NA	NA
NC_045512.2	17989	T	C	13370	3569	55	2	0	40	0.000149566	13372	0.500028	FALSE	NA	NA	NA	NA	NA	NA
NC_045512.2	17990	T	G	13366	3567	54	3	0	40	0.000224383	13370	0.312486	FALSE	NA	NA	NA	NA	NA	NA
NC_045512.2	17990	T	C	13366	3567	54	1	0	24	7.47943e-05	13370	1	FALSE	NA	NA	NA	NA	NA	NA
NC_045512.2	17991	G	A	13365	3621	55	4	0	60	0.0002992	13369	0.0624953	FALSE	NA	NA	NA	NA	NA	NA
NC_045512.2	17992	C	T	13185	3715	54	2	0	40	0.000151665	13187	0.500028	FALSE	NA	NA	NA	NA	NA	NA
NC_045512.2	17993	A	G	13103	3793	54	2	1	32	0.000152579	13108	0.999513	FALSE	NA	NA	NA	NA	NA	NA
NC_045512.2	17993	A	C	13103	3793	54	3	0	34	0.000228868	13108	0.997914	FALSE	NA	NA	NA	NA	NA	NA
NC_045512.2	17995	T	C	13233	3779	54	2	0	24	0.000151114	13235	1	FALSE	NA	NA	NA	NA	NA	NA
NC_045512.2	17996	T	C	13253	3779	54	1	0	36	7.54489e-05	13254	0.999939	FALSE	NA	NA	NA	NA	NA	NA
NC_045512.2	17998	A	G	13022	3845	53	3	1	40	0.000230273	13028	0.312428	FALSE	NA	NA	NA	NA	NA	NA
NC_045512.2	17998	A	C	13022	3845	53	3	0	29	0.000230273	13028	1	FALSE	NA	NA	NA	NA	NA	NA
NC_045512.2	17999	C	T	12665	4099	53	1	1	32	7.89391e-05	12668	0.999878	FALSE	NA	NA	NA	NA	NA	NA
NC_045512.2	17999	C	A	12665	4099	53	2	0	24	0.000157878	12668	1	FALSE	NA	NA	NA	NA	NA	NA
NC_045512.2	17999	C	-A	12665	4099	53	1	0	20	7.89391e-05	12668	1	FALSE	NA	NA	NA	NA	NA	NA
NC_045512.2	18000	A	C	12631	4146	53	2	0	24	0.000158316	12633	1	FALSE	NA	NA	NA	NA	NA	NA
NC_045512.2	18001	A	T	12625	4133	53	1	0	40	7.91891e-05	12628	0.74999	FALSE	NA	NA	NA	NA	NA	NA
NC_045512.2	18001	A	C	12625	4133	53	2	0	24	0.000158378	12628	1	FALSE	NA	NA	NA	NA	NA	NA
NC_045512.2	18002	G	A	12723	4119	53	1	0	24	7.85916e-05	12724	1	FALSE	NA	NA	NA	NA	NA	NA
NC_045512.2	18003	T	C	12685	4127	53	1	0	40	7.88271e-05	12686	0.75003	FALSE	NA	NA	NA	NA	NA	NA
NC_045512.2	18004	C	A	10919	4965	50	1	0	24	9.15751e-05	10920	1	FALSE	NA	NA	NA	NA	NA	NA
NC_045512.2	18005	T	G	10971	5026	50	1	1	24	9.11411e-05	10972	1	FALSE	NA	NA	NA	NA	NA	NA
NC_045512.2	18006	T	G	11027	5096	50	1	1	24	9.06783e-05	11028	1	FALSE	NA	NA	NA	NA	NA	NA
NC_045512.2	18007	G	A	11006	5128	50	1	1	40	9.08513e-05	11007	0.750034	FALSE	NA	NA	NA	NA	NA	NA
NC_045512.2	18008	A	C	11086	5344	50	3	0	24	0.000270538	11089	1	FALSE	NA	NA	NA	NA	NA	NA
NC_045512.2	18009	A	G	11097	5349	50	1	0	40	9.0082e-05	11101	0.749966	FALSE	NA	NA	NA	NA	NA	NA
NC_045512.2	18009	A	C	11097	5349	50	3	0	29	0.000270246	11101	1	FALSE	NA	NA	NA	NA	NA	NA
NC_045512.2	18010	A	C	11045	5374	50	1	0	40	9.05305e-05	11046	0.750034	FALSE	NA	NA	NA	NA	NA	NA
NC_045512.2	18011	T	G	10992	5338	50	3	3	24	0.000272851	10995	1	FALSE	NA	NA	NA	NA	NA	NA
NC_045512.2	18012	T	G	10952	5337	50	2	2	24	0.000182548	10956	1	FALSE	NA	NA	NA	NA	NA	NA
NC_045512.2	18012	T	C	10952	5337	50	2	1	32	0.000182548	10956	0.996831	FALSE	NA	NA	NA	NA	NA	NA
NC_045512.2	18013	C	A	11128	5596	51	1	0	40	8.98553e-05	11129	0.750034	FALSE	NA	NA	NA	NA	NA	NA
NC_045512.2	18014	C	G	10903	5649	50	1	1	32	9.16926e-05	10906	0.999513	FALSE	NA	NA	NA	NA	NA	NA
NC_045512.2	18014	C	A	10903	5649	50	2	0	24	0.000183385	10906	1	FALSE	NA	NA	NA	NA	NA	NA
NC_045512.2	18015	A	T	10981	5666	50	1	1	24	9.10415e-05	10984	1	FALSE	NA	NA	NA	NA	NA	NA
NC_045512.2	18015	A	G	10981	5666	50	2	1	40	0.000182083	10984	0.5	FALSE	NA	NA	NA	NA	NA	NA
NC_045512.2	18016	C	A	10538	5920	47	17	0	27	0.00161061	10555	1	FALSE	NA	NA	NA	NA	NA	NA
NC_045512.2	18017	G	T	10457	5628	47	11	11	28	0.00105082	10468	1	FALSE	NA	NA	NA	NA	NA	NA
NC_045512.2	18018	T	G	10648	5843	48	7	7	24	0.000656969	10655	1	FALSE	NA	NA	NA	NA	NA	NA
NC_045512.2	18019	A	G	10752	5993	49	1	1	40	9.29887e-05	10754	0.750012	FALSE	NA	NA	NA	NA	NA	NA
NC_045512.2	18019	A	C	10752	5993	49	1	1	40	9.29887e-05	10754	0.750012	FALSE	NA	NA	NA	NA	NA	NA
NC_045512.2	18020	G	T	10724	5903	48	4	4	24	0.000372821	10729	1	FALSE	NA	NA	NA	NA	NA	NA
NC_045512.2	18020	G	A	10724	5903	48	1	1	40	9.32053e-05	10729	0.749942	FALSE	NA	NA	NA	NA	NA	NA
NC_045512.2	18023	A	G	10849	6145	49	1	0	24	9.21659e-05	10850	1	FALSE	NA	NA	NA	NA	NA	NA
NC_045512.2	18024	T	G	10798	6060	49	1	1	24	9.26012e-05	10799	1	FALSE	NA	NA	NA	NA	NA	NA
NC_045512.2	18026	T	G	10763	6178	49	1	1	40	9.28936e-05	10765	0.750012	FALSE	NA	NA	NA	NA	NA	NA
NC_045512.2	18026	T	C	10763	6178	49	1	1	24	9.28936e-05	10765	1	FALSE	NA	NA	NA	NA	NA	NA
NC_045512.2	18027	G	A	10740	6185	49	1	1	80	9.31012e-05	10741	0.500023	FALSE	NA	NA	NA	NA	NA	NA
NC_045512.2	18028	G	T	10925	6424	50	1	1	24	9.15081e-05	10928	1	FALSE	NA	NA	NA	NA	NA	NA
NC_045512.2	18028	G	C	10925	6424	50	1	0	40	9.15081e-05	10928	0.749989	FALSE	NA	NA	NA	NA	NA	NA
NC_045512.2	18028	G	A	10925	6424	50	1	0	24	9.15081e-05	10928	1	FALSE	NA	NA	NA	NA	NA	NA
NC_045512.2	18029	C	A	10883	6384	49	1	1	80	9.1878e-05	10884	0.500023	FALSE	NA	NA	NA	NA	NA	NA
NC_045512.2	18030	A	C	10878	6393	49	1	0	24	9.19202e-05	10879	1	FALSE	NA	NA	NA	NA	NA	NA
NC_045512.2	18031	A	G	10939	6504	50	1	1	40	9.14077e-05	10940	0.750034	FALSE	NA	NA	NA	NA	NA	NA
NC_045512.2	18032	C	T	11016	6838	49	1	0	80	9.07688e-05	11017	0.500023	FALSE	NA	NA	NA	NA	NA	NA
NC_045512.2	18035	T	G	11588	7698	49	5	5	24	0.000431258	11594	1	FALSE	NA	NA	NA	NA	NA	NA
NC_045512.2	18035	T	C	11588	7698	49	1	1	40	8.62515e-05	11594	0.749925	FALSE	NA	NA	NA	NA	NA	NA
NC_045512.2	18037	C	A	11668	7958	49	1	0	24	8.56971e-05	11669	1	FALSE	NA	NA	NA	NA	NA	NA
NC_045512.2	18038	A	G	11914	8169	51	1	1	32	8.39278e-05	11915	0.999757	FALSE	NA	NA	NA	NA	NA	NA
NC_045512.2	18039	A	G	11889	8169	51	4	2	60	0.000336304	11894	0.0624842	FALSE	NA	NA	NA	NA	NA	NA
NC_045512.2	18039	A	C	11889	8169	51	1	0	40	8.4076e-05	11894	0.749947	FALSE	NA	NA	NA	NA	NA	NA
NC_045512.2	18042	T	G	11884	8384	50	6	6	32	0.000504541	11892	0.928316	FALSE	NA	NA	NA	NA	NA	NA
NC_045512.2	18042	T	C	11884	8384	50	2	2	40	0.00016818	11892	0.499842	FALSE	NA	NA	NA	NA	NA	NA
NC_045512.2	18042	T	-G	11884	8384	50	1	0	20	8.40901e-05	11892	1	FALSE	NA	NA	NA	NA	NA	NA
NC_045512.2	18043	G	-A	12014	8523	51	1	0	20	8.32293e-05	12015	1	FALSE	NA	NA	NA	NA	NA	NA
NC_045512.2	18044	A	G	12221	8809	51	2	2	24	0.000163626	12223	1	FALSE	NA	NA	NA	NA	NA	NA
NC_045512.2	18047	A	G	12948	9817	52	2	2	32	0.000154428	12951	0.999087	FALSE	NA	NA	NA	NA	NA	NA
NC_045512.2	18047	A	C	12948	9817	52	1	1	40	7.72141e-05	12951	0.74999	FALSE	NA	NA	NA	NA	NA	NA
NC_045512.2	18048	T	G	12887	9764	52	5	5	27	0.000387807	12893	1	FALSE	NA	NA	NA	NA	NA	NA
NC_045512.2	18048	T	C	12887	9764	52	1	0	80	7.75615e-05	12893	0.499922	FALSE	NA	NA	NA	NA	NA	NA
NC_045512.2	18049	G	T	12833	10160	50	1	1	24	7.7918e-05	12834	1	FALSE	NA	NA	NA	NA	NA	NA
NC_045512.2	18050	T	G	13789	11440	51	10	10	28	0.000724638	13800	1	FALSE	NA	NA	NA	NA	NA	NA
NC_045512.2	18050	T	C	13789	11440	51	1	1	40	7.24638e-05	13800	0.749846	FALSE	NA	NA	NA	NA	NA	NA
NC_045512.2	18051	A	C	13942	11787	50	1	0	24	7.17206e-05	13943	1	FALSE	NA	NA	NA	NA	NA	NA
NC_045512.2	18052	A	G	13950	11785	50	1	0	80	7.16794e-05	13951	0.500018	FALSE	NA	NA	NA	NA	NA	NA
NC_045512.2	18053	C	T	13930	11783	50	1	1	40	7.17824e-05	13931	0.750027	FALSE	NA	NA	NA	NA	NA	NA
NC_045512.2	18054	A	G	13907	11756	50	1	1	24	7.18959e-05	13909	1	FALSE	NA	NA	NA	NA	NA	NA
NC_045512.2	18054	A	C	13907	11756	50	1	1	40	7.18959e-05	13909	0.750009	FALSE	NA	NA	NA	NA	NA	NA
NC_045512.2	18054	A	+T	13907	11756	50	1	0	20	7.18959e-05	13909	1	FALSE	NA	NA	NA	NA	NA	NA
NC_045512.2	18056	G	T	12075	10307	50	2	2	24	0.000142572	14028	1	FALSE	NA	NA	NA	NA	NA	NA
NC_045512.2	18056	G	C	12075	10307	50	1951	1670	50	0.139079	14028	0	TRUE	NA	NA	NA	NA	NA	NA
NC_045512.2	18057	A	G	14075	12044	50	6	6	33	0.000426106	14081	0.979349	FALSE	NA	NA	NA	NA	NA	NA
NC_045512.2	18058	C	T	14065	12052	50	1	1	40	7.10884e-05	14067	0.750009	FALSE	NA	NA	NA	NA	NA	NA
NC_045512.2	18058	C	A	14065	12052	50	1	0	32	7.10884e-05	14067	0.99997	FALSE	NA	NA	NA	NA	NA	NA
NC_045512.2	18059	T	C	13928	11917	50	1	0	32	7.17927e-05	13929	0.999939	FALSE	NA	NA	NA	NA	NA	NA
NC_045512.2	18061	T	G	13946	11910	50	4	4	32	0.000286718	13951	0.99365	FALSE	NA	NA	NA	NA	NA	NA
NC_045512.2	18061	T	C	13946	11910	50	1	1	40	7.16794e-05	13951	0.749955	FALSE	NA	NA	NA	NA	NA	NA
NC_045512.2	18062	T	G	13911	11871	50	3	3	24	0.00021561	13914	1	FALSE	NA	NA	NA	NA	NA	NA
NC_045512.2	18063	T	G	13802	11758	49	2	2	28	0.000144875	13805	1	FALSE	NA	NA	NA	NA	NA	NA
NC_045512.2	18063	T	C	13802	11758	49	1	0	32	7.24375e-05	13805	0.999939	FALSE	NA	NA	NA	NA	NA	NA
NC_045512.2	18064	A	G	13984	11962	50	1	1	40	7.15052e-05	13985	0.750027	FALSE	NA	NA	NA	NA	NA	NA
NC_045512.2	18065	A	G	13987	11961	50	1	1	36	7.14898e-05	13988	0.999939	FALSE	NA	NA	NA	NA	NA	NA
NC_045512.2	18066	A	G	13965	12198	49	3	3	29	0.000214777	13968	1	FALSE	NA	NA	NA	NA	NA	NA
NC_045512.2	18067	G	T	13955	12190	49	1	1	40	7.16435e-05	13958	0.749991	FALSE	NA	NA	NA	NA	NA	NA
NC_045512.2	18067	G	A	13955	12190	49	2	2	60	0.000143287	13958	0.249991	FALSE	NA	NA	NA	NA	NA	NA
NC_045512.2	18069	T	G	13557	11807	49	2	2	24	0.000147482	13561	1	FALSE	NA	NA	NA	NA	NA	NA
NC_045512.2	18069	T	C	13557	11807	49	2	1	80	0.000147482	13561	0.249972	FALSE	NA	NA	NA	NA	NA	NA
NC_045512.2	18070	T	G	13531	11785	49	4	4	24	0.000295486	13537	1	FALSE	NA	NA	NA	NA	NA	NA
NC_045512.2	18070	T	C	13531	11785	49	1	1	40	7.38716e-05	13537	0.749935	FALSE	NA	NA	NA	NA	NA	NA
NC_045512.2	18070	T	A	13531	11785	49	1	1	40	7.38716e-05	13537	0.749935	FALSE	NA	NA	NA	NA	NA	NA
NC_045512.2	18071	G	T	13444	11662	48	4	4	24	0.000297442	13448	1	FALSE	NA	NA	NA	NA	NA	NA
NC_045512.2	18072	T	G	13593	11840	49	6	6	24	0.000441144	13601	1	FALSE	NA	NA	NA	NA	NA	NA
NC_045512.2	18072	T	C	13593	11840	49	2	1	80	0.000147048	13601	0.249899	FALSE	NA	NA	NA	NA	NA	NA
NC_045512.2	18073	A	G	13700	11949	49	2	2	60	0.000145953	13703	0.249991	FALSE	NA	NA	NA	NA	NA	NA
NC_045512.2	18073	A	C	13700	11949	49	1	1	40	7.29767e-05	13703	0.749991	FALSE	NA	NA	NA	NA	NA	NA
NC_045512.2	18074	G	T	13622	11867	49	2	2	24	0.000146778	13626	1	FALSE	NA	NA	NA	NA	NA	NA
NC_045512.2	18074	G	A	13622	11867	49	2	2	40	0.000146778	13626	0.499972	FALSE	NA	NA	NA	NA	NA	NA
NC_045512.2	18075	T	G	13464	11713	48	10	10	26	0.000742115	13475	1	FALSE	NA	NA	NA	NA	NA	NA
NC_045512.2	18075	T	C	13464	11713	48	1	0	80	7.42115e-05	13475	0.499833	FALSE	NA	NA	NA	NA	NA	NA
NC_045512.2	18076	A	G	13632	11895	49	3	3	29	0.000220022	13635	1	FALSE	NA	NA	NA	NA	NA	NA
NC_045512.2	18077	A	T	13604	12136	48	1	1	40	7.35024e-05	13605	0.750028	FALSE	NA	NA	NA	NA	NA	NA
NC_045512.2	18078	G	T	13670	12178	48	1	1	24	7.31475e-05	13671	1	FALSE	NA	NA	NA	NA	NA	NA
NC_045512.2	18079	G	T	13580	12087	47	3	3	24	0.000220848	13584	1	FALSE	NA	NA	NA	NA	NA	NA
NC_045512.2	18079	G	A	13580	12087	47	1	1	24	7.3616e-05	13584	1	FALSE	NA	NA	NA	NA	NA	NA
NC_045512.2	18080	T	G	13290	11803	47	6	6	24	0.000451196	13298	1	FALSE	NA	NA	NA	NA	NA	NA
NC_045512.2	18080	T	C	13290	11803	47	2	2	40	0.000150399	13298	0.499859	FALSE	NA	NA	NA	NA	NA	NA
NC_045512.2	18082	A	G	13389	11940	47	1	1	40	7.46826e-05	13390	0.750028	FALSE	NA	NA	NA	NA	NA	NA
NC_045512.2	18083	T	G	13282	11828	47	2	2	32	0.000150546	13285	0.999513	FALSE	NA	NA	NA	NA	NA	NA
NC_045512.2	18083	T	C	13282	11828	47	1	1	40	7.52729e-05	13285	0.749991	FALSE	NA	NA	NA	NA	NA	NA
NC_045512.2	18084	C	T	13351	11897	48	1	1	40	7.48951e-05	13352	0.750028	FALSE	NA	NA	NA	NA	NA	NA
NC_045512.2	18085	A	G	13339	11893	48	3	3	24	0.00022482	13344	1	FALSE	NA	NA	NA	NA	NA	NA
NC_045512.2	18085	A	C	13339	11893	48	2	2	24	0.00014988	13344	1	FALSE	NA	NA	NA	NA	NA	NA
NC_045512.2	18086	C	G	13292	11972	46	1	1	40	7.52276e-05	13293	0.750028	FALSE	NA	NA	NA	NA	NA	NA
NC_045512.2	18087	T	G	12921	11589	47	3	3	29	0.00023209	12926	1	FALSE	NA	NA	NA	NA	NA	NA
NC_045512.2	18087	T	C	12921	11589	47	2	2	40	0.000154727	12926	0.499942	FALSE	NA	NA	NA	NA	NA	NA
NC_045512.2	18088	G	T	12925	11597	47	3	3	24	0.000232019	12930	1	FALSE	NA	NA	NA	NA	NA	NA
NC_045512.2	18088	G	C	12925	11597	47	1	0	80	7.73395e-05	12930	0.499942	FALSE	NA	NA	NA	NA	NA	NA
NC_045512.2	18088	G	A	12925	11597	47	1	1	40	7.73395e-05	12930	0.749952	FALSE	NA	NA	NA	NA	NA	NA
NC_045512.2	18090	G	T	12744	11415	46	3	3	24	0.000235349	12747	1	FALSE	NA	NA	NA	NA	NA	NA
NC_045512.2	18091	T	G	12910	11586	47	2	2	40	0.000154859	12915	0.499942	FALSE	NA	NA	NA	NA	NA	NA
NC_045512.2	18091	T	C	12910	11586	47	3	3	24	0.000232288	12915	1	FALSE	NA	NA	NA	NA	NA	NA
NC_045512.2	18092	T	G	12758	11471	46	9	9	29	0.000704942	12767	1	FALSE	NA	NA	NA	NA	NA	NA
NC_045512.2	18094	C	A	12894	11682	47	1	1	24	7.75494e-05	12895	1	FALSE	NA	NA	NA	NA	NA	NA
NC_045512.2	18095	A	G	12890	11678	47	1	1	40	7.75735e-05	12891	0.750029	FALSE	NA	NA	NA	NA	NA	NA
NC_045512.2	18096	T	G	12798	11586	46	2	2	32	0.000156226	12802	0.999086	FALSE	NA	NA	NA	NA	NA	NA
NC_045512.2	18096	T	C	12798	11586	46	2	2	32	0.000156226	12802	0.999086	FALSE	NA	NA	NA	NA	NA	NA
NC_045512.2	18099	T	G	12135	11014	46	3	3	29	0.000247117	12140	1	FALSE	NA	NA	NA	NA	NA	NA
NC_045512.2	18099	T	C	12135	11014	46	2	2	40	0.000164745	12140	0.499938	FALSE	NA	NA	NA	NA	NA	NA
NC_045512.2	18099	T	-A	12135	11014	46	1	0	20	8.23723e-05	12140	1	FALSE	NA	NA	NA	NA	NA	NA
NC_045512.2	18100	A	C	12238	11124	46	1	1	40	8.1706e-05	12239	0.75001	FALSE	NA	NA	NA	NA	NA	NA
NC_045512.2	18102	A	G	12187	11075	46	3	3	37	0.000246063	12192	0.996314	FALSE	NA	NA	NA	NA	NA	NA
NC_045512.2	18102	A	C	12187	11075	46	2	2	40	0.000164042	12192	0.499938	FALSE	NA	NA	NA	NA	NA	NA
NC_045512.2	18103	C	T	12160	11145	46	1	1	48	8.22301e-05	12161	0.750031	FALSE	NA	NA	NA	NA	NA	NA
NC_045512.2	18104	A	G	11663	10676	46	1	1	24	8.57339e-05	11664	1	FALSE	NA	NA	NA	NA	NA	NA
NC_045512.2	18105	G	T	11579	10590	45	1	1	40	8.63558e-05	11580	0.750032	FALSE	NA	NA	NA	NA	NA	NA
NC_045512.2	18106	G	A	11653	10664	46	2	2	40	0.0001716	11655	0.500032	FALSE	NA	NA	NA	NA	NA	NA
NC_045512.2	18107	C	G	11512	10578	46	2	2	40	0.000173702	11514	0.500033	FALSE	NA	NA	NA	NA	NA	NA
NC_045512.2	18108	A	G	11543	10611	46	1	1	40	8.66251e-05	11544	0.750032	FALSE	NA	NA	NA	NA	NA	NA
NC_045512.2	18111	T	G	11353	10427	45	4	4	24	0.000352175	11358	1	FALSE	NA	NA	NA	NA	NA	NA
NC_045512.2	18111	T	C	11353	10427	45	1	1	40	8.80437e-05	11358	0.749945	FALSE	NA	NA	NA	NA	NA	NA
NC_045512.2	18112	A	C	11466	10548	45	2	2	32	0.000174398	11468	0.998296	FALSE	NA	NA	NA	NA	NA	NA
NC_045512.2	18113	C	T	11448	10618	45	1	1	40	8.73439e-05	11449	0.750033	FALSE	NA	NA	NA	NA	NA	NA
NC_045512.2	18114	A	G	11249	10432	45	1	1	24	8.8881e-05	11251	1	FALSE	NA	NA	NA	NA	NA	NA
NC_045512.2	18114	A	C	11249	10432	45	1	0	32	8.8881e-05	11251	0.999757	FALSE	NA	NA	NA	NA	NA	NA
NC_045512.2	18119	T	G	9844	9317	43	3	3	24	0.00030463	9848	1	FALSE	NA	NA	NA	NA	NA	NA
NC_045512.2	18119	T	C	9844	9317	43	1	0	80	0.000101543	9848	0.499949	FALSE	NA	NA	NA	NA	NA	NA
NC_045512.2	18120	C	A	9903	9431	42	2	0	32	0.000201918	9905	0.994154	FALSE	NA	NA	NA	NA	NA	NA
NC_045512.2	18122	G	T	9611	9087	43	3	3	24	0.000312012	9615	1	FALSE	NA	NA	NA	NA	NA	NA
NC_045512.2	18122	G	A	9611	9087	43	1	1	40	0.000104004	9615	0.499948	FALSE	NA	NA	NA	NA	NA	NA
NC_045512.2	18123	T	G	9637	9112	43	1	1	40	0.000103756	9638	0.500026	FALSE	NA	NA	NA	NA	NA	NA
NC_045512.2	18124	G	T	9618	9096	43	1	1	40	0.000103939	9621	0.499974	FALSE	NA	NA	NA	NA	NA	NA
NC_045512.2	18124	G	A	9618	9096	43	2	1	44	0.000207879	9621	0.249987	FALSE	NA	NA	NA	NA	NA	NA
NC_045512.2	18125	T	G	9512	8993	42	6	6	26	0.000630385	9518	1	FALSE	NA	NA	NA	NA	NA	NA
NC_045512.2	18126	T	G	8980	8474	43	3	3	24	0.000333964	8983	1	FALSE	NA	NA	NA	NA	NA	NA
NC_045512.2	18127	G	T	9010	8601	43	1	1	24	0.000110963	9012	1	FALSE	NA	NA	NA	NA	NA	NA
NC_045512.2	18127	G	A	9010	8601	43	1	1	40	0.000110963	9012	0.5	FALSE	NA	NA	NA	NA	NA	NA
NC_045512.2	18128	A	G	9006	8628	43	2	2	40	0.000222025	9008	0.250014	FALSE	NA	NA	NA	NA	NA	NA
NC_045512.2	18129	C	A	8990	8614	42	1	1	40	0.000111222	8991	0.500028	FALSE	NA	NA	NA	NA	NA	NA
NC_045512.2	18130	A	G	8981	8602	43	2	2	40	0.000222618	8984	0.249986	FALSE	NA	NA	NA	NA	NA	NA
NC_045512.2	18130	A	C	8981	8602	43	1	1	40	0.000111309	8984	0.499972	FALSE	NA	NA	NA	NA	NA	NA
NC_045512.2	18131	C	T	4457	4279	42	4389	4193	42	0.4961	8847	0	TRUE	NA	NA	NA	NA	NA	NA
NC_045512.2	18131	C	A	4457	4279	42	1	1	40	0.000113033	8847	0.335087	FALSE	NA	NA	NA	NA	NA	NA
NC_045512.2	18132	T	G	8666	8295	42	4	4	28	0.000461361	8670	1	FALSE	NA	NA	NA	NA	NA	NA
NC_045512.2	18136	T	G	8651	8284	42	3	3	34	0.00034662	8655	0.967327	FALSE	NA	NA	NA	NA	NA	NA
NC_045512.2	18136	T	C	8651	8284	42	1	1	40	0.00011554	8655	0.499942	FALSE	NA	NA	NA	NA	NA	NA
NC_045512.2	18137	T	G	8605	8236	42	4	4	24	0.00046463	8609	1	FALSE	NA	NA	NA	NA	NA	NA
NC_045512.2	18140	A	G	8641	8286	42	1	1	24	0.000115714	8642	1	FALSE	NA	NA	NA	NA	NA	NA
NC_045512.2	18142	A	G	8648	8295	42	1	1	40	0.00011562	8649	0.500029	FALSE	NA	NA	NA	NA	NA	NA
NC_045512.2	18144	T	G	8474	8140	42	1	1	24	0.00011798	8476	1	FALSE	NA	NA	NA	NA	NA	NA
NC_045512.2	18144	T	C	8474	8140	42	1	1	40	0.00011798	8476	0.5	FALSE	NA	NA	NA	NA	NA	NA
NC_045512.2	18145	G	T	8412	8075	41	5	5	24	0.000594036	8417	1	FALSE	NA	NA	NA	NA	NA	NA
NC_045512.2	18146	A	G	8536	8203	42	1	1	40	0.000117137	8537	0.500029	FALSE	NA	NA	NA	NA	NA	NA
NC_045512.2	18147	A	G	8520	8199	42	5	5	36	0.00058651	8525	0.866715	FALSE	NA	NA	NA	NA	NA	NA
NC_045512.2	18149	G	A	8522	8201	42	1	1	40	0.00011733	8523	0.500029	FALSE	NA	NA	NA	NA	NA	NA
NC_045512.2	18150	T	G	8418	8097	42	4	4	32	0.000474947	8422	0.927102	FALSE	NA	NA	NA	NA	NA	NA
NC_045512.2	18151	T	G	8360	8040	42	1	1	24	0.000119603	8361	1	FALSE	NA	NA	NA	NA	NA	NA
NC_045512.2	18152	T	G	8321	8005	42	2	2	32	0.000240298	8323	0.989282	FALSE	NA	NA	NA	NA	NA	NA
NC_045512.2	18154	T	G	8322	8029	42	4	4	32	0.000480365	8327	0.927075	FALSE	NA	NA	NA	NA	NA	NA
NC_045512.2	18154	T	C	8322	8029	42	1	1	40	0.000120091	8327	0.49991	FALSE	NA	NA	NA	NA	NA	NA
NC_045512.2	18155	G	T	8369	8081	42	1	1	24	0.000119474	8370	1	FALSE	NA	NA	NA	NA	NA	NA
NC_045512.2	18156	T	C	8221	7935	42	4	4	40	0.000486322	8225	0.0624924	FALSE	NA	NA	NA	NA	NA	NA
NC_045512.2	18158	T	G	8962	7575	40	5	5	27	0.000557538	8968	1	FALSE	NA	NA	NA	NA	NA	NA
NC_045512.2	18158	T	C	8962	7575	40	1	0	40	0.000111508	8968	0.499888	FALSE	NA	NA	NA	NA	NA	NA
NC_045512.2	18159	T	G	9017	7632	42	5	3	27	0.000554201	9022	1	FALSE	NA	NA	NA	NA	NA	NA
NC_045512.2	18160	G	A	9137	7692	42	1	1	40	0.000109433	9138	0.500027	FALSE	NA	NA	NA	NA	NA	NA
NC_045512.2	18161	A	C	9125	7698	42	1	0	24	0.000109577	9126	1	FALSE	NA	NA	NA	NA	NA	NA
NC_045512.2	18162	C	T	9102	7662	42	1	1	40	0.000109842	9104	0.5	FALSE	NA	NA	NA	NA	NA	NA
NC_045512.2	18162	C	A	9102	7662	42	1	0	24	0.000109842	9104	1	FALSE	NA	NA	NA	NA	NA	NA
NC_045512.2	18163	A	G	2	1	40	9125	7665	42	0.999781	9127	0	TRUE	NA	NA	NA	NA	NA	NA
NC_045512.2	18164	T	G	8777	7318	41	3	3	29	0.000341647	8781	1	FALSE	NA	NA	NA	NA	NA	NA
NC_045512.2	18164	T	C	8777	7318	41	1	0	40	0.000113882	8781	0.499943	FALSE	NA	NA	NA	NA	NA	NA
NC_045512.2	18165	A	G	8876	7387	42	2	2	32	0.000225276	8878	0.98928	FALSE	NA	NA	NA	NA	NA	NA
NC_045512.2	18166	C	T	8871	7380	41	2	1	40	0.000225403	8873	0.250014	FALSE	NA	NA	NA	NA	NA	NA
NC_045512.2	18167	C	T	8803	7324	41	4	4	40	0.000454133	8808	0.0624787	FALSE	NA	NA	NA	NA	NA	NA
NC_045512.2	18167	C	G	8803	7324	41	1	1	24	0.000113533	8808	1	FALSE	NA	NA	NA	NA	NA	NA
NC_045512.2	18168	T	G	8794	7294	41	1	1	24	0.000113688	8796	1	FALSE	NA	NA	NA	NA	NA	NA
NC_045512.2	18168	T	C	8794	7294	41	1	0	24	0.000113688	8796	1	FALSE	NA	NA	NA	NA	NA	NA
NC_045512.2	18169	G	T	8768	7150	40	6	6	32	0.000683605	8777	0.787994	FALSE	NA	NA	NA	NA	NA	NA
NC_045512.2	18169	G	C	8768	7150	40	3	2	40	0.000341802	8777	0.124872	FALSE	NA	NA	NA	NA	NA	NA
NC_045512.2	18170	G	C	8829	7198	41	1	1	40	0.00011325	8830	0.500028	FALSE	NA	NA	NA	NA	NA	NA
NC_045512.2	18172	A	G	8789	7197	41	2	2	24	0.000227454	8793	1	FALSE	NA	NA	NA	NA	NA	NA
NC_045512.2	18172	A	C	8789	7197	41	2	2	40	0.000227454	8793	0.249957	FALSE	NA	NA	NA	NA	NA	NA
NC_045512.2	18173	T	G	8771	7087	41	2	2	24	0.000227972	8773	1	FALSE	NA	NA	NA	NA	NA	NA
NC_045512.2	18174	A	C	8910	7098	41	1	0	24	0.000112221	8911	1	FALSE	NA	NA	NA	NA	NA	NA
NC_045512.2	18176	C	T	9341	7090	41	1	0	40	0.000107032	9343	0.5	FALSE	NA	NA	NA	NA	NA	NA
NC_045512.2	18176	C	G	9341	7090	41	1	0	40	0.000107032	9343	0.5	FALSE	NA	NA	NA	NA	NA	NA
NC_045512.2	18176	C	-T	9341	7090	41	1	0	20	0.000107032	9343	1	FALSE	NA	NA	NA	NA	NA	NA
NC_045512.2	18177	T	G	9144	6888	41	5	5	24	0.000546448	9150	1	FALSE	NA	NA	NA	NA	NA	NA
NC_045512.2	18177	T	C	9144	6888	41	1	1	40	0.00010929	9150	0.499863	FALSE	NA	NA	NA	NA	NA	NA
NC_045512.2	18178	A	G	8970	6745	41	3	1	61	0.000334299	8974	0.124979	FALSE	NA	NA	NA	NA	NA	NA
NC_045512.2	18178	A	C	8970	6745	41	1	0	24	0.000111433	8974	1	FALSE	NA	NA	NA	NA	NA	NA
NC_045512.2	18181	G	C	2484	183	42	1	0	40	0.000402414	2485	0.500101	FALSE	NA	NA	NA	NA	NA	NA
NC_045512.2	18184	A	G	2485	206	42	1	0	40	0.000402253	2486	0.500101	FALSE	NA	NA	NA	NA	NA	NA
NC_045512.2	18186	G	C	2589	214	42	1	0	40	0.0003861	2590	0.500097	FALSE	NA	NA	NA	NA	NA	NA
NC_045512.2	18187	A	C	2737	218	42	3	0	24	0.00109489	2740	1	FALSE	NA	NA	NA	NA	NA	NA
NC_045512.2	18188	C	G	2701	222	40	2	0	40	0.000739645	2704	0.249954	FALSE	NA	NA	NA	NA	NA	NA
NC_045512.2	18188	C	A	2701	222	40	1	0	24	0.000369822	2704	1	FALSE	NA	NA	NA	NA	NA	NA
NC_045512.2	18189	C	T	2879	224	42	1	1	24	0.000347222	2880	1	FALSE	NA	NA	NA	NA	NA	NA
NC_045512.2	18191	A	C	3156	236	42	1	0	40	0.000316756	3157	0.500079	FALSE	NA	NA	NA	NA	NA	NA
NC_045512.2	18192	T	C	3174	230	42	1	0	24	0.000314961	3175	1	FALSE	NA	NA	NA	NA	NA	NA
NC_045512.2	18193	A	G	3157	234	42	1	1	80	0.000316656	3158	0.500079	FALSE	NA	NA	NA	NA	NA	NA
NC_045512.2	18194	G	A	3181	232	42	1	0	40	0.000314268	3182	0.500079	FALSE	NA	NA	NA	NA	NA	NA
NC_045512.2	18195	A	C	3173	241	42	2	0	24	0.000629921	3175	1	FALSE	NA	NA	NA	NA	NA	NA
NC_045512.2	18198	A	G	3262	254	43	1	0	40	0.000306466	3263	0.500077	FALSE	NA	NA	NA	NA	NA	NA
NC_045512.2	18202	A	C	3266	266	42	4	0	28	0.00122324	3270	1	FALSE	NA	NA	NA	NA	NA	NA
NC_045512.2	18203	T	C	3441	270	42	1	0	40	0.000290529	3442	0.500073	FALSE	NA	NA	NA	NA	NA	NA
NC_045512.2	18206	C	A	3170	310	37	19	0	25	0.00595798	3189	0.968148	FALSE	NA	NA	NA	NA	NA	NA
NC_045512.2	18208	A	G	3466	301	42	1	0	40	0.000288018	3472	0.499712	FALSE	NA	NA	NA	NA	NA	NA
NC_045512.2	18208	A	C	3466	301	42	5	0	24	0.00144009	3472	1	FALSE	NA	NA	NA	NA	NA	NA
NC_045512.2	18211	A	G	3507	306	42	2	0	32	0.000569963	3509	0.812678	FALSE	NA	NA	NA	NA	NA	NA
NC_045512.2	18213	G	T	3571	304	43	2	0	32	0.000559754	3573	0.812675	FALSE	NA	NA	NA	NA	NA	NA
NC_045512.2	18216	T	C	3648	318	43	1	0	24	0.000274048	3649	1	FALSE	NA	NA	NA	NA	NA	NA
NC_045512.2	18220	A	C	3528	329	42	5	0	24	0.00141523	3533	1	FALSE	NA	NA	NA	NA	NA	NA
NC_045512.2	18221	A	C	3631	331	44	1	0	40	0.00027533	3632	0.500069	FALSE	NA	NA	NA	NA	NA	NA
NC_045512.2	18222	A	G	3633	329	44	1	1	52	0.000275103	3635	0.5	FALSE	NA	NA	NA	NA	NA	NA
NC_045512.2	18222	A	C	3633	329	44	1	0	24	0.000275103	3635	1	FALSE	NA	NA	NA	NA	NA	NA
NC_045512.2	18230	A	C	3581	366	43	2	0	24	0.000558191	3583	1	FALSE	NA	NA	NA	NA	NA	NA
NC_045512.2	18234	A	G	3857	387	44	1	0	40	0.000259202	3858	0.500065	FALSE	NA	NA	NA	NA	NA	NA
NC_045512.2	18236	T	C	3893	385	44	1	0	40	0.000256805	3894	0.500064	FALSE	NA	NA	NA	NA	NA	NA
NC_045512.2	18238	A	C	3827	454	45	2	0	24	0.00052233	3829	1	FALSE	NA	NA	NA	NA	NA	NA
NC_045512.2	18239	A	C	3886	468	46	1	0	40	0.000257268	3887	0.500064	FALSE	NA	NA	NA	NA	NA	NA
NC_045512.2	18240	T	C	3963	472	46	1	0	24	0.00025227	3964	1	FALSE	NA	NA	NA	NA	NA	NA
NC_045512.2	18243	T	C	3991	473	46	1	0	80	0.000250501	3992	0.500063	FALSE	NA	NA	NA	NA	NA	NA
NC_045512.2	18245	A	G	3927	500	46	2	0	32	0.000508647	3932	0.81242	FALSE	NA	NA	NA	NA	NA	NA
NC_045512.2	18245	A	C	3927	500	46	3	0	29	0.00076297	3932	1	FALSE	NA	NA	NA	NA	NA	NA
NC_045512.2	18246	C	T	4065	509	45	1	0	40	0.0002457	4070	0.499816	FALSE	NA	NA	NA	NA	NA	NA
NC_045512.2	18246	C	A	4065	509	45	4	0	24	0.000982801	4070	1	FALSE	NA	NA	NA	NA	NA	NA
NC_045512.2	18247	C	A	4158	511	46	1	0	24	0.000240442	4159	1	FALSE	NA	NA	NA	NA	NA	NA
NC_045512.2	18249	T	C	4162	510	46	1	0	40	0.000240211	4163	0.50006	FALSE	NA	NA	NA	NA	NA	NA
NC_045512.2	18250	A	C	4026	527	45	10	0	24	0.0024777	4036	0.999997	FALSE	NA	NA	NA	NA	NA	NA
NC_045512.2	18252	C	T	3698	497	44	331	36	46	0.0819713	4038	1.39015e-103	TRUE	NA	NA	NA	NA	NA	NA
NC_045512.2	18252	C	G	3698	497	44	1	1	32	0.000247647	4038	0.961346	FALSE	NA	NA	NA	NA	NA	NA
NC_045512.2	18252	C	A	3698	497	44	8	0	26	0.00198118	4038	0.999999	FALSE	NA	NA	NA	NA	NA	NA
NC_045512.2	18253	A	G	4153	534	47	1	0	40	0.000240674	4155	0.5	FALSE	NA	NA	NA	NA	NA	NA
NC_045512.2	18253	A	C	4153	534	47	1	0	40	0.000240674	4155	0.5	FALSE	NA	NA	NA	NA	NA	NA
NC_045512.2	18255	G	A	4240	540	47	1	0	24	0.000235793	4241	1	FALSE	NA	NA	NA	NA	NA	NA
NC_045512.2	18256	T	G	4262	548	47	2	1	32	0.000468933	4265	0.890707	FALSE	NA	NA	NA	NA	NA	NA
NC_045512.2	18256	T	C	4262	548	47	1	0	40	0.000234467	4265	0.499941	FALSE	NA	NA	NA	NA	NA	NA
NC_045512.2	18257	T	C	4269	617	48	1	0	40	0.000234192	4270	0.500059	FALSE	NA	NA	NA	NA	NA	NA
NC_045512.2	18259	A	C	4088	659	46	9	0	28	0.00219673	4097	0.999999	FALSE	NA	NA	NA	NA	NA	NA
NC_045512.2	18262	A	T	4177	660	48	1	0	40	0.000239063	4183	0.499761	FALSE	NA	NA	NA	NA	NA	NA
NC_045512.2	18262	A	C	4177	660	48	5	0	24	0.00119531	4183	1	FALSE	NA	NA	NA	NA	NA	NA
NC_045512.2	18263	C	A	3324	719	40	29	0	25	0.00864897	3353	0.738465	FALSE	NA	NA	NA	NA	NA	NA
NC_045512.2	18265	C	T	4263	732	50	1	0	40	0.000234522	4264	0.500059	FALSE	NA	NA	NA	NA	NA	NA
NC_045512.2	18266	G	T	4214	734	50	1	0	24	0.000237248	4215	1	FALSE	NA	NA	NA	NA	NA	NA
NC_045512.2	18267	C	A	4217	737	50	3	0	29	0.0007109	4220	1	FALSE	NA	NA	NA	NA	NA	NA
NC_045512.2	18268	G	C	4229	728	49	1	0	40	0.000236351	4231	0.5	FALSE	NA	NA	NA	NA	NA	NA
NC_045512.2	18268	G	A	4229	728	49	1	0	40	0.000236351	4231	0.5	FALSE	NA	NA	NA	NA	NA	NA
NC_045512.2	18269	A	C	4251	763	51	1	0	24	0.000235183	4252	1	FALSE	NA	NA	NA	NA	NA	NA
NC_045512.2	18270	A	C	4242	763	51	1	0	24	0.000235682	4243	1	FALSE	NA	NA	NA	NA	NA	NA
NC_045512.2	18271	G	T	4240	753	49	1	1	24	0.000235793	4241	1	FALSE	NA	NA	NA	NA	NA	NA
NC_045512.2	18272	A	C	4247	798	51	1	0	24	0.000235405	4248	1	FALSE	NA	NA	NA	NA	NA	NA
NC_045512.2	18273	A	G	4274	801	51	1	0	40	0.000233863	4276	0.5	FALSE	NA	NA	NA	NA	NA	NA
NC_045512.2	18273	A	C	4274	801	51	1	0	24	0.000233863	4276	1	FALSE	NA	NA	NA	NA	NA	NA
NC_045512.2	18276	T	C	4478	825	51	2	0	60	0.000446429	4480	0.250028	FALSE	NA	NA	NA	NA	NA	NA
NC_045512.2	18277	A	C	4415	827	51	2	0	24	0.000452796	4417	1	FALSE	NA	NA	NA	NA	NA	NA
NC_045512.2	18279	A	G	4433	882	52	1	0	40	0.000225378	4437	0.499887	FALSE	NA	NA	NA	NA	NA	NA
NC_045512.2	18279	A	C	4433	882	52	3	0	32	0.000676133	4437	0.77353	FALSE	NA	NA	NA	NA	NA	NA
NC_045512.2	18280	A	C	4480	891	52	2	0	24	0.000446229	4482	1	FALSE	NA	NA	NA	NA	NA	NA
NC_045512.2	18283	C	T	4427	955	52	1	1	80	0.000225683	4431	0.499887	FALSE	NA	NA	NA	NA	NA	NA
NC_045512.2	18283	C	A	4427	955	52	3	0	29	0.000677048	4431	1	FALSE	NA	NA	NA	NA	NA	NA
NC_045512.2	18284	A	C	4439	931	52	3	0	24	0.000675371	4442	1	FALSE	NA	NA	NA	NA	NA	NA
NC_045512.2	18285	T	G	4451	938	52	1	0	24	0.000224618	4452	1	FALSE	NA	NA	NA	NA	NA	NA
NC_045512.2	18288	A	C	4252	1012	50	5	0	24	0.00117454	4257	1	FALSE	NA	NA	NA	NA	NA	NA
NC_045512.2	18289	C	T	4378	1003	52	1	0	40	0.000228363	4379	0.500057	FALSE	NA	NA	NA	NA	NA	NA
NC_045512.2	18290	G	T	4114	943	52	231	57	54	0.0531646	4345	1.28768e-71	TRUE	NA	NA	NA	NA	NA	NA
NC_045512.2	18291	T	C	4396	990	52	1	0	40	0.000227428	4397	0.500057	FALSE	NA	NA	NA	NA	NA	NA
NC_045512.2	18293	C	T	4299	1014	51	1	0	24	0.000232558	4300	1	FALSE	NA	NA	NA	NA	NA	NA
NC_045512.2	18294	A	G	4268	1023	52	1	0	32	0.000234192	4270	0.968787	FALSE	NA	NA	NA	NA	NA	NA
NC_045512.2	18294	A	C	4268	1023	52	1	0	24	0.000234192	4270	1	FALSE	NA	NA	NA	NA	NA	NA
NC_045512.2	18297	G	A	4368	1026	52	1	1	80	0.000228885	4369	0.500057	FALSE	NA	NA	NA	NA	NA	NA
NC_045512.2	18303	C	A	4152	1138	52	1	0	40	0.00024079	4153	0.50006	FALSE	NA	NA	NA	NA	NA	NA
NC_045512.2	18307	G	A	4038	1165	52	1	0	24	0.000247586	4039	1	FALSE	NA	NA	NA	NA	NA	NA
NC_045512.2	18310	G	T	4147	1335	52	1	1	24	0.000240964	4150	1	FALSE	NA	NA	NA	NA	NA	NA
NC_045512.2	18310	G	C	4147	1335	52	2	0	40	0.000481928	4150	0.24997	FALSE	NA	NA	NA	NA	NA	NA
NC_045512.2	18312	C	T	4117	1369	53	1	1	32	0.00024266	4121	0.96875	FALSE	NA	NA	NA	NA	NA	NA
NC_045512.2	18312	C	G	4117	1369	53	2	2	32	0.000485319	4121	0.890653	FALSE	NA	NA	NA	NA	NA	NA
NC_045512.2	18312	C	A	4117	1369	53	1	0	24	0.00024266	4121	1	FALSE	NA	NA	NA	NA	NA	NA
NC_045512.2	18313	G	T	4111	1346	52	1	1	24	0.000242954	4116	1	FALSE	NA	NA	NA	NA	NA	NA
NC_045512.2	18313	G	C	4111	1346	52	2	2	32	0.000485909	4116	0.890597	FALSE	NA	NA	NA	NA	NA	NA
NC_045512.2	18313	G	A	4111	1346	52	2	1	38	0.000485909	4116	0.890597	FALSE	NA	NA	NA	NA	NA	NA
NC_045512.2	18314	A	G	4121	1381	53	2	0	40	0.000484966	4124	0.24997	FALSE	NA	NA	NA	NA	NA	NA
NC_045512.2	18314	A	C	4121	1381	53	1	0	24	0.000242483	4124	1	FALSE	NA	NA	NA	NA	NA	NA
NC_045512.2	18317	G	T	4135	1420	53	2	2	56	0.000483442	4137	0.25003	FALSE	NA	NA	NA	NA	NA	NA
NC_045512.2	18321	T	G	4094	1442	53	1	1	24	0.0002442	4095	1	FALSE	NA	NA	NA	NA	NA	NA
NC_045512.2	18322	C	T	4099	1462	53	1	0	80	0.000243902	4100	0.500061	FALSE	NA	NA	NA	NA	NA	NA
NC_045512.2	18325	G	A	3987	1507	52	1	1	80	0.000250752	3988	0.500063	FALSE	NA	NA	NA	NA	NA	NA
NC_045512.2	18327	T	G	3752	1566	50	1	1	40	0.000266383	3754	0.5	FALSE	NA	NA	NA	NA	NA	NA
NC_045512.2	18327	T	C	3752	1566	50	1	1	24	0.000266383	3754	1	FALSE	NA	NA	NA	NA	NA	NA
NC_045512.2	18328	A	C	3741	1583	50	1	0	24	0.000267237	3742	1	FALSE	NA	NA	NA	NA	NA	NA
NC_045512.2	18329	C	A	3612	1610	48	9	0	25	0.0024855	3621	0.999993	FALSE	NA	NA	NA	NA	NA	NA
NC_045512.2	18332	G	T	3111	986	42	43	43	24	0.0136335	3154	0.0992516	FALSE	NA	NA	NA	NA	NA	NA
NC_045512.2	18333	A	G	3671	1653	50	1	0	24	0.000272257	3673	1	FALSE	NA	NA	NA	NA	NA	NA
NC_045512.2	18333	A	C	3671	1653	50	1	0	24	0.000272257	3673	1	FALSE	NA	NA	NA	NA	NA	NA
NC_045512.2	18335	A	G	3673	1687	51	1	0	40	0.000272183	3674	0.500068	FALSE	NA	NA	NA	NA	NA	NA
NC_045512.2	18341	T	G	3611	2169	49	1	1	24	0.000276855	3612	1	FALSE	NA	NA	NA	NA	NA	NA
NC_045512.2	18344	G	T	3737	2326	50	1	1	40	0.000267523	3738	0.500067	FALSE	NA	NA	NA	NA	NA	NA
NC_045512.2	18345	T	C	3760	2359	50	2	2	40	0.000531632	3762	0.250033	FALSE	NA	NA	NA	NA	NA	NA
NC_045512.2	18346	A	G	3755	2363	50	3	2	34	0.000798297	3758	0.656437	FALSE	NA	NA	NA	NA	NA	NA
NC_045512.2	18347	C	G	3734	2372	50	1	1	40	0.000267738	3735	0.500067	FALSE	NA	NA	NA	NA	NA	NA
NC_045512.2	18348	C	T	3756	2408	50	1	1	80	0.00026617	3757	0.500067	FALSE	NA	NA	NA	NA	NA	NA
NC_045512.2	18350	A	C	3726	2397	50	2	2	32	0.000536481	3728	0.812668	FALSE	NA	NA	NA	NA	NA	NA
NC_045512.2	18353	T	G	3966	2730	51	1	1	24	0.00025208	3967	1	FALSE	NA	NA	NA	NA	NA	NA
NC_045512.2	18354	A	G	3961	2791	50	1	0	64	0.000252398	3962	0.500063	FALSE	NA	NA	NA	NA	NA	NA
NC_045512.2	18358	T	G	4147	3115	50	1	1	40	0.00024108	4148	0.50006	FALSE	NA	NA	NA	NA	NA	NA
NC_045512.2	18359	T	C	4150	3134	50	1	1	64	0.000240906	4151	0.50006	FALSE	NA	NA	NA	NA	NA	NA
NC_045512.2	18362	A	G	4181	3166	50	1	0	64	0.00023912	4182	0.50006	FALSE	NA	NA	NA	NA	NA	NA
NC_045512.2	18368	G	T	4247	3341	51	54	54	37	0.0125523	4302	1.37269e-12	TRUE	NA	NA	NA	NA	NA	NA
NC_045512.2	18368	G	A	4247	3341	51	1	1	40	0.00023245	4302	0.4969	FALSE	NA	NA	NA	NA	NA	NA
NC_045512.2	18368	G	+T	4247	3341	51	955	0	20	0.22199	4302	9.36884e-207	TRUE	NA	NA	NA	NA	NA	NA
NC_045512.2	18370	T	C	4518	3711	52	1	1	40	0.000221288	4519	0.500055	FALSE	NA	NA	NA	NA	NA	NA
NC_045512.2	18371	T	G	4523	3723	52	1	1	24	0.000220994	4525	1	FALSE	NA	NA	NA	NA	NA	NA
NC_045512.2	18371	T	C	4523	3723	52	1	0	64	0.000220994	4525	0.5	FALSE	NA	NA	NA	NA	NA	NA
NC_045512.2	18371	T	+G	4523	3723	52	1	0	20	0.000220994	4525	1	FALSE	NA	NA	NA	NA	NA	NA
NC_045512.2	18373	T	G	4527	3720	52	1	1	24	0.000220751	4530	1	FALSE	NA	NA	NA	NA	NA	NA
NC_045512.2	18373	T	C	4527	3720	52	2	1	80	0.000441501	4530	0.249972	FALSE	NA	NA	NA	NA	NA	NA
NC_045512.2	18373	T	+G	4527	3720	52	1	0	20	0.000220751	4530	1	FALSE	NA	NA	NA	NA	NA	NA
NC_045512.2	18374	C	T	4540	3737	52	1	0	32	0.000220216	4541	0.968802	FALSE	NA	NA	NA	NA	NA	NA
NC_045512.2	18376	A	G	4531	3733	52	1	1	40	0.000220604	4533	0.5	FALSE	NA	NA	NA	NA	NA	NA
NC_045512.2	18376	A	C	4531	3733	52	1	0	24	0.000220604	4533	1	FALSE	NA	NA	NA	NA	NA	NA
NC_045512.2	18377	C	T	4528	3740	50	1	1	80	0.000220799	4529	0.500055	FALSE	NA	NA	NA	NA	NA	NA
NC_045512.2	18379	G	T	4517	3713	52	2	2	24	0.000442576	4519	1	FALSE	NA	NA	NA	NA	NA	NA
NC_045512.2	18380	G	T	4477	3652	50	1	1	40	0.000223314	4478	0.500056	FALSE	NA	NA	NA	NA	NA	NA
NC_045512.2	18381	T	G	4519	3707	52	1	1	24	0.000221239	4520	1	FALSE	NA	NA	NA	NA	NA	NA
NC_045512.2	18383	T	G	4492	3681	52	1	1	24	0.000222568	4493	1	FALSE	NA	NA	NA	NA	NA	NA
NC_045512.2	18384	T	C	4501	3708	52	1	1	40	0.000222124	4502	0.500056	FALSE	NA	NA	NA	NA	NA	NA
NC_045512.2	18385	A	G	4527	3810	51	1	1	40	0.000220848	4528	0.500055	FALSE	NA	NA	NA	NA	NA	NA
NC_045512.2	18389	T	G	4318	3628	51	1	1	40	0.000231481	4320	0.5	FALSE	NA	NA	NA	NA	NA	NA
NC_045512.2	18389	T	A	4318	3628	51	1	1	64	0.000231481	4320	0.5	FALSE	NA	NA	NA	NA	NA	NA
NC_045512.2	18391	G	A	4316	3653	51	1	0	80	0.000231642	4317	0.500058	FALSE	NA	NA	NA	NA	NA	NA
NC_045512.2	18392	T	G	4302	3643	50	1	1	24	0.000232396	4303	1	FALSE	NA	NA	NA	NA	NA	NA
NC_045512.2	18394	G	T	4316	3657	51	1	1	40	0.000231642	4317	0.500058	FALSE	NA	NA	NA	NA	NA	NA
NC_045512.2	18396	T	C	4238	3672	49	2	2	40	0.000471698	4240	0.250029	FALSE	NA	NA	NA	NA	NA	NA
NC_045512.2	18397	G	A	4268	3704	49	1	1	40	0.000234247	4269	0.500059	FALSE	NA	NA	NA	NA	NA	NA
NC_045512.2	18402	T	G	4214	3651	48	1	1	24	0.000237192	4216	1	FALSE	NA	NA	NA	NA	NA	NA
NC_045512.2	18402	T	C	4214	3651	48	1	1	40	0.000237192	4216	0.5	FALSE	NA	NA	NA	NA	NA	NA
NC_045512.2	18403	A	G	4230	3671	49	2	2	24	0.00047259	4232	1	FALSE	NA	NA	NA	NA	NA	NA
NC_045512.2	18404	C	T	4225	3676	49	1	1	40	0.000236574	4227	0.5	FALSE	NA	NA	NA	NA	NA	NA
NC_045512.2	18404	C	A	4225	3676	49	1	1	40	0.000236574	4227	0.5	FALSE	NA	NA	NA	NA	NA	NA
NC_045512.2	18405	A	C	4219	3670	49	1	0	32	0.000236967	4220	0.968806	FALSE	NA	NA	NA	NA	NA	NA
NC_045512.2	18407	G	T	4135	3612	47	1	1	24	0.000241779	4136	1	FALSE	NA	NA	NA	NA	NA	NA
NC_045512.2	18408	T	C	4008	3493	49	3	3	40	0.000747943	4011	0.125	FALSE	NA	NA	NA	NA	NA	NA
NC_045512.2	18412	G	C	3989	3475	49	1	1	24	0.000250627	3990	1	FALSE	NA	NA	NA	NA	NA	NA
NC_045512.2	18413	T	G	3931	3414	48	3	3	24	0.000762389	3935	1	FALSE	NA	NA	NA	NA	NA	NA
NC_045512.2	18413	T	C	3931	3414	48	1	1	40	0.00025413	3935	0.499873	FALSE	NA	NA	NA	NA	NA	NA
NC_045512.2	18416	A	G	3793	3292	49	1	1	24	0.000263574	3794	1	FALSE	NA	NA	NA	NA	NA	NA
NC_045512.2	18417	T	G	3759	3258	48	1	1	24	0.000265957	3760	1	FALSE	NA	NA	NA	NA	NA	NA
NC_045512.2	18418	A	G	3797	3301	49	4	4	34	0.00105235	3801	0.500144	FALSE	NA	NA	NA	NA	NA	NA
NC_045512.2	18420	A	G	3726	3236	49	1	0	80	0.000268312	3727	0.500067	FALSE	NA	NA	NA	NA	NA	NA
NC_045512.2	18421	C	G	3717	3225	49	1	1	40	0.000268962	3718	0.500067	FALSE	NA	NA	NA	NA	NA	NA
NC_045512.2	18425	A	G	3649	3222	48	1	1	40	0.000273898	3651	0.5	FALSE	NA	NA	NA	NA	NA	NA
NC_045512.2	18425	A	C	3649	3222	48	1	0	32	0.000273898	3651	0.937551	FALSE	NA	NA	NA	NA	NA	NA
NC_045512.2	18426	T	G	3625	3235	47	1	1	40	0.000275786	3626	0.500069	FALSE	NA	NA	NA	NA	NA	NA
NC_045512.2	18427	A	G	3634	3249	47	1	1	24	0.000275103	3635	1	FALSE	NA	NA	NA	NA	NA	NA
NC_045512.2	18428	A	G	3621	3236	47	1	1	40	0.000276091	3622	0.500069	FALSE	NA	NA	NA	NA	NA	NA
NC_045512.2	18429	T	G	3597	3217	47	1	1	24	0.000277855	3599	1	FALSE	NA	NA	NA	NA	NA	NA
NC_045512.2	18429	T	C	3597	3217	47	1	1	40	0.000277855	3599	0.5	FALSE	NA	NA	NA	NA	NA	NA
NC_045512.2	18430	A	G	3499	3124	47	1	1	24	0.000285714	3500	1	FALSE	NA	NA	NA	NA	NA	NA
NC_045512.2	18431	C	G	3498	3153	46	1	1	24	0.000285796	3499	1	FALSE	NA	NA	NA	NA	NA	NA
NC_045512.2	18432	A	G	3399	3061	46	1	1	40	0.000294118	3400	0.500074	FALSE	NA	NA	NA	NA	NA	NA
NC_045512.2	18434	A	G	3388	3065	46	2	2	32	0.000589971	3390	0.812684	FALSE	NA	NA	NA	NA	NA	NA
NC_045512.2	18434	A	-T	3388	3065	46	1	0	20	0.000294985	3390	1	FALSE	NA	NA	NA	NA	NA	NA
NC_045512.2	18435	T	G	3348	3027	45	1	1	24	0.000298597	3349	1	FALSE	NA	NA	NA	NA	NA	NA
NC_045512.2	18437	T	C	3343	3031	46	1	1	40	0.000299043	3344	0.500075	FALSE	NA	NA	NA	NA	NA	NA
NC_045512.2	18443	G	T	3298	3016	44	1	1	24	0.000303122	3299	1	FALSE	NA	NA	NA	NA	NA	NA
NC_045512.2	18444	A	G	3336	3054	45	1	1	40	0.000299491	3339	0.499925	FALSE	NA	NA	NA	NA	NA	NA
NC_045512.2	18444	A	C	3336	3054	45	2	2	40	0.000598982	3339	0.249963	FALSE	NA	NA	NA	NA	NA	NA
NC_045512.2	18447	T	C	3297	3022	45	1	1	40	0.000303214	3298	0.500076	FALSE	NA	NA	NA	NA	NA	NA
NC_045512.2	18452	C	G	3284	3026	45	2	2	32	0.000608643	3286	0.81269	FALSE	NA	NA	NA	NA	NA	NA
NC_045512.2	18453	T	G	3180	2924	44	1	1	24	0.000314367	3181	1	FALSE	NA	NA	NA	NA	NA	NA
NC_045512.2	18454	A	G	3174	2917	45	2	2	40	0.000629525	3177	0.249961	FALSE	NA	NA	NA	NA	NA	NA
NC_045512.2	18454	A	C	3174	2917	45	1	1	24	0.000314762	3177	1	FALSE	NA	NA	NA	NA	NA	NA
NC_045512.2	18460	C	A	2925	2710	44	1	1	24	0.000341763	2926	1	FALSE	NA	NA	NA	NA	NA	NA
NC_045512.2	18461	C	T	2902	2688	44	1	1	40	0.000344471	2903	0.500086	FALSE	NA	NA	NA	NA	NA	NA
NC_045512.2	18465	T	G	2835	2630	44	1	1	24	0.000352609	2836	1	FALSE	NA	NA	NA	NA	NA	NA
NC_045512.2	18466	G	T	2780	2577	42	2	2	24	0.000718907	2782	1	FALSE	NA	NA	NA	NA	NA	NA
NC_045512.2	18467	G	T	2211	2003	33	4	4	28	0.00180587	2215	0.999958	FALSE	NA	NA	NA	NA	NA	NA
NC_045512.2	18474	A	-T	2782	2613	43	1	0	20	0.000359454	2782	1	FALSE	NA	NA	NA	NA	NA	NA
NC_045512.2	18475	T	G	2761	2597	43	1	1	24	0.000362056	2762	1	FALSE	NA	NA	NA	NA	NA	NA
NC_045512.2	18476	T	C	2763	2603	43	1	1	40	0.000361795	2764	0.50009	FALSE	NA	NA	NA	NA	NA	NA
NC_045512.2	18477	T	G	2746	2595	41	1	1	40	0.000364033	2747	0.500091	FALSE	NA	NA	NA	NA	NA	NA
NC_045512.2	18479	A	G	2744	2600	43	1	1	40	0.000364299	2745	0.500091	FALSE	NA	NA	NA	NA	NA	NA
NC_045512.2	18480	A	G	2743	2599	42	1	1	40	0.000364431	2744	0.500091	FALSE	NA	NA	NA	NA	NA	NA
NC_045512.2	18485	T	C	2565	2438	42	1	1	40	0.000389712	2566	0.500097	FALSE	NA	NA	NA	NA	NA	NA
NC_045512.2	18488	T	C	16910	3245	40	1	0	40	5.91331e-05	16911	0.750022	FALSE	NA	NA	NA	NA	NA	NA
NC_045512.2	18489	A	C	16813	3276	40	5	0	24	0.000297301	16818	1	FALSE	NA	NA	NA	NA	NA	NA
NC_045512.2	18490	C	T	17460	3279	40	1	0	40	5.72672e-05	17462	0.750007	FALSE	NA	NA	NA	NA	NA	NA
NC_045512.2	18490	C	G	17460	3279	40	1	1	40	5.72672e-05	17462	0.750007	FALSE	NA	NA	NA	NA	NA	NA
NC_045512.2	18491	C	T	17294	3130	40	1	0	40	5.78168e-05	17296	0.750007	FALSE	NA	NA	NA	NA	NA	NA
NC_045512.2	18491	C	G	17294	3130	40	1	0	24	5.78168e-05	17296	1	FALSE	NA	NA	NA	NA	NA	NA
NC_045512.2	18492	A	G	1	0	40	17023	2756	39	0.99953	17031	0	TRUE	NA	NA	NA	NA	NA	NA
NC_045512.2	18492	A	C	1	0	40	7	0	35	0.000411015	17031	3.34929e-20	TRUE	NA	NA	NA	NA	NA	NA
NC_045512.2	18493	C	T	20736	2772	40	1	0	24	4.8216e-05	20740	1	FALSE	NA	NA	NA	NA	NA	NA
NC_045512.2	18493	C	G	20736	2772	40	2	2	32	9.6432e-05	20740	0.999995	FALSE	NA	NA	NA	NA	NA	NA
NC_045512.2	18493	C	A	20736	2772	40	1	0	40	4.8216e-05	20740	0.874991	FALSE	NA	NA	NA	NA	NA	NA
NC_045512.2	18494	T	G	20655	2734	40	3	0	34	0.000145124	20672	0.999967	FALSE	NA	NA	NA	NA	NA	NA
NC_045512.2	18494	T	C	20655	2734	40	14	1	34	0.000677245	20672	0.885301	FALSE	NA	NA	NA	NA	NA	NA
NC_045512.2	18495	T	G	20702	2691	40	3	2	34	0.000144851	20711	0.999967	FALSE	NA	NA	NA	NA	NA	NA
NC_045512.2	18495	T	C	20702	2691	40	6	0	37	0.000289701	20711	0.998756	FALSE	NA	NA	NA	NA	NA	NA
NC_045512.2	18496	A	G	20494	2739	39	4	0	28	0.000194827	20531	1	FALSE	NA	NA	NA	NA	NA	NA
NC_045512.2	18496	A	C	20494	2739	39	33	0	32	0.00160733	20531	0.0490229	FALSE	NA	NA	NA	NA	NA	NA
NC_045512.2	18497	T	G	20887	2764	40	4	2	28	0.000191452	20893	1	FALSE	NA	NA	NA	NA	NA	NA
NC_045512.2	18497	T	C	20887	2764	40	1	0	24	4.78629e-05	20893	1	FALSE	NA	NA	NA	NA	NA	NA
NC_045512.2	18497	T	A	20887	2764	40	1	0	40	4.78629e-05	20893	0.874973	FALSE	NA	NA	NA	NA	NA	NA
NC_045512.2	18498	G	C	23305	2842	40	2	0	24	8.58074e-05	23308	1	FALSE	NA	NA	NA	NA	NA	NA
NC_045512.2	18498	G	A	23305	2842	40	1	0	40	4.29037e-05	23308	0.875	FALSE	NA	NA	NA	NA	NA	NA
NC_045512.2	18500	A	G	23546	2816	40	2	0	40	8.49257e-05	23550	0.687492	FALSE	NA	NA	NA	NA	NA	NA
NC_045512.2	18500	A	C	23546	2816	40	2	0	24	8.49257e-05	23550	1	FALSE	NA	NA	NA	NA	NA	NA
NC_045512.2	18501	C	T	23798	2835	40	1	0	40	4.20186e-05	23799	0.875016	FALSE	NA	NA	NA	NA	NA	NA
NC_045512.2	18502	A	G	21896	1154	40	1	0	24	4.56621e-05	21900	1	FALSE	NA	NA	NA	NA	NA	NA
NC_045512.2	18502	A	C	21896	1154	40	3	0	34	0.000136986	21900	0.999982	FALSE	NA	NA	NA	NA	NA	NA
NC_045512.2	18503	A	T	22190	1165	40	1	0	40	4.5039e-05	22203	0.874916	FALSE	NA	NA	NA	NA	NA	NA
NC_045512.2	18503	A	G	22190	1165	40	3	0	29	0.000135117	22203	1	FALSE	NA	NA	NA	NA	NA	NA
NC_045512.2	18503	A	C	22190	1165	40	9	0	31	0.000405351	22203	0.994671	FALSE	NA	NA	NA	NA	NA	NA
NC_045512.2	18504	A	G	22239	1160	40	8	1	32	0.000359486	22254	0.99739	FALSE	NA	NA	NA	NA	NA	NA
NC_045512.2	18504	A	C	22239	1160	40	7	0	30	0.00031455	22254	0.998843	FALSE	NA	NA	NA	NA	NA	NA
NC_045512.2	18505	G	A	22861	1170	40	2	0	24	8.74776e-05	22863	1	FALSE	NA	NA	NA	NA	NA	NA
NC_045512.2	18506	G	T	22813	1180	40	5	0	36	0.000219029	22828	0.999845	FALSE	NA	NA	NA	NA	NA	NA
NC_045512.2	18506	G	C	22813	1180	40	9	0	32	0.000394253	22828	0.994667	FALSE	NA	NA	NA	NA	NA	NA
NC_045512.2	18506	G	A	22813	1180	40	1	0	24	4.38059e-05	22828	1	FALSE	NA	NA	NA	NA	NA	NA
NC_045512.2	18507	A	G	22874	1237	40	2	0	32	8.74202e-05	22878	0.999999	FALSE	NA	NA	NA	NA	NA	NA
NC_045512.2	18507	A	C	22874	1237	40	2	0	40	8.74202e-05	22878	0.687492	FALSE	NA	NA	NA	NA	NA	NA
NC_045512.2	18509	T	G	23162	1273	41	1	0	40	4.31555e-05	23172	0.874943	FALSE	NA	NA	NA	NA	NA	NA
NC_045512.2	18509	T	C	23162	1273	41	7	0	40	0.000302089	23172	0.0898013	FALSE	NA	NA	NA	NA	NA	NA
NC_045512.2	18509	T	A	23162	1273	41	2	1	40	8.63111e-05	23172	0.687395	FALSE	NA	NA	NA	NA	NA	NA
NC_045512.2	18510	T	C	24210	1305	41	1	0	40	4.13035e-05	24211	0.875015	FALSE	NA	NA	NA	NA	NA	NA
NC_045512.2	18511	C	T	23924	1351	38	1	0	24	4.17397e-05	23958	1	FALSE	NA	NA	NA	NA	NA	NA
NC_045512.2	18511	C	G	23924	1351	38	5	0	33	0.000208699	23958	0.999909	FALSE	NA	NA	NA	NA	NA	NA
NC_045512.2	18511	C	A	23924	1351	38	28	0	25	0.00116871	23958	1	FALSE	NA	NA	NA	NA	NA	NA
NC_045512.2	18513	T	C	25178	1607	42	5	0	33	0.000198547	25183	0.99997	FALSE	NA	NA	NA	NA	NA	NA
NC_045512.2	18514	T	G	25199	1784	42	1	0	24	3.96762e-05	25204	1	FALSE	NA	NA	NA	NA	NA	NA
NC_045512.2	18514	T	C	25199	1784	42	4	0	30	0.000158705	25204	0.999992	FALSE	NA	NA	NA	NA	NA	NA
NC_045512.2	18515	G	T	27093	1853	42	2	0	32	7.38089e-05	27097	1	FALSE	NA	NA	NA	NA	NA	NA
NC_045512.2	18515	G	A	27093	1853	42	2	0	32	7.38089e-05	27097	1	FALSE	NA	NA	NA	NA	NA	NA
NC_045512.2	18516	G	T	27258	1889	42	2	1	52	7.33649e-05	27261	0.249995	FALSE	NA	NA	NA	NA	NA	NA
NC_045512.2	18516	G	C	27258	1889	42	1	0	40	3.66824e-05	27261	0.875	FALSE	NA	NA	NA	NA	NA	NA
NC_045512.2	18517	A	G	27219	1916	42	6	0	32	0.000220337	27231	0.999967	FALSE	NA	NA	NA	NA	NA	NA
NC_045512.2	18517	A	C	27219	1916	42	6	1	26	0.000220337	27231	1	FALSE	NA	NA	NA	NA	NA	NA
NC_045512.2	18518	A	G	27608	1965	42	3	0	48	0.000108633	27616	0.499932	FALSE	NA	NA	NA	NA	NA	NA
NC_045512.2	18518	A	C	27608	1965	42	5	0	24	0.000181054	27616	1	FALSE	NA	NA	NA	NA	NA	NA
NC_045512.2	18519	T	G	27724	1976	42	1	0	24	3.60659e-05	27727	1	FALSE	NA	NA	NA	NA	NA	NA
NC_045512.2	18519	T	C	27724	1976	42	2	0	32	7.21319e-05	27727	1	FALSE	NA	NA	NA	NA	NA	NA
NC_045512.2	18520	G	A	28126	1984	42	4	0	39	0.000142197	28130	0.999999	FALSE	NA	NA	NA	NA	NA	NA
NC_045512.2	18521	T	G	28161	2090	43	1	0	40	3.55051e-05	28165	0.874993	FALSE	NA	NA	NA	NA	NA	NA
NC_045512.2	18521	T	C	28161	2090	43	3	0	40	0.000106515	28165	0.5	FALSE	NA	NA	NA	NA	NA	NA
NC_045512.2	18522	A	T	27867	2095	42	1	0	40	3.5868e-05	27880	0.874933	FALSE	NA	NA	NA	NA	NA	NA
NC_045512.2	18522	A	G	27867	2095	42	2	0	60	7.1736e-05	27880	0.249906	FALSE	NA	NA	NA	NA	NA	NA
NC_045512.2	18522	A	C	27867	2095	42	10	0	30	0.00035868	27880	0.998722	FALSE	NA	NA	NA	NA	NA	NA
NC_045512.2	18523	G	T	28231	2104	43	2	0	32	7.08366e-05	28234	1	FALSE	NA	NA	NA	NA	NA	NA
NC_045512.2	18523	G	C	28231	2104	43	1	0	40	3.54183e-05	28234	0.875	FALSE	NA	NA	NA	NA	NA	NA
NC_045512.2	18524	T	G	28262	2230	43	1	0	40	3.53719e-05	28271	0.87496	FALSE	NA	NA	NA	NA	NA	NA
NC_045512.2	18524	T	C	28262	2230	43	7	0	35	0.000247604	28271	0.999942	FALSE	NA	NA	NA	NA	NA	NA
NC_045512.2	18524	T	A	28262	2230	43	1	0	40	3.53719e-05	28271	0.87496	FALSE	NA	NA	NA	NA	NA	NA
NC_045512.2	18525	G	C	28555	2247	43	1	0	40	3.50177e-05	28557	0.875007	FALSE	NA	NA	NA	NA	NA	NA
NC_045512.2	18525	G	A	28555	2247	43	1	0	40	3.50177e-05	28557	0.875007	FALSE	NA	NA	NA	NA	NA	NA
NC_045512.2	18526	C	T	28428	2429	41	2	0	32	7.03457e-05	28431	1	FALSE	NA	NA	NA	NA	NA	NA
NC_045512.2	18526	C	G	28428	2429	41	1	0	40	3.51729e-05	28431	0.875	FALSE	NA	NA	NA	NA	NA	NA
NC_045512.2	18527	G	C	29672	2479	42	5	0	27	0.000168469	29679	1	FALSE	NA	NA	NA	NA	NA	NA
NC_045512.2	18527	G	A	29672	2479	42	2	0	32	6.73877e-05	29679	1	FALSE	NA	NA	NA	NA	NA	NA
NC_045512.2	18528	T	G	30907	2568	43	6	0	26	0.000194062	30918	1	FALSE	NA	NA	NA	NA	NA	NA
NC_045512.2	18528	T	C	30907	2568	43	4	0	32	0.000129374	30918	1	FALSE	NA	NA	NA	NA	NA	NA
NC_045512.2	18528	T	A	30907	2568	43	1	0	24	3.23436e-05	30918	1	FALSE	NA	NA	NA	NA	NA	NA
NC_045512.2	18529	A	T	29815	2592	41	1	0	40	3.34762e-05	29872	0.87466	FALSE	NA	NA	NA	NA	NA	NA
NC_045512.2	18529	A	G	29815	2592	41	1	0	40	3.34762e-05	29872	0.87466	FALSE	NA	NA	NA	NA	NA	NA
NC_045512.2	18529	A	C	29815	2592	41	55	0	24	0.00184119	29872	1	FALSE	NA	NA	NA	NA	NA	NA
NC_045512.2	18530	T	C	30822	2562	42	2	0	24	6.48845e-05	30824	1	FALSE	NA	NA	NA	NA	NA	NA
NC_045512.2	18531	A	G	29990	2604	42	1	0	40	3.33089e-05	30022	0.937381	FALSE	NA	NA	NA	NA	NA	NA
NC_045512.2	18531	A	C	29990	2604	42	31	0	25	0.00103258	30022	1	FALSE	NA	NA	NA	NA	NA	NA
NC_045512.2	18532	A	T	30932	2627	43	1	0	40	3.23258e-05	30935	0.937502	FALSE	NA	NA	NA	NA	NA	NA
NC_045512.2	18532	A	G	30932	2627	43	1	0	24	3.23258e-05	30935	1	FALSE	NA	NA	NA	NA	NA	NA
NC_045512.2	18532	A	C	30932	2627	43	1	0	24	3.23258e-05	30935	1	FALSE	NA	NA	NA	NA	NA	NA
NC_045512.2	18533	A	G	31576	2648	43	1	0	24	3.16666e-05	31579	1	FALSE	NA	NA	NA	NA	NA	NA
NC_045512.2	18533	A	C	31576	2648	43	2	0	24	6.33332e-05	31579	1	FALSE	NA	NA	NA	NA	NA	NA
NC_045512.2	18534	G	T	31466	2645	43	1	0	24	3.17773e-05	31469	1	FALSE	NA	NA	NA	NA	NA	NA
NC_045512.2	18534	G	A	31466	2645	43	2	0	24	6.35546e-05	31469	1	FALSE	NA	NA	NA	NA	NA	NA
NC_045512.2	18535	A	G	31289	2672	42	4	1	32	0.000127816	31295	1	FALSE	NA	NA	NA	NA	NA	NA
NC_045512.2	18535	A	C	31289	2672	42	2	1	32	6.3908e-05	31295	1	FALSE	NA	NA	NA	NA	NA	NA
NC_045512.2	18536	T	C	31529	2680	43	5	0	44	0.000158559	31534	0.36329	FALSE	NA	NA	NA	NA	NA	NA
NC_045512.2	18537	T	C	31889	2772	44	17	2	48	0.000532815	31906	0.00128682	TRUE	NA	NA	NA	NA	NA	NA
NC_045512.2	18538	G	T	32625	2826	43	2	0	24	6.12914e-05	32631	1	FALSE	NA	NA	NA	NA	NA	NA
NC_045512.2	18538	G	C	32625	2826	43	2	0	40	6.12914e-05	32631	0.812481	FALSE	NA	NA	NA	NA	NA	NA
NC_045512.2	18538	G	A	32625	2826	43	2	0	24	6.12914e-05	32631	1	FALSE	NA	NA	NA	NA	NA	NA
NC_045512.2	18539	T	G	33003	2855	44	3	0	29	9.0876e-05	33012	1	FALSE	NA	NA	NA	NA	NA	NA
NC_045512.2	18539	T	C	33003	2855	44	6	0	34	0.000181752	33012	0.999999	FALSE	NA	NA	NA	NA	NA	NA
NC_045512.2	18540	A	T	30915	2897	41	1	0	24	3.22529e-05	31005	1	FALSE	NA	NA	NA	NA	NA	NA
NC_045512.2	18540	A	G	30915	2897	41	5	2	49	0.000161264	31005	0.36179	FALSE	NA	NA	NA	NA	NA	NA
NC_045512.2	18540	A	C	30915	2897	41	84	0	26	0.00270924	31005	1	FALSE	NA	NA	NA	NA	NA	NA
NC_045512.2	18541	C	A	32971	2871	44	2	0	32	6.06557e-05	32973	1	FALSE	NA	NA	NA	NA	NA	NA
NC_045512.2	18541	C	+A	32971	2871	44	2	0	20	6.06557e-05	32973	1	FALSE	NA	NA	NA	NA	NA	NA
NC_045512.2	18542	A	T	31715	2905	42	1	0	40	3.14971e-05	31749	0.93738	FALSE	NA	NA	NA	NA	NA	NA
NC_045512.2	18542	A	G	31715	2905	42	3	0	40	9.44912e-05	31749	0.655814	FALSE	NA	NA	NA	NA	NA	NA
NC_045512.2	18542	A	C	31715	2905	42	30	0	25	0.000944912	31749	1	FALSE	NA	NA	NA	NA	NA	NA
NC_045512.2	18543	A	G	33172	2957	44	3	0	40	9.04214e-05	33178	0.656229	FALSE	NA	NA	NA	NA	NA	NA
NC_045512.2	18543	A	C	33172	2957	44	3	0	29	9.04214e-05	33178	1	FALSE	NA	NA	NA	NA	NA	NA
NC_045512.2	18544	A	C	33438	2990	44	10	0	28	0.000298972	33448	1	FALSE	NA	NA	NA	NA	NA	NA
NC_045512.2	18545	T	C	33719	3189	44	3	0	29	8.89627e-05	33722	1	FALSE	NA	NA	NA	NA	NA	NA
NC_045512.2	18546	G	T	33979	3201	44	1	0	24	2.94282e-05	33981	1	FALSE	NA	NA	NA	NA	NA	NA
NC_045512.2	18546	G	C	33979	3201	44	1	0	24	2.94282e-05	33981	1	FALSE	NA	NA	NA	NA	NA	NA
NC_045512.2	18547	T	G	34240	3206	44	1	0	24	2.91996e-05	34247	1	FALSE	NA	NA	NA	NA	NA	NA
NC_045512.2	18547	T	C	34240	3206	44	6	0	41	0.000175198	34247	0.253892	FALSE	NA	NA	NA	NA	NA	NA
NC_045512.2	18548	T	C	34264	3212	44	1	0	40	2.91843e-05	34265	0.937509	FALSE	NA	NA	NA	NA	NA	NA
NC_045512.2	18549	A	T	32577	3258	42	1	0	40	3.06401e-05	32637	0.937283	FALSE	NA	NA	NA	NA	NA	NA
NC_045512.2	18549	A	G	32577	3258	42	5	0	30	0.0001532	32637	0.999999	FALSE	NA	NA	NA	NA	NA	NA
NC_045512.2	18549	A	C	32577	3258	42	54	0	27	0.00165456	32637	1	FALSE	NA	NA	NA	NA	NA	NA
NC_045512.2	18550	A	T	34129	3241	44	1	1	80	2.92946e-05	34136	0.499963	FALSE	NA	NA	NA	NA	NA	NA
NC_045512.2	18550	A	C	34129	3241	44	6	0	24	0.000175768	34136	1	FALSE	NA	NA	NA	NA	NA	NA
NC_045512.2	18551	G	T	34291	3116	43	5	5	27	0.000145785	34297	1	FALSE	NA	NA	NA	NA	NA	NA
NC_045512.2	18551	G	C	34291	3116	43	1	0	40	2.91571e-05	34297	0.937491	FALSE	NA	NA	NA	NA	NA	NA
NC_045512.2	18552	T	C	34804	3262	44	3	0	29	8.61896e-05	34807	1	FALSE	NA	NA	NA	NA	NA	NA
NC_045512.2	18553	G	T	34569	3239	44	1	1	24	2.89235e-05	34574	1	FALSE	NA	NA	NA	NA	NA	NA
NC_045512.2	18553	G	C	34569	3239	44	1	0	40	2.89235e-05	34574	0.937495	FALSE	NA	NA	NA	NA	NA	NA
NC_045512.2	18553	G	A	34569	3239	44	3	1	42	8.67704e-05	34574	0.656243	FALSE	NA	NA	NA	NA	NA	NA
NC_045512.2	18554	A	G	34374	3320	44	4	0	36	0.00011634	34382	1	FALSE	NA	NA	NA	NA	NA	NA
NC_045512.2	18554	A	C	34374	3320	44	4	0	36	0.00011634	34382	1	FALSE	NA	NA	NA	NA	NA	NA
NC_045512.2	18555	C	T	33395	3679	43	4	2	70	0.000119614	33441	0.0623412	FALSE	NA	NA	NA	NA	NA	NA
NC_045512.2	18555	C	G	33395	3679	43	1	0	24	2.99034e-05	33441	1	FALSE	NA	NA	NA	NA	NA	NA
NC_045512.2	18555	C	A	33395	3679	43	41	0	25	0.00122604	33441	1	FALSE	NA	NA	NA	NA	NA	NA
NC_045512.2	18556	A	C	34330	3701	45	9	0	27	0.000262093	34339	1	FALSE	NA	NA	NA	NA	NA	NA
NC_045512.2	18557	C	G	34682	3750	45	1	0	40	2.88234e-05	34694	0.937469	FALSE	NA	NA	NA	NA	NA	NA
NC_045512.2	18557	C	A	34682	3750	45	11	0	28	0.000317058	34694	1	FALSE	NA	NA	NA	NA	NA	NA
NC_045512.2	18558	A	G	34326	3775	45	3	0	40	8.73362e-05	34350	0.655984	FALSE	NA	NA	NA	NA	NA	NA
NC_045512.2	18558	A	C	34326	3775	45	21	0	25	0.000611354	34350	1	FALSE	NA	NA	NA	NA	NA	NA
NC_045512.2	18558	A	-C	34326	3775	45	1	0	20	2.91121e-05	34350	1	FALSE	NA	NA	NA	NA	NA	NA
NC_045512.2	18559	C	T	37329	3841	45	1	0	40	2.67874e-05	37331	0.937505	FALSE	NA	NA	NA	NA	NA	NA
NC_045512.2	18559	C	A	37329	3841	45	1	0	24	2.67874e-05	37331	1	FALSE	NA	NA	NA	NA	NA	NA
NC_045512.2	18559	C	-T	37329	3841	45	1	0	20	2.67874e-05	37331	1	FALSE	NA	NA	NA	NA	NA	NA
NC_045512.2	18560	T	C	37104	3851	45	1	1	80	2.69498e-05	37106	0.499993	FALSE	NA	NA	NA	NA	NA	NA
NC_045512.2	18560	T	A	37104	3851	45	1	0	40	2.69498e-05	37106	0.937502	FALSE	NA	NA	NA	NA	NA	NA
NC_045512.2	18561	T	C	37324	3836	45	1	0	40	2.6791e-05	37326	0.937505	FALSE	NA	NA	NA	NA	NA	NA
NC_045512.2	18561	T	A	37324	3836	45	1	0	40	2.6791e-05	37326	0.937505	FALSE	NA	NA	NA	NA	NA	NA
NC_045512.2	18561	T	-A	37324	3836	45	4989	0	20	0.13366	37326	0	TRUE	NA	NA	NA	NA	NA	NA
NC_045512.2	18561	T	+A	37324	3836	45	1	0	20	2.6791e-05	37326	1	FALSE	NA	NA	NA	NA	NA	NA
NC_045512.2	18562	A	T	30482	3457	43	12	1	42	0.000392503	30573	0.0084302	TRUE	NA	NA	NA	NA	NA	NA
NC_045512.2	18562	A	G	30482	3457	43	2	0	40	6.54172e-05	30573	0.763221	FALSE	NA	NA	NA	NA	NA	NA
NC_045512.2	18562	A	C	30482	3457	43	77	0	26	0.00251856	30573	1	FALSE	NA	NA	NA	NA	NA	NA
NC_045512.2	18563	A	G	36871	4155	45	2	1	60	5.42226e-05	36885	0.249922	FALSE	NA	NA	NA	NA	NA	NA
NC_045512.2	18563	A	C	36871	4155	45	12	0	25	0.000325336	36885	1	FALSE	NA	NA	NA	NA	NA	NA
NC_045512.2	18564	A	G	37220	4464	46	5	1	40	0.000134315	37226	0.363274	FALSE	NA	NA	NA	NA	NA	NA
NC_045512.2	18564	A	C	37220	4464	46	1	0	40	2.68629e-05	37226	0.937492	FALSE	NA	NA	NA	NA	NA	NA
NC_045512.2	18565	A	T	37253	4603	47	1	0	40	2.68392e-05	37259	0.937492	FALSE	NA	NA	NA	NA	NA	NA
NC_045512.2	18565	A	C	37253	4603	47	5	1	41	0.000134196	37259	0.363274	FALSE	NA	NA	NA	NA	NA	NA
NC_045512.2	18566	A	G	37293	4617	47	1	1	52	2.6814e-05	37294	0.500007	FALSE	NA	NA	NA	NA	NA	NA
NC_045512.2	18567	T	C	37209	4603	46	3	0	48	8.06192e-05	37212	0.656269	FALSE	NA	NA	NA	NA	NA	NA
NC_045512.2	18568	C	T	37495	4638	46	4	0	24	0.00010667	37499	1	FALSE	NA	NA	NA	NA	NA	NA
NC_045512.2	18569	T	C	37783	4660	47	3	0	24	7.93945e-05	37786	1	FALSE	NA	NA	NA	NA	NA	NA
NC_045512.2	18570	C	A	36768	4725	44	40	0	26	0.00108672	36808	1	FALSE	NA	NA	NA	NA	NA	NA
NC_045512.2	18571	T	C	38160	4714	47	2	0	32	5.24082e-05	38162	1	FALSE	NA	NA	NA	NA	NA	NA
NC_045512.2	18572	C	G	34893	4817	43	4	0	36	0.000114041	35075	1	FALSE	NA	NA	NA	NA	NA	NA
NC_045512.2	18572	C	A	34893	4817	43	178	0	26	0.00507484	35075	1	FALSE	NA	NA	NA	NA	NA	NA
NC_045512.2	18573	T	G	38202	4744	46	1	0	24	2.61732e-05	38207	1	FALSE	NA	NA	NA	NA	NA	NA
NC_045512.2	18573	T	C	38202	4744	46	4	0	32	0.000104693	38207	1	FALSE	NA	NA	NA	NA	NA	NA
NC_045512.2	18573	T	-G	38202	4744	46	1	0	20	2.61732e-05	38207	1	FALSE	NA	NA	NA	NA	NA	NA
NC_045512.2	18574	G	T	38117	4737	46	1	0	24	2.62329e-05	38120	1	FALSE	NA	NA	NA	NA	NA	NA
NC_045512.2	18574	G	C	38117	4737	46	2	0	24	5.24659e-05	38120	1	FALSE	NA	NA	NA	NA	NA	NA
NC_045512.2	18575	A	G	38256	4770	47	4	0	36	0.000104534	38265	1	FALSE	NA	NA	NA	NA	NA	NA
NC_045512.2	18575	A	C	38256	4770	47	5	0	24	0.000130668	38265	1	FALSE	NA	NA	NA	NA	NA	NA
NC_045512.2	18576	C	T	36668	4802	45	2	1	60	5.44603e-05	36724	0.249636	FALSE	NA	NA	NA	NA	NA	NA
NC_045512.2	18576	C	A	36668	4802	45	54	0	26	0.00147043	36724	1	FALSE	NA	NA	NA	NA	NA	NA
NC_045512.2	18577	A	G	38098	4781	46	1	0	80	2.62453e-05	38102	0.499987	FALSE	NA	NA	NA	NA	NA	NA
NC_045512.2	18577	A	C	38098	4781	46	3	0	29	7.8736e-05	38102	1	FALSE	NA	NA	NA	NA	NA	NA
NC_045512.2	18578	G	T	38683	4781	46	1	1	80	2.58491e-05	38686	0.499994	FALSE	NA	NA	NA	NA	NA	NA
NC_045512.2	18578	G	A	38683	4781	46	2	0	32	5.16983e-05	38686	1	FALSE	NA	NA	NA	NA	NA	NA
NC_045512.2	18579	A	G	38447	4977	46	3	0	29	7.80153e-05	38454	1	FALSE	NA	NA	NA	NA	NA	NA
NC_045512.2	18579	A	C	38447	4977	46	4	0	28	0.00010402	38454	1	FALSE	NA	NA	NA	NA	NA	NA
NC_045512.2	18581	T	G	39167	5009	47	1	0	40	2.55252e-05	39177	0.937479	FALSE	NA	NA	NA	NA	NA	NA
NC_045512.2	18581	T	C	39167	5009	47	8	1	38	0.000204201	39177	0.999999	FALSE	NA	NA	NA	NA	NA	NA
NC_045512.2	18581	T	A	39167	5009	47	1	0	80	2.55252e-05	39177	0.499949	FALSE	NA	NA	NA	NA	NA	NA
NC_045512.2	18582	C	T	38513	5033	46	2	1	60	5.19009e-05	38535	0.249873	FALSE	NA	NA	NA	NA	NA	NA
NC_045512.2	18582	C	A	38513	5033	46	20	0	25	0.000519009	38535	1	FALSE	NA	NA	NA	NA	NA	NA
NC_045512.2	18583	G	T	40039	5064	47	1	0	40	2.49738e-05	40042	0.968752	FALSE	NA	NA	NA	NA	NA	NA
NC_045512.2	18583	G	A	40039	5064	47	2	0	52	4.99476e-05	40042	0.249997	FALSE	NA	NA	NA	NA	NA	NA
NC_045512.2	18584	T	C	40068	5298	47	3	1	40	7.48671e-05	40071	0.773458	FALSE	NA	NA	NA	NA	NA	NA
NC_045512.2	18585	A	C	39691	5326	47	10	0	25	0.000251883	39701	1	FALSE	NA	NA	NA	NA	NA	NA
NC_045512.2	18585	A	+T	39691	5326	47	2	0	20	5.03766e-05	39701	1	FALSE	NA	NA	NA	NA	NA	NA
NC_045512.2	18586	T	G	39983	5449	47	3	0	34	7.50169e-05	39991	1	FALSE	NA	NA	NA	NA	NA	NA
NC_045512.2	18586	T	C	39983	5449	47	5	2	38	0.000125028	39991	1	FALSE	NA	NA	NA	NA	NA	NA
NC_045512.2	18587	T	C	40532	5448	48	3	1	40	7.40101e-05	40535	0.773458	FALSE	NA	NA	NA	NA	NA	NA
NC_045512.2	18588	T	C	40572	5465	48	6	1	41	0.000147863	40578	0.376961	FALSE	NA	NA	NA	NA	NA	NA
NC_045512.2	18589	G	T	40215	5452	47	3	0	24	7.45879e-05	40221	1	FALSE	NA	NA	NA	NA	NA	NA
NC_045512.2	18589	G	C	40215	5452	47	2	0	32	4.97253e-05	40221	1	FALSE	NA	NA	NA	NA	NA	NA
NC_045512.2	18589	G	A	40215	5452	47	1	0	24	2.48626e-05	40221	1	FALSE	NA	NA	NA	NA	NA	NA
NC_045512.2	18590	T	G	40721	5437	47	2	1	32	4.91051e-05	40729	1	FALSE	NA	NA	NA	NA	NA	NA
NC_045512.2	18590	T	C	40721	5437	47	5	0	41	0.000122763	40729	0.49997	FALSE	NA	NA	NA	NA	NA	NA
NC_045512.2	18590	T	A	40721	5437	47	1	0	40	2.45525e-05	40729	0.968742	FALSE	NA	NA	NA	NA	NA	NA
NC_045512.2	18591	C	T	40597	5583	48	2	1	80	4.92574e-05	40603	0.249978	FALSE	NA	NA	NA	NA	NA	NA
NC_045512.2	18591	C	A	40597	5583	48	4	0	28	9.85149e-05	40603	1	FALSE	NA	NA	NA	NA	NA	NA
NC_045512.2	18592	T	C	40606	5526	48	3	0	40	7.38752e-05	40609	0.773458	FALSE	NA	NA	NA	NA	NA	NA
NC_045512.2	18593	T	G	40865	5528	48	3	1	24	7.34053e-05	40869	1	FALSE	NA	NA	NA	NA	NA	NA
NC_045512.2	18593	T	A	40865	5528	48	1	0	40	2.44684e-05	40869	0.96875	FALSE	NA	NA	NA	NA	NA	NA
NC_045512.2	18594	A	G	38838	5592	46	4	0	32	0.000102796	38912	1	FALSE	NA	NA	NA	NA	NA	NA
NC_045512.2	18594	A	C	38838	5592	46	70	0	26	0.00179893	38912	1	FALSE	NA	NA	NA	NA	NA	NA
NC_045512.2	18595	T	G	40645	5528	48	2	0	32	4.92017e-05	40649	1	FALSE	NA	NA	NA	NA	NA	NA
NC_045512.2	18595	T	C	40645	5528	48	2	0	32	4.92017e-05	40649	1	FALSE	NA	NA	NA	NA	NA	NA
NC_045512.2	18595	T	-G	40645	5528	48	1	0	20	2.46009e-05	40649	1	FALSE	NA	NA	NA	NA	NA	NA
NC_045512.2	18596	G	T	40594	5539	48	1	0	24	2.46305e-05	40600	1	FALSE	NA	NA	NA	NA	NA	NA
NC_045512.2	18596	G	C	40594	5539	48	2	0	40	4.92611e-05	40600	0.890611	FALSE	NA	NA	NA	NA	NA	NA
NC_045512.2	18596	G	A	40594	5539	48	3	1	66	7.38916e-05	40600	0.124982	FALSE	NA	NA	NA	NA	NA	NA
NC_045512.2	18597	G	T	40873	5430	47	5	3	27	0.000122306	40881	1	FALSE	NA	NA	NA	NA	NA	NA
NC_045512.2	18597	G	C	40873	5430	47	1	0	24	2.44612e-05	40881	1	FALSE	NA	NA	NA	NA	NA	NA
NC_045512.2	18597	G	A	40873	5430	47	2	2	80	4.89225e-05	40881	0.249966	FALSE	NA	NA	NA	NA	NA	NA
NC_045512.2	18598	G	T	41423	5674	48	2	0	40	4.82742e-05	41430	0.890611	FALSE	NA	NA	NA	NA	NA	NA
NC_045512.2	18598	G	C	41423	5674	48	1	0	40	2.41371e-05	41430	0.968744	FALSE	NA	NA	NA	NA	NA	NA
NC_045512.2	18598	G	A	41423	5674	48	4	1	46	9.65484e-05	41430	0.636699	FALSE	NA	NA	NA	NA	NA	NA
NC_045512.2	18599	C	T	41369	5667	48	1	0	40	2.41715e-05	41371	0.968754	FALSE	NA	NA	NA	NA	NA	NA
NC_045512.2	18599	C	A	41369	5667	48	1	0	40	2.41715e-05	41371	0.968754	FALSE	NA	NA	NA	NA	NA	NA
NC_045512.2	18600	A	G	39738	5681	47	5	0	39	0.000125717	39772	1	FALSE	NA	NA	NA	NA	NA	NA
NC_045512.2	18600	A	C	39738	5681	47	29	0	26	0.000729156	39772	1	FALSE	NA	NA	NA	NA	NA	NA
NC_045512.2	18602	A	G	40562	5947	48	2	1	40	4.92829e-05	40582	0.890535	FALSE	NA	NA	NA	NA	NA	NA
NC_045512.2	18602	A	C	40562	5947	48	18	0	25	0.000443546	40582	1	FALSE	NA	NA	NA	NA	NA	NA
NC_045512.2	18603	T	G	41017	5926	49	1	0	24	2.43778e-05	41021	1	FALSE	NA	NA	NA	NA	NA	NA
NC_045512.2	18603	T	C	41017	5926	49	3	0	29	7.31333e-05	41021	1	FALSE	NA	NA	NA	NA	NA	NA
NC_045512.2	18604	G	T	41282	5926	48	2	0	40	4.84414e-05	41287	0.890622	FALSE	NA	NA	NA	NA	NA	NA
NC_045512.2	18604	G	C	41282	5926	48	1	0	40	2.42207e-05	41287	0.968748	FALSE	NA	NA	NA	NA	NA	NA
NC_045512.2	18604	G	A	41282	5926	48	2	0	40	4.84414e-05	41287	0.890622	FALSE	NA	NA	NA	NA	NA	NA
NC_045512.2	18606	C	T	41725	6689	49	1	0	40	2.39573e-05	41741	0.968728	FALSE	NA	NA	NA	NA	NA	NA
NC_045512.2	18606	C	A	41725	6689	49	15	0	26	0.000359359	41741	1	FALSE	NA	NA	NA	NA	NA	NA
NC_045512.2	18607	T	G	42128	6547	50	1	0	24	2.37321e-05	42137	1	FALSE	NA	NA	NA	NA	NA	NA
NC_045512.2	18607	T	C	42128	6547	50	8	1	42	0.000189857	42137	0.19383	FALSE	NA	NA	NA	NA	NA	NA
NC_045512.2	18608	T	G	42305	6538	50	2	1	32	4.7269e-05	42311	1	FALSE	NA	NA	NA	NA	NA	NA
NC_045512.2	18608	T	C	42305	6538	50	4	0	32	9.45381e-05	42311	1	FALSE	NA	NA	NA	NA	NA	NA
NC_045512.2	18609	T	G	42330	6550	50	1	0	24	2.36222e-05	42333	1	FALSE	NA	NA	NA	NA	NA	NA
NC_045512.2	18609	T	C	42330	6550	50	2	1	80	4.72445e-05	42333	0.249997	FALSE	NA	NA	NA	NA	NA	NA
NC_045512.2	18610	G	T	42265	6551	49	3	2	29	7.0974e-05	42269	1	FALSE	NA	NA	NA	NA	NA	NA
NC_045512.2	18610	G	A	42265	6551	49	1	0	24	2.3658e-05	42269	1	FALSE	NA	NA	NA	NA	NA	NA
NC_045512.2	18611	A	G	42284	6604	50	4	2	70	9.45761e-05	42294	0.0624808	FALSE	NA	NA	NA	NA	NA	NA
NC_045512.2	18611	A	C	42284	6604	50	6	0	32	0.000141864	42294	1	FALSE	NA	NA	NA	NA	NA	NA
NC_045512.2	18612	G	C	42697	6609	50	2	0	32	4.68362e-05	42702	1	FALSE	NA	NA	NA	NA	NA	NA
NC_045512.2	18612	G	A	42697	6609	50	3	0	53	7.02543e-05	42702	0.124991	FALSE	NA	NA	NA	NA	NA	NA
NC_045512.2	18613	T	C	42766	6594	49	17	4	49	0.000397354	42783	0.00359586	TRUE	NA	NA	NA	NA	NA	NA
NC_045512.2	18614	T	G	42493	6748	51	2	2	24	4.70588e-05	42500	1	FALSE	NA	NA	NA	NA	NA	NA
NC_045512.2	18614	T	C	42493	6748	51	5	0	39	0.000117647	42500	1	FALSE	NA	NA	NA	NA	NA	NA
NC_045512.2	18615	G	T	42227	6767	50	3	0	26	7.10379e-05	42231	1	FALSE	NA	NA	NA	NA	NA	NA
NC_045512.2	18615	G	A	42227	6767	50	1	0	40	2.36793e-05	42231	0.96875	FALSE	NA	NA	NA	NA	NA	NA
NC_045512.2	18616	A	G	42240	6790	50	4	0	40	9.46768e-05	42249	0.636673	FALSE	NA	NA	NA	NA	NA	NA
NC_045512.2	18616	A	C	42240	6790	50	5	0	30	0.000118346	42249	1	FALSE	NA	NA	NA	NA	NA	NA
NC_045512.2	18617	C	T	41672	6858	49	2	0	60	4.79386e-05	41720	0.249727	FALSE	NA	NA	NA	NA	NA	NA
NC_045512.2	18617	C	A	41672	6858	49	46	0	26	0.00110259	41720	1	FALSE	NA	NA	NA	NA	NA	NA
NC_045512.2	18618	A	G	42184	6812	50	3	0	32	7.10715e-05	42211	1	FALSE	NA	NA	NA	NA	NA	NA
NC_045512.2	18618	A	C	42184	6812	50	24	0	27	0.000568572	42211	1	FALSE	NA	NA	NA	NA	NA	NA
NC_045512.2	18619	T	G	42474	6811	50	1	0	40	2.35422e-05	42477	0.968752	FALSE	NA	NA	NA	NA	NA	NA
NC_045512.2	18619	T	C	42474	6811	50	2	0	32	4.70843e-05	42477	1	FALSE	NA	NA	NA	NA	NA	NA
NC_045512.2	18621	T	G	42467	6867	51	1	1	24	2.35455e-05	42471	1	FALSE	NA	NA	NA	NA	NA	NA
NC_045512.2	18621	T	C	42467	6867	51	2	0	52	4.7091e-05	42471	0.249991	FALSE	NA	NA	NA	NA	NA	NA
NC_045512.2	18621	T	A	42467	6867	51	1	1	48	2.35455e-05	42471	0.96875	FALSE	NA	NA	NA	NA	NA	NA
NC_045512.2	18622	A	G	40414	7053	47	2	1	52	4.93961e-05	40489	0.249552	FALSE	NA	NA	NA	NA	NA	NA
NC_045512.2	18622	A	C	40414	7053	47	73	0	25	0.00180296	40489	1	FALSE	NA	NA	NA	NA	NA	NA
NC_045512.2	18623	T	G	42366	7005	50	2	0	40	4.71976e-05	42375	0.8906	FALSE	NA	NA	NA	NA	NA	NA
NC_045512.2	18623	T	C	42366	7005	50	6	0	37	0.000141593	42375	1	FALSE	NA	NA	NA	NA	NA	NA
NC_045512.2	18623	T	A	42366	7005	50	1	0	24	2.35988e-05	42375	1	FALSE	NA	NA	NA	NA	NA	NA
NC_045512.2	18624	G	T	41720	6837	48	14	11	30	0.00033545	41735	0.999943	FALSE	NA	NA	NA	NA	NA	NA
NC_045512.2	18624	G	A	41720	6837	48	1	0	24	2.39607e-05	41735	1	FALSE	NA	NA	NA	NA	NA	NA
NC_045512.2	18625	A	G	41001	8043	51	4	0	50	9.75419e-05	41008	0.0624893	FALSE	NA	NA	NA	NA	NA	NA
NC_045512.2	18625	A	C	41001	8043	51	3	0	29	7.31565e-05	41008	1	FALSE	NA	NA	NA	NA	NA	NA
NC_045512.2	18626	A	G	40321	8062	49	3	2	46	7.43845e-05	40331	0.773387	FALSE	NA	NA	NA	NA	NA	NA
NC_045512.2	18626	A	C	40321	8062	49	7	0	26	0.000173564	40331	1	FALSE	NA	NA	NA	NA	NA	NA
NC_045512.2	18627	G	C	40527	8063	50	1	0	24	2.46725e-05	40531	1	FALSE	NA	NA	NA	NA	NA	NA
NC_045512.2	18627	G	A	40527	8063	50	3	1	48	7.40174e-05	40531	0.773448	FALSE	NA	NA	NA	NA	NA	NA
NC_045512.2	18628	T	C	40753	8200	51	2	1	44	4.90737e-05	40755	0.890639	FALSE	NA	NA	NA	NA	NA	NA
NC_045512.2	18629	A	G	39729	8236	50	3	1	34	7.54489e-05	39762	1	FALSE	NA	NA	NA	NA	NA	NA
NC_045512.2	18629	A	C	39729	8236	50	30	0	27	0.000754489	39762	1	FALSE	NA	NA	NA	NA	NA	NA
NC_045512.2	18630	T	G	40370	8313	51	1	0	24	2.47684e-05	40374	1	FALSE	NA	NA	NA	NA	NA	NA
NC_045512.2	18630	T	C	40370	8313	51	3	0	48	7.43052e-05	40374	0.773448	FALSE	NA	NA	NA	NA	NA	NA
NC_045512.2	18631	T	G	40354	8256	51	3	2	32	7.43329e-05	40359	1	FALSE	NA	NA	NA	NA	NA	NA
NC_045512.2	18631	T	C	40354	8256	51	2	0	40	4.95552e-05	40359	0.890622	FALSE	NA	NA	NA	NA	NA	NA
NC_045512.2	18632	T	G	40303	8446	52	1	1	32	2.48077e-05	40310	1	FALSE	NA	NA	NA	NA	NA	NA
NC_045512.2	18632	T	C	40303	8446	52	6	2	44	0.000148846	40310	0.376945	FALSE	NA	NA	NA	NA	NA	NA
NC_045512.2	18633	T	G	39480	8734	50	1	1	24	2.53241e-05	39488	1	FALSE	NA	NA	NA	NA	NA	NA
NC_045512.2	18633	T	C	39480	8734	50	7	0	37	0.000177269	39488	1	FALSE	NA	NA	NA	NA	NA	NA
NC_045512.2	18634	G	T	35769	9565	47	20	19	26	0.000558784	35792	1	FALSE	NA	NA	NA	NA	NA	NA
NC_045512.2	18634	G	C	35769	9565	47	3	0	40	8.38176e-05	35792	0.656008	FALSE	NA	NA	NA	NA	NA	NA
NC_045512.2	18634	G	-T	35769	9565	47	1	0	20	2.79392e-05	35792	1	FALSE	NA	NA	NA	NA	NA	NA
NC_045512.2	18635	T	G	36032	9982	50	4	4	34	0.000110982	36042	1	FALSE	NA	NA	NA	NA	NA	NA
NC_045512.2	18635	T	C	36032	9982	50	5	1	32	0.000138727	36042	1	FALSE	NA	NA	NA	NA	NA	NA
NC_045512.2	18635	T	A	36032	9982	50	1	1	40	2.77454e-05	36042	0.937474	FALSE	NA	NA	NA	NA	NA	NA
NC_045512.2	18636	G	T	35737	10132	49	2	0	24	5.59566e-05	35742	1	FALSE	NA	NA	NA	NA	NA	NA
NC_045512.2	18636	G	C	35737	10132	49	3	2	40	8.39349e-05	35742	0.656243	FALSE	NA	NA	NA	NA	NA	NA
NC_045512.2	18637	A	G	35409	10188	49	2	1	40	5.64748e-05	35414	0.812491	FALSE	NA	NA	NA	NA	NA	NA
NC_045512.2	18637	A	C	35409	10188	49	3	1	32	8.47123e-05	35414	1	FALSE	NA	NA	NA	NA	NA	NA
NC_045512.2	18638	A	T	35757	10846	50	1	1	40	2.79572e-05	35769	0.93747	FALSE	NA	NA	NA	NA	NA	NA
NC_045512.2	18638	A	G	35757	10846	50	4	2	40	0.000111829	35769	0.499893	FALSE	NA	NA	NA	NA	NA	NA
NC_045512.2	18638	A	C	35757	10846	50	7	0	26	0.0001957	35769	1	FALSE	NA	NA	NA	NA	NA	NA
NC_045512.2	18639	A	G	36062	10902	50	3	2	34	8.31762e-05	36068	1	FALSE	NA	NA	NA	NA	NA	NA
NC_045512.2	18639	A	C	36062	10902	50	3	0	32	8.31762e-05	36068	1	FALSE	NA	NA	NA	NA	NA	NA
NC_045512.2	18640	A	T	36186	11107	50	1	1	80	2.76297e-05	36193	0.499965	FALSE	NA	NA	NA	NA	NA	NA
NC_045512.2	18640	A	G	36186	11107	50	3	1	32	8.2889e-05	36193	1	FALSE	NA	NA	NA	NA	NA	NA
NC_045512.2	18640	A	C	36186	11107	50	3	0	29	8.2889e-05	36193	1	FALSE	NA	NA	NA	NA	NA	NA
NC_045512.2	18641	T	G	36015	11311	50	1	1	24	2.77639e-05	36018	1	FALSE	NA	NA	NA	NA	NA	NA
NC_045512.2	18641	T	C	36015	11311	50	2	1	32	5.55278e-05	36018	1	FALSE	NA	NA	NA	NA	NA	NA
NC_045512.2	18642	A	G	35788	11409	50	6	4	42	0.000167574	35805	0.253755	FALSE	NA	NA	NA	NA	NA	NA
NC_045512.2	18642	A	C	35788	11409	50	11	0	28	0.00030722	35805	1	FALSE	NA	NA	NA	NA	NA	NA
NC_045512.2	18643	G	T	35999	11470	50	4	0	40	0.000111086	36008	0.499939	FALSE	NA	NA	NA	NA	NA	NA
NC_045512.2	18643	G	A	35999	11470	50	5	0	48	0.000138858	36008	0.363228	FALSE	NA	NA	NA	NA	NA	NA
NC_045512.2	18644	G	T	34474	12190	49	1	1	24	2.90048e-05	34477	1	FALSE	NA	NA	NA	NA	NA	NA
NC_045512.2	18644	G	A	34474	12190	49	2	0	40	5.80097e-05	34477	0.812509	FALSE	NA	NA	NA	NA	NA	NA
NC_045512.2	18645	A	G	34163	12312	49	7	5	37	0.000204846	34172	0.999998	FALSE	NA	NA	NA	NA	NA	NA
NC_045512.2	18645	A	C	34163	12312	49	2	0	32	5.85274e-05	34172	1	FALSE	NA	NA	NA	NA	NA	NA
NC_045512.2	18646	C	G	34000	12506	49	1	1	24	2.94074e-05	34005	1	FALSE	NA	NA	NA	NA	NA	NA
NC_045512.2	18646	C	A	34000	12506	49	4	0	28	0.00011763	34005	1	FALSE	NA	NA	NA	NA	NA	NA
NC_045512.2	18647	C	T	32855	12931	49	1	1	40	3.04358e-05	32856	0.93751	FALSE	NA	NA	NA	NA	NA	NA
NC_045512.2	18648	T	G	32584	12750	48	4	3	24	0.00012273	32592	1	FALSE	NA	NA	NA	NA	NA	NA
NC_045512.2	18648	T	C	32584	12750	48	4	1	60	0.00012273	32592	0.0624827	FALSE	NA	NA	NA	NA	NA	NA
NC_045512.2	18649	G	T	32779	12805	48	1	1	24	3.05027e-05	32784	1	FALSE	NA	NA	NA	NA	NA	NA
NC_045512.2	18649	G	C	32779	12805	48	1	1	24	3.05027e-05	32784	1	FALSE	NA	NA	NA	NA	NA	NA
NC_045512.2	18649	G	A	32779	12805	48	3	0	34	9.15081e-05	32784	1	FALSE	NA	NA	NA	NA	NA	NA
NC_045512.2	18650	A	G	33010	13215	49	3	2	42	9.08678e-05	33015	0.656243	FALSE	NA	NA	NA	NA	NA	NA
NC_045512.2	18650	A	C	33010	13215	49	2	0	32	6.05785e-05	33015	1	FALSE	NA	NA	NA	NA	NA	NA
NC_045512.2	18651	G	T	32888	13215	48	2	2	24	6.08014e-05	32894	1	FALSE	NA	NA	NA	NA	NA	NA
NC_045512.2	18651	G	C	32888	13215	48	4	2	40	0.000121603	32894	0.499983	FALSE	NA	NA	NA	NA	NA	NA
NC_045512.2	18652	C	T	32863	13331	48	3	0	40	9.1277e-05	32867	0.656257	FALSE	NA	NA	NA	NA	NA	NA
NC_045512.2	18652	C	A	32863	13331	48	1	1	24	3.04257e-05	32867	1	FALSE	NA	NA	NA	NA	NA	NA
NC_045512.2	18653	G	C	32704	13198	48	1	1	80	3.05633e-05	32719	0.499901	FALSE	NA	NA	NA	NA	NA	NA
NC_045512.2	18653	G	A	32704	13198	48	14	8	56	0.000427886	32719	6.09503e-05	TRUE	NA	NA	NA	NA	NA	NA
NC_045512.2	18654	C	T	34483	14826	50	1	1	40	2.8999e-05	34484	0.937509	FALSE	NA	NA	NA	NA	NA	NA
NC_045512.2	18655	A	G	34194	14874	49	3	3	29	8.77013e-05	34207	1	FALSE	NA	NA	NA	NA	NA	NA
NC_045512.2	18655	A	C	34194	14874	49	10	0	26	0.000292338	34207	1	FALSE	NA	NA	NA	NA	NA	NA
NC_045512.2	18656	C	T	34749	14995	49	2	1	80	5.75523e-05	34751	0.250004	FALSE	NA	NA	NA	NA	NA	NA
NC_045512.2	18657	C	T	25122	11040	49	9146	4113	49	0.266873	34271	0	TRUE	NA	NA	NA	NA	NA	NA
NC_045512.2	18657	C	G	25122	11040	49	2	1	40	5.83584e-05	34271	0.701633	FALSE	NA	NA	NA	NA	NA	NA
NC_045512.2	18657	C	A	25122	11040	49	1	0	24	2.91792e-05	34271	1	FALSE	NA	NA	NA	NA	NA	NA
NC_045512.2	18658	T	G	34113	14996	49	2	2	32	5.86132e-05	34122	1	FALSE	NA	NA	NA	NA	NA	NA
NC_045512.2	18658	T	C	34113	14996	49	7	1	45	0.000205146	34122	0.171845	FALSE	NA	NA	NA	NA	NA	NA
NC_045512.2	18659	G	T	34149	15028	49	2	2	24	5.85617e-05	34152	1	FALSE	NA	NA	NA	NA	NA	NA
NC_045512.2	18659	G	A	34149	15028	49	1	1	40	2.92809e-05	34152	0.937502	FALSE	NA	NA	NA	NA	NA	NA
NC_045512.2	18659	G	-T	34149	15028	49	1	0	20	2.92809e-05	34152	1	FALSE	NA	NA	NA	NA	NA	NA
NC_045512.2	18660	T	C	34252	15173	49	4	3	43	0.000116764	34257	0.499984	FALSE	NA	NA	NA	NA	NA	NA
NC_045512.2	18660	T	A	34252	15173	49	1	0	36	2.91911e-05	34257	1	FALSE	NA	NA	NA	NA	NA	NA
NC_045512.2	18661	T	G	34160	15307	49	4	4	28	0.000117065	34169	1	FALSE	NA	NA	NA	NA	NA	NA
NC_045512.2	18661	T	C	34160	15307	49	5	2	38	0.000146331	34169	1	FALSE	NA	NA	NA	NA	NA	NA
NC_045512.2	18662	G	T	33955	15473	49	7	7	26	0.000206113	33962	1	FALSE	NA	NA	NA	NA	NA	NA
NC_045512.2	18663	T	G	33265	14952	49	3	2	32	9.01551e-05	33276	1	FALSE	NA	NA	NA	NA	NA	NA
NC_045512.2	18663	T	C	33265	14952	49	7	4	35	0.000210362	33276	0.999996	FALSE	NA	NA	NA	NA	NA	NA
NC_045512.2	18663	T	A	33265	14952	49	1	1	40	3.00517e-05	33276	0.937472	FALSE	NA	NA	NA	NA	NA	NA
NC_045512.2	18664	C	T	33370	16813	49	1	0	24	2.99652e-05	33372	1	FALSE	NA	NA	NA	NA	NA	NA
NC_045512.2	18664	C	A	33370	16813	49	1	1	40	2.99652e-05	33372	0.937506	FALSE	NA	NA	NA	NA	NA	NA
NC_045512.2	18665	T	G	32806	16340	49	5	4	27	0.00015236	32817	1	FALSE	NA	NA	NA	NA	NA	NA
NC_045512.2	18665	T	C	32806	16340	49	6	2	42	0.000182832	32817	0.253831	FALSE	NA	NA	NA	NA	NA	NA
NC_045512.2	18666	A	C	32920	16485	48	3	0	24	9.11217e-05	32923	1	FALSE	NA	NA	NA	NA	NA	NA
NC_045512.2	18667	T	G	32887	16493	49	5	4	25	0.000151985	32898	1	FALSE	NA	NA	NA	NA	NA	NA
NC_045512.2	18667	T	C	32887	16493	49	5	0	30	0.000151985	32898	0.999999	FALSE	NA	NA	NA	NA	NA	NA
NC_045512.2	18667	T	A	32887	16493	49	1	1	40	3.0397e-05	32898	0.937471	FALSE	NA	NA	NA	NA	NA	NA
NC_045512.2	18668	G	T	31990	15264	45	68	68	26	0.00212116	32058	1	FALSE	NA	NA	NA	NA	NA	NA
NC_045512.2	18669	T	G	33865	17673	49	4	4	28	0.000118099	33870	1	FALSE	NA	NA	NA	NA	NA	NA
NC_045512.2	18669	T	A	33865	17673	49	1	1	40	2.95247e-05	33870	0.937494	FALSE	NA	NA	NA	NA	NA	NA
NC_045512.2	18670	G	A	33969	17809	49	1	0	64	2.94377e-05	33970	0.500007	FALSE	NA	NA	NA	NA	NA	NA
NC_045512.2	18671	A	C	33581	17822	49	2	0	24	5.95539e-05	33583	1	FALSE	NA	NA	NA	NA	NA	NA
NC_045512.2	18672	T	G	33564	17803	49	2	2	24	5.95752e-05	33571	1	FALSE	NA	NA	NA	NA	NA	NA
NC_045512.2	18672	T	C	33564	17803	49	5	3	30	0.000148938	33571	1	FALSE	NA	NA	NA	NA	NA	NA
NC_045512.2	18673	A	G	33490	17813	49	4	3	56	0.000119421	33495	0.0624944	FALSE	NA	NA	NA	NA	NA	NA
NC_045512.2	18673	A	C	33490	17813	49	1	0	24	2.98552e-05	33495	1	FALSE	NA	NA	NA	NA	NA	NA
NC_045512.2	18674	G	T	33520	17804	49	1	1	40	2.9832e-05	33521	0.937509	FALSE	NA	NA	NA	NA	NA	NA
NC_045512.2	18675	A	G	35443	20814	51	2	0	40	5.64239e-05	35446	0.812509	FALSE	NA	NA	NA	NA	NA	NA
NC_045512.2	18675	A	C	35443	20814	51	1	0	24	2.82119e-05	35446	1	FALSE	NA	NA	NA	NA	NA	NA
NC_045512.2	18676	C	T	35298	21048	51	4	1	32	0.000113292	35307	1	FALSE	NA	NA	NA	NA	NA	NA
NC_045512.2	18676	C	G	35298	21048	51	2	2	32	5.6646e-05	35307	1	FALSE	NA	NA	NA	NA	NA	NA
NC_045512.2	18676	C	A	35298	21048	51	3	0	29	8.4969e-05	35307	1	FALSE	NA	NA	NA	NA	NA	NA
NC_045512.2	18677	G	C	34965	20757	51	1	0	40	2.85992e-05	34966	0.937509	FALSE	NA	NA	NA	NA	NA	NA
NC_045512.2	18678	T	G	34316	20840	50	3	3	29	8.74024e-05	34324	1	FALSE	NA	NA	NA	NA	NA	NA
NC_045512.2	18678	T	C	34316	20840	50	5	4	48	0.000145671	34324	0.363241	FALSE	NA	NA	NA	NA	NA	NA
NC_045512.2	18679	G	T	34130	21207	50	3	3	24	8.78838e-05	34136	1	FALSE	NA	NA	NA	NA	NA	NA
NC_045512.2	18679	G	C	34130	21207	50	1	0	40	2.92946e-05	34136	0.937491	FALSE	NA	NA	NA	NA	NA	NA
NC_045512.2	18679	G	A	34130	21207	50	2	1	52	5.85892e-05	34136	0.249974	FALSE	NA	NA	NA	NA	NA	NA
NC_045512.2	18679	G	-C	34130	21207	50	1	0	20	2.92946e-05	34136	1	FALSE	NA	NA	NA	NA	NA	NA
NC_045512.2	18680	C	T	35016	22397	50	1	1	40	2.85576e-05	35017	0.937505	FALSE	NA	NA	NA	NA	NA	NA
NC_045512.2	18681	C	T	34717	22455	49	1	1	40	2.87944e-05	34729	0.937469	FALSE	NA	NA	NA	NA	NA	NA
NC_045512.2	18681	C	A	34717	22455	49	11	0	24	0.000316738	34729	1	FALSE	NA	NA	NA	NA	NA	NA
NC_045512.2	18682	A	T	34999	22406	50	2	1	60	5.71298e-05	35008	0.249954	FALSE	NA	NA	NA	NA	NA	NA
NC_045512.2	18682	A	G	34999	22406	50	5	3	41	0.000142824	35008	0.363227	FALSE	NA	NA	NA	NA	NA	NA
NC_045512.2	18682	A	C	34999	22406	50	2	1	36	5.71298e-05	35008	1	FALSE	NA	NA	NA	NA	NA	NA
NC_045512.2	18683	C	T	34738	22648	49	1	1	40	2.87828e-05	34743	0.937495	FALSE	NA	NA	NA	NA	NA	NA
NC_045512.2	18683	C	A	34738	22648	49	4	0	24	0.000115131	34743	1	FALSE	NA	NA	NA	NA	NA	NA
NC_045512.2	18684	A	G	37451	26229	51	2	2	32	5.34003e-05	37453	1	FALSE	NA	NA	NA	NA	NA	NA
NC_045512.2	18685	T	G	37502	26302	51	3	3	34	7.99872e-05	37506	1	FALSE	NA	NA	NA	NA	NA	NA
NC_045512.2	18685	T	C	37502	26302	51	1	0	40	2.66624e-05	37506	0.937498	FALSE	NA	NA	NA	NA	NA	NA
NC_045512.2	18686	G	C	37560	26378	51	1	1	40	2.66212e-05	37564	0.937498	FALSE	NA	NA	NA	NA	NA	NA
NC_045512.2	18686	G	A	37560	26378	51	3	2	80	7.98637e-05	37564	0.124995	FALSE	NA	NA	NA	NA	NA	NA
NC_045512.2	18687	C	T	37646	26962	50	1	0	32	2.65618e-05	37648	1	FALSE	NA	NA	NA	NA	NA	NA
NC_045512.2	18687	C	G	37646	26962	50	1	1	24	2.65618e-05	37648	1	FALSE	NA	NA	NA	NA	NA	NA
NC_045512.2	18687	C	-T	37646	26962	50	13	0	20	0.000345304	37648	1	FALSE	NA	NA	NA	NA	NA	NA
NC_045512.2	18688	T	G	37427	26789	51	2	2	24	5.34316e-05	37431	1	FALSE	NA	NA	NA	NA	NA	NA
NC_045512.2	18688	T	C	37427	26789	51	2	2	40	5.34316e-05	37431	0.812391	FALSE	NA	NA	NA	NA	NA	NA
NC_045512.2	18689	T	G	37748	27205	51	2	2	24	5.29745e-05	37754	1	FALSE	NA	NA	NA	NA	NA	NA
NC_045512.2	18689	T	C	37748	27205	51	4	4	46	0.000105949	37754	0.499986	FALSE	NA	NA	NA	NA	NA	NA
NC_045512.2	18690	T	G	37756	27279	51	3	3	24	7.94365e-05	37766	1	FALSE	NA	NA	NA	NA	NA	NA
NC_045512.2	18690	T	C	37756	27279	51	7	6	44	0.000185352	37766	0.171837	FALSE	NA	NA	NA	NA	NA	NA
NC_045512.2	18691	T	G	40153	30602	52	3	3	26	7.47012e-05	40160	1	FALSE	NA	NA	NA	NA	NA	NA
NC_045512.2	18691	T	C	40153	30602	52	4	3	36	9.96016e-05	40160	1	FALSE	NA	NA	NA	NA	NA	NA
NC_045512.2	18692	C	G	40074	30677	51	2	2	32	4.9899e-05	40081	1	FALSE	NA	NA	NA	NA	NA	NA
NC_045512.2	18692	C	A	40074	30677	51	5	1	27	0.000124747	40081	1	FALSE	NA	NA	NA	NA	NA	NA
NC_045512.2	18693	C	T	40157	30852	52	1	1	40	2.49004e-05	40160	0.968752	FALSE	NA	NA	NA	NA	NA	NA
NC_045512.2	18693	C	G	40157	30852	52	1	1	80	2.49004e-05	40160	0.499994	FALSE	NA	NA	NA	NA	NA	NA
NC_045512.2	18693	C	A	40157	30852	52	1	0	24	2.49004e-05	40160	1	FALSE	NA	NA	NA	NA	NA	NA
NC_045512.2	18694	A	G	40252	31043	52	1	1	40	2.48416e-05	40255	0.968752	FALSE	NA	NA	NA	NA	NA	NA
NC_045512.2	18694	A	C	40252	31043	52	2	2	32	4.96833e-05	40255	1	FALSE	NA	NA	NA	NA	NA	NA
NC_045512.2	18695	C	T	40426	31763	51	2	2	40	4.94694e-05	40429	0.890634	FALSE	NA	NA	NA	NA	NA	NA
NC_045512.2	18695	C	A	40426	31763	51	1	0	24	2.47347e-05	40429	1	FALSE	NA	NA	NA	NA	NA	NA
NC_045512.2	18696	T	A	39882	31228	51	1	1	40	2.50733e-05	39883	0.937508	FALSE	NA	NA	NA	NA	NA	NA
NC_045512.2	18697	G	T	40340	31486	51	3	3	29	7.43587e-05	40345	1	FALSE	NA	NA	NA	NA	NA	NA
NC_045512.2	18697	G	A	40340	31486	51	2	0	60	4.95724e-05	40345	0.249985	FALSE	NA	NA	NA	NA	NA	NA
NC_045512.2	18698	C	T	40554	31846	52	2	2	40	4.93145e-05	40556	0.890639	FALSE	NA	NA	NA	NA	NA	NA
NC_045512.2	18699	T	G	42413	34519	52	8	8	30	0.000188586	42421	1	FALSE	NA	NA	NA	NA	NA	NA
NC_045512.2	18700	T	G	42425	34553	52	7	7	24	0.000164943	42439	1	FALSE	NA	NA	NA	NA	NA	NA
NC_045512.2	18700	T	C	42425	34553	52	6	4	40	0.000141379	42439	0.376844	FALSE	NA	NA	NA	NA	NA	NA
NC_045512.2	18700	T	A	42425	34553	52	1	1	40	2.35632e-05	42439	0.968732	FALSE	NA	NA	NA	NA	NA	NA
NC_045512.2	18701	C	T	42434	34850	50	7	4	52	0.000164923	42444	0.00780928	TRUE	NA	NA	NA	NA	NA	NA
NC_045512.2	18701	C	A	42434	34850	50	3	1	29	7.06814e-05	42444	1	FALSE	NA	NA	NA	NA	NA	NA
NC_045512.2	18702	A	G	42633	34918	52	2	2	32	4.69098e-05	42635	1	FALSE	NA	NA	NA	NA	NA	NA
NC_045512.2	18703	G	T	42534	34821	52	3	3	24	7.05268e-05	42537	1	FALSE	NA	NA	NA	NA	NA	NA
NC_045512.2	18704	A	T	43383	35992	53	1	0	64	2.30415e-05	43400	0.499914	FALSE	NA	NA	NA	NA	NA	NA
NC_045512.2	18704	A	G	43383	35992	53	13	11	42	0.000299539	43400	0.0245018	FALSE	NA	NA	NA	NA	NA	NA
NC_045512.2	18704	A	C	43383	35992	53	3	2	34	6.91244e-05	43400	1	FALSE	NA	NA	NA	NA	NA	NA
NC_045512.2	18706	A	G	42812	35372	53	1	1	40	2.33574e-05	42813	0.968755	FALSE	NA	NA	NA	NA	NA	NA
NC_045512.2	18707	C	G	42896	35469	53	1	1	24	2.33117e-05	42897	1	FALSE	NA	NA	NA	NA	NA	NA
NC_045512.2	18708	T	G	42736	35329	53	10	10	24	0.000233935	42747	1	FALSE	NA	NA	NA	NA	NA	NA
NC_045512.2	18708	T	C	42736	35329	53	1	1	40	2.33935e-05	42747	0.968737	FALSE	NA	NA	NA	NA	NA	NA
NC_045512.2	18709	T	G	42703	35296	53	3	3	32	7.02428e-05	42709	1	FALSE	NA	NA	NA	NA	NA	NA
NC_045512.2	18709	T	C	42703	35296	53	3	3	34	7.02428e-05	42709	1	FALSE	NA	NA	NA	NA	NA	NA
NC_045512.2	18710	A	G	42789	36085	50	6	6	41	0.0001402	42796	0.376946	FALSE	NA	NA	NA	NA	NA	NA
NC_045512.2	18710	A	C	42789	36085	50	1	1	24	2.33667e-05	42796	1	FALSE	NA	NA	NA	NA	NA	NA
NC_045512.2	18711	T	G	42609	36187	51	6	6	24	0.000140779	42620	1	FALSE	NA	NA	NA	NA	NA	NA
NC_045512.2	18711	T	C	42609	36187	51	5	4	44	0.000117316	42620	0.499928	FALSE	NA	NA	NA	NA	NA	NA
NC_045512.2	18713	C	T	42791	36378	51	5	4	52	0.000116828	42798	0.0312445	FALSE	NA	NA	NA	NA	NA	NA
NC_045512.2	18713	C	G	42791	36378	51	1	1	40	2.33656e-05	42798	0.968745	FALSE	NA	NA	NA	NA	NA	NA
NC_045512.2	18713	C	A	42791	36378	51	1	1	40	2.33656e-05	42798	0.968745	FALSE	NA	NA	NA	NA	NA	NA
NC_045512.2	18714	C	T	42134	35786	51	3	3	34	7.11963e-05	42137	1	FALSE	NA	NA	NA	NA	NA	NA
NC_045512.2	18715	T	G	41362	35017	51	5	5	24	0.000120863	41369	1	FALSE	NA	NA	NA	NA	NA	NA
NC_045512.2	18715	T	C	41362	35017	51	2	2	40	4.83454e-05	41369	0.890611	FALSE	NA	NA	NA	NA	NA	NA
NC_045512.2	18716	G	T	41006	34669	51	13	13	27	0.000316903	41022	1	FALSE	NA	NA	NA	NA	NA	NA
NC_045512.2	18716	G	A	41006	34669	51	3	1	66	7.31315e-05	41022	0.124941	FALSE	NA	NA	NA	NA	NA	NA
NC_045512.2	18717	T	G	40806	34470	50	12	12	25	0.000293974	40820	1	FALSE	NA	NA	NA	NA	NA	NA
NC_045512.2	18717	T	C	40806	34470	50	2	2	52	4.89956e-05	40820	0.24993	FALSE	NA	NA	NA	NA	NA	NA
NC_045512.2	18718	T	G	40936	34605	51	10	9	28	0.000244182	40953	1	FALSE	NA	NA	NA	NA	NA	NA
NC_045512.2	18718	T	C	40936	34605	51	7	5	50	0.000170928	40953	0.00780449	TRUE	NA	NA	NA	NA	NA	NA
NC_045512.2	18719	G	T	39185	33032	47	87	87	26	0.00221521	39274	1	FALSE	NA	NA	NA	NA	NA	NA
NC_045512.2	18719	G	A	39185	33032	47	2	2	40	5.09243e-05	39274	0.811822	FALSE	NA	NA	NA	NA	NA	NA
NC_045512.2	18720	G	A	41260	35144	51	5	4	56	0.000121168	41265	0.0312481	FALSE	NA	NA	NA	NA	NA	NA
NC_045512.2	18722	A	G	41143	35252	50	1	1	40	2.43043e-05	41145	0.968754	FALSE	NA	NA	NA	NA	NA	NA
NC_045512.2	18722	A	C	41143	35252	50	1	1	40	2.43043e-05	41145	0.968754	FALSE	NA	NA	NA	NA	NA	NA
NC_045512.2	18723	T	G	40820	34952	50	10	10	25	0.000244906	40832	1	FALSE	NA	NA	NA	NA	NA	NA
NC_045512.2	18723	T	C	40820	34952	50	1	1	40	2.44906e-05	40832	0.968735	FALSE	NA	NA	NA	NA	NA	NA
NC_045512.2	18723	T	A	40820	34952	50	1	1	40	2.44906e-05	40832	0.968735	FALSE	NA	NA	NA	NA	NA	NA
NC_045512.2	18724	C	T	41009	35168	50	3	3	48	7.31475e-05	41013	0.773448	FALSE	NA	NA	NA	NA	NA	NA
NC_045512.2	18724	C	A	41009	35168	50	1	1	40	2.43825e-05	41013	0.96875	FALSE	NA	NA	NA	NA	NA	NA
NC_045512.2	18725	A	T	41017	35140	50	2	1	60	4.87543e-05	41022	0.249985	FALSE	NA	NA	NA	NA	NA	NA
NC_045512.2	18725	A	G	41017	35140	50	3	3	29	7.31315e-05	41022	1	FALSE	NA	NA	NA	NA	NA	NA
NC_045512.2	18726	T	G	40968	35096	50	5	5	27	0.000122017	40978	1	FALSE	NA	NA	NA	NA	NA	NA
NC_045512.2	18726	T	C	40968	35096	50	5	5	37	0.000122017	40978	1	FALSE	NA	NA	NA	NA	NA	NA
NC_045512.2	18727	T	G	40950	35070	50	4	4	32	9.76682e-05	40955	1	FALSE	NA	NA	NA	NA	NA	NA
NC_045512.2	18727	T	C	40950	35070	50	1	1	80	2.4417e-05	40955	0.499982	FALSE	NA	NA	NA	NA	NA	NA
NC_045512.2	18728	C	T	41043	35364	50	1	1	24	2.43641e-05	41044	1	FALSE	NA	NA	NA	NA	NA	NA
NC_045512.2	18729	T	G	40564	34901	50	7	7	28	0.000172529	40573	1	FALSE	NA	NA	NA	NA	NA	NA
NC_045512.2	18729	T	C	40564	34901	50	2	2	40	4.92939e-05	40573	0.890599	FALSE	NA	NA	NA	NA	NA	NA
NC_045512.2	18730	A	G	40637	35000	50	1	0	40	2.46069e-05	40639	0.968754	FALSE	NA	NA	NA	NA	NA	NA
NC_045512.2	18730	A	C	40637	35000	50	1	1	40	2.46069e-05	40639	0.968754	FALSE	NA	NA	NA	NA	NA	NA
NC_045512.2	18731	T	G	40599	35169	49	11	11	26	0.000270869	40610	1	FALSE	NA	NA	NA	NA	NA	NA
NC_045512.2	18732	T	G	40404	34974	49	11	11	26	0.000272163	40417	1	FALSE	NA	NA	NA	NA	NA	NA
NC_045512.2	18732	T	C	40404	34974	49	2	2	40	4.94841e-05	40417	0.890576	FALSE	NA	NA	NA	NA	NA	NA
NC_045512.2	18733	G	T	40521	35082	49	10	10	32	0.000246719	40532	0.999997	FALSE	NA	NA	NA	NA	NA	NA
NC_045512.2	18733	G	A	40521	35082	49	1	1	40	2.46719e-05	40532	0.968737	FALSE	NA	NA	NA	NA	NA	NA
NC_045512.2	18734	G	C	40282	35295	49	1	0	32	2.48238e-05	40284	1	FALSE	NA	NA	NA	NA	NA	NA
NC_045512.2	18734	G	A	40282	35295	49	1	0	80	2.48238e-05	40284	0.5	FALSE	NA	NA	NA	NA	NA	NA
NC_045512.2	18735	A	T	40183	35258	49	1	1	40	2.4883e-05	40188	0.968748	FALSE	NA	NA	NA	NA	NA	NA
NC_045512.2	18735	A	G	40183	35258	49	3	3	40	7.46491e-05	40188	0.773438	FALSE	NA	NA	NA	NA	NA	NA
NC_045512.2	18735	A	C	40183	35258	49	1	0	32	2.4883e-05	40188	1	FALSE	NA	NA	NA	NA	NA	NA
NC_045512.2	18736	T	G	40068	35141	49	4	4	24	9.98079e-05	40077	1	FALSE	NA	NA	NA	NA	NA	NA
NC_045512.2	18736	T	C	40068	35141	49	4	2	60	9.98079e-05	40077	0.0624828	FALSE	NA	NA	NA	NA	NA	NA
NC_045512.2	18736	T	A	40068	35141	49	1	0	80	2.4952e-05	40077	0.499956	FALSE	NA	NA	NA	NA	NA	NA
NC_045512.2	18737	T	G	39634	34735	48	14	14	26	0.000353107	39648	1	FALSE	NA	NA	NA	NA	NA	NA
NC_045512.2	18738	T	G	39754	34855	49	2	2	24	5.03069e-05	39756	1	FALSE	NA	NA	NA	NA	NA	NA
NC_045512.2	18739	G	T	39922	35042	49	1	1	24	2.50476e-05	39924	1	FALSE	NA	NA	NA	NA	NA	NA
NC_045512.2	18739	G	A	39922	35042	49	1	1	80	2.50476e-05	39924	0.5	FALSE	NA	NA	NA	NA	NA	NA
NC_045512.2	18740	A	G	39838	35101	49	1	0	48	2.51004e-05	39840	0.937505	FALSE	NA	NA	NA	NA	NA	NA
NC_045512.2	18740	A	C	39838	35101	49	1	1	24	2.51004e-05	39840	1	FALSE	NA	NA	NA	NA	NA	NA
NC_045512.2	18741	T	G	39613	34871	48	3	3	29	7.57232e-05	39618	1	FALSE	NA	NA	NA	NA	NA	NA
NC_045512.2	18741	T	C	39613	34871	48	2	2	32	5.04821e-05	39618	1	FALSE	NA	NA	NA	NA	NA	NA
NC_045512.2	18742	T	G	39350	34681	48	10	10	27	0.000254013	39368	1	FALSE	NA	NA	NA	NA	NA	NA
NC_045512.2	18742	T	C	39350	34681	48	8	6	53	0.000203211	39368	0.00390129	TRUE	NA	NA	NA	NA	NA	NA
NC_045512.2	18743	A	G	39510	34861	48	3	3	34	7.59244e-05	39513	1	FALSE	NA	NA	NA	NA	NA	NA
NC_045512.2	18744	C	T	39459	34866	48	2	1	60	5.06791e-05	39464	0.249984	FALSE	NA	NA	NA	NA	NA	NA
NC_045512.2	18744	C	G	39459	34866	48	1	1	80	2.53395e-05	39464	0.499981	FALSE	NA	NA	NA	NA	NA	NA
NC_045512.2	18744	C	A	39459	34866	48	2	2	80	5.06791e-05	39464	0.249984	FALSE	NA	NA	NA	NA	NA	NA
NC_045512.2	18745	G	T	39265	34665	48	5	5	24	0.000127311	39274	1	FALSE	NA	NA	NA	NA	NA	NA
NC_045512.2	18745	G	A	39265	34665	48	4	4	50	0.000101849	39274	0.0624825	FALSE	NA	NA	NA	NA	NA	NA
NC_045512.2	18746	T	G	39328	34733	48	2	2	40	5.0844e-05	39336	0.812468	FALSE	NA	NA	NA	NA	NA	NA
NC_045512.2	18746	T	C	39328	34733	48	6	6	46	0.000152532	39336	0.253881	FALSE	NA	NA	NA	NA	NA	NA
NC_045512.2	18747	C	T	39478	35177	48	1	1	40	2.53286e-05	39481	0.937502	FALSE	NA	NA	NA	NA	NA	NA
NC_045512.2	18747	C	G	39478	35177	48	2	2	48	5.06573e-05	39481	0.812508	FALSE	NA	NA	NA	NA	NA	NA
NC_045512.2	18748	T	G	39112	34816	48	3	3	29	7.6695e-05	39116	1	FALSE	NA	NA	NA	NA	NA	NA
NC_045512.2	18748	T	C	39112	34816	48	1	1	80	2.5565e-05	39116	0.499987	FALSE	NA	NA	NA	NA	NA	NA
NC_045512.2	18749	A	G	39214	34939	48	5	3	47	0.000127489	39219	0.363288	FALSE	NA	NA	NA	NA	NA	NA
NC_045512.2	18750	T	G	39047	34759	48	3	3	29	7.68246e-05	39050	1	FALSE	NA	NA	NA	NA	NA	NA
NC_045512.2	18750	T	-A	39047	34759	48	1	0	20	2.56082e-05	39050	1	FALSE	NA	NA	NA	NA	NA	NA
NC_045512.2	18751	A	G	39200	34930	48	7	7	37	0.000178526	39210	1	FALSE	NA	NA	NA	NA	NA	NA
NC_045512.2	18751	A	C	39200	34930	48	3	3	29	7.65111e-05	39210	1	FALSE	NA	NA	NA	NA	NA	NA
NC_045512.2	18752	A	G	39142	34884	48	2	1	80	5.10934e-05	39144	0.250003	FALSE	NA	NA	NA	NA	NA	NA
NC_045512.2	18753	T	G	38408	34155	48	4	4	28	0.000104131	38413	1	FALSE	NA	NA	NA	NA	NA	NA
NC_045512.2	18753	T	C	38408	34155	48	1	1	40	2.60329e-05	38413	0.937495	FALSE	NA	NA	NA	NA	NA	NA
NC_045512.2	18756	G	A	37084	33430	47	3	3	40	8.08909e-05	37087	0.656269	FALSE	NA	NA	NA	NA	NA	NA
NC_045512.2	18757	T	G	36959	33305	47	2	2	32	5.41082e-05	36963	1	FALSE	NA	NA	NA	NA	NA	NA
NC_045512.2	18757	T	C	36959	33305	47	2	2	40	5.41082e-05	36963	0.8125	FALSE	NA	NA	NA	NA	NA	NA
NC_045512.2	18758	T	G	36951	33300	47	1	1	24	2.70585e-05	36957	1	FALSE	NA	NA	NA	NA	NA	NA
NC_045512.2	18758	T	C	36951	33300	47	5	5	36	0.000135292	36957	1	FALSE	NA	NA	NA	NA	NA	NA
NC_045512.2	18759	T	G	36925	33267	47	11	11	29	0.000297804	36937	1	FALSE	NA	NA	NA	NA	NA	NA
NC_045512.2	18759	T	C	36925	33267	47	1	1	24	2.70731e-05	36937	1	FALSE	NA	NA	NA	NA	NA	NA
NC_045512.2	18760	A	G	37111	33475	47	1	1	40	2.69447e-05	37113	0.937505	FALSE	NA	NA	NA	NA	NA	NA
NC_045512.2	18760	A	C	37111	33475	47	1	0	24	2.69447e-05	37113	1	FALSE	NA	NA	NA	NA	NA	NA
NC_045512.2	18761	T	G	36871	33357	47	2	2	24	5.42358e-05	36876	1	FALSE	NA	NA	NA	NA	NA	NA
NC_045512.2	18761	T	C	36871	33357	47	2	2	60	5.42358e-05	36876	0.249983	FALSE	NA	NA	NA	NA	NA	NA
NC_045512.2	18761	T	A	36871	33357	47	1	1	24	2.71179e-05	36876	1	FALSE	NA	NA	NA	NA	NA	NA
NC_045512.2	18762	G	T	37075	33565	47	1	1	80	2.6968e-05	37081	0.499973	FALSE	NA	NA	NA	NA	NA	NA
NC_045512.2	18762	G	C	37075	33565	47	3	3	34	8.0904e-05	37081	1	FALSE	NA	NA	NA	NA	NA	NA
NC_045512.2	18762	G	A	37075	33565	47	2	2	40	5.3936e-05	37081	0.812483	FALSE	NA	NA	NA	NA	NA	NA
NC_045512.2	18763	A	G	36976	33583	47	5	5	33	0.000135197	36983	1	FALSE	NA	NA	NA	NA	NA	NA
NC_045512.2	18763	A	C	36976	33583	47	2	2	24	5.40789e-05	36983	1	FALSE	NA	NA	NA	NA	NA	NA
NC_045512.2	18764	T	G	36730	33335	46	3	3	24	8.16638e-05	36736	1	FALSE	NA	NA	NA	NA	NA	NA
NC_045512.2	18764	T	C	36730	33335	46	3	3	53	8.16638e-05	36736	0.124985	FALSE	NA	NA	NA	NA	NA	NA
NC_045512.2	18765	T	G	36048	32686	47	3	3	29	8.32131e-05	36052	1	FALSE	NA	NA	NA	NA	NA	NA
NC_045512.2	18765	T	A	36048	32686	47	1	1	40	2.77377e-05	36052	0.937498	FALSE	NA	NA	NA	NA	NA	NA
NC_045512.2	18766	G	T	36160	32820	46	1	0	80	2.76541e-05	36161	0.500007	FALSE	NA	NA	NA	NA	NA	NA
NC_045512.2	18767	A	G	36185	32851	47	4	4	28	0.000110531	36189	1	FALSE	NA	NA	NA	NA	NA	NA
NC_045512.2	18768	T	G	36030	32803	46	3	3	24	8.32524e-05	36035	1	FALSE	NA	NA	NA	NA	NA	NA
NC_045512.2	18768	T	C	36030	32803	46	1	1	40	2.77508e-05	36035	0.937495	FALSE	NA	NA	NA	NA	NA	NA
NC_045512.2	18768	T	A	36030	32803	46	1	1	40	2.77508e-05	36035	0.937495	FALSE	NA	NA	NA	NA	NA	NA
NC_045512.2	18769	G	T	36184	32964	46	1	1	40	2.7635e-05	36186	0.937505	FALSE	NA	NA	NA	NA	NA	NA
NC_045512.2	18769	G	A	36184	32964	46	1	1	40	2.7635e-05	36186	0.937505	FALSE	NA	NA	NA	NA	NA	NA
NC_045512.2	18770	T	G	35814	32694	46	5	5	27	0.000139579	35822	1	FALSE	NA	NA	NA	NA	NA	NA
NC_045512.2	18770	T	C	35814	32694	46	3	3	40	8.37474e-05	35822	0.656204	FALSE	NA	NA	NA	NA	NA	NA
NC_045512.2	18771	T	G	35602	32592	46	6	6	24	0.000168487	35611	1	FALSE	NA	NA	NA	NA	NA	NA
NC_045512.2	18771	T	C	35602	32592	46	3	3	34	8.42436e-05	35611	1	FALSE	NA	NA	NA	NA	NA	NA
NC_045512.2	18772	C	T	35880	32991	46	2	2	60	5.57367e-05	35883	0.249997	FALSE	NA	NA	NA	NA	NA	NA
NC_045512.2	18772	C	A	35880	32991	46	1	1	24	2.78683e-05	35883	1	FALSE	NA	NA	NA	NA	NA	NA
NC_045512.2	18773	A	G	35859	32976	46	4	4	50	0.000111536	35863	0.0624983	FALSE	NA	NA	NA	NA	NA	NA
NC_045512.2	18774	A	T	35836	32956	46	1	1	40	2.79033e-05	35838	0.937505	FALSE	NA	NA	NA	NA	NA	NA
NC_045512.2	18774	A	G	35836	32956	46	1	1	40	2.79033e-05	35838	0.937505	FALSE	NA	NA	NA	NA	NA	NA
NC_045512.2	18775	C	T	35778	32923	45	1	1	24	2.79494e-05	35779	1	FALSE	NA	NA	NA	NA	NA	NA
NC_045512.2	18776	A	G	34721	31903	46	2	2	32	5.75971e-05	34724	1	FALSE	NA	NA	NA	NA	NA	NA
NC_045512.2	18776	A	C	34721	31903	46	1	0	24	2.87985e-05	34724	1	FALSE	NA	NA	NA	NA	NA	NA
NC_045512.2	18777	A	G	34721	31906	46	3	3	40	8.63831e-05	34729	0.656203	FALSE	NA	NA	NA	NA	NA	NA
NC_045512.2	18777	A	C	34721	31906	46	5	5	36	0.000143972	34729	1	FALSE	NA	NA	NA	NA	NA	NA
NC_045512.2	18778	T	G	34144	31357	46	6	6	24	0.00017569	34151	1	FALSE	NA	NA	NA	NA	NA	NA
NC_045512.2	18778	T	C	34144	31357	46	1	1	40	2.92817e-05	34151	0.937487	FALSE	NA	NA	NA	NA	NA	NA
NC_045512.2	18779	G	T	33775	30992	44	9	9	25	0.00026639	33785	1	FALSE	NA	NA	NA	NA	NA	NA
NC_045512.2	18779	G	C	33775	30992	44	1	1	40	2.95989e-05	33785	0.937476	FALSE	NA	NA	NA	NA	NA	NA
NC_045512.2	18780	G	T	34064	31290	45	2	2	24	5.87096e-05	34066	1	FALSE	NA	NA	NA	NA	NA	NA
NC_045512.2	18781	G	T	34040	31282	46	1	1	24	2.93755e-05	34042	1	FALSE	NA	NA	NA	NA	NA	NA
NC_045512.2	18781	G	A	34040	31282	46	1	1	40	2.93755e-05	34042	0.937506	FALSE	NA	NA	NA	NA	NA	NA
NC_045512.2	18782	G	T	34023	31264	46	1	1	24	2.93867e-05	34029	1	FALSE	NA	NA	NA	NA	NA	NA
NC_045512.2	18782	G	A	34023	31264	46	5	5	40	0.000146933	34029	0.363273	FALSE	NA	NA	NA	NA	NA	NA
NC_045512.2	18782	G	-T	34023	31264	46	1	0	20	2.93867e-05	34029	1	FALSE	NA	NA	NA	NA	NA	NA
NC_045512.2	18783	T	G	33544	30808	46	1	1	24	2.98054e-05	33551	1	FALSE	NA	NA	NA	NA	NA	NA
NC_045512.2	18783	T	C	33544	30808	46	6	5	41	0.000178832	33551	0.253877	FALSE	NA	NA	NA	NA	NA	NA
NC_045512.2	18784	T	G	33324	30598	45	3	3	24	9.00144e-05	33328	1	FALSE	NA	NA	NA	NA	NA	NA
NC_045512.2	18784	T	C	33324	30598	45	1	1	40	3.00048e-05	33328	0.937498	FALSE	NA	NA	NA	NA	NA	NA
NC_045512.2	18785	T	G	33347	30629	45	3	3	34	8.99523e-05	33351	1	FALSE	NA	NA	NA	NA	NA	NA
NC_045512.2	18785	T	C	33347	30629	45	1	1	24	2.99841e-05	33351	1	FALSE	NA	NA	NA	NA	NA	NA
NC_045512.2	18786	T	G	33168	30450	45	10	10	25	0.000301386	33180	1	FALSE	NA	NA	NA	NA	NA	NA
NC_045512.2	18786	T	C	33168	30450	45	2	1	72	6.02773e-05	33180	0.249928	FALSE	NA	NA	NA	NA	NA	NA
NC_045512.2	18787	A	G	33516	30810	46	4	4	40	0.000119328	33521	0.5	FALSE	NA	NA	NA	NA	NA	NA
NC_045512.2	18787	A	C	33516	30810	46	1	0	24	2.9832e-05	33521	1	FALSE	NA	NA	NA	NA	NA	NA
NC_045512.2	18788	C	T	33448	30781	45	1	1	40	2.98945e-05	33451	0.937502	FALSE	NA	NA	NA	NA	NA	NA
NC_045512.2	18788	C	G	33448	30781	45	2	2	24	5.97889e-05	33451	1	FALSE	NA	NA	NA	NA	NA	NA
NC_045512.2	18789	A	T	32428	29792	46	2	2	44	6.16599e-05	32436	0.812461	FALSE	NA	NA	NA	NA	NA	NA
NC_045512.2	18789	A	G	32428	29792	46	5	5	36	0.00015415	32436	0.999999	FALSE	NA	NA	NA	NA	NA	NA
NC_045512.2	18789	A	C	32428	29792	46	1	1	40	3.08299e-05	32436	0.937483	FALSE	NA	NA	NA	NA	NA	NA
NC_045512.2	18790	G	C	32341	29813	45	4	4	40	0.000123655	32348	0.499966	FALSE	NA	NA	NA	NA	NA	NA
NC_045512.2	18790	G	A	32341	29813	45	3	3	40	9.27414e-05	32348	0.656214	FALSE	NA	NA	NA	NA	NA	NA
NC_045512.2	18791	G	T	31629	29119	45	12	12	28	0.000379207	31645	1	FALSE	NA	NA	NA	NA	NA	NA
NC_045512.2	18791	G	A	31629	29119	45	4	4	40	0.000126402	31645	0.49981	FALSE	NA	NA	NA	NA	NA	NA
NC_045512.2	18792	T	G	31577	29096	45	5	4	28	0.000158308	31584	1	FALSE	NA	NA	NA	NA	NA	NA
NC_045512.2	18792	T	C	31577	29096	45	2	2	32	6.33232e-05	31584	1	FALSE	NA	NA	NA	NA	NA	NA
NC_045512.2	18793	A	G	31671	29204	45	2	2	32	6.31453e-05	31673	1	FALSE	NA	NA	NA	NA	NA	NA
NC_045512.2	18794	A	T	31661	29225	45	2	0	58	6.31652e-05	31663	0.250004	FALSE	NA	NA	NA	NA	NA	NA
NC_045512.2	18795	C	T	31531	29135	45	1	1	40	3.17068e-05	31539	0.937482	FALSE	NA	NA	NA	NA	NA	NA
NC_045512.2	18795	C	G	31531	29135	45	7	7	36	0.000221947	31539	0.999988	FALSE	NA	NA	NA	NA	NA	NA
NC_045512.2	18796	C	T	31564	29189	45	2	2	52	6.33593e-05	31566	0.250004	FALSE	NA	NA	NA	NA	NA	NA
NC_045512.2	18797	T	G	31073	28707	45	6	6	26	0.000193044	31081	1	FALSE	NA	NA	NA	NA	NA	NA
NC_045512.2	18797	T	C	31073	28707	45	2	2	40	6.4348e-05	31081	0.81246	FALSE	NA	NA	NA	NA	NA	NA
NC_045512.2	18798	A	G	31379	29018	45	5	5	33	0.000159317	31384	0.999999	FALSE	NA	NA	NA	NA	NA	NA
NC_045512.2	18799	C	T	31291	29025	45	2	2	40	6.39121e-05	31293	0.81252	FALSE	NA	NA	NA	NA	NA	NA
NC_045512.2	18799	C	-A	31291	29025	45	1	0	20	3.1956e-05	31293	1	FALSE	NA	NA	NA	NA	NA	NA
NC_045512.2	18800	A	G	30760	28529	45	8	7	46	0.000260002	30769	0.11325	FALSE	NA	NA	NA	NA	NA	NA
NC_045512.2	18800	A	C	30760	28529	45	1	1	24	3.25002e-05	30769	1	FALSE	NA	NA	NA	NA	NA	NA
NC_045512.2	18801	A	G	30715	28488	45	5	5	30	0.000162734	30725	0.999998	FALSE	NA	NA	NA	NA	NA	NA
NC_045512.2	18801	A	C	30715	28488	45	5	5	30	0.000162734	30725	0.999998	FALSE	NA	NA	NA	NA	NA	NA
NC_045512.2	18802	A	G	30673	28482	45	1	1	40	3.26009e-05	30674	0.93751	FALSE	NA	NA	NA	NA	NA	NA
NC_045512.2	18803	G	C	30679	28491	45	2	2	32	6.51827e-05	30683	1	FALSE	NA	NA	NA	NA	NA	NA
NC_045512.2	18803	G	A	30679	28491	45	2	2	60	6.51827e-05	30683	0.249988	FALSE	NA	NA	NA	NA	NA	NA
NC_045512.2	18805	A	G	28394	26700	44	4	4	28	0.00014085	28399	1	FALSE	NA	NA	NA	NA	NA	NA
NC_045512.2	18805	A	C	28394	26700	44	1	1	40	3.52125e-05	28399	0.874987	FALSE	NA	NA	NA	NA	NA	NA
NC_045512.2	18806	A	G	28436	26743	44	1	1	24	3.51655e-05	28437	1	FALSE	NA	NA	NA	NA	NA	NA
NC_045512.2	18809	A	G	28407	26942	43	2	1	36	7.03977e-05	28410	1	FALSE	NA	NA	NA	NA	NA	NA
NC_045512.2	18809	A	C	28407	26942	43	1	1	24	3.51989e-05	28410	1	FALSE	NA	NA	NA	NA	NA	NA
NC_045512.2	18810	T	G	27803	26378	43	5	5	27	0.000179779	27812	1	FALSE	NA	NA	NA	NA	NA	NA
NC_045512.2	18810	T	C	27803	26378	43	3	3	40	0.000107867	27812	0.499916	FALSE	NA	NA	NA	NA	NA	NA
NC_045512.2	18810	T	A	27803	26378	43	1	1	40	3.59557e-05	27812	0.87496	FALSE	NA	NA	NA	NA	NA	NA
NC_045512.2	18811	G	C	27908	26492	42	6	6	34	0.000214938	27915	0.999967	FALSE	NA	NA	NA	NA	NA	NA
NC_045512.2	18811	G	A	27908	26492	42	1	1	24	3.5823e-05	27915	1	FALSE	NA	NA	NA	NA	NA	NA
NC_045512.2	18812	A	G	27869	26465	43	7	7	30	0.000251112	27876	0.999903	FALSE	NA	NA	NA	NA	NA	NA
NC_045512.2	18813	T	G	27692	26370	43	9	9	29	0.000324863	27704	1	FALSE	NA	NA	NA	NA	NA	NA
NC_045512.2	18813	T	C	27692	26370	43	3	3	29	0.000108288	27704	1	FALSE	NA	NA	NA	NA	NA	NA
NC_045512.2	18813	T	+C	27692	26370	43	1	0	20	3.60959e-05	27704	1	FALSE	NA	NA	NA	NA	NA	NA
NC_045512.2	18814	C	T	27834	26658	42	1	1	40	3.5926e-05	27835	0.875013	FALSE	NA	NA	NA	NA	NA	NA
NC_045512.2	18815	T	G	25781	24670	42	9	9	29	0.000348959	25791	1	FALSE	NA	NA	NA	NA	NA	NA
NC_045512.2	18815	T	A	25781	24670	42	1	1	40	3.87732e-05	25791	0.874949	FALSE	NA	NA	NA	NA	NA	NA
NC_045512.2	18816	G	T	25898	24789	43	1	1	24	3.86071e-05	25902	1	FALSE	NA	NA	NA	NA	NA	NA
NC_045512.2	18816	G	C	25898	24789	43	1	1	40	3.86071e-05	25902	0.874993	FALSE	NA	NA	NA	NA	NA	NA
NC_045512.2	18816	G	A	25898	24789	43	2	2	40	7.72141e-05	25902	0.687493	FALSE	NA	NA	NA	NA	NA	NA
NC_045512.2	18817	T	G	25766	24658	42	3	3	24	0.00011641	25771	1	FALSE	NA	NA	NA	NA	NA	NA
NC_045512.2	18817	T	C	25766	24658	42	2	2	40	7.76066e-05	25771	0.687478	FALSE	NA	NA	NA	NA	NA	NA
NC_045512.2	18818	A	G	25868	24767	43	7	7	33	0.000270521	25876	0.999733	FALSE	NA	NA	NA	NA	NA	NA
NC_045512.2	18818	A	C	25868	24767	43	1	1	40	3.86458e-05	25876	0.874964	FALSE	NA	NA	NA	NA	NA	NA
NC_045512.2	18819	T	G	26727	24814	42	3	2	29	0.000112221	26733	1	FALSE	NA	NA	NA	NA	NA	NA
NC_045512.2	18819	T	C	26727	24814	42	2	0	32	7.48139e-05	26733	1	FALSE	NA	NA	NA	NA	NA	NA
NC_045512.2	18819	T	A	26727	24814	42	1	1	40	3.7407e-05	26733	0.874979	FALSE	NA	NA	NA	NA	NA	NA
NC_045512.2	18819	T	+C	26727	24814	42	1	0	20	3.7407e-05	26733	1	FALSE	NA	NA	NA	NA	NA	NA
NC_045512.2	18820	T	G	25036	23193	42	6	6	26	0.000239569	25045	1	FALSE	NA	NA	NA	NA	NA	NA
NC_045512.2	18820	T	C	25036	23193	42	2	2	32	7.98563e-05	25045	1	FALSE	NA	NA	NA	NA	NA	NA
NC_045512.2	18820	T	A	25036	23193	42	1	1	40	3.99281e-05	25045	0.874955	FALSE	NA	NA	NA	NA	NA	NA
NC_045512.2	18821	G	T	25071	23147	41	13	13	28	0.000518197	25087	1	FALSE	NA	NA	NA	NA	NA	NA
NC_045512.2	18821	G	C	25071	23147	41	2	2	40	7.97226e-05	25087	0.687313	FALSE	NA	NA	NA	NA	NA	NA
NC_045512.2	18821	G	A	25071	23147	41	1	1	24	3.98613e-05	25087	1	FALSE	NA	NA	NA	NA	NA	NA
NC_045512.2	18822	T	G	24994	23071	42	3	3	29	0.00012	25000	1	FALSE	NA	NA	NA	NA	NA	NA
NC_045512.2	18822	T	C	24994	23071	42	3	3	40	0.00012	25000	0.499962	FALSE	NA	NA	NA	NA	NA	NA
NC_045512.2	18822	T	-C	24994	23071	42	1	0	20	4e-05	25000	1	FALSE	NA	NA	NA	NA	NA	NA
NC_045512.2	18823	C	T	24914	23016	42	1	1	40	4.01236e-05	24923	0.874947	FALSE	NA	NA	NA	NA	NA	NA
NC_045512.2	18823	C	G	24914	23016	42	8	8	34	0.000320989	24923	0.998952	FALSE	NA	NA	NA	NA	NA	NA
NC_045512.2	18824	A	G	24827	22953	42	5	4	36	0.000201353	24832	0.999948	FALSE	NA	NA	NA	NA	NA	NA
NC_045512.2	18825	A	G	20473	18758	42	2	2	32	9.76801e-05	20475	0.999995	FALSE	NA	NA	NA	NA	NA	NA
NC_045512.2	18826	G	T	20698	18717	42	1	1	24	4.83115e-05	20699	1	FALSE	NA	NA	NA	NA	NA	NA
NC_045512.2	18827	T	G	20512	18536	42	2	2	32	9.74849e-05	20516	0.999995	FALSE	NA	NA	NA	NA	NA	NA
NC_045512.2	18827	T	C	20512	18536	42	2	0	32	9.74849e-05	20516	0.999995	FALSE	NA	NA	NA	NA	NA	NA
NC_045512.2	18828	C	T	20482	18497	42	1	1	40	4.88019e-05	20491	0.874945	FALSE	NA	NA	NA	NA	NA	NA
NC_045512.2	18828	C	G	20482	18497	42	8	8	36	0.000390415	20491	0.993744	FALSE	NA	NA	NA	NA	NA	NA
NC_045512.2	18829	C	G	20496	18579	42	1	0	40	4.87876e-05	20497	0.875018	FALSE	NA	NA	NA	NA	NA	NA
NC_045512.2	18830	A	G	19011	17152	42	11	11	26	0.000578156	19026	1	FALSE	NA	NA	NA	NA	NA	NA
NC_045512.2	18830	A	C	19011	17152	42	4	4	36	0.000210239	19026	0.999756	FALSE	NA	NA	NA	NA	NA	NA
NC_045512.2	18831	T	G	18951	17062	41	2	2	24	0.000105507	18956	1	FALSE	NA	NA	NA	NA	NA	NA
NC_045512.2	18831	T	C	18951	17062	41	2	2	40	0.000105507	18956	0.49996	FALSE	NA	NA	NA	NA	NA	NA
NC_045512.2	18831	T	A	18951	17062	41	1	1	40	5.27537e-05	18956	0.749967	FALSE	NA	NA	NA	NA	NA	NA
NC_045512.2	18835	A	C	1599	83	41	1	0	24	0.000625	1600	0.999993	FALSE	NA	NA	NA	NA	NA	NA
NC_045512.2	18839	C	G	1645	95	41	1	0	40	0.000607533	1646	0.500152	FALSE	NA	NA	NA	NA	NA	NA
NC_045512.2	18842	A	G	1755	98	41	1	0	24	0.000569476	1756	0.999996	FALSE	NA	NA	NA	NA	NA	NA
NC_045512.2	18846	A	C	1822	116	38	2	0	24	0.00109649	1824	0.999981	FALSE	NA	NA	NA	NA	NA	NA
NC_045512.2	18849	T	G	1867	114	42	1	1	24	0.000535332	1868	0.999998	FALSE	NA	NA	NA	NA	NA	NA
NC_045512.2	18850	A	C	1852	116	42	1	0	24	0.000539665	1853	0.999998	FALSE	NA	NA	NA	NA	NA	NA
NC_045512.2	18854	G	T	1910	100	41	1	1	32	0.000523286	1911	0.750196	FALSE	NA	NA	NA	NA	NA	NA
NC_045512.2	18855	T	C	1929	121	42	1	0	40	0.000518135	1930	0.50013	FALSE	NA	NA	NA	NA	NA	NA
NC_045512.2	18857	A	G	1949	123	42	1	0	24	0.000512821	1950	0.999999	FALSE	NA	NA	NA	NA	NA	NA
NC_045512.2	18861	A	G	1965	125	42	1	0	24	0.000508647	1966	0.999999	FALSE	NA	NA	NA	NA	NA	NA
NC_045512.2	18865	A	G	2034	130	42	1	0	24	0.0004914	2035	1	FALSE	NA	NA	NA	NA	NA	NA
NC_045512.2	18870	T	C	2080	135	42	2	0	32	0.000960615	2082	0.68777	FALSE	NA	NA	NA	NA	NA	NA
NC_045512.2	18871	A	G	2076	138	42	1	0	40	0.000481232	2078	0.5	FALSE	NA	NA	NA	NA	NA	NA
NC_045512.2	18871	A	C	2076	138	42	1	0	24	0.000481232	2078	1	FALSE	NA	NA	NA	NA	NA	NA
NC_045512.2	18873	G	C	2277	146	43	1	0	40	0.000438982	2278	0.50011	FALSE	NA	NA	NA	NA	NA	NA
NC_045512.2	18876	T	G	2330	160	43	1	0	24	0.000428816	2332	1	FALSE	NA	NA	NA	NA	NA	NA
NC_045512.2	18876	T	C	2330	160	43	1	0	24	0.000428816	2332	1	FALSE	NA	NA	NA	NA	NA	NA
NC_045512.2	18878	T	C	2337	160	43	1	0	40	0.000427716	2338	0.500107	FALSE	NA	NA	NA	NA	NA	NA
NC_045512.2	18882	T	C	2352	167	43	1	0	40	0.000424989	2353	0.500106	FALSE	NA	NA	NA	NA	NA	NA
NC_045512.2	18884	T	G	2432	172	43	1	0	40	0.000410846	2434	0.5	FALSE	NA	NA	NA	NA	NA	NA
NC_045512.2	18884	T	C	2432	172	43	1	0	40	0.000410846	2434	0.5	FALSE	NA	NA	NA	NA	NA	NA
NC_045512.2	18886	C	T	2433	173	43	1	0	24	0.000410846	2434	1	FALSE	NA	NA	NA	NA	NA	NA
NC_045512.2	18887	A	G	2430	175	43	1	0	40	0.000411353	2431	0.500103	FALSE	NA	NA	NA	NA	NA	NA
NC_045512.2	18894	C	T	0	0	0	2507	203	44	1	2507	0	TRUE	NA	NA	NA	NA	NA	NA
NC_045512.2	18896	T	G	2512	202	44	1	1	24	0.000397931	2513	1	FALSE	NA	NA	NA	NA	NA	NA
NC_045512.2	18897	T	C	2521	205	44	1	0	40	0.000396511	2522	0.500099	FALSE	NA	NA	NA	NA	NA	NA
NC_045512.2	18898	G	T	2523	206	44	1	0	40	0.000396197	2524	0.500099	FALSE	NA	NA	NA	NA	NA	NA
NC_045512.2	18901	A	C	2513	266	46	1	0	24	0.000397772	2514	1	FALSE	NA	NA	NA	NA	NA	NA
NC_045512.2	18902	A	G	2518	267	45	1	0	36	0.000396668	2521	0.875	FALSE	NA	NA	NA	NA	NA	NA
NC_045512.2	18902	A	C	2518	267	45	2	0	24	0.000793336	2521	1	FALSE	NA	NA	NA	NA	NA	NA
NC_045512.2	18903	G	A	2541	269	46	2	0	40	0.000786473	2543	0.250049	FALSE	NA	NA	NA	NA	NA	NA
NC_045512.2	18909	T	G	2591	338	48	1	1	32	0.000385505	2594	0.875	FALSE	NA	NA	NA	NA	NA	NA
NC_045512.2	18909	T	C	2591	338	48	2	0	40	0.00077101	2594	0.249952	FALSE	NA	NA	NA	NA	NA	NA
NC_045512.2	18913	T	G	2613	339	47	1	1	32	0.000382409	2615	0.875072	FALSE	NA	NA	NA	NA	NA	NA
NC_045512.2	18913	T	C	2613	339	47	1	0	40	0.000382409	2615	0.5	FALSE	NA	NA	NA	NA	NA	NA
NC_045512.2	18916	A	G	2645	378	49	1	0	40	0.000377929	2646	0.500095	FALSE	NA	NA	NA	NA	NA	NA
NC_045512.2	18918	T	G	2706	375	49	1	1	32	0.000369276	2708	0.875069	FALSE	NA	NA	NA	NA	NA	NA
NC_045512.2	18918	T	C	2706	375	49	1	1	80	0.000369276	2708	0.5	FALSE	NA	NA	NA	NA	NA	NA
NC_045512.2	18919	A	T	2773	385	48	1	0	40	0.00036049	2774	0.50009	FALSE	NA	NA	NA	NA	NA	NA
NC_045512.2	18920	T	G	2789	396	49	1	1	32	0.000358423	2790	0.875134	FALSE	NA	NA	NA	NA	NA	NA
NC_045512.2	18921	T	G	2786	416	49	1	1	32	0.000358809	2787	0.875135	FALSE	NA	NA	NA	NA	NA	NA
NC_045512.2	18924	A	T	2771	423	50	2	1	32	0.000721241	2773	0.687703	FALSE	NA	NA	NA	NA	NA	NA
NC_045512.2	18925	T	G	2785	421	50	1	1	24	0.000358938	2786	1	FALSE	NA	NA	NA	NA	NA	NA
NC_045512.2	18926	A	T	2801	428	50	1	0	40	0.000356888	2802	0.500089	FALSE	NA	NA	NA	NA	NA	NA
NC_045512.2	18927	T	G	2852	435	50	1	0	24	0.000350508	2853	1	FALSE	NA	NA	NA	NA	NA	NA
NC_045512.2	18929	C	A	2837	423	50	2	1	80	0.000704473	2839	0.250044	FALSE	NA	NA	NA	NA	NA	NA
NC_045512.2	18931	A	C	2826	444	50	1	0	24	0.000353732	2827	1	FALSE	NA	NA	NA	NA	NA	NA
NC_045512.2	18933	A	C	2828	450	50	1	0	24	0.000353482	2829	1	FALSE	NA	NA	NA	NA	NA	NA
NC_045512.2	18937	G	A	2832	447	51	1	0	40	0.000352983	2833	0.500088	FALSE	NA	NA	NA	NA	NA	NA
NC_045512.2	18938	G	T	2823	392	47	1	1	24	0.000354108	2824	1	FALSE	NA	NA	NA	NA	NA	NA
NC_045512.2	18944	A	C	2850	496	52	2	0	24	0.000701262	2852	1	FALSE	NA	NA	NA	NA	NA	NA
NC_045512.2	18950	A	C	2913	521	52	1	0	24	0.000343171	2914	1	FALSE	NA	NA	NA	NA	NA	NA
NC_045512.2	18955	A	G	2883	570	52	1	0	40	0.0003465	2886	0.499913	FALSE	NA	NA	NA	NA	NA	NA
NC_045512.2	18955	A	C	2883	570	52	2	0	32	0.000693001	2886	0.687565	FALSE	NA	NA	NA	NA	NA	NA
NC_045512.2	18956	A	G	2895	570	52	1	1	80	0.000345185	2897	0.5	FALSE	NA	NA	NA	NA	NA	NA
NC_045512.2	18956	A	C	2895	570	52	1	0	24	0.000345185	2897	1	FALSE	NA	NA	NA	NA	NA	NA
NC_045512.2	18959	C	T	2783	785	55	1	0	80	0.000359195	2784	0.50009	FALSE	NA	NA	NA	NA	NA	NA
NC_045512.2	18960	G	A	2756	752	53	1	0	40	0.000362713	2757	0.500091	FALSE	NA	NA	NA	NA	NA	NA
NC_045512.2	18963	T	C	2714	836	54	1	1	40	0.000368324	2715	0.500092	FALSE	NA	NA	NA	NA	NA	NA
NC_045512.2	18965	G	T	2720	823	51	1	1	24	0.000367512	2721	1	FALSE	NA	NA	NA	NA	NA	NA
NC_045512.2	18966	T	C	2737	848	54	1	0	40	0.00036523	2738	0.500091	FALSE	NA	NA	NA	NA	NA	NA
NC_045512.2	18970	A	C	2559	947	53	1	1	40	0.000390625	2560	0.500098	FALSE	NA	NA	NA	NA	NA	NA
NC_045512.2	18981	C	T	2454	1094	50	1	0	40	0.000407332	2455	0.500102	FALSE	NA	NA	NA	NA	NA	NA
NC_045512.2	18982	A	C	2436	1076	51	1	1	40	0.000410341	2437	0.500103	FALSE	NA	NA	NA	NA	NA	NA
NC_045512.2	18988	G	T	2354	1118	49	1	1	24	0.000424448	2356	1	FALSE	NA	NA	NA	NA	NA	NA
NC_045512.2	18988	G	A	2354	1118	49	1	0	40	0.000424448	2356	0.5	FALSE	NA	NA	NA	NA	NA	NA
NC_045512.2	18990	T	G	2389	1180	50	1	1	24	0.00041841	2390	1	FALSE	NA	NA	NA	NA	NA	NA
NC_045512.2	18992	A	C	2346	1214	49	1	0	24	0.000426076	2347	1	FALSE	NA	NA	NA	NA	NA	NA
NC_045512.2	18993	A	G	2347	1213	49	1	0	40	0.000425894	2348	0.500106	FALSE	NA	NA	NA	NA	NA	NA
NC_045512.2	18996	T	G	2364	1334	49	1	1	40	0.000422654	2366	0.5	FALSE	NA	NA	NA	NA	NA	NA
NC_045512.2	18996	T	C	2364	1334	49	1	1	40	0.000422654	2366	0.5	FALSE	NA	NA	NA	NA	NA	NA
NC_045512.2	19001	T	C	2454	1388	50	1	0	80	0.000407166	2456	0.5	FALSE	NA	NA	NA	NA	NA	NA
NC_045512.2	19001	T	A	2454	1388	50	1	0	40	0.000407166	2456	0.5	FALSE	NA	NA	NA	NA	NA	NA
NC_045512.2	19004	T	G	2447	1386	49	1	1	40	0.000408497	2448	0.500102	FALSE	NA	NA	NA	NA	NA	NA
NC_045512.2	19007	C	A	2486	1470	50	1	0	64	0.000402091	2487	0.500101	FALSE	NA	NA	NA	NA	NA	NA
NC_045512.2	19011	C	A	2498	1501	50	1	0	80	0.00040016	2499	0.5001	FALSE	NA	NA	NA	NA	NA	NA
NC_045512.2	19013	A	G	2464	1510	49	1	0	80	0.00040568	2465	0.500101	FALSE	NA	NA	NA	NA	NA	NA
NC_045512.2	19019	C	G	2493	1589	49	1	1	40	0.000400962	2494	0.5001	FALSE	NA	NA	NA	NA	NA	NA
NC_045512.2	19027	C	G	2419	1746	45	1	1	24	0.000413052	2421	1	FALSE	NA	NA	NA	NA	NA	NA
NC_045512.2	19027	C	A	2419	1746	45	1	0	24	0.000413052	2421	1	FALSE	NA	NA	NA	NA	NA	NA
NC_045512.2	19028	A	G	2499	1774	48	1	1	40	0.00039984	2501	0.5	FALSE	NA	NA	NA	NA	NA	NA
NC_045512.2	19028	A	C	2499	1774	48	1	1	40	0.00039984	2501	0.5	FALSE	NA	NA	NA	NA	NA	NA
NC_045512.2	19034	T	G	2541	1892	48	2	2	24	0.000786473	2543	1	FALSE	NA	NA	NA	NA	NA	NA
NC_045512.2	19035	T	C	2558	1902	48	1	1	40	0.000390778	2559	0.500098	FALSE	NA	NA	NA	NA	NA	NA
NC_045512.2	19036	G	C	2582	1927	48	1	1	24	0.000387147	2583	1	FALSE	NA	NA	NA	NA	NA	NA
NC_045512.2	19038	T	C	2929	2400	50	3	2	53	0.00102319	2932	0.125	FALSE	NA	NA	NA	NA	NA	NA
NC_045512.2	19043	C	A	2949	2433	48	1	1	40	0.000338983	2950	0.500085	FALSE	NA	NA	NA	NA	NA	NA
NC_045512.2	19044	T	G	2914	2393	49	1	1	24	0.000342936	2916	1	FALSE	NA	NA	NA	NA	NA	NA
NC_045512.2	19044	T	C	2914	2393	49	1	1	40	0.000342936	2916	0.5	FALSE	NA	NA	NA	NA	NA	NA
NC_045512.2	19045	A	G	2929	2414	50	1	1	40	0.000341297	2930	0.500085	FALSE	NA	NA	NA	NA	NA	NA
NC_045512.2	19047	A	G	2928	2415	49	1	1	40	0.000341413	2929	0.500085	FALSE	NA	NA	NA	NA	NA	NA
NC_045512.2	19051	A	C	2826	2307	50	1	1	40	0.000353732	2827	0.500088	FALSE	NA	NA	NA	NA	NA	NA
NC_045512.2	19053	T	G	2792	2279	49	1	1	24	0.00035791	2794	1	FALSE	NA	NA	NA	NA	NA	NA
NC_045512.2	19053	T	C	2792	2279	49	1	1	40	0.00035791	2794	0.5	FALSE	NA	NA	NA	NA	NA	NA
NC_045512.2	19054	A	T	2833	2326	50	1	1	40	0.000352858	2834	0.500088	FALSE	NA	NA	NA	NA	NA	NA
NC_045512.2	19055	A	T	2825	2326	49	2	2	40	0.000707464	2827	0.250044	FALSE	NA	NA	NA	NA	NA	NA
NC_045512.2	19058	G	T	2727	2232	50	1	1	24	0.000366569	2728	1	FALSE	NA	NA	NA	NA	NA	NA
NC_045512.2	19061	T	G	2692	2211	49	1	1	24	0.000371333	2693	1	FALSE	NA	NA	NA	NA	NA	NA
NC_045512.2	19065	T	C	2667	2203	49	1	1	24	0.000374813	2668	1	FALSE	NA	NA	NA	NA	NA	NA
NC_045512.2	19066	C	A	2648	2223	46	1	0	24	0.000377501	2649	1	FALSE	NA	NA	NA	NA	NA	NA
NC_045512.2	19071	T	G	2611	2212	47	1	1	40	0.000382848	2612	0.500096	FALSE	NA	NA	NA	NA	NA	NA
NC_045512.2	19074	T	G	2552	2153	47	1	1	40	0.000391696	2553	0.500098	FALSE	NA	NA	NA	NA	NA	NA
NC_045512.2	19075	G	T	2358	1960	43	9	9	25	0.00380228	2367	0.996604	FALSE	NA	NA	NA	NA	NA	NA
NC_045512.2	19076	T	G	2559	2161	47	1	1	24	0.000390625	2560	1	FALSE	NA	NA	NA	NA	NA	NA
NC_045512.2	19081	T	G	2504	2144	47	1	1	24	0.000399202	2505	1	FALSE	NA	NA	NA	NA	NA	NA
NC_045512.2	19085	A	G	2500	2146	46	1	1	24	0.00039984	2501	1	FALSE	NA	NA	NA	NA	NA	NA
NC_045512.2	19088	T	G	2482	2129	46	1	1	40	0.000402739	2483	0.500101	FALSE	NA	NA	NA	NA	NA	NA
NC_045512.2	19090	T	G	2469	2122	46	1	1	24	0.000404858	2470	1	FALSE	NA	NA	NA	NA	NA	NA
NC_045512.2	19092	T	G	2464	2117	46	1	1	24	0.000405515	2466	1	FALSE	NA	NA	NA	NA	NA	NA
NC_045512.2	19092	T	C	2464	2117	46	1	1	40	0.000405515	2466	0.5	FALSE	NA	NA	NA	NA	NA	NA
NC_045512.2	19098	A	G	2356	2060	45	1	1	24	0.000424268	2357	1	FALSE	NA	NA	NA	NA	NA	NA
NC_045512.2	19099	C	T	2338	2066	45	1	1	40	0.000427533	2339	0.500107	FALSE	NA	NA	NA	NA	NA	NA
NC_045512.2	19102	C	T	2310	2055	45	1	0	80	0.000432713	2311	0.500108	FALSE	NA	NA	NA	NA	NA	NA
NC_045512.2	19104	T	G	2227	1975	45	2	2	24	0.000897263	2229	0.999999	FALSE	NA	NA	NA	NA	NA	NA
NC_045512.2	19105	T	G	2211	1959	45	1	1	24	0.000451875	2213	1	FALSE	NA	NA	NA	NA	NA	NA
NC_045512.2	19105	T	C	2211	1959	45	1	1	40	0.000451875	2213	0.5	FALSE	NA	NA	NA	NA	NA	NA
NC_045512.2	19106	G	T	2044	1793	38	1	1	24	0.000488759	2046	1	FALSE	NA	NA	NA	NA	NA	NA
NC_045512.2	19106	G	A	2044	1793	38	1	1	40	0.000488759	2046	0.5	FALSE	NA	NA	NA	NA	NA	NA
NC_045512.2	19109	G	T	2128	1876	41	1	1	24	0.000469704	2129	1	FALSE	NA	NA	NA	NA	NA	NA
NC_045512.2	19110	T	C	1893	1658	45	4	3	50	0.00210859	1897	0.062467	FALSE	NA	NA	NA	NA	NA	NA
NC_045512.2	19111	G	A	1901	1674	44	3	0	40	0.00157563	1904	0.125	FALSE	NA	NA	NA	NA	NA	NA
NC_045512.2	19116	A	G	6356	1961	41	2	0	24	0.000314564	6358	1	FALSE	NA	NA	NA	NA	NA	NA
NC_045512.2	19118	C	-T	6663	1961	41	1	0	20	0.000150083	6663	1	FALSE	NA	NA	NA	NA	NA	NA
NC_045512.2	19120	T	G	6665	1963	41	1	1	24	0.000149993	6667	1	FALSE	NA	NA	NA	NA	NA	NA
NC_045512.2	19120	T	C	6665	1963	41	1	0	24	0.000149993	6667	1	FALSE	NA	NA	NA	NA	NA	NA
NC_045512.2	19121	A	C	6637	1980	41	3	0	29	0.000451807	6640	1	FALSE	NA	NA	NA	NA	NA	NA
NC_045512.2	19122	T	G	6642	1938	41	4	3	24	0.000601775	6647	1	FALSE	NA	NA	NA	NA	NA	NA
NC_045512.2	19122	T	C	6642	1938	41	1	1	24	0.000150444	6647	1	FALSE	NA	NA	NA	NA	NA	NA
NC_045512.2	19123	A	C	6646	1986	41	1	0	24	0.000150444	6647	1	FALSE	NA	NA	NA	NA	NA	NA
NC_045512.2	19124	A	T	6718	2014	41	1	0	40	0.000148699	6725	0.499814	FALSE	NA	NA	NA	NA	NA	NA
NC_045512.2	19124	A	G	6718	2014	41	4	0	36	0.000594796	6725	0.828095	FALSE	NA	NA	NA	NA	NA	NA
NC_045512.2	19124	A	C	6718	2014	41	2	0	24	0.000297398	6725	1	FALSE	NA	NA	NA	NA	NA	NA
NC_045512.2	19125	A	G	6695	1994	41	2	0	32	0.000298463	6701	0.964836	FALSE	NA	NA	NA	NA	NA	NA
NC_045512.2	19125	A	C	6695	1994	41	4	0	28	0.000596926	6701	1	FALSE	NA	NA	NA	NA	NA	NA
NC_045512.2	19126	A	C	6677	1949	41	1	0	24	0.000149745	6678	1	FALSE	NA	NA	NA	NA	NA	NA
NC_045512.2	19127	T	G	6676	1917	41	1	1	40	0.000149701	6680	0.499925	FALSE	NA	NA	NA	NA	NA	NA
NC_045512.2	19127	T	C	6676	1917	41	3	1	34	0.000449102	6680	0.91023	FALSE	NA	NA	NA	NA	NA	NA
NC_045512.2	19128	A	G	6655	1941	41	1	0	40	0.00015015	6660	0.499887	FALSE	NA	NA	NA	NA	NA	NA
NC_045512.2	19128	A	C	6655	1941	41	4	0	24	0.000600601	6660	1	FALSE	NA	NA	NA	NA	NA	NA
NC_045512.2	19129	G	T	6618	1853	40	6	5	32	0.000905797	6624	0.612946	FALSE	NA	NA	NA	NA	NA	NA
NC_045512.2	19130	A	G	6641	1959	41	4	0	28	0.000601775	6647	1	FALSE	NA	NA	NA	NA	NA	NA
NC_045512.2	19130	A	C	6641	1959	41	2	0	32	0.000300888	6647	0.964836	FALSE	NA	NA	NA	NA	NA	NA
NC_045512.2	19134	A	G	7050	1969	40	1	1	40	0.000141824	7051	0.500035	FALSE	NA	NA	NA	NA	NA	NA
NC_045512.2	19135	T	G	7046	1975	41	1	1	40	0.000141904	7047	0.500035	FALSE	NA	NA	NA	NA	NA	NA
NC_045512.2	19137	A	G	7678	2015	41	2	0	24	0.000260349	7682	1	FALSE	NA	NA	NA	NA	NA	NA
NC_045512.2	19137	A	C	7678	2015	41	2	0	40	0.000260349	7682	0.249951	FALSE	NA	NA	NA	NA	NA	NA
NC_045512.2	19138	T	G	7679	1999	41	1	1	40	0.000130208	7680	0.500033	FALSE	NA	NA	NA	NA	NA	NA
NC_045512.2	19140	C	T	7733	2030	42	1	1	40	0.000129299	7734	0.500032	FALSE	NA	NA	NA	NA	NA	NA
NC_045512.2	19141	T	G	7639	1924	42	1	1	24	0.000130873	7641	1	FALSE	NA	NA	NA	NA	NA	NA
NC_045512.2	19141	T	C	7639	1924	42	1	0	40	0.000130873	7641	0.5	FALSE	NA	NA	NA	NA	NA	NA
NC_045512.2	19142	A	C	7690	1956	41	1	0	24	0.000130022	7691	1	FALSE	NA	NA	NA	NA	NA	NA
NC_045512.2	19147	T	G	7664	1789	42	1	0	40	0.000130463	7665	0.500033	FALSE	NA	NA	NA	NA	NA	NA
NC_045512.2	19148	A	C	7680	1807	40	3	0	29	0.000390472	7683	1	FALSE	NA	NA	NA	NA	NA	NA
NC_045512.2	19150	G	C	7842	1801	42	1	0	24	0.000127486	7844	1	FALSE	NA	NA	NA	NA	NA	NA
NC_045512.2	19150	G	A	7842	1801	42	1	0	40	0.000127486	7844	0.5	FALSE	NA	NA	NA	NA	NA	NA
NC_045512.2	19151	C	A	7860	1809	42	1	1	24	0.00012721	7861	1	FALSE	NA	NA	NA	NA	NA	NA
NC_045512.2	19152	C	T	7794	1787	41	1	1	40	0.000128287	7795	0.500032	FALSE	NA	NA	NA	NA	NA	NA
NC_045512.2	19154	C	A	7695	1781	41	2	0	32	0.000259841	7697	0.980505	FALSE	NA	NA	NA	NA	NA	NA
NC_045512.2	19155	A	G	7799	1786	42	2	1	60	0.000256377	7801	0.250016	FALSE	NA	NA	NA	NA	NA	NA
NC_045512.2	19157	A	G	7869	1707	42	2	2	24	0.000254065	7872	1	FALSE	NA	NA	NA	NA	NA	NA
NC_045512.2	19157	A	C	7869	1707	42	1	0	24	0.000127033	7872	1	FALSE	NA	NA	NA	NA	NA	NA
NC_045512.2	19158	T	C	7895	1707	42	1	1	24	0.000126646	7896	1	FALSE	NA	NA	NA	NA	NA	NA
NC_045512.2	19159	T	C	7869	1682	42	6	2	37	0.000761905	7875	0.709632	FALSE	NA	NA	NA	NA	NA	NA
NC_045512.2	19163	A	G	7866	1687	42	3	1	40	0.000381243	7869	0.125	FALSE	NA	NA	NA	NA	NA	NA
NC_045512.2	19164	C	G	7907	1684	42	1	1	24	0.000126454	7908	1	FALSE	NA	NA	NA	NA	NA	NA
NC_045512.2	19165	A	C	7826	1614	42	1	0	24	0.000127763	7827	1	FALSE	NA	NA	NA	NA	NA	NA
NC_045512.2	19166	A	T	7824	1616	42	1	1	24	0.000127763	7827	1	FALSE	NA	NA	NA	NA	NA	NA
NC_045512.2	19166	A	C	7824	1616	42	2	0	24	0.000255526	7827	1	FALSE	NA	NA	NA	NA	NA	NA
NC_045512.2	19167	A	G	7948	1634	43	1	0	40	0.000125786	7950	0.5	FALSE	NA	NA	NA	NA	NA	NA
NC_045512.2	19167	A	C	7948	1634	43	1	0	40	0.000125786	7950	0.5	FALSE	NA	NA	NA	NA	NA	NA
NC_045512.2	19169	T	C	6956	621	43	2	0	60	0.000287439	6958	0.250018	FALSE	NA	NA	NA	NA	NA	NA
NC_045512.2	19169	T	-C	6956	621	43	1	0	20	0.000143719	6958	1	FALSE	NA	NA	NA	NA	NA	NA
NC_045512.2	19170	C	T	7016	662	43	1	0	40	0.000142511	7017	0.5	FALSE	NA	NA	NA	NA	NA	NA
NC_045512.2	19171	A	C	6965	662	43	3	0	29	0.00043054	6968	1	FALSE	NA	NA	NA	NA	NA	NA
NC_045512.2	19172	C	A	7132	668	43	1	0	24	0.000140193	7133	1	FALSE	NA	NA	NA	NA	NA	NA
NC_045512.2	19173	A	C	7095	669	43	4	0	28	0.00056346	7099	1	FALSE	NA	NA	NA	NA	NA	NA
NC_045512.2	19175	A	G	7179	747	43	1	0	40	0.000139256	7181	0.5	FALSE	NA	NA	NA	NA	NA	NA
NC_045512.2	19175	A	C	7179	747	43	1	0	24	0.000139256	7181	1	FALSE	NA	NA	NA	NA	NA	NA
NC_045512.2	19178	G	A	8489	796	43	1	1	80	0.000117786	8490	0.500029	FALSE	NA	NA	NA	NA	NA	NA
NC_045512.2	19179	T	G	8484	803	44	1	0	24	0.000117855	8485	1	FALSE	NA	NA	NA	NA	NA	NA
NC_045512.2	19181	T	G	8490	828	44	1	1	40	0.000117758	8492	0.5	FALSE	NA	NA	NA	NA	NA	NA
NC_045512.2	19181	T	C	8490	828	44	1	0	24	0.000117758	8492	1	FALSE	NA	NA	NA	NA	NA	NA
NC_045512.2	19182	A	G	8419	836	44	1	0	24	0.000118737	8422	1	FALSE	NA	NA	NA	NA	NA	NA
NC_045512.2	19182	A	C	8419	836	44	2	0	32	0.000237473	8422	0.989276	FALSE	NA	NA	NA	NA	NA	NA
NC_045512.2	19183	T	C	8497	832	44	1	0	24	0.000117675	8498	1	FALSE	NA	NA	NA	NA	NA	NA
NC_045512.2	19185	C	G	8498	852	44	1	0	40	0.000117661	8499	0.500029	FALSE	NA	NA	NA	NA	NA	NA
NC_045512.2	19186	C	A	8357	854	43	6	0	24	0.000717446	8363	1	FALSE	NA	NA	NA	NA	NA	NA
NC_045512.2	19187	T	C	8504	854	44	2	0	32	0.000235128	8506	0.989281	FALSE	NA	NA	NA	NA	NA	NA
NC_045512.2	19188	A	C	8468	856	44	2	0	24	0.000236128	8470	1	FALSE	NA	NA	NA	NA	NA	NA
NC_045512.2	19188	A	-T	8468	856	44	1	0	20	0.000118064	8470	1	FALSE	NA	NA	NA	NA	NA	NA
NC_045512.2	19189	T	C	8554	853	44	2	0	32	0.000233754	8556	0.989276	FALSE	NA	NA	NA	NA	NA	NA
NC_045512.2	19190	T	C	8563	863	44	1	0	24	0.000116768	8564	1	FALSE	NA	NA	NA	NA	NA	NA
NC_045512.2	19191	T	G	8528	862	44	2	0	40	0.000234412	8532	0.249956	FALSE	NA	NA	NA	NA	NA	NA
NC_045512.2	19191	T	C	8528	862	44	2	1	60	0.000234412	8532	0.249956	FALSE	NA	NA	NA	NA	NA	NA
NC_045512.2	19193	G	A	8538	871	44	1	0	40	0.00011711	8539	0.500029	FALSE	NA	NA	NA	NA	NA	NA
NC_045512.2	19194	G	A	8575	877	44	1	0	40	0.000116604	8576	0.500029	FALSE	NA	NA	NA	NA	NA	NA
NC_045512.2	19196	A	C	8536	880	44	1	0	24	0.000117137	8537	1	FALSE	NA	NA	NA	NA	NA	NA
NC_045512.2	19200	C	T	8650	898	45	1	0	40	0.000115594	8651	0.500029	FALSE	NA	NA	NA	NA	NA	NA
NC_045512.2	19201	A	G	8558	901	44	1	0	52	0.000116809	8561	0.499971	FALSE	NA	NA	NA	NA	NA	NA
NC_045512.2	19201	A	C	8558	901	44	2	0	24	0.000233618	8561	1	FALSE	NA	NA	NA	NA	NA	NA
NC_045512.2	19202	A	C	8587	899	44	2	0	32	0.000232856	8589	0.989281	FALSE	NA	NA	NA	NA	NA	NA
NC_045512.2	19203	T	G	8654	896	45	1	1	32	0.00011554	8655	0.998052	FALSE	NA	NA	NA	NA	NA	NA
NC_045512.2	19204	G	T	8973	910	44	1	0	24	0.000111408	8976	1	FALSE	NA	NA	NA	NA	NA	NA
NC_045512.2	19204	G	A	8973	910	44	2	0	24	0.000222816	8976	1	FALSE	NA	NA	NA	NA	NA	NA
NC_045512.2	19205	T	C	8997	911	44	1	0	40	0.000111136	8998	0.500028	FALSE	NA	NA	NA	NA	NA	NA
NC_045512.2	19207	G	C	8975	916	44	1	0	32	0.000111408	8976	0.998052	FALSE	NA	NA	NA	NA	NA	NA
NC_045512.2	19208	A	C	8986	922	44	4	0	24	0.000444939	8990	1	FALSE	NA	NA	NA	NA	NA	NA
NC_045512.2	19209	T	C	9150	917	44	1	0	80	0.000109278	9151	0.500027	FALSE	NA	NA	NA	NA	NA	NA
NC_045512.2	19210	A	C	9107	923	44	2	0	24	0.000219563	9109	1	FALSE	NA	NA	NA	NA	NA	NA
NC_045512.2	19212	A	G	9115	978	44	1	0	40	0.000109697	9116	0.500027	FALSE	NA	NA	NA	NA	NA	NA
NC_045512.2	19215	T	C	9209	980	45	1	0	24	0.000108578	9210	1	FALSE	NA	NA	NA	NA	NA	NA
NC_045512.2	19217	C	A	9201	977	45	2	0	24	0.00021732	9203	1	FALSE	NA	NA	NA	NA	NA	NA
NC_045512.2	19218	T	G	9199	976	45	1	1	24	0.000108696	9200	1	FALSE	NA	NA	NA	NA	NA	NA
NC_045512.2	19219	G	T	9285	984	45	1	0	40	0.000107666	9288	0.499973	FALSE	NA	NA	NA	NA	NA	NA
NC_045512.2	19219	G	A	9285	984	45	2	0	52	0.000215332	9288	0.249987	FALSE	NA	NA	NA	NA	NA	NA
NC_045512.2	19221	T	G	9289	980	45	1	0	40	0.000107643	9290	0.500027	FALSE	NA	NA	NA	NA	NA	NA
NC_045512.2	19222	A	C	9221	984	45	2	0	32	0.000216849	9223	0.994155	FALSE	NA	NA	NA	NA	NA	NA
NC_045512.2	19223	A	T	9358	981	45	1	0	40	0.000106826	9361	0.499973	FALSE	NA	NA	NA	NA	NA	NA
NC_045512.2	19223	A	G	9358	981	45	2	0	32	0.000213652	9361	0.994152	FALSE	NA	NA	NA	NA	NA	NA
NC_045512.2	19225	T	C	9404	993	45	1	0	40	0.000106326	9405	0.500027	FALSE	NA	NA	NA	NA	NA	NA
NC_045512.2	19227	C	G	9400	989	45	1	0	40	0.00010636	9402	0.5	FALSE	NA	NA	NA	NA	NA	NA
NC_045512.2	19227	C	A	9400	989	45	1	0	24	0.00010636	9402	1	FALSE	NA	NA	NA	NA	NA	NA
NC_045512.2	19228	A	G	9319	974	45	2	0	40	0.000214569	9321	0.250013	FALSE	NA	NA	NA	NA	NA	NA
NC_045512.2	19230	T	C	9359	982	45	3	0	40	0.000320444	9362	0.125	FALSE	NA	NA	NA	NA	NA	NA
NC_045512.2	19233	T	C	9380	1027	46	2	0	32	0.000213174	9382	0.994155	FALSE	NA	NA	NA	NA	NA	NA
NC_045512.2	19234	T	G	9391	1033	46	1	1	40	0.000106474	9392	0.500027	FALSE	NA	NA	NA	NA	NA	NA
NC_045512.2	19235	G	C	9353	1014	45	1	1	40	0.000106895	9355	0.5	FALSE	NA	NA	NA	NA	NA	NA
NC_045512.2	19235	G	A	9353	1014	45	1	0	40	0.000106895	9355	0.5	FALSE	NA	NA	NA	NA	NA	NA
NC_045512.2	19236	T	C	9395	1087	46	1	0	40	0.000106417	9397	0.5	FALSE	NA	NA	NA	NA	NA	NA
NC_045512.2	19236	T	A	9395	1087	46	1	0	40	0.000106417	9397	0.5	FALSE	NA	NA	NA	NA	NA	NA
NC_045512.2	19237	A	C	9313	1097	46	4	0	24	0.000429323	9317	1	FALSE	NA	NA	NA	NA	NA	NA
NC_045512.2	19240	T	C	9403	1213	47	1	0	40	0.000106338	9404	0.500027	FALSE	NA	NA	NA	NA	NA	NA
NC_045512.2	19241	T	C	9420	1215	47	3	1	34	0.00031837	9423	0.980751	FALSE	NA	NA	NA	NA	NA	NA
NC_045512.2	19242	T	G	9451	1221	47	1	1	24	0.000105764	9455	1	FALSE	NA	NA	NA	NA	NA	NA
NC_045512.2	19242	T	C	9451	1221	47	3	0	40	0.000317292	9455	0.12498	FALSE	NA	NA	NA	NA	NA	NA
NC_045512.2	19244	A	G	9487	1272	46	1	0	40	0.000105363	9491	0.499947	FALSE	NA	NA	NA	NA	NA	NA
NC_045512.2	19244	A	C	9487	1272	46	3	0	24	0.000316089	9491	1	FALSE	NA	NA	NA	NA	NA	NA
NC_045512.2	19245	C	A	9342	1318	47	1	0	24	0.000107032	9343	1	FALSE	NA	NA	NA	NA	NA	NA
NC_045512.2	19246	A	C	9368	1627	49	1	0	24	0.000106735	9369	1	FALSE	NA	NA	NA	NA	NA	NA
NC_045512.2	19248	T	C	9401	1682	50	1	0	24	0.00010636	9402	1	FALSE	NA	NA	NA	NA	NA	NA
NC_045512.2	19249	A	C	9346	1679	50	2	0	24	0.00021395	9348	1	FALSE	NA	NA	NA	NA	NA	NA
NC_045512.2	19251	A	G	9282	1764	50	2	1	44	0.000215401	9285	0.249987	FALSE	NA	NA	NA	NA	NA	NA
NC_045512.2	19251	A	C	9282	1764	50	1	0	24	0.000107701	9285	1	FALSE	NA	NA	NA	NA	NA	NA
NC_045512.2	19253	T	G	7405	2252	47	1	1	40	0.000134989	7408	0.499966	FALSE	NA	NA	NA	NA	NA	NA
NC_045512.2	19253	T	C	7405	2252	47	2	0	32	0.000269978	7408	0.980497	FALSE	NA	NA	NA	NA	NA	NA
NC_045512.2	19254	G	A	7385	2275	47	2	0	60	0.000270746	7387	0.250017	FALSE	NA	NA	NA	NA	NA	NA
NC_045512.2	19256	T	C	7364	2310	47	1	0	40	0.000135777	7365	0.500034	FALSE	NA	NA	NA	NA	NA	NA
NC_045512.2	19257	A	G	7528	2320	47	1	0	40	0.000132802	7530	0.5	FALSE	NA	NA	NA	NA	NA	NA
NC_045512.2	19257	A	C	7528	2320	47	1	0	24	0.000132802	7530	1	FALSE	NA	NA	NA	NA	NA	NA
NC_045512.2	19259	C	T	7432	2339	47	1	1	40	0.000134535	7433	0.500034	FALSE	NA	NA	NA	NA	NA	NA
NC_045512.2	19260	T	C	7410	2322	47	1	0	24	0.000134935	7411	1	FALSE	NA	NA	NA	NA	NA	NA
NC_045512.2	19261	A	G	7409	2308	47	1	0	40	0.000134935	7411	0.5	FALSE	NA	NA	NA	NA	NA	NA
NC_045512.2	19261	A	C	7409	2308	47	1	0	24	0.000134935	7411	1	FALSE	NA	NA	NA	NA	NA	NA
NC_045512.2	19262	A	G	7433	2327	47	1	0	40	0.000134499	7435	0.5	FALSE	NA	NA	NA	NA	NA	NA
NC_045512.2	19262	A	C	7433	2327	47	1	0	24	0.000134499	7435	1	FALSE	NA	NA	NA	NA	NA	NA
NC_045512.2	19263	C	A	7318	2321	46	7	0	30	0.000955631	7325	0.604887	FALSE	NA	NA	NA	NA	NA	NA
NC_045512.2	19265	T	C	7439	2328	47	3	1	48	0.000403117	7442	0.125	FALSE	NA	NA	NA	NA	NA	NA
NC_045512.2	19266	T	C	7418	2272	47	1	0	40	0.000134789	7419	0.500034	FALSE	NA	NA	NA	NA	NA	NA
NC_045512.2	19267	A	C	7358	2319	47	1	0	24	0.000135888	7359	1	FALSE	NA	NA	NA	NA	NA	NA
NC_045512.2	19268	A	C	7178	2334	47	5	0	27	0.000696088	7183	1	FALSE	NA	NA	NA	NA	NA	NA
NC_045512.2	19269	C	T	7246	2442	47	1	0	40	0.000137988	7247	0.500034	FALSE	NA	NA	NA	NA	NA	NA
NC_045512.2	19270	T	C	7211	2392	47	1	0	80	0.000138658	7212	0.500035	FALSE	NA	NA	NA	NA	NA	NA
NC_045512.2	19271	T	C	7172	2354	47	1	1	40	0.000139412	7173	0.500035	FALSE	NA	NA	NA	NA	NA	NA
NC_045512.2	19272	G	A	7197	2367	47	1	1	40	0.000138927	7198	0.500035	FALSE	NA	NA	NA	NA	NA	NA
NC_045512.2	19274	C	A	7122	2402	45	1	0	40	0.00014039	7123	0.500035	FALSE	NA	NA	NA	NA	NA	NA
NC_045512.2	19276	G	C	7280	2511	48	1	0	24	0.000137344	7281	1	FALSE	NA	NA	NA	NA	NA	NA
NC_045512.2	19277	G	T	7200	2287	45	15	15	25	0.00207843	7217	1	FALSE	NA	NA	NA	NA	NA	NA
NC_045512.2	19277	G	A	7200	2287	45	2	2	80	0.000277123	7217	0.249497	FALSE	NA	NA	NA	NA	NA	NA
NC_045512.2	19278	T	G	7482	2656	48	2	2	32	0.000267237	7484	0.980506	FALSE	NA	NA	NA	NA	NA	NA
NC_045512.2	19279	T	G	7497	2680	48	1	1	24	0.000133369	7498	1	FALSE	NA	NA	NA	NA	NA	NA
NC_045512.2	19280	G	T	7068	2221	43	17	17	25	0.00239944	7085	1	FALSE	NA	NA	NA	NA	NA	NA
NC_045512.2	19281	T	G	7870	3327	50	1	1	40	0.000127049	7871	0.500032	FALSE	NA	NA	NA	NA	NA	NA
NC_045512.2	19283	A	C	7712	3471	49	1	0	24	0.000129651	7713	1	FALSE	NA	NA	NA	NA	NA	NA
NC_045512.2	19284	T	G	7744	3467	50	3	3	40	0.000387247	7747	0.125	FALSE	NA	NA	NA	NA	NA	NA
NC_045512.2	19286	G	T	7480	3215	47	10	10	25	0.00133494	7491	1	FALSE	NA	NA	NA	NA	NA	NA
NC_045512.2	19286	G	A	7480	3215	47	1	0	40	0.000133494	7491	0.499699	FALSE	NA	NA	NA	NA	NA	NA
NC_045512.2	19288	G	T	7341	3574	49	1	1	24	0.000136166	7344	1	FALSE	NA	NA	NA	NA	NA	NA
NC_045512.2	19288	G	C	7341	3574	49	1	1	40	0.000136166	7344	0.499966	FALSE	NA	NA	NA	NA	NA	NA
NC_045512.2	19288	G	A	7341	3574	49	1	0	40	0.000136166	7344	0.499966	FALSE	NA	NA	NA	NA	NA	NA
NC_045512.2	19290	C	T	7476	3775	49	1	0	80	0.000133743	7477	0.500033	FALSE	NA	NA	NA	NA	NA	NA
NC_045512.2	19293	T	C	7480	3854	49	1	0	24	0.000133672	7481	1	FALSE	NA	NA	NA	NA	NA	NA
NC_045512.2	19294	T	G	7445	3858	49	1	1	40	0.0001343	7446	0.500034	FALSE	NA	NA	NA	NA	NA	NA
NC_045512.2	19297	T	C	7686	4201	50	1	0	40	0.00013009	7687	0.500033	FALSE	NA	NA	NA	NA	NA	NA
NC_045512.2	19298	A	G	7758	4356	49	2	0	40	0.000257732	7760	0.250016	FALSE	NA	NA	NA	NA	NA	NA
NC_045512.2	19301	T	G	7700	4453	50	1	1	40	0.000129853	7701	0.500032	FALSE	NA	NA	NA	NA	NA	NA
NC_045512.2	19302	A	G	7719	4506	50	3	3	40	0.0003885	7722	0.125	FALSE	NA	NA	NA	NA	NA	NA
NC_045512.2	19303	A	C	7908	4760	50	1	1	24	0.000126438	7909	1	FALSE	NA	NA	NA	NA	NA	NA
NC_045512.2	19305	T	G	7897	4751	50	4	4	24	0.000506201	7902	1	FALSE	NA	NA	NA	NA	NA	NA
NC_045512.2	19305	T	C	7897	4751	50	1	1	40	0.00012655	7902	0.499905	FALSE	NA	NA	NA	NA	NA	NA
NC_045512.2	19307	A	C	7899	4855	50	1	0	24	0.000126582	7900	1	FALSE	NA	NA	NA	NA	NA	NA
NC_045512.2	19309	C	T	7985	4925	51	1	0	80	0.000125219	7986	0.500031	FALSE	NA	NA	NA	NA	NA	NA
NC_045512.2	19310	A	T	7978	4932	51	1	0	80	0.000125329	7979	0.500031	FALSE	NA	NA	NA	NA	NA	NA
NC_045512.2	19311	T	G	7937	4886	51	3	2	34	0.000377834	7940	0.94539	FALSE	NA	NA	NA	NA	NA	NA
NC_045512.2	19312	G	A	7994	4912	51	1	1	24	0.000125078	7995	1	FALSE	NA	NA	NA	NA	NA	NA
NC_045512.2	19314	A	G	8514	5693	52	1	0	80	0.00011744	8515	0.500029	FALSE	NA	NA	NA	NA	NA	NA
NC_045512.2	19315	T	G	9276	6746	54	1	1	40	0.000107782	9278	0.5	FALSE	NA	NA	NA	NA	NA	NA
NC_045512.2	19315	T	C	9276	6746	54	1	1	24	0.000107782	9278	1	FALSE	NA	NA	NA	NA	NA	NA
NC_045512.2	19316	T	G	9236	6712	53	3	3	24	0.000324675	9240	1	FALSE	NA	NA	NA	NA	NA	NA
NC_045512.2	19316	T	C	9236	6712	53	1	1	40	0.000108225	9240	0.499946	FALSE	NA	NA	NA	NA	NA	NA
NC_045512.2	19318	C	A	9265	6814	52	5	0	32	0.000539374	9270	0.910333	FALSE	NA	NA	NA	NA	NA	NA
NC_045512.2	19319	A	T	9286	6818	53	1	0	40	0.000107654	9289	0.499973	FALSE	NA	NA	NA	NA	NA	NA
NC_045512.2	19319	A	C	9286	6818	53	2	0	32	0.000215308	9289	0.994152	FALSE	NA	NA	NA	NA	NA	NA
NC_045512.2	19321	A	G	9217	6798	53	1	1	80	0.000108483	9218	0.500027	FALSE	NA	NA	NA	NA	NA	NA
NC_045512.2	19326	A	G	9043	6752	53	2	1	38	0.000221092	9046	0.994152	FALSE	NA	NA	NA	NA	NA	NA
NC_045512.2	19326	A	C	9043	6752	53	1	1	24	0.000110546	9046	1	FALSE	NA	NA	NA	NA	NA	NA
NC_045512.2	19330	T	G	9186	7617	49	2	2	32	0.000217652	9189	0.994152	FALSE	NA	NA	NA	NA	NA	NA
NC_045512.2	19330	T	C	9186	7617	49	1	1	40	0.000108826	9189	0.499973	FALSE	NA	NA	NA	NA	NA	NA
NC_045512.2	19331	T	G	9102	7556	49	1	1	24	0.000109854	9103	1	FALSE	NA	NA	NA	NA	NA	NA
NC_045512.2	19332	T	C	9141	7592	49	1	1	40	0.000109385	9142	0.500027	FALSE	NA	NA	NA	NA	NA	NA
NC_045512.2	19333	G	C	9205	7658	49	1	1	40	0.000108625	9206	0.500027	FALSE	NA	NA	NA	NA	NA	NA
NC_045512.2	19334	A	G	9352	7877	49	1	1	64	0.000106918	9353	0.500027	FALSE	NA	NA	NA	NA	NA	NA
NC_045512.2	19335	T	G	9263	7782	49	4	4	28	0.000431639	9267	1	FALSE	NA	NA	NA	NA	NA	NA
NC_045512.2	19335	T	-A	9263	7782	49	1	0	20	0.00010791	9267	1	FALSE	NA	NA	NA	NA	NA	NA
NC_045512.2	19336	A	G	9443	8014	50	1	1	24	0.000105887	9444	1	FALSE	NA	NA	NA	NA	NA	NA
NC_045512.2	19337	A	G	9428	8001	50	1	1	40	0.000106056	9429	0.500027	FALSE	NA	NA	NA	NA	NA	NA
NC_045512.2	19342	G	A	9565	8212	50	1	1	40	0.000104537	9566	0.500026	FALSE	NA	NA	NA	NA	NA	NA
NC_045512.2	19344	T	C	9520	8181	50	2	2	40	0.00021004	9522	0.250013	FALSE	NA	NA	NA	NA	NA	NA
NC_045512.2	19345	T	G	9507	8170	50	2	2	24	0.000210327	9509	1	FALSE	NA	NA	NA	NA	NA	NA
NC_045512.2	19346	T	G	9489	8146	49	2	2	40	0.000210726	9491	0.250013	FALSE	NA	NA	NA	NA	NA	NA
NC_045512.2	19347	T	G	9502	8164	50	1	1	24	0.000105219	9504	1	FALSE	NA	NA	NA	NA	NA	NA
NC_045512.2	19347	T	C	9502	8164	50	1	1	40	0.000105219	9504	0.5	FALSE	NA	NA	NA	NA	NA	NA
NC_045512.2	19348	G	A	9550	8235	50	1	1	40	0.000104701	9551	0.500026	FALSE	NA	NA	NA	NA	NA	NA
NC_045512.2	19349	T	G	9449	8132	49	1	1	24	0.00010582	9450	1	FALSE	NA	NA	NA	NA	NA	NA
NC_045512.2	19350	T	G	9421	8107	49	5	5	24	0.000530448	9426	1	FALSE	NA	NA	NA	NA	NA	NA
NC_045512.2	19351	A	G	9505	8196	50	1	1	64	0.000105197	9506	0.500026	FALSE	NA	NA	NA	NA	NA	NA
NC_045512.2	19353	T	G	9463	8140	49	1	1	24	0.000105652	9465	1	FALSE	NA	NA	NA	NA	NA	NA
NC_045512.2	19353	T	C	9463	8140	49	1	1	40	0.000105652	9465	0.5	FALSE	NA	NA	NA	NA	NA	NA
NC_045512.2	19354	T	G	9452	8133	49	1	1	24	0.000105787	9453	1	FALSE	NA	NA	NA	NA	NA	NA
NC_045512.2	19355	T	G	9415	8257	48	1	1	24	0.000106202	9416	1	FALSE	NA	NA	NA	NA	NA	NA
NC_045512.2	19356	A	C	9520	8363	48	1	0	32	0.000105031	9521	0.999026	FALSE	NA	NA	NA	NA	NA	NA
NC_045512.2	19357	A	T	9514	8366	48	1	1	40	0.000105097	9515	0.500026	FALSE	NA	NA	NA	NA	NA	NA
NC_045512.2	19358	A	G	9500	8359	48	2	1	44	0.000210482	9502	0.250013	FALSE	NA	NA	NA	NA	NA	NA
NC_045512.2	19361	A	G	9415	8347	48	1	1	24	0.000106202	9416	1	FALSE	NA	NA	NA	NA	NA	NA
NC_045512.2	19362	A	G	9417	8357	48	2	2	40	0.000212337	9419	0.250013	FALSE	NA	NA	NA	NA	NA	NA
NC_045512.2	19364	T	G	9311	8260	47	5	5	24	0.000536596	9318	1	FALSE	NA	NA	NA	NA	NA	NA
NC_045512.2	19364	T	C	9311	8260	47	2	2	40	0.000214638	9318	0.249879	FALSE	NA	NA	NA	NA	NA	NA
NC_045512.2	19365	A	G	9416	8375	47	1	1	40	0.000106191	9417	0.500027	FALSE	NA	NA	NA	NA	NA	NA
NC_045512.2	19366	C	T	9404	8364	47	2	2	32	0.00021263	9406	0.994155	FALSE	NA	NA	NA	NA	NA	NA
NC_045512.2	19368	A	G	9410	8365	48	2	2	40	0.000212495	9412	0.250013	FALSE	NA	NA	NA	NA	NA	NA
NC_045512.2	19368	A	-T	9410	8365	48	1	0	20	0.000106247	9412	1	FALSE	NA	NA	NA	NA	NA	NA
NC_045512.2	19368	A	+T	9410	8365	48	1	0	20	0.000106247	9412	1	FALSE	NA	NA	NA	NA	NA	NA
NC_045512.2	19369	T	G	9343	8303	47	1	1	24	0.000107021	9344	1	FALSE	NA	NA	NA	NA	NA	NA
NC_045512.2	19370	T	G	9335	8340	47	1	1	24	0.000107101	9337	1	FALSE	NA	NA	NA	NA	NA	NA
NC_045512.2	19370	T	C	9335	8340	47	1	1	36	0.000107101	9337	0.999026	FALSE	NA	NA	NA	NA	NA	NA
NC_045512.2	19372	T	G	9324	8331	47	1	1	24	0.000107239	9325	1	FALSE	NA	NA	NA	NA	NA	NA
NC_045512.2	19373	T	G	9325	8332	47	1	1	24	0.000107227	9326	1	FALSE	NA	NA	NA	NA	NA	NA
NC_045512.2	19375	T	G	9294	8358	46	2	2	24	0.000215123	9297	1	FALSE	NA	NA	NA	NA	NA	NA
NC_045512.2	19375	T	C	9294	8358	46	1	1	24	0.000107562	9297	1	FALSE	NA	NA	NA	NA	NA	NA
NC_045512.2	19376	A	G	9335	8406	46	1	0	80	0.000107112	9336	0.500027	FALSE	NA	NA	NA	NA	NA	NA
NC_045512.2	19377	T	G	9268	8334	46	1	1	24	0.000107887	9269	1	FALSE	NA	NA	NA	NA	NA	NA
NC_045512.2	19378	T	G	9245	8314	46	3	3	24	0.000324394	9248	1	FALSE	NA	NA	NA	NA	NA	NA
NC_045512.2	19379	A	G	9325	8401	46	1	1	40	0.000107216	9327	0.5	FALSE	NA	NA	NA	NA	NA	NA
NC_045512.2	19379	A	C	9325	8401	46	1	0	32	0.000107216	9327	0.999026	FALSE	NA	NA	NA	NA	NA	NA
NC_045512.2	19380	C	T	9310	8424	46	1	1	40	0.0001074	9311	0.500027	FALSE	NA	NA	NA	NA	NA	NA
NC_045512.2	19381	T	G	9261	8380	46	1	1	24	0.000107956	9263	1	FALSE	NA	NA	NA	NA	NA	NA
NC_045512.2	19381	T	C	9261	8380	46	1	1	40	0.000107956	9263	0.5	FALSE	NA	NA	NA	NA	NA	NA
NC_045512.2	19383	T	G	9024	8149	46	1	1	24	0.000110791	9026	1	FALSE	NA	NA	NA	NA	NA	NA
NC_045512.2	19383	T	C	9024	8149	46	1	1	24	0.000110791	9026	1	FALSE	NA	NA	NA	NA	NA	NA
NC_045512.2	19384	G	T	9049	8178	46	1	1	40	0.000110497	9050	0.500028	FALSE	NA	NA	NA	NA	NA	NA
NC_045512.2	19385	A	G	9094	8225	46	3	3	40	0.000329707	9099	0.124959	FALSE	NA	NA	NA	NA	NA	NA
NC_045512.2	19385	A	C	9094	8225	46	2	2	40	0.000219804	9099	0.249931	FALSE	NA	NA	NA	NA	NA	NA
NC_045512.2	19387	A	G	8976	8108	46	4	4	28	0.000445385	8981	1	FALSE	NA	NA	NA	NA	NA	NA
NC_045512.2	19387	A	C	8976	8108	46	1	1	40	0.000111346	8981	0.499916	FALSE	NA	NA	NA	NA	NA	NA
NC_045512.2	19388	G	A	8875	8012	45	1	1	40	0.000112663	8876	0.500028	FALSE	NA	NA	NA	NA	NA	NA
NC_045512.2	19389	T	G	8758	7911	46	4	4	28	0.000456517	8762	1	FALSE	NA	NA	NA	NA	NA	NA
NC_045512.2	19391	C	A	8680	7853	46	2	2	40	0.000230362	8682	0.250014	FALSE	NA	NA	NA	NA	NA	NA
NC_045512.2	19392	A	G	8669	7849	46	2	1	44	0.000230654	8671	0.250014	FALSE	NA	NA	NA	NA	NA	NA
NC_045512.2	19393	T	G	8595	7796	46	1	1	24	0.000116293	8599	1	FALSE	NA	NA	NA	NA	NA	NA
NC_045512.2	19393	T	C	8595	7796	46	3	3	40	0.000348878	8599	0.124978	FALSE	NA	NA	NA	NA	NA	NA
NC_045512.2	19394	G	T	8557	7758	45	1	1	24	0.000116836	8559	1	FALSE	NA	NA	NA	NA	NA	NA
NC_045512.2	19394	G	A	8557	7758	45	1	1	40	0.000116836	8559	0.5	FALSE	NA	NA	NA	NA	NA	NA
NC_045512.2	19395	T	G	8540	7819	45	3	3	24	0.000351083	8545	1	FALSE	NA	NA	NA	NA	NA	NA
NC_045512.2	19395	T	C	8540	7819	45	2	2	40	0.000234055	8545	0.249927	FALSE	NA	NA	NA	NA	NA	NA
NC_045512.2	19398	G	T	7988	7340	45	1	1	40	0.000125172	7989	0.500031	FALSE	NA	NA	NA	NA	NA	NA
NC_045512.2	19399	T	G	7906	7261	45	2	2	24	0.000252908	7908	1	FALSE	NA	NA	NA	NA	NA	NA
NC_045512.2	19401	T	G	7749	7129	45	2	2	32	0.000258031	7751	0.980505	FALSE	NA	NA	NA	NA	NA	NA
NC_045512.2	19402	C	G	7739	7189	44	1	1	40	0.000129199	7740	0.500032	FALSE	NA	NA	NA	NA	NA	NA
NC_045512.2	19404	T	G	7703	7148	44	1	1	24	0.000129786	7705	1	FALSE	NA	NA	NA	NA	NA	NA
NC_045512.2	19404	T	C	7703	7148	44	1	1	24	0.000129786	7705	1	FALSE	NA	NA	NA	NA	NA	NA
NC_045512.2	19405	G	T	7656	7103	43	3	3	24	0.000391696	7659	1	FALSE	NA	NA	NA	NA	NA	NA
NC_045512.2	19406	G	T	7732	7197	44	1	1	24	0.000129316	7733	1	FALSE	NA	NA	NA	NA	NA	NA
NC_045512.2	19407	A	G	7667	7140	44	3	3	34	0.000391134	7670	0.945393	FALSE	NA	NA	NA	NA	NA	NA
NC_045512.2	19408	A	G	7666	7220	44	1	1	40	0.000130378	7670	0.499935	FALSE	NA	NA	NA	NA	NA	NA
NC_045512.2	19408	A	C	7666	7220	44	3	2	34	0.000391134	7670	0.94537	FALSE	NA	NA	NA	NA	NA	NA
NC_045512.2	19409	A	C	7659	7213	44	1	1	80	0.000130548	7660	0.500033	FALSE	NA	NA	NA	NA	NA	NA
NC_045512.2	19410	A	G	7671	7224	44	2	2	60	0.00026062	7674	0.249984	FALSE	NA	NA	NA	NA	NA	NA
NC_045512.2	19410	A	C	7671	7224	44	1	1	40	0.00013031	7674	0.499967	FALSE	NA	NA	NA	NA	NA	NA
NC_045512.2	19414	G	T	7231	6834	39	20	20	26	0.00275786	7252	1	FALSE	NA	NA	NA	NA	NA	NA
NC_045512.2	19414	G	A	7231	6834	39	1	1	40	0.000137893	7252	0.499344	FALSE	NA	NA	NA	NA	NA	NA
NC_045512.2	19415	T	G	7583	7186	43	1	1	40	0.000131857	7584	0.500033	FALSE	NA	NA	NA	NA	NA	NA
NC_045512.2	19416	A	G	7591	7194	43	1	1	40	0.000131683	7594	0.499967	FALSE	NA	NA	NA	NA	NA	NA
NC_045512.2	19416	A	C	7591	7194	43	2	2	32	0.000263366	7594	0.980497	FALSE	NA	NA	NA	NA	NA	NA
NC_045512.2	19417	G	C	7573	7188	43	1	1	40	0.000132031	7574	0.500033	FALSE	NA	NA	NA	NA	NA	NA
NC_045512.2	19418	T	G	7481	7096	43	4	4	32	0.000534259	7487	0.886762	FALSE	NA	NA	NA	NA	NA	NA
NC_045512.2	19418	T	C	7481	7096	43	2	2	40	0.00026713	7487	0.249883	FALSE	NA	NA	NA	NA	NA	NA
NC_045512.2	19419	G	T	7508	7121	42	1	1	24	0.000133174	7509	1	FALSE	NA	NA	NA	NA	NA	NA
NC_045512.2	19420	T	G	7366	6985	43	3	3	40	0.000407111	7369	0.125	FALSE	NA	NA	NA	NA	NA	NA
NC_045512.2	19422	A	G	7372	6996	43	1	1	40	0.00013563	7373	0.500034	FALSE	NA	NA	NA	NA	NA	NA
NC_045512.2	19425	T	G	7305	6947	42	3	3	24	0.000410397	7310	1	FALSE	NA	NA	NA	NA	NA	NA
NC_045512.2	19425	T	C	7305	6947	42	2	2	24	0.000273598	7310	1	FALSE	NA	NA	NA	NA	NA	NA
NC_045512.2	19426	A	C	7186	6846	42	2	2	40	0.000278242	7188	0.250017	FALSE	NA	NA	NA	NA	NA	NA
NC_045512.2	19427	T	G	7101	6785	41	3	3	24	0.000422238	7105	1	FALSE	NA	NA	NA	NA	NA	NA
NC_045512.2	19427	T	C	7101	6785	41	1	1	24	0.000140746	7105	1	FALSE	NA	NA	NA	NA	NA	NA
NC_045512.2	19430	A	G	6960	6710	42	1	1	24	0.000143658	6961	1	FALSE	NA	NA	NA	NA	NA	NA
NC_045512.2	19431	T	C	6903	6655	41	1	1	40	0.000144844	6904	0.500036	FALSE	NA	NA	NA	NA	NA	NA
NC_045512.2	19432	T	G	5909	5688	41	2	2	24	0.000338352	5911	1	FALSE	NA	NA	NA	NA	NA	NA
NC_045512.2	19435	G	C	5921	5714	42	1	1	40	0.000168862	5922	0.500042	FALSE	NA	NA	NA	NA	NA	NA
NC_045512.2	19436	T	G	5844	5637	41	3	3	24	0.000513084	5847	1	FALSE	NA	NA	NA	NA	NA	NA
NC_045512.2	19438	C	G	5767	5565	42	2	2	40	0.000346681	5769	0.250022	FALSE	NA	NA	NA	NA	NA	NA
NC_045512.2	19439	C	T	5567	5371	42	2	2	40	0.000359131	5569	0.250022	FALSE	NA	NA	NA	NA	NA	NA
NC_045512.2	19440	A	T	5542	5359	41	1	1	40	0.000180245	5548	0.49982	FALSE	NA	NA	NA	NA	NA	NA
NC_045512.2	19440	A	G	5542	5359	41	1	1	24	0.000180245	5548	1	FALSE	NA	NA	NA	NA	NA	NA
NC_045512.2	19440	A	C	5542	5359	41	4	4	40	0.000720981	5548	0.0624437	FALSE	NA	NA	NA	NA	NA	NA
NC_045512.2	19442	T	G	5353	5184	41	2	2	24	0.000373483	5355	1	FALSE	NA	NA	NA	NA	NA	NA
NC_045512.2	19443	A	G	5410	5251	41	1	1	40	0.000184809	5411	0.500046	FALSE	NA	NA	NA	NA	NA	NA
NC_045512.2	19445	A	G	5393	5226	41	2	2	40	0.000370714	5395	0.250023	FALSE	NA	NA	NA	NA	NA	NA
NC_045512.2	19447	T	G	4897	4749	41	1	1	40	0.000204123	4899	0.5	FALSE	NA	NA	NA	NA	NA	NA
NC_045512.2	19447	T	C	4897	4749	41	1	1	24	0.000204123	4899	1	FALSE	NA	NA	NA	NA	NA	NA
NC_045512.2	19449	T	C	4710	4575	41	1	1	24	0.000212269	4711	1	FALSE	NA	NA	NA	NA	NA	NA
NC_045512.2	19450	G	T	4709	4573	41	1	1	24	0.000212179	4713	1	FALSE	NA	NA	NA	NA	NA	NA
NC_045512.2	19450	G	C	4709	4573	41	2	2	28	0.000424358	4713	1	FALSE	NA	NA	NA	NA	NA	NA
NC_045512.2	19450	G	A	4709	4573	41	1	1	40	0.000212179	4713	0.499894	FALSE	NA	NA	NA	NA	NA	NA
NC_045512.2	19452	T	G	4457	4328	41	12	12	33	0.00268336	4472	0.0382016	FALSE	NA	NA	NA	NA	NA	NA
NC_045512.2	19452	T	C	4457	4328	41	3	3	34	0.000670841	4472	0.772518	FALSE	NA	NA	NA	NA	NA	NA
NC_045512.2	19454	C	T	7783	4367	40	1	0	40	0.000128452	7785	0.5	FALSE	NA	NA	NA	NA	NA	NA
NC_045512.2	19454	C	G	7783	4367	40	1	1	24	0.000128452	7785	1	FALSE	NA	NA	NA	NA	NA	NA
NC_045512.2	19456	T	G	8257	4305	40	1	1	24	0.000121095	8258	1	FALSE	NA	NA	NA	NA	NA	NA
NC_045512.2	19458	T	G	8953	4309	41	2	2	24	0.000223314	8956	1	FALSE	NA	NA	NA	NA	NA	NA
NC_045512.2	19458	T	C	8953	4309	41	1	0	40	0.000111657	8956	0.499972	FALSE	NA	NA	NA	NA	NA	NA
NC_045512.2	19459	A	G	8845	4247	40	1	0	80	0.000113007	8849	0.499943	FALSE	NA	NA	NA	NA	NA	NA
NC_045512.2	19459	A	C	8845	4247	40	3	0	34	0.000339021	8849	0.967326	FALSE	NA	NA	NA	NA	NA	NA
NC_045512.2	19460	T	G	8850	4210	40	4	4	28	0.000451773	8854	1	FALSE	NA	NA	NA	NA	NA	NA
NC_045512.2	19463	C	A	8736	4240	39	1	0	24	0.000114456	8737	1	FALSE	NA	NA	NA	NA	NA	NA
NC_045512.2	19464	A	G	7854	3258	41	2	1	40	0.00025455	7857	0.249984	FALSE	NA	NA	NA	NA	NA	NA
NC_045512.2	19464	A	C	7854	3258	41	1	0	40	0.000127275	7857	0.499968	FALSE	NA	NA	NA	NA	NA	NA
NC_045512.2	19466	G	C	6393	1809	40	2	2	40	0.000312744	6395	0.25002	FALSE	NA	NA	NA	NA	NA	NA
NC_045512.2	19467	T	C	4960	373	41	3	0	40	0.000604473	4963	0.125	FALSE	NA	NA	NA	NA	NA	NA
NC_045512.2	19468	T	C	4973	373	41	4	0	40	0.00080289	4982	0.062362	FALSE	NA	NA	NA	NA	NA	NA
NC_045512.2	19468	T	A	4973	373	41	5	0	35	0.00100361	4982	0.499629	FALSE	NA	NA	NA	NA	NA	NA
NC_045512.2	19469	G	A	5001	375	41	2	1	40	0.00039976	5003	0.250025	FALSE	NA	NA	NA	NA	NA	NA
NC_045512.2	19470	C	G	5015	379	40	2	0	40	0.000398406	5020	0.249875	FALSE	NA	NA	NA	NA	NA	NA
NC_045512.2	19470	C	A	5015	379	40	3	0	34	0.00059761	5020	0.855501	FALSE	NA	NA	NA	NA	NA	NA
NC_045512.2	19471	A	C	5073	384	41	2	0	24	0.000394089	5075	1	FALSE	NA	NA	NA	NA	NA	NA
NC_045512.2	19472	A	T	5222	402	41	1	0	80	0.000191424	5224	0.5	FALSE	NA	NA	NA	NA	NA	NA
NC_045512.2	19472	A	G	5222	402	41	1	0	40	0.000191424	5224	0.5	FALSE	NA	NA	NA	NA	NA	NA
NC_045512.2	19476	A	G	4645	378	41	645	47	41	0.121905	5291	5.63453e-204	TRUE	NA	NA	NA	NA	NA	NA
NC_045512.2	19476	A	C	4645	378	41	1	0	24	0.000189	5291	1	FALSE	NA	NA	NA	NA	NA	NA
NC_045512.2	19478	G	T	5354	399	41	1	1	24	0.000186741	5355	1	FALSE	NA	NA	NA	NA	NA	NA
NC_045512.2	19479	T	C	5384	426	42	2	0	40	0.000371333	5386	0.250023	FALSE	NA	NA	NA	NA	NA	NA
NC_045512.2	19480	G	A	5408	429	41	1	0	40	0.000184877	5409	0.500046	FALSE	NA	NA	NA	NA	NA	NA
NC_045512.2	19484	C	A	5513	449	42	1	0	40	0.000181357	5514	0.500045	FALSE	NA	NA	NA	NA	NA	NA
NC_045512.2	19485	T	G	5563	458	42	1	0	24	0.000179727	5564	1	FALSE	NA	NA	NA	NA	NA	NA
NC_045512.2	19486	G	C	5786	467	42	2	0	24	0.000345483	5789	1	FALSE	NA	NA	NA	NA	NA	NA
NC_045512.2	19486	G	A	5786	467	42	1	0	40	0.000172741	5789	0.499957	FALSE	NA	NA	NA	NA	NA	NA
NC_045512.2	19486	G	-T	5786	467	42	1	0	20	0.000172741	5789	1	FALSE	NA	NA	NA	NA	NA	NA
NC_045512.2	19489	T	C	6008	482	42	2	0	24	0.000332779	6010	1	FALSE	NA	NA	NA	NA	NA	NA
NC_045512.2	19490	G	A	6093	479	42	1	0	40	0.000164096	6094	0.500041	FALSE	NA	NA	NA	NA	NA	NA
NC_045512.2	19492	A	C	6069	486	41	1	0	24	0.000164745	6070	1	FALSE	NA	NA	NA	NA	NA	NA
NC_045512.2	19495	C	A	6267	517	42	1	0	40	0.000159541	6268	0.50004	FALSE	NA	NA	NA	NA	NA	NA
NC_045512.2	19496	A	G	6229	529	42	1	0	40	0.000160462	6232	0.49996	FALSE	NA	NA	NA	NA	NA	NA
NC_045512.2	19496	A	C	6229	529	42	2	0	24	0.000320924	6232	1	FALSE	NA	NA	NA	NA	NA	NA
NC_045512.2	19497	T	C	6262	529	42	1	0	24	0.000159668	6263	1	FALSE	NA	NA	NA	NA	NA	NA
NC_045512.2	19499	A	G	6485	540	42	3	0	29	0.00046225	6490	1	FALSE	NA	NA	NA	NA	NA	NA
NC_045512.2	19499	A	C	6485	540	42	2	0	40	0.000308166	6490	0.249904	FALSE	NA	NA	NA	NA	NA	NA
NC_045512.2	19500	T	C	6509	540	42	2	0	40	0.000307172	6511	0.250019	FALSE	NA	NA	NA	NA	NA	NA
NC_045512.2	19501	G	C	6512	542	42	1	0	40	0.000153539	6513	0.500038	FALSE	NA	NA	NA	NA	NA	NA
NC_045512.2	19504	A	G	6686	596	43	2	0	40	0.000299043	6688	0.250019	FALSE	NA	NA	NA	NA	NA	NA
NC_045512.2	19505	A	C	6693	599	43	1	0	24	0.000149388	6694	1	FALSE	NA	NA	NA	NA	NA	NA
NC_045512.2	19506	T	C	6770	606	43	2	0	32	0.000295334	6772	0.9649	FALSE	NA	NA	NA	NA	NA	NA
NC_045512.2	19508	A	G	6799	613	43	2	1	60	0.000294074	6801	0.250018	FALSE	NA	NA	NA	NA	NA	NA
NC_045512.2	19510	T	C	6999	637	43	2	0	32	0.000285673	7001	0.980509	FALSE	NA	NA	NA	NA	NA	NA
NC_045512.2	19511	A	C	6977	645	43	1	0	24	0.000143308	6978	1	FALSE	NA	NA	NA	NA	NA	NA
NC_045512.2	19512	C	G	7002	644	43	1	0	32	0.000142776	7004	0.996102	FALSE	NA	NA	NA	NA	NA	NA
NC_045512.2	19512	C	A	7002	644	43	1	0	24	0.000142776	7004	1	FALSE	NA	NA	NA	NA	NA	NA
NC_045512.2	19513	A	G	6994	643	43	2	0	60	0.000285878	6996	0.250018	FALSE	NA	NA	NA	NA	NA	NA
NC_045512.2	19515	A	G	7122	672	43	1	0	40	0.000140371	7124	0.5	FALSE	NA	NA	NA	NA	NA	NA
NC_045512.2	19515	A	C	7122	672	43	1	0	24	0.000140371	7124	1	FALSE	NA	NA	NA	NA	NA	NA
NC_045512.2	19520	A	C	7225	766	44	1	0	40	0.000138389	7226	0.500035	FALSE	NA	NA	NA	NA	NA	NA
NC_045512.2	19521	T	C	7287	762	44	2	0	24	0.000274386	7289	1	FALSE	NA	NA	NA	NA	NA	NA
NC_045512.2	19523	T	C	7285	793	45	2	0	40	0.000274461	7287	0.250017	FALSE	NA	NA	NA	NA	NA	NA
NC_045512.2	19524	C	A	5799	823	37	115	0	26	0.0194454	5914	1.15204e-05	TRUE	NA	NA	NA	NA	NA	NA
NC_045512.2	19527	T	C	7292	841	45	1	0	24	0.000137118	7293	1	FALSE	NA	NA	NA	NA	NA	NA
NC_045512.2	19528	G	C	7493	862	45	1	0	40	0.000133422	7495	0.5	FALSE	NA	NA	NA	NA	NA	NA
NC_045512.2	19528	G	A	7493	862	45	1	0	40	0.000133422	7495	0.5	FALSE	NA	NA	NA	NA	NA	NA
NC_045512.2	19531	T	C	7540	920	46	5	1	33	0.000662691	7545	0.806313	FALSE	NA	NA	NA	NA	NA	NA
NC_045512.2	19532	A	C	7506	943	46	2	0	24	0.000266383	7508	1	FALSE	NA	NA	NA	NA	NA	NA
NC_045512.2	19533	T	C	7559	953	46	3	1	37	0.00039672	7562	0.945394	FALSE	NA	NA	NA	NA	NA	NA
NC_045512.2	19534	A	C	7509	960	46	2	0	24	0.000266276	7511	1	FALSE	NA	NA	NA	NA	NA	NA
NC_045512.2	19535	A	G	7537	1006	47	1	0	24	0.000132661	7538	1	FALSE	NA	NA	NA	NA	NA	NA
NC_045512.2	19537	A	G	7575	1033	47	1	0	40	0.000131978	7577	0.5	FALSE	NA	NA	NA	NA	NA	NA
NC_045512.2	19537	A	C	7575	1033	47	1	0	24	0.000131978	7577	1	FALSE	NA	NA	NA	NA	NA	NA
NC_045512.2	19538	T	C	7607	1047	47	1	0	40	0.000131441	7608	0.500033	FALSE	NA	NA	NA	NA	NA	NA
NC_045512.2	19540	A	C	7599	1091	47	1	0	24	0.000131579	7600	1	FALSE	NA	NA	NA	NA	NA	NA
NC_045512.2	19541	T	C	7628	1093	48	1	0	40	0.000131079	7629	0.500033	FALSE	NA	NA	NA	NA	NA	NA
NC_045512.2	19543	A	G	7662	1148	48	2	0	32	0.000260926	7665	0.980496	FALSE	NA	NA	NA	NA	NA	NA
NC_045512.2	19543	A	C	7662	1148	48	1	0	24	0.000130463	7665	1	FALSE	NA	NA	NA	NA	NA	NA
NC_045512.2	19545	C	T	7699	1150	48	1	0	40	0.00012987	7700	0.500032	FALSE	NA	NA	NA	NA	NA	NA
NC_045512.2	19546	T	C	7710	1153	48	1	0	64	0.000129685	7711	0.500032	FALSE	NA	NA	NA	NA	NA	NA
NC_045512.2	19547	C	A	6152	1201	40	98	0	25	0.01568	6250	0.00260647	TRUE	NA	NA	NA	NA	NA	NA
NC_045512.2	19549	G	A	7771	1159	48	1	0	24	0.000128667	7772	1	FALSE	NA	NA	NA	NA	NA	NA
NC_045512.2	19550	C	A	7758	1201	49	1	0	40	0.000128883	7759	0.500032	FALSE	NA	NA	NA	NA	NA	NA
NC_045512.2	19551	T	C	7767	1194	49	2	2	72	0.000257433	7769	0.250016	FALSE	NA	NA	NA	NA	NA	NA
NC_045512.2	19554	C	T	7977	1238	49	2	1	60	0.000250595	7981	0.249953	FALSE	NA	NA	NA	NA	NA	NA
NC_045512.2	19554	C	A	7977	1238	49	2	1	32	0.000250595	7981	0.980486	FALSE	NA	NA	NA	NA	NA	NA
NC_045512.2	19554	C	-T	7977	1238	49	1	0	20	0.000125298	7981	1	FALSE	NA	NA	NA	NA	NA	NA
NC_045512.2	19555	T	C	7972	1243	49	3	0	42	0.000376176	7975	0.124976	FALSE	NA	NA	NA	NA	NA	NA
NC_045512.2	19556	T	C	7956	1232	49	1	0	24	0.000125676	7957	1	FALSE	NA	NA	NA	NA	NA	NA
NC_045512.2	19557	T	C	7954	1256	49	2	0	66	0.000251383	7956	0.250016	FALSE	NA	NA	NA	NA	NA	NA
NC_045512.2	19558	A	C	7887	1263	49	1	0	24	0.000126775	7888	1	FALSE	NA	NA	NA	NA	NA	NA
NC_045512.2	19559	G	A	7997	1266	49	1	0	40	0.000125031	7998	0.500031	FALSE	NA	NA	NA	NA	NA	NA
NC_045512.2	19561	T	C	7948	1401	51	2	0	32	0.000251572	7950	0.980504	FALSE	NA	NA	NA	NA	NA	NA
NC_045512.2	19562	T	C	7911	1382	51	2	0	32	0.000252749	7913	0.980504	FALSE	NA	NA	NA	NA	NA	NA
NC_045512.2	19567	G	A	7928	1414	51	3	0	40	0.000378263	7931	0.125	FALSE	NA	NA	NA	NA	NA	NA
NC_045512.2	19568	T	C	7922	1519	52	1	0	40	0.000126215	7923	0.500032	FALSE	NA	NA	NA	NA	NA	NA
NC_045512.2	19569	T	C	7907	1563	53	1	0	40	0.000126454	7908	0.500032	FALSE	NA	NA	NA	NA	NA	NA
NC_045512.2	19571	A	G	7775	1589	50	3	1	53	0.000385604	7780	0.124952	FALSE	NA	NA	NA	NA	NA	NA
NC_045512.2	19571	A	C	7775	1589	50	2	0	24	0.000257069	7780	1	FALSE	NA	NA	NA	NA	NA	NA
NC_045512.2	19572	C	A	7882	1604	53	1	0	24	0.000126855	7883	1	FALSE	NA	NA	NA	NA	NA	NA
NC_045512.2	19572	C	-A	7882	1604	53	1	0	20	0.000126855	7883	1	FALSE	NA	NA	NA	NA	NA	NA
NC_045512.2	19573	A	C	7842	1623	53	2	0	32	0.000254972	7844	0.980496	FALSE	NA	NA	NA	NA	NA	NA
NC_045512.2	19574	A	C	7348	1835	52	1	0	24	0.000136073	7349	1	FALSE	NA	NA	NA	NA	NA	NA
NC_045512.2	19576	C	A	7358	1960	53	1	0	24	0.000135888	7359	1	FALSE	NA	NA	NA	NA	NA	NA
NC_045512.2	19579	T	+G	7332	2065	53	1	0	20	0.000136388	7332	1	FALSE	NA	NA	NA	NA	NA	NA
NC_045512.2	19580	T	C	7207	2268	54	1	1	64	0.000138735	7208	0.500035	FALSE	NA	NA	NA	NA	NA	NA
NC_045512.2	19580	T	+G	7207	2268	54	2	0	20	0.000277469	7208	1	FALSE	NA	NA	NA	NA	NA	NA
NC_045512.2	19581	T	G	7016	2301	54	32	32	34	0.00453965	7049	3.43714e-05	TRUE	NA	NA	NA	NA	NA	NA
NC_045512.2	19581	T	C	7016	2301	54	1	0	24	0.000141864	7049	1	FALSE	NA	NA	NA	NA	NA	NA
NC_045512.2	19581	T	+G	7016	2301	54	649	0	20	0.0920698	7049	3.99811e-113	TRUE	NA	NA	NA	NA	NA	NA
NC_045512.2	19582	G	A	7033	2344	54	1	0	40	0.000142167	7034	0.500036	FALSE	NA	NA	NA	NA	NA	NA
NC_045512.2	19583	A	G	6991	2348	54	12	2	36	0.00171355	7003	0.179559	FALSE	NA	NA	NA	NA	NA	NA
NC_045512.2	19584	T	G	6951	2385	54	2	1	32	0.000287646	6953	0.964899	FALSE	NA	NA	NA	NA	NA	NA
NC_045512.2	19587	T	G	7035	2412	54	1	0	32	0.000142106	7037	0.996102	FALSE	NA	NA	NA	NA	NA	NA
NC_045512.2	19587	T	C	7035	2412	54	1	0	80	0.000142106	7037	0.5	FALSE	NA	NA	NA	NA	NA	NA
NC_045512.2	19588	T	A	7073	2538	55	1	0	40	0.000141363	7074	0.500035	FALSE	NA	NA	NA	NA	NA	NA
NC_045512.2	19591	A	C	6780	2799	54	1	0	24	0.000147471	6781	1	FALSE	NA	NA	NA	NA	NA	NA
NC_045512.2	19593	C	T	6835	2875	54	4	1	36	0.000584795	6840	0.828215	FALSE	NA	NA	NA	NA	NA	NA
NC_045512.2	19593	C	A	6835	2875	54	1	0	32	0.000146199	6840	0.992188	FALSE	NA	NA	NA	NA	NA	NA
NC_045512.2	19595	T	G	6771	3239	55	1	0	24	0.000147667	6772	1	FALSE	NA	NA	NA	NA	NA	NA
NC_045512.2	19596	C	A	6700	3580	50	11	0	28	0.0016391	6711	1	FALSE	NA	NA	NA	NA	NA	NA
NC_045512.2	19598	G	T	6887	3457	54	6	6	26	0.000870448	6893	1	FALSE	NA	NA	NA	NA	NA	NA
NC_045512.2	19600	A	G	6972	3576	55	1	1	24	0.00014341	6973	1	FALSE	NA	NA	NA	NA	NA	NA
NC_045512.2	19604	C	A	6807	3744	54	1	1	40	0.000146886	6808	0.500037	FALSE	NA	NA	NA	NA	NA	NA
NC_045512.2	19604	C	-T	6807	3744	54	1	0	20	0.000146886	6808	1	FALSE	NA	NA	NA	NA	NA	NA
NC_045512.2	19608	T	G	6527	3924	51	1	1	24	0.000153186	6528	1	FALSE	NA	NA	NA	NA	NA	NA
NC_045512.2	19609	A	C	6520	3966	50	1	0	24	0.000153351	6521	1	FALSE	NA	NA	NA	NA	NA	NA
NC_045512.2	19610	C	A	6533	4013	51	2	0	32	0.000306044	6535	0.964902	FALSE	NA	NA	NA	NA	NA	NA
NC_045512.2	19613	G	T	6554	3990	51	1	1	40	0.000152555	6555	0.500038	FALSE	NA	NA	NA	NA	NA	NA
NC_045512.2	19615	C	A	6604	4094	51	1	0	24	0.0001514	6605	1	FALSE	NA	NA	NA	NA	NA	NA
NC_045512.2	19618	C	A	6520	4140	49	7	0	28	0.00107247	6527	1	FALSE	NA	NA	NA	NA	NA	NA
NC_045512.2	19619	A	G	6630	4138	52	2	2	40	0.000301568	6632	0.250019	FALSE	NA	NA	NA	NA	NA	NA
NC_045512.2	19620	G	T	6568	4083	51	4	4	32	0.000608643	6572	0.828281	FALSE	NA	NA	NA	NA	NA	NA
NC_045512.2	19621	A	G	6862	4553	52	1	1	40	0.000145709	6863	0.500036	FALSE	NA	NA	NA	NA	NA	NA
NC_045512.2	19623	T	G	6856	4695	51	4	3	52	0.00058309	6860	0.0624909	FALSE	NA	NA	NA	NA	NA	NA
NC_045512.2	19624	T	G	6813	4669	52	3	3	24	0.000439883	6820	1	FALSE	NA	NA	NA	NA	NA	NA
NC_045512.2	19624	T	C	6813	4669	52	4	4	60	0.00058651	6820	0.0624358	FALSE	NA	NA	NA	NA	NA	NA
NC_045512.2	19625	T	G	6792	4665	50	6	6	24	0.000882613	6798	1	FALSE	NA	NA	NA	NA	NA	NA
NC_045512.2	19630	A	G	7280	5415	54	1	1	40	0.000137344	7281	0.500034	FALSE	NA	NA	NA	NA	NA	NA
NC_045512.2	19632	T	G	7229	5450	53	1	1	24	0.000138313	7230	1	FALSE	NA	NA	NA	NA	NA	NA
NC_045512.2	19633	G	T	7235	5460	53	1	1	24	0.000138198	7236	1	FALSE	NA	NA	NA	NA	NA	NA
NC_045512.2	19634	T	G	7353	5647	53	2	1	28	0.000271924	7355	1	FALSE	NA	NA	NA	NA	NA	NA
NC_045512.2	19635	G	T	7338	5626	53	2	2	32	0.00027248	7340	0.980507	FALSE	NA	NA	NA	NA	NA	NA
NC_045512.2	19636	G	A	7402	5721	53	1	1	40	0.00013508	7403	0.500034	FALSE	NA	NA	NA	NA	NA	NA
NC_045512.2	19637	C	T	7393	5925	52	1	1	80	0.000135227	7395	0.5	FALSE	NA	NA	NA	NA	NA	NA
NC_045512.2	19637	C	A	7393	5925	52	1	0	32	0.000135227	7395	0.996101	FALSE	NA	NA	NA	NA	NA	NA
NC_045512.2	19638	T	C	7410	5959	51	1	1	40	0.000134935	7411	0.500034	FALSE	NA	NA	NA	NA	NA	NA
NC_045512.2	19640	T	C	7633	6290	52	1	1	40	0.000130993	7634	0.500033	FALSE	NA	NA	NA	NA	NA	NA
NC_045512.2	19641	T	G	7629	6331	52	3	3	29	0.000393082	7632	1	FALSE	NA	NA	NA	NA	NA	NA
NC_045512.2	19643	A	G	7671	6382	52	1	1	40	0.000130344	7672	0.500033	FALSE	NA	NA	NA	NA	NA	NA
NC_045512.2	19643	A	-TG	7671	6382	52	3	0	20	0.000391032	7672	1	FALSE	NA	NA	NA	NA	NA	NA
NC_045512.2	19644	T	C	7644	6348	52	1	1	24	0.000130804	7645	1	FALSE	NA	NA	NA	NA	NA	NA
NC_045512.2	19645	G	A	7631	6344	52	1	1	24	0.000131027	7632	1	FALSE	NA	NA	NA	NA	NA	NA
NC_045512.2	19645	G	-TT	7631	6344	52	2	0	20	0.000261952	7635	1	FALSE	NA	NA	NA	NA	NA	NA
NC_045512.2	19646	T	G	7610	6367	51	3	3	34	0.000394063	7613	0.94537	FALSE	NA	NA	NA	NA	NA	NA
NC_045512.2	19646	T	-TG	7610	6367	51	612	0	20	0.0803783	7614	3.03394e-100	TRUE	NA	NA	NA	NA	NA	NA
NC_045512.2	19647	T	G	6975	5832	51	2	2	24	0.000286574	6979	1	FALSE	NA	NA	NA	NA	NA	NA
NC_045512.2	19647	T	C	6975	5832	51	2	2	80	0.000286574	6979	0.22907	FALSE	NA	NA	NA	NA	NA	NA
NC_045512.2	19648	G	T	6967	5836	51	3	3	40	0.000430416	6970	0.109677	FALSE	NA	NA	NA	NA	NA	NA
NC_045512.2	19649	T	G	7533	6304	51	3	3	24	0.000398036	7537	1	FALSE	NA	NA	NA	NA	NA	NA
NC_045512.2	19649	T	C	7533	6304	51	1	1	24	0.000132679	7537	1	FALSE	NA	NA	NA	NA	NA	NA
NC_045512.2	19650	A	G	7624	6482	50	1	1	40	0.000131148	7625	0.500033	FALSE	NA	NA	NA	NA	NA	NA
NC_045512.2	19651	A	G	7625	6485	50	1	1	24	0.00013113	7626	1	FALSE	NA	NA	NA	NA	NA	NA
NC_045512.2	19651	A	-AT	7625	6485	50	1	0	20	0.00013113	7626	1	FALSE	NA	NA	NA	NA	NA	NA
NC_045512.2	19653	T	G	7531	6395	50	2	2	24	0.000265498	7533	1	FALSE	NA	NA	NA	NA	NA	NA
NC_045512.2	19654	A	G	7524	6411	50	3	3	29	0.000398565	7527	1	FALSE	NA	NA	NA	NA	NA	NA
NC_045512.2	19656	G	T	5504	4324	39	130	130	25	0.0230701	5635	2.28682e-08	TRUE	NA	NA	NA	NA	NA	NA
NC_045512.2	19656	G	C	5504	4324	39	1	1	40	0.000177462	5635	0.49421	FALSE	NA	NA	NA	NA	NA	NA
NC_045512.2	19657	G	T	7487	6488	49	1	1	40	0.000133547	7488	0.500033	FALSE	NA	NA	NA	NA	NA	NA
NC_045512.2	19657	G	+CA	7487	6488	49	1	0	20	0.000133547	7488	1	FALSE	NA	NA	NA	NA	NA	NA
NC_045512.2	19658	G	T	7437	6459	48	2	2	24	0.000268853	7439	1	FALSE	NA	NA	NA	NA	NA	NA
NC_045512.2	19660	C	A	7438	6538	48	1	1	40	0.000134427	7439	0.500034	FALSE	NA	NA	NA	NA	NA	NA
NC_045512.2	19661	A	T	7427	6525	48	1	1	40	0.000134626	7428	0.500034	FALSE	NA	NA	NA	NA	NA	NA
NC_045512.2	19662	C	T	6688	5882	48	732	642	47	0.0986523	7420	2.68282e-229	TRUE	NA	NA	NA	NA	NA	NA
NC_045512.2	19662	C	-T	6688	5882	48	1	0	20	0.000134771	7420	1	FALSE	NA	NA	NA	NA	NA	NA
NC_045512.2	19663	T	G	7382	6486	48	1	1	40	0.000135446	7383	0.5	FALSE	NA	NA	NA	NA	NA	NA
NC_045512.2	19665	T	G	7392	6561	47	1	1	24	0.000135263	7393	1	FALSE	NA	NA	NA	NA	NA	NA
NC_045512.2	19668	T	G	7301	6497	47	3	3	29	0.000410678	7305	1	FALSE	NA	NA	NA	NA	NA	NA
NC_045512.2	19668	T	C	7301	6497	47	1	1	52	0.000136893	7305	0.499932	FALSE	NA	NA	NA	NA	NA	NA
NC_045512.2	19670	G	A	7340	6555	47	1	1	24	0.000136221	7341	1	FALSE	NA	NA	NA	NA	NA	NA
NC_045512.2	19671	A	G	7250	6483	47	1	1	40	0.000137912	7251	0.500034	FALSE	NA	NA	NA	NA	NA	NA
NC_045512.2	19672	C	T	7228	6469	47	1	1	40	0.000138332	7229	0.500035	FALSE	NA	NA	NA	NA	NA	NA
NC_045512.2	19673	A	G	7188	6432	47	1	1	80	0.000139101	7189	0.500035	FALSE	NA	NA	NA	NA	NA	NA
NC_045512.2	19676	A	G	7103	6352	47	1	1	40	0.000140766	7104	0.500035	FALSE	NA	NA	NA	NA	NA	NA
NC_045512.2	19679	G	T	6819	6165	43	8	8	26	0.00117165	6828	1	FALSE	NA	NA	NA	NA	NA	NA
NC_045512.2	19679	G	C	6819	6165	43	1	1	40	0.000146456	6828	0.499744	FALSE	NA	NA	NA	NA	NA	NA
NC_045512.2	19680	T	G	6983	6353	46	2	1	28	0.000286328	6985	1	FALSE	NA	NA	NA	NA	NA	NA
NC_045512.2	19681	G	T	6810	6195	44	4	4	24	0.000587027	6814	1	FALSE	NA	NA	NA	NA	NA	NA
NC_045512.2	19684	G	T	6815	6216	46	1	1	40	0.000146692	6817	0.5	FALSE	NA	NA	NA	NA	NA	NA
NC_045512.2	19684	G	C	6815	6216	46	1	1	40	0.000146692	6817	0.5	FALSE	NA	NA	NA	NA	NA	NA
NC_045512.2	19685	T	G	6784	6190	46	1	1	24	0.000147384	6785	1	FALSE	NA	NA	NA	NA	NA	NA
NC_045512.2	19687	C	A	6690	6124	46	1	1	80	0.000149454	6691	0.500037	FALSE	NA	NA	NA	NA	NA	NA
NC_045512.2	19689	A	C	6574	6016	46	4	4	50	0.000608088	6578	0.0624905	FALSE	NA	NA	NA	NA	NA	NA
NC_045512.2	19691	T	G	6492	5954	45	2	2	24	0.000307977	6494	1	FALSE	NA	NA	NA	NA	NA	NA
NC_045512.2	19693	T	G	6370	5856	45	1	1	24	0.000156937	6372	1	FALSE	NA	NA	NA	NA	NA	NA
NC_045512.2	19693	T	C	6370	5856	45	1	1	40	0.000156937	6372	0.5	FALSE	NA	NA	NA	NA	NA	NA
NC_045512.2	19695	T	C	6364	5865	45	2	2	38	0.000314169	6366	0.964904	FALSE	NA	NA	NA	NA	NA	NA
NC_045512.2	19696	A	G	6377	5879	45	2	2	32	0.00031343	6381	0.964869	FALSE	NA	NA	NA	NA	NA	NA
NC_045512.2	19696	A	C	6377	5879	45	2	2	32	0.00031343	6381	0.964869	FALSE	NA	NA	NA	NA	NA	NA
NC_045512.2	19697	T	G	6334	5835	45	2	2	24	0.000315657	6336	1	FALSE	NA	NA	NA	NA	NA	NA
NC_045512.2	19700	T	G	6238	5768	45	2	2	24	0.000320461	6241	1	FALSE	NA	NA	NA	NA	NA	NA
NC_045512.2	19700	T	C	6238	5768	45	1	1	24	0.000160231	6241	1	FALSE	NA	NA	NA	NA	NA	NA
NC_045512.2	19703	A	G	6272	5848	44	1	1	40	0.000159413	6273	0.50004	FALSE	NA	NA	NA	NA	NA	NA
NC_045512.2	19704	T	C	6246	5858	44	1	1	40	0.000160077	6247	0.50004	FALSE	NA	NA	NA	NA	NA	NA
NC_045512.2	19706	A	G	6229	5850	44	1	1	24	0.000160514	6230	1	FALSE	NA	NA	NA	NA	NA	NA
NC_045512.2	19708	A	G	6158	5783	44	1	1	24	0.000162364	6159	1	FALSE	NA	NA	NA	NA	NA	NA
NC_045512.2	19710	T	G	5788	5445	43	2	2	24	0.000345423	5790	1	FALSE	NA	NA	NA	NA	NA	NA
NC_045512.2	19711	G	-T	5805	5464	43	1	0	20	0.000172265	5805	1	FALSE	NA	NA	NA	NA	NA	NA
NC_045512.2	19713	T	G	5704	5366	43	1	1	40	0.000175254	5706	0.5	FALSE	NA	NA	NA	NA	NA	NA
NC_045512.2	19713	T	C	5704	5366	43	1	1	40	0.000175254	5706	0.5	FALSE	NA	NA	NA	NA	NA	NA
NC_045512.2	19714	T	G	5711	5371	43	1	1	24	0.00017507	5712	1	FALSE	NA	NA	NA	NA	NA	NA
NC_045512.2	19715	A	G	5722	5385	43	2	2	28	0.000349406	5724	1	FALSE	NA	NA	NA	NA	NA	NA
NC_045512.2	19716	C	T	5231	4928	43	493	463	43	0.0861286	5724	6.33935e-154	TRUE	NA	NA	NA	NA	NA	NA
NC_045512.2	19717	A	G	5720	5385	44	1	1	32	0.000174795	5721	0.984404	FALSE	NA	NA	NA	NA	NA	NA
NC_045512.2	19719	A	G	5475	5150	44	1	1	40	0.000182615	5476	0.500046	FALSE	NA	NA	NA	NA	NA	NA
NC_045512.2	19722	A	G	3147	2948	44	2181	2060	43	0.40927	5329	0	TRUE	NA	NA	NA	NA	NA	NA
NC_045512.2	19722	A	C	3147	2948	44	1	0	64	0.000187652	5329	0.371402	FALSE	NA	NA	NA	NA	NA	NA
NC_045512.2	19724	T	G	5232	4915	43	1	1	24	0.000191095	5233	1	FALSE	NA	NA	NA	NA	NA	NA
NC_045512.2	19724	T	-TGA	5232	4915	43	1	0	20	0.000191095	5233	1	FALSE	NA	NA	NA	NA	NA	NA
NC_045512.2	19725	T	C	5194	4878	43	1	1	40	0.000192493	5195	0.5	FALSE	NA	NA	NA	NA	NA	NA
NC_045512.2	19727	A	G	4968	4671	44	3	3	40	0.0006035	4971	0.124962	FALSE	NA	NA	NA	NA	NA	NA
NC_045512.2	19728	T	G	4939	4645	43	1	1	40	0.000202388	4941	0.5	FALSE	NA	NA	NA	NA	NA	NA
NC_045512.2	19728	T	C	4939	4645	43	1	1	24	0.000202388	4941	1	FALSE	NA	NA	NA	NA	NA	NA
NC_045512.2	19729	G	A	4901	4633	43	1	1	24	0.000203998	4902	1	FALSE	NA	NA	NA	NA	NA	NA
NC_045512.2	19730	G	T	4832	4564	42	2	2	32	0.000413736	4834	0.890746	FALSE	NA	NA	NA	NA	NA	NA
NC_045512.2	19730	G	+C	4832	4564	42	1	0	20	0.000206868	4834	1	FALSE	NA	NA	NA	NA	NA	NA
NC_045512.2	19731	T	G	4520	4264	43	1	1	24	0.000221092	4523	1	FALSE	NA	NA	NA	NA	NA	NA
NC_045512.2	19731	T	C	4520	4264	43	2	2	32	0.000442184	4523	0.890703	FALSE	NA	NA	NA	NA	NA	NA
NC_045512.2	19732	G	A	4542	4287	43	2	2	40	0.000440141	4544	0.250028	FALSE	NA	NA	NA	NA	NA	NA
NC_045512.2	19733	T	G	4522	4266	43	2	2	24	0.000442087	4524	1	FALSE	NA	NA	NA	NA	NA	NA
NC_045512.2	19734	T	G	4522	4268	43	1	1	40	0.000221043	4524	0.5	FALSE	NA	NA	NA	NA	NA	NA
NC_045512.2	19734	T	C	4522	4268	43	1	1	40	0.000221043	4524	0.5	FALSE	NA	NA	NA	NA	NA	NA
NC_045512.2	19735	G	+GTGTT	4556	4305	43	2	0	20	0.000438982	4556	1	FALSE	NA	NA	NA	NA	NA	NA
NC_045512.2	19736	A	T	4536	4288	43	2	2	40	0.000440626	4539	0.249972	FALSE	NA	NA	NA	NA	NA	NA
NC_045512.2	19736	A	C	4536	4288	43	1	1	40	0.000220313	4539	0.499945	FALSE	NA	NA	NA	NA	NA	NA
NC_045512.2	19737	T	G	4511	4346	42	2	2	40	0.000443066	4514	0.249972	FALSE	NA	NA	NA	NA	NA	NA
NC_045512.2	19737	T	C	4511	4346	42	1	1	40	0.000221533	4514	0.499945	FALSE	NA	NA	NA	NA	NA	NA
NC_045512.2	19738	G	T	4232	4064	36	4	4	24	0.000944287	4236	1	FALSE	NA	NA	NA	NA	NA	NA
NC_045512.2	19738	G	-TAGAA	4232	4064	36	1	0	20	0.000236072	4236	1	FALSE	NA	NA	NA	NA	NA	NA
NC_045512.2	19739	T	G	4230	4085	42	1	1	40	0.000236351	4231	0.5	FALSE	NA	NA	NA	NA	NA	NA
NC_045512.2	19741	G	A	4175	4029	42	2	2	40	0.000478813	4177	0.24997	FALSE	NA	NA	NA	NA	NA	NA
NC_045512.2	19743	A	T	4162	4018	42	2	2	40	0.000480307	4164	0.24997	FALSE	NA	NA	NA	NA	NA	NA
NC_045512.2	19744	T	G	4101	3973	41	1	1	24	0.000243784	4102	1	FALSE	NA	NA	NA	NA	NA	NA
NC_045512.2	19745	T	G	3431	3321	41	2	2	32	0.000582411	3434	0.812591	FALSE	NA	NA	NA	NA	NA	NA
NC_045512.2	19745	T	C	3431	3321	41	1	1	40	0.000291206	3434	0.499927	FALSE	NA	NA	NA	NA	NA	NA
NC_045512.2	19747	T	C	3032	2936	41	1	1	40	0.000329707	3033	0.500082	FALSE	NA	NA	NA	NA	NA	NA
NC_045512.2	19748	T	G	3014	2918	41	2	2	24	0.00066313	3016	1	FALSE	NA	NA	NA	NA	NA	NA
NC_045512.2	19749	T	G	3017	2921	41	3	3	34	0.000992392	3023	0.656017	FALSE	NA	NA	NA	NA	NA	NA
NC_045512.2	19749	T	C	3017	2921	41	3	3	34	0.000992392	3023	0.656017	FALSE	NA	NA	NA	NA	NA	NA
NC_045512.2	19751	A	G	3027	2933	42	2	2	40	0.000660284	3029	0.250041	FALSE	NA	NA	NA	NA	NA	NA
NC_045512.2	19752	A	G	3020	2926	42	1	1	40	0.000330907	3022	0.5	FALSE	NA	NA	NA	NA	NA	NA
NC_045512.2	19752	A	C	3020	2926	42	1	1	40	0.000330907	3022	0.5	FALSE	NA	NA	NA	NA	NA	NA
NC_045512.2	19754	A	G	3491	2951	41	1	1	24	0.000286205	3494	1	FALSE	NA	NA	NA	NA	NA	NA
NC_045512.2	19754	A	C	3491	2951	41	2	1	32	0.00057241	3494	0.812589	FALSE	NA	NA	NA	NA	NA	NA
NC_045512.2	19755	T	G	3462	2919	41	1	1	24	0.000288684	3464	1	FALSE	NA	NA	NA	NA	NA	NA
NC_045512.2	19755	T	C	3462	2919	41	1	1	40	0.000288684	3464	0.5	FALSE	NA	NA	NA	NA	NA	NA
NC_045512.2	19756	A	C	3463	2923	41	1	1	40	0.000288684	3464	0.500072	FALSE	NA	NA	NA	NA	NA	NA
NC_045512.2	19757	A	G	3472	2923	41	1	1	24	0.000287936	3473	1	FALSE	NA	NA	NA	NA	NA	NA
NC_045512.2	19758	A	G	3466	2923	41	1	1	40	0.000288351	3468	0.5	FALSE	NA	NA	NA	NA	NA	NA
NC_045512.2	19758	A	C	3466	2923	41	1	1	24	0.000288351	3468	1	FALSE	NA	NA	NA	NA	NA	NA
NC_045512.2	19759	A	G	3474	2931	41	1	1	40	0.00028777	3475	0.500072	FALSE	NA	NA	NA	NA	NA	NA
NC_045512.2	19760	C	G	3489	2917	41	1	1	24	0.000286533	3490	1	FALSE	NA	NA	NA	NA	NA	NA
NC_045512.2	19763	C	G	3459	2860	41	1	1	24	0.000289017	3460	1	FALSE	NA	NA	NA	NA	NA	NA
NC_045512.2	19764	A	G	3400	2809	41	1	1	40	0.000293858	3403	0.499927	FALSE	NA	NA	NA	NA	NA	NA
NC_045512.2	19764	A	C	3400	2809	41	2	1	40	0.000587717	3403	0.249963	FALSE	NA	NA	NA	NA	NA	NA
NC_045512.2	19766	T	G	3300	2723	41	2	2	24	0.00060551	3303	1	FALSE	NA	NA	NA	NA	NA	NA
NC_045512.2	19766	T	C	3300	2723	41	1	0	80	0.000302755	3303	0.499924	FALSE	NA	NA	NA	NA	NA	NA
NC_045512.2	19767	A	G	3316	2740	41	1	1	24	0.000301477	3317	1	FALSE	NA	NA	NA	NA	NA	NA
NC_045512.2	19774	A	G	608	40	41	1	0	40	0.00163934	610	0.5	FALSE	NA	NA	NA	NA	NA	NA
NC_045512.2	19774	A	C	608	40	41	1	0	24	0.00163934	610	0.992322	FALSE	NA	NA	NA	NA	NA	NA
NC_045512.2	19784	T	C	663	56	42	1	0	40	0.00150602	664	0.500377	FALSE	NA	NA	NA	NA	NA	NA
NC_045512.2	19799	A	G	743	60	42	1	0	24	0.00134228	745	0.996167	FALSE	NA	NA	NA	NA	NA	NA
NC_045512.2	19799	A	C	743	60	42	1	0	24	0.00134228	745	0.996167	FALSE	NA	NA	NA	NA	NA	NA
NC_045512.2	19810	A	C	841	72	43	1	0	40	0.00118765	842	0.500297	FALSE	NA	NA	NA	NA	NA	NA
NC_045512.2	19811	A	C	848	73	43	1	0	40	0.00117786	849	0.500295	FALSE	NA	NA	NA	NA	NA	NA
NC_045512.2	19812	A	C	849	73	43	1	0	24	0.00117647	850	0.998098	FALSE	NA	NA	NA	NA	NA	NA
NC_045512.2	19813	C	A	842	73	42	1	0	24	0.00118624	843	0.998099	FALSE	NA	NA	NA	NA	NA	NA
NC_045512.2	19822	G	T	874	67	42	1	1	24	0.00114286	875	0.998097	FALSE	NA	NA	NA	NA	NA	NA
NC_045512.2	19827	G	C	898	80	44	1	0	40	0.00111235	899	0.500278	FALSE	NA	NA	NA	NA	NA	NA
NC_045512.2	19830	A	G	896	85	44	1	0	40	0.00111483	897	0.500279	FALSE	NA	NA	NA	NA	NA	NA
NC_045512.2	19837	A	C	904	86	44	1	0	40	0.00110497	905	0.500276	FALSE	NA	NA	NA	NA	NA	NA
NC_045512.2	19842	T	A	913	86	44	1	0	40	0.00109409	914	0.500274	FALSE	NA	NA	NA	NA	NA	NA
NC_045512.2	19845	G	A	920	86	45	1	0	40	0.00108578	921	0.500272	FALSE	NA	NA	NA	NA	NA	NA
NC_045512.2	19847	G	A	945	88	45	1	0	40	0.00105708	946	0.500264	FALSE	NA	NA	NA	NA	NA	NA
NC_045512.2	19848	T	C	946	88	45	1	0	40	0.00105597	947	0.500264	FALSE	NA	NA	NA	NA	NA	NA
NC_045512.2	19856	T	-TGC	966	99	45	1	0	20	0.0010352	966	0.999056	FALSE	NA	NA	NA	NA	NA	NA
NC_045512.2	19861	G	T	1005	108	46	1	0	24	0.000994036	1006	0.999528	FALSE	NA	NA	NA	NA	NA	NA
NC_045512.2	19867	A	C	1015	110	46	1	0	40	0.000984252	1016	0.500246	FALSE	NA	NA	NA	NA	NA	NA
NC_045512.2	19878	G	T	988	107	47	1	0	40	0.00101112	989	0.500253	FALSE	NA	NA	NA	NA	NA	NA
NC_045512.2	19883	A	C	904	128	46	1	0	40	0.00110497	905	0.500276	FALSE	NA	NA	NA	NA	NA	NA
NC_045512.2	19889	G	T	656	109	42	7	7	27	0.0105581	663	0.501112	FALSE	NA	NA	NA	NA	NA	NA
NC_045512.2	19894	G	A	720	206	46	2	2	52	0.00277008	722	0.250173	FALSE	NA	NA	NA	NA	NA	NA
NC_045512.2	19898	C	A	733	237	47	1	0	24	0.0013624	734	0.996189	FALSE	NA	NA	NA	NA	NA	NA
NC_045512.2	19899	A	G	738	236	48	1	0	80	0.00135318	739	0.500339	FALSE	NA	NA	NA	NA	NA	NA
NC_045512.2	19903	C	T	799	294	49	1	1	24	0.00125	800	0.998091	FALSE	NA	NA	NA	NA	NA	NA
NC_045512.2	19916	T	C	823	399	51	1	0	24	0.00121359	824	0.9981	FALSE	NA	NA	NA	NA	NA	NA
NC_045512.2	19920	T	C	873	462	51	1	0	40	0.00114416	874	0.500286	FALSE	NA	NA	NA	NA	NA	NA
NC_045512.2	19929	T	C	861	489	51	1	1	80	0.00116009	862	0.50029	FALSE	NA	NA	NA	NA	NA	NA
NC_045512.2	19943	C	T	835	558	51	1	1	40	0.00119617	836	0.500299	FALSE	NA	NA	NA	NA	NA	NA
NC_045512.2	19944	C	A	825	562	49	2	0	24	0.00241838	827	0.989496	FALSE	NA	NA	NA	NA	NA	NA
NC_045512.2	19946	A	C	856	596	51	1	0	24	0.00116686	857	0.998098	FALSE	NA	NA	NA	NA	NA	NA
NC_045512.2	19955	C	T	0	0	0	886	655	51	1	886	0	TRUE	NA	NA	NA	NA	NA	NA
NC_045512.2	19957	G	T	853	659	47	2	2	24	0.00233918	855	0.989488	FALSE	NA	NA	NA	NA	NA	NA
NC_045512.2	19959	A	G	910	729	50	1	0	80	0.00109769	911	0.500275	FALSE	NA	NA	NA	NA	NA	NA
NC_045512.2	19966	T	G	1016	869	51	1	1	24	0.000983284	1017	0.999527	FALSE	NA	NA	NA	NA	NA	NA
NC_045512.2	19968	T	G	1022	879	50	1	1	24	0.000977517	1023	0.999527	FALSE	NA	NA	NA	NA	NA	NA
NC_045512.2	19986	T	C	988	863	50	1	1	40	0.00101112	989	0.500253	FALSE	NA	NA	NA	NA	NA	NA
NC_045512.2	19991	A	C	993	870	50	1	0	24	0.00100604	994	0.99905	FALSE	NA	NA	NA	NA	NA	NA
NC_045512.2	19992	T	C	984	858	49	1	1	40	0.00101523	985	0.500254	FALSE	NA	NA	NA	NA	NA	NA
NC_045512.2	19994	G	T	912	782	43	3	3	24	0.00327869	915	0.981108	FALSE	NA	NA	NA	NA	NA	NA
NC_045512.2	20000	T	G	979	862	47	1	1	24	0.00102041	980	0.999051	FALSE	NA	NA	NA	NA	NA	NA
NC_045512.2	20001	T	G	978	860	48	1	1	40	0.00102145	979	0.500255	FALSE	NA	NA	NA	NA	NA	NA
NC_045512.2	20003	A	G	967	856	48	1	1	40	0.00103306	968	0.500258	FALSE	NA	NA	NA	NA	NA	NA
NC_045512.2	20006	G	T	948	839	47	1	1	24	0.00105374	949	0.999051	FALSE	NA	NA	NA	NA	NA	NA
NC_045512.2	20022	T	G	912	834	44	2	2	24	0.00218579	915	0.994258	FALSE	NA	NA	NA	NA	NA	NA
NC_045512.2	20022	T	C	912	834	44	1	1	40	0.0010929	915	0.499726	FALSE	NA	NA	NA	NA	NA	NA
NC_045512.2	20028	T	C	895	825	45	1	1	24	0.00111607	896	0.998096	FALSE	NA	NA	NA	NA	NA	NA
NC_045512.2	20033	G	T	813	742	40	4	4	24	0.00488998	818	0.927743	FALSE	NA	NA	NA	NA	NA	NA
NC_045512.2	20033	G	A	813	742	40	1	1	40	0.00122249	818	0.49908	FALSE	NA	NA	NA	NA	NA	NA
NC_045512.2	20037	T	G	886	821	45	1	1	24	0.0011274	887	0.998096	FALSE	NA	NA	NA	NA	NA	NA
NC_045512.2	20039	G	T	877	813	44	1	1	24	0.00113895	878	0.998097	FALSE	NA	NA	NA	NA	NA	NA
NC_045512.2	20043	T	G	824	761	44	1	1	24	0.00121212	825	0.9981	FALSE	NA	NA	NA	NA	NA	NA
NC_045512.2	20048	T	C	793	734	44	1	1	24	0.00125945	794	0.996182	FALSE	NA	NA	NA	NA	NA	NA
NC_045512.2	20050	A	G	794	736	44	1	1	40	0.00125786	795	0.500315	FALSE	NA	NA	NA	NA	NA	NA
NC_045512.2	20055	A	G	0	0	0	702	661	43	1	702	0	TRUE	NA	NA	NA	NA	NA	NA
NC_045512.2	20057	G	T	626	591	37	2	2	24	0.00318471	628	0.965452	FALSE	NA	NA	NA	NA	NA	NA
NC_045512.2	20058	T	C	3759	834	40	3	0	29	0.000797448	3762	1	FALSE	NA	NA	NA	NA	NA	NA
NC_045512.2	20061	T	C	4363	845	40	2	0	52	0.00045819	4365	0.250029	FALSE	NA	NA	NA	NA	NA	NA
NC_045512.2	20063	T	C	4402	838	40	3	0	40	0.000681044	4405	0.125	FALSE	NA	NA	NA	NA	NA	NA
NC_045512.2	20064	T	G	4318	743	40	1	1	40	0.000231481	4320	0.5	FALSE	NA	NA	NA	NA	NA	NA
NC_045512.2	20064	T	C	4318	743	40	1	0	40	0.000231481	4320	0.5	FALSE	NA	NA	NA	NA	NA	NA
NC_045512.2	20064	T	-A	4318	743	40	1	0	20	0.000231481	4320	1	FALSE	NA	NA	NA	NA	NA	NA
NC_045512.2	20066	A	G	4283	770	40	3	1	34	0.00069979	4287	0.773533	FALSE	NA	NA	NA	NA	NA	NA
NC_045512.2	20066	A	C	4283	770	40	1	0	24	0.000233263	4287	1	FALSE	NA	NA	NA	NA	NA	NA
NC_045512.2	20068	G	T	4481	781	41	1	0	40	0.000222965	4485	0.499888	FALSE	NA	NA	NA	NA	NA	NA
NC_045512.2	20068	G	C	4481	781	41	3	0	29	0.000668896	4485	1	FALSE	NA	NA	NA	NA	NA	NA
NC_045512.2	20070	T	G	4721	736	41	1	0	40	0.000211775	4722	0.500053	FALSE	NA	NA	NA	NA	NA	NA
NC_045512.2	20071	T	C	4720	726	41	2	0	32	0.000423549	4722	0.890749	FALSE	NA	NA	NA	NA	NA	NA
NC_045512.2	20073	A	C	4653	729	39	6	0	28	0.00128783	4659	1	FALSE	NA	NA	NA	NA	NA	NA
NC_045512.2	20079	A	C	5072	704	41	6	0	38	0.00118157	5078	0.500133	FALSE	NA	NA	NA	NA	NA	NA
NC_045512.2	20080	T	C	5143	701	41	1	0	24	0.000194401	5144	1	FALSE	NA	NA	NA	NA	NA	NA
NC_045512.2	20081	C	T	5244	700	41	1	0	24	0.000190621	5246	1	FALSE	NA	NA	NA	NA	NA	NA
NC_045512.2	20081	C	G	5244	700	41	1	0	24	0.000190621	5246	1	FALSE	NA	NA	NA	NA	NA	NA
NC_045512.2	20082	T	C	5251	696	41	2	0	32	0.000380735	5253	0.937594	FALSE	NA	NA	NA	NA	NA	NA
NC_045512.2	20084	T	C	5252	723	41	1	0	24	0.000190367	5253	1	FALSE	NA	NA	NA	NA	NA	NA
NC_045512.2	20085	A	C	5212	722	41	2	0	24	0.000383583	5214	1	FALSE	NA	NA	NA	NA	NA	NA
NC_045512.2	20087	G	C	5488	699	41	1	0	24	0.000182183	5489	1	FALSE	NA	NA	NA	NA	NA	NA
NC_045512.2	20088	T	+C	5496	689	41	5	0	20	0.000909753	5496	1	FALSE	NA	NA	NA	NA	NA	NA
NC_045512.2	20088	T	+A	5496	689	41	1	0	20	0.000181951	5496	1	FALSE	NA	NA	NA	NA	NA	NA
NC_045512.2	20089	C	G	5079	306	41	1	0	40	0.00019685	5080	0.500049	FALSE	NA	NA	NA	NA	NA	NA
NC_045512.2	20090	C	T	5112	313	42	1	0	40	0.00019558	5113	0.500049	FALSE	NA	NA	NA	NA	NA	NA
NC_045512.2	20090	C	-CAAACAAGCTA	5112	313	42	1	0	20	0.00019558	5113	1	FALSE	NA	NA	NA	NA	NA	NA
NC_045512.2	20090	C	+A	5112	313	42	18	0	20	0.00352044	5113	0.999987	FALSE	NA	NA	NA	NA	NA	NA
NC_045512.2	20091	C	A	4028	323	31	43	4	32	0.0105625	4071	1.2684e-09	TRUE	NA	NA	NA	NA	NA	NA
NC_045512.2	20091	C	+A	4028	323	31	625	0	20	0.153487	4072	6.00413e-128	TRUE	NA	NA	NA	NA	NA	NA
NC_045512.2	20092	A	C	5223	326	41	4	0	36	0.000765257	5227	0.746188	FALSE	NA	NA	NA	NA	NA	NA
NC_045512.2	20093	A	G	5201	329	41	1	0	40	0.000192234	5202	0.5	FALSE	NA	NA	NA	NA	NA	NA
NC_045512.2	20093	A	+C	5201	329	41	2	0	20	0.000384394	5203	1	FALSE	NA	NA	NA	NA	NA	NA
NC_045512.2	20094	A	C	5210	331	41	1	0	40	0.000191902	5211	0.5	FALSE	NA	NA	NA	NA	NA	NA
NC_045512.2	20096	A	C	5266	335	41	1	0	40	0.000189861	5267	0.5	FALSE	NA	NA	NA	NA	NA	NA
NC_045512.2	20096	A	-AGCT	5266	335	41	2	0	20	0.000379651	5268	1	FALSE	NA	NA	NA	NA	NA	NA
NC_045512.2	20097	A	G	5396	335	41	1	0	40	0.000185288	5397	0.499907	FALSE	NA	NA	NA	NA	NA	NA
NC_045512.2	20099	C	A	5398	359	41	1	0	24	0.000185219	5399	1	FALSE	NA	NA	NA	NA	NA	NA
NC_045512.2	20101	A	G	5569	365	42	2	0	40	0.000358938	5572	0.249933	FALSE	NA	NA	NA	NA	NA	NA
NC_045512.2	20101	A	C	5569	365	42	1	0	24	0.000179469	5572	1	FALSE	NA	NA	NA	NA	NA	NA
NC_045512.2	20103	T	C	6040	383	42	2	0	40	0.000331016	6042	0.250021	FALSE	NA	NA	NA	NA	NA	NA
NC_045512.2	20104	C	T	6037	383	42	2	1	40	0.000331181	6039	0.250021	FALSE	NA	NA	NA	NA	NA	NA
NC_045512.2	20105	T	G	6036	380	42	1	1	24	0.000165645	6037	1	FALSE	NA	NA	NA	NA	NA	NA
NC_045512.2	20106	T	-A	6055	416	42	2	0	20	0.000330306	6055	1	FALSE	NA	NA	NA	NA	NA	NA
NC_045512.2	20110	G	C	6053	419	42	1	0	24	0.00016518	6054	1	FALSE	NA	NA	NA	NA	NA	NA
NC_045512.2	20111	G	C	6106	415	42	1	0	24	0.000163747	6107	1	FALSE	NA	NA	NA	NA	NA	NA
NC_045512.2	20112	A	G	6102	422	42	1	0	24	0.000163827	6104	1	FALSE	NA	NA	NA	NA	NA	NA
NC_045512.2	20112	A	C	6102	422	42	1	0	24	0.000163827	6104	1	FALSE	NA	NA	NA	NA	NA	NA
NC_045512.2	20115	C	G	6120	422	42	1	0	24	0.000163319	6123	1	FALSE	NA	NA	NA	NA	NA	NA
NC_045512.2	20115	C	A	6120	422	42	2	0	24	0.000326637	6123	1	FALSE	NA	NA	NA	NA	NA	NA
NC_045512.2	20117	C	A	6273	438	42	1	0	24	0.000159388	6274	1	FALSE	NA	NA	NA	NA	NA	NA
NC_045512.2	20118	A	G	6264	437	42	1	0	40	0.000159617	6265	0.50004	FALSE	NA	NA	NA	NA	NA	NA
NC_045512.2	20119	T	C	6293	434	42	1	0	40	0.000158881	6294	0.50004	FALSE	NA	NA	NA	NA	NA	NA
NC_045512.2	20120	T	C	6323	444	42	1	0	40	0.000158128	6324	0.50004	FALSE	NA	NA	NA	NA	NA	NA
NC_045512.2	20121	A	C	6340	466	43	2	0	24	0.000315358	6342	1	FALSE	NA	NA	NA	NA	NA	NA
NC_045512.2	20124	T	C	6368	459	43	2	1	60	0.000313972	6370	0.25002	FALSE	NA	NA	NA	NA	NA	NA
NC_045512.2	20129	A	G	6359	504	43	2	0	36	0.000314416	6361	0.964904	FALSE	NA	NA	NA	NA	NA	NA
NC_045512.2	20130	A	T	6360	504	43	3	0	40	0.000471476	6363	0.125	FALSE	NA	NA	NA	NA	NA	NA
NC_045512.2	20132	C	T	6454	513	43	1	0	40	0.000154919	6455	0.500039	FALSE	NA	NA	NA	NA	NA	NA
NC_045512.2	20133	C	T	6329	550	42	1	0	40	0.000157953	6331	0.5	FALSE	NA	NA	NA	NA	NA	NA
NC_045512.2	20133	C	A	6329	550	42	1	0	24	0.000157953	6331	1	FALSE	NA	NA	NA	NA	NA	NA
NC_045512.2	20134	G	T	6526	551	44	1	1	32	0.000153139	6530	0.992192	FALSE	NA	NA	NA	NA	NA	NA
NC_045512.2	20134	G	C	6526	551	44	1	0	24	0.000153139	6530	1	FALSE	NA	NA	NA	NA	NA	NA
NC_045512.2	20134	G	A	6526	551	44	2	0	40	0.000306279	6530	0.249943	FALSE	NA	NA	NA	NA	NA	NA
NC_045512.2	20136	A	C	6496	555	42	1	0	24	0.000153917	6497	1	FALSE	NA	NA	NA	NA	NA	NA
NC_045512.2	20138	A	C	6537	565	44	1	0	24	0.000152952	6538	1	FALSE	NA	NA	NA	NA	NA	NA
NC_045512.2	20139	A	G	6561	565	44	1	0	24	0.000152393	6562	1	FALSE	NA	NA	NA	NA	NA	NA
NC_045512.2	20140	A	G	6576	578	44	1	0	40	0.000152045	6577	0.500038	FALSE	NA	NA	NA	NA	NA	NA
NC_045512.2	20141	C	T	6606	575	44	2	1	40	0.000302663	6608	0.250019	FALSE	NA	NA	NA	NA	NA	NA
NC_045512.2	20142	A	C	6576	578	44	1	0	24	0.000152045	6577	1	FALSE	NA	NA	NA	NA	NA	NA
NC_045512.2	20143	C	T	6600	576	44	1	0	40	0.000151492	6601	0.500038	FALSE	NA	NA	NA	NA	NA	NA
NC_045512.2	20147	T	C	6786	593	44	1	0	40	0.000147341	6787	0.500037	FALSE	NA	NA	NA	NA	NA	NA
NC_045512.2	20149	A	C	6766	604	44	1	0	24	0.000147776	6767	1	FALSE	NA	NA	NA	NA	NA	NA
NC_045512.2	20150	A	G	6768	943	48	1	1	24	0.000147689	6771	1	FALSE	NA	NA	NA	NA	NA	NA
NC_045512.2	20150	A	C	6768	943	48	2	0	24	0.000295377	6771	1	FALSE	NA	NA	NA	NA	NA	NA
NC_045512.2	20151	T	C	6785	949	48	1	0	24	0.000147362	6786	1	FALSE	NA	NA	NA	NA	NA	NA
NC_045512.2	20153	A	C	6785	959	48	1	0	24	0.000147362	6786	1	FALSE	NA	NA	NA	NA	NA	NA
NC_045512.2	20154	T	C	6823	959	48	1	0	40	0.000146542	6824	0.500037	FALSE	NA	NA	NA	NA	NA	NA
NC_045512.2	20156	A	G	6793	986	48	1	1	64	0.000147189	6794	0.500037	FALSE	NA	NA	NA	NA	NA	NA
NC_045512.2	20158	A	C	6810	1020	48	2	0	28	0.0002936	6812	1	FALSE	NA	NA	NA	NA	NA	NA
NC_045512.2	20159	A	G	6816	1018	49	1	0	24	0.000146692	6817	1	FALSE	NA	NA	NA	NA	NA	NA
NC_045512.2	20161	A	C	6817	1018	49	1	0	24	0.000146671	6818	1	FALSE	NA	NA	NA	NA	NA	NA
NC_045512.2	20163	A	G	6873	1032	49	2	0	32	0.000290909	6875	0.964899	FALSE	NA	NA	NA	NA	NA	NA
NC_045512.2	20164	G	T	6947	1033	49	1	1	32	0.000143926	6948	0.992203	FALSE	NA	NA	NA	NA	NA	NA
NC_045512.2	20166	T	C	6970	1216	51	1	0	40	0.000143451	6971	0.500036	FALSE	NA	NA	NA	NA	NA	NA
NC_045512.2	20168	A	G	6943	1219	51	1	1	40	0.000143988	6945	0.5	FALSE	NA	NA	NA	NA	NA	NA
NC_045512.2	20168	A	C	6943	1219	51	1	1	40	0.000143988	6945	0.5	FALSE	NA	NA	NA	NA	NA	NA
NC_045512.2	20172	T	G	7069	1286	52	2	2	40	0.000282805	7072	0.249982	FALSE	NA	NA	NA	NA	NA	NA
NC_045512.2	20172	T	A	7069	1286	52	1	0	40	0.000141403	7072	0.499965	FALSE	NA	NA	NA	NA	NA	NA
NC_045512.2	20173	G	A	7063	1286	52	1	0	24	0.000141563	7064	1	FALSE	NA	NA	NA	NA	NA	NA
NC_045512.2	20174	T	C	7053	1278	51	2	1	40	0.000283487	7055	0.250018	FALSE	NA	NA	NA	NA	NA	NA
NC_045512.2	20175	T	C	7011	1276	52	46	6	48	0.00651835	7057	1.32461e-14	TRUE	NA	NA	NA	NA	NA	NA
NC_045512.2	20177	T	C	7215	1347	52	2	0	40	0.000277123	7217	0.250017	FALSE	NA	NA	NA	NA	NA	NA
NC_045512.2	20180	A	C	7098	1344	52	1	0	32	0.000140865	7099	0.996104	FALSE	NA	NA	NA	NA	NA	NA
NC_045512.2	20181	A	C	7122	1350	51	1	0	24	0.00014039	7123	1	FALSE	NA	NA	NA	NA	NA	NA
NC_045512.2	20182	C	T	7176	1350	52	3	0	32	0.000417769	7181	0.945349	FALSE	NA	NA	NA	NA	NA	NA
NC_045512.2	20182	C	A	7176	1350	52	2	0	32	0.000278513	7181	0.980479	FALSE	NA	NA	NA	NA	NA	NA
NC_045512.2	20183	A	T	7174	1379	53	1	1	80	0.000139353	7176	0.5	FALSE	NA	NA	NA	NA	NA	NA
NC_045512.2	20183	A	C	7174	1379	53	1	0	24	0.000139353	7176	1	FALSE	NA	NA	NA	NA	NA	NA
NC_045512.2	20184	A	G	7165	1374	52	1	1	80	0.000139528	7167	0.5	FALSE	NA	NA	NA	NA	NA	NA
NC_045512.2	20184	A	C	7165	1374	52	1	1	40	0.000139528	7167	0.5	FALSE	NA	NA	NA	NA	NA	NA
NC_045512.2	20185	T	C	7129	1347	52	1	1	24	0.000140252	7130	1	FALSE	NA	NA	NA	NA	NA	NA
NC_045512.2	20186	T	C	7107	1354	53	4	1	70	0.000562509	7111	0.0624912	FALSE	NA	NA	NA	NA	NA	NA
NC_045512.2	20187	A	C	7038	1384	52	2	0	32	0.000284091	7040	0.980509	FALSE	NA	NA	NA	NA	NA	NA
NC_045512.2	20188	C	A	6886	1412	51	11	0	25	0.0015949	6897	1	FALSE	NA	NA	NA	NA	NA	NA
NC_045512.2	20190	T	G	6902	1421	52	1	1	24	0.000144823	6905	1	FALSE	NA	NA	NA	NA	NA	NA
NC_045512.2	20190	T	C	6902	1421	52	2	1	40	0.000289645	6905	0.249982	FALSE	NA	NA	NA	NA	NA	NA
NC_045512.2	20193	A	G	6887	1487	52	1	0	40	0.00014518	6888	0.500036	FALSE	NA	NA	NA	NA	NA	NA
NC_045512.2	20194	A	G	6647	1617	52	1	0	40	0.000150399	6649	0.5	FALSE	NA	NA	NA	NA	NA	NA
NC_045512.2	20194	A	C	6647	1617	52	1	0	24	0.000150399	6649	1	FALSE	NA	NA	NA	NA	NA	NA
NC_045512.2	20195	C	T	6413	1714	51	1	1	24	0.000155909	6414	1	FALSE	NA	NA	NA	NA	NA	NA
NC_045512.2	20197	T	G	6333	1649	52	1	0	32	0.000157878	6334	0.992205	FALSE	NA	NA	NA	NA	NA	NA
NC_045512.2	20198	A	T	6341	1673	49	3	1	53	0.00047259	6348	0.124882	FALSE	NA	NA	NA	NA	NA	NA
NC_045512.2	20198	A	G	6341	1673	49	2	0	40	0.00031506	6348	0.249823	FALSE	NA	NA	NA	NA	NA	NA
NC_045512.2	20198	A	C	6341	1673	49	2	0	24	0.00031506	6348	1	FALSE	NA	NA	NA	NA	NA	NA
NC_045512.2	20199	C	G	6265	1740	51	1	0	40	0.000159591	6266	0.50004	FALSE	NA	NA	NA	NA	NA	NA
NC_045512.2	20201	T	G	6262	1786	51	1	0	40	0.000159642	6264	0.5	FALSE	NA	NA	NA	NA	NA	NA
NC_045512.2	20201	T	C	6262	1786	51	1	0	40	0.000159642	6264	0.5	FALSE	NA	NA	NA	NA	NA	NA
NC_045512.2	20203	A	G	6186	1806	50	1	1	32	0.000161629	6187	0.992205	FALSE	NA	NA	NA	NA	NA	NA
NC_045512.2	20204	C	A	5578	2029	48	4	0	24	0.000716589	5582	1	FALSE	NA	NA	NA	NA	NA	NA
NC_045512.2	20205	T	G	5675	2016	49	1	1	24	0.000176149	5677	1	FALSE	NA	NA	NA	NA	NA	NA
NC_045512.2	20205	T	C	5675	2016	49	1	0	40	0.000176149	5677	0.5	FALSE	NA	NA	NA	NA	NA	NA
NC_045512.2	20207	A	T	5616	2007	50	1	1	24	0.000177999	5618	1	FALSE	NA	NA	NA	NA	NA	NA
NC_045512.2	20207	A	G	5616	2007	50	1	1	80	0.000177999	5618	0.5	FALSE	NA	NA	NA	NA	NA	NA
NC_045512.2	20208	G	T	5770	2017	50	1	1	24	0.00017328	5771	1	FALSE	NA	NA	NA	NA	NA	NA
NC_045512.2	20209	A	G	5833	2169	50	1	0	40	0.00017135	5836	0.499957	FALSE	NA	NA	NA	NA	NA	NA
NC_045512.2	20209	A	C	5833	2169	50	2	0	24	0.0003427	5836	1	FALSE	NA	NA	NA	NA	NA	NA
NC_045512.2	20210	G	T	5706	2066	48	4	4	28	0.000700403	5711	1	FALSE	NA	NA	NA	NA	NA	NA
NC_045512.2	20210	G	A	5706	2066	48	1	0	40	0.000175101	5711	0.499869	FALSE	NA	NA	NA	NA	NA	NA
NC_045512.2	20211	T	C	5706	2503	50	1	0	40	0.000175223	5707	0.500044	FALSE	NA	NA	NA	NA	NA	NA
NC_045512.2	20213	G	A	5662	2536	50	1	1	64	0.000176585	5663	0.500044	FALSE	NA	NA	NA	NA	NA	NA
NC_045512.2	20214	A	G	5656	2552	50	2	1	32	0.000353482	5658	0.937587	FALSE	NA	NA	NA	NA	NA	NA
NC_045512.2	20215	A	G	5680	2586	50	1	0	80	0.000176025	5681	0.500044	FALSE	NA	NA	NA	NA	NA	NA
NC_045512.2	20216	A	G	5681	2584	50	2	0	36	0.000351927	5683	0.937587	FALSE	NA	NA	NA	NA	NA	NA
NC_045512.2	20218	T	C	5771	2846	51	3	2	48	0.00051957	5774	0.125	FALSE	NA	NA	NA	NA	NA	NA
NC_045512.2	20222	A	G	5666	3062	50	1	1	24	0.00017646	5667	1	FALSE	NA	NA	NA	NA	NA	NA
NC_045512.2	20225	A	G	5853	3310	51	2	0	38	0.000341588	5855	0.937584	FALSE	NA	NA	NA	NA	NA	NA
NC_045512.2	20228	T	C	5849	3383	51	4	2	70	0.00068341	5853	0.0624893	FALSE	NA	NA	NA	NA	NA	NA
NC_045512.2	20229	T	G	5779	3455	50	1	1	24	0.00017298	5781	1	FALSE	NA	NA	NA	NA	NA	NA
NC_045512.2	20229	T	C	5779	3455	50	1	1	24	0.00017298	5781	1	FALSE	NA	NA	NA	NA	NA	NA
NC_045512.2	20235	C	A	5785	3733	49	6	0	32	0.00103609	5791	0.500117	FALSE	NA	NA	NA	NA	NA	NA
NC_045512.2	20236	A	G	5842	3731	50	3	3	40	0.000513259	5845	0.125	FALSE	NA	NA	NA	NA	NA	NA
NC_045512.2	20238	G	T	5729	3819	47	3	3	24	0.000523378	5732	1	FALSE	NA	NA	NA	NA	NA	NA
NC_045512.2	20239	A	G	5810	3915	49	1	1	40	0.000172028	5813	0.499957	FALSE	NA	NA	NA	NA	NA	NA
NC_045512.2	20239	A	C	5810	3915	49	2	0	24	0.000344056	5813	1	FALSE	NA	NA	NA	NA	NA	NA
NC_045512.2	20240	G	T	5766	3849	48	2	2	24	0.000346741	5768	1	FALSE	NA	NA	NA	NA	NA	NA
NC_045512.2	20241	T	G	6126	4293	49	1	1	24	0.000163185	6128	1	FALSE	NA	NA	NA	NA	NA	NA
NC_045512.2	20241	T	C	6126	4293	49	1	1	24	0.000163185	6128	1	FALSE	NA	NA	NA	NA	NA	NA
NC_045512.2	20242	C	T	6085	4336	49	1	1	40	0.000164312	6086	0.500041	FALSE	NA	NA	NA	NA	NA	NA
NC_045512.2	20244	A	C	6089	4345	49	1	0	24	0.000164204	6090	1	FALSE	NA	NA	NA	NA	NA	NA
NC_045512.2	20246	T	G	6082	4330	49	2	2	24	0.000328731	6084	1	FALSE	NA	NA	NA	NA	NA	NA
NC_045512.2	20247	G	A	6071	4332	49	1	1	40	0.00016469	6072	0.500041	FALSE	NA	NA	NA	NA	NA	NA
NC_045512.2	20252	T	A	5310	4015	48	832	639	48	0.135461	6142	2.83593e-264	TRUE	NA	NA	NA	NA	NA	NA
NC_045512.2	20255	A	G	6126	4902	47	1	0	40	0.000163212	6127	0.500041	FALSE	NA	NA	NA	NA	NA	NA
NC_045512.2	20256	T	G	6175	4955	47	1	1	24	0.000161917	6176	1	FALSE	NA	NA	NA	NA	NA	NA
NC_045512.2	20257	T	C	6092	4879	47	1	1	40	0.000164123	6093	0.500041	FALSE	NA	NA	NA	NA	NA	NA
NC_045512.2	20258	T	G	6102	4895	47	1	1	40	0.000163854	6103	0.500041	FALSE	NA	NA	NA	NA	NA	NA
NC_045512.2	20260	T	G	6077	4872	47	1	1	24	0.000164528	6078	1	FALSE	NA	NA	NA	NA	NA	NA
NC_045512.2	20261	T	G	6059	4856	46	2	2	24	0.000329979	6061	1	FALSE	NA	NA	NA	NA	NA	NA
NC_045512.2	20265	A	G	6251	5108	47	1	1	40	0.000159949	6252	0.50004	FALSE	NA	NA	NA	NA	NA	NA
NC_045512.2	20266	T	C	6216	5079	47	1	1	24	0.000160849	6217	1	FALSE	NA	NA	NA	NA	NA	NA
NC_045512.2	20267	T	G	6229	5095	47	1	1	24	0.000160488	6231	1	FALSE	NA	NA	NA	NA	NA	NA
NC_045512.2	20267	T	C	6229	5095	47	1	1	24	0.000160488	6231	1	FALSE	NA	NA	NA	NA	NA	NA
NC_045512.2	20270	C	G	6256	5240	46	2	2	32	0.000319591	6258	0.964905	FALSE	NA	NA	NA	NA	NA	NA
NC_045512.2	20271	T	G	6231	5215	46	2	2	28	0.000320821	6234	1	FALSE	NA	NA	NA	NA	NA	NA
NC_045512.2	20271	T	C	6231	5215	46	1	1	24	0.000160411	6234	1	FALSE	NA	NA	NA	NA	NA	NA
NC_045512.2	20272	A	G	6209	5199	46	1	1	40	0.000161031	6210	0.50004	FALSE	NA	NA	NA	NA	NA	NA
NC_045512.2	20276	A	G	6224	5217	46	1	0	64	0.000160643	6225	0.50004	FALSE	NA	NA	NA	NA	NA	NA
NC_045512.2	20277	T	G	6198	5200	46	3	3	24	0.000483793	6201	1	FALSE	NA	NA	NA	NA	NA	NA
NC_045512.2	20279	A	G	6793	5954	47	2	1	80	0.000294334	6795	0.250018	FALSE	NA	NA	NA	NA	NA	NA
NC_045512.2	20281	T	G	6757	5921	47	1	1	24	0.000147951	6759	1	FALSE	NA	NA	NA	NA	NA	NA
NC_045512.2	20281	T	C	6757	5921	47	1	0	40	0.000147951	6759	0.5	FALSE	NA	NA	NA	NA	NA	NA
NC_045512.2	20282	T	C	6762	5947	47	1	1	40	0.000147863	6763	0.500037	FALSE	NA	NA	NA	NA	NA	NA
NC_045512.2	20283	C	G	6776	5969	47	1	0	36	0.000147558	6777	0.992204	FALSE	NA	NA	NA	NA	NA	NA
NC_045512.2	20285	T	G	6650	5895	47	1	1	24	0.000150353	6651	1	FALSE	NA	NA	NA	NA	NA	NA
NC_045512.2	20286	T	G	6767	6060	46	2	2	24	0.000295465	6769	1	FALSE	NA	NA	NA	NA	NA	NA
NC_045512.2	20287	G	C	6813	6105	47	3	3	40	0.000440076	6817	0.124972	FALSE	NA	NA	NA	NA	NA	NA
NC_045512.2	20287	G	A	6813	6105	47	1	1	24	0.000146692	6817	1	FALSE	NA	NA	NA	NA	NA	NA
NC_045512.2	20288	A	G	6822	6119	47	2	2	40	0.000293083	6824	0.250018	FALSE	NA	NA	NA	NA	NA	NA
NC_045512.2	20289	A	G	6812	6113	47	1	1	24	0.000146778	6813	1	FALSE	NA	NA	NA	NA	NA	NA
NC_045512.2	20290	C	G	6815	6120	47	1	1	24	0.000146714	6816	1	FALSE	NA	NA	NA	NA	NA	NA
NC_045512.2	20293	T	G	6814	6064	47	1	1	24	0.000146735	6815	1	FALSE	NA	NA	NA	NA	NA	NA
NC_045512.2	20294	A	C	6891	6154	47	1	0	32	0.000145096	6892	0.992203	FALSE	NA	NA	NA	NA	NA	NA
NC_045512.2	20295	T	G	6782	6042	46	6	6	26	0.000883913	6788	1	FALSE	NA	NA	NA	NA	NA	NA
NC_045512.2	20298	A	C	6838	6191	46	1	0	24	0.00014622	6839	1	FALSE	NA	NA	NA	NA	NA	NA
NC_045512.2	20299	T	G	6798	6150	46	4	4	32	0.000588062	6802	0.828276	FALSE	NA	NA	NA	NA	NA	NA
NC_045512.2	20300	T	G	6801	6154	46	1	1	40	0.000146972	6804	0.499963	FALSE	NA	NA	NA	NA	NA	NA
NC_045512.2	20300	T	C	6801	6154	46	2	2	24	0.000293945	6804	1	FALSE	NA	NA	NA	NA	NA	NA
NC_045512.2	20302	G	T	6089	5467	46	2	2	24	0.000328353	6091	1	FALSE	NA	NA	NA	NA	NA	NA
NC_045512.2	20304	A	G	6139	5521	47	1	1	24	0.000162866	6140	1	FALSE	NA	NA	NA	NA	NA	NA
NC_045512.2	20305	G	T	5933	5310	45	5	5	30	0.000842034	5938	0.623202	FALSE	NA	NA	NA	NA	NA	NA
NC_045512.2	20307	C	G	6098	5484	47	1	1	24	0.000163961	6099	1	FALSE	NA	NA	NA	NA	NA	NA
NC_045512.2	20309	A	G	6004	5397	47	1	1	40	0.000166528	6005	0.500042	FALSE	NA	NA	NA	NA	NA	NA
NC_045512.2	20314	T	C	5626	5083	46	1	1	24	0.000177715	5627	1	FALSE	NA	NA	NA	NA	NA	NA
NC_045512.2	20315	T	G	5559	5015	46	1	1	24	0.000179856	5560	1	FALSE	NA	NA	NA	NA	NA	NA
NC_045512.2	20316	C	A	5598	5065	46	1	0	32	0.000178603	5599	0.984404	FALSE	NA	NA	NA	NA	NA	NA
NC_045512.2	20319	A	G	5601	5067	46	1	1	24	0.000178508	5602	1	FALSE	NA	NA	NA	NA	NA	NA
NC_045512.2	20322	T	G	5440	4974	46	1	1	40	0.00018379	5441	0.500046	FALSE	NA	NA	NA	NA	NA	NA
NC_045512.2	20325	C	T	5435	4973	46	1	1	24	0.000183959	5436	1	FALSE	NA	NA	NA	NA	NA	NA
NC_045512.2	20328	T	G	5325	4928	45	1	1	40	0.000187758	5326	0.500047	FALSE	NA	NA	NA	NA	NA	NA
NC_045512.2	20331	T	G	5239	4839	45	1	1	40	0.000190803	5241	0.5	FALSE	NA	NA	NA	NA	NA	NA
NC_045512.2	20331	T	C	5239	4839	45	1	1	40	0.000190803	5241	0.5	FALSE	NA	NA	NA	NA	NA	NA
NC_045512.2	20333	G	T	4226	3844	35	24	24	25	0.00564706	4250	0.990921	FALSE	NA	NA	NA	NA	NA	NA
NC_045512.2	20334	A	G	5225	4859	45	1	1	40	0.000191351	5226	0.500048	FALSE	NA	NA	NA	NA	NA	NA
NC_045512.2	20336	A	G	5198	4832	45	1	1	24	0.000192345	5199	1	FALSE	NA	NA	NA	NA	NA	NA
NC_045512.2	20337	T	G	5177	4812	44	2	2	24	0.000386175	5179	1	FALSE	NA	NA	NA	NA	NA	NA
NC_045512.2	20338	T	G	5171	4816	44	2	2	32	0.000386623	5173	0.937595	FALSE	NA	NA	NA	NA	NA	NA
NC_045512.2	20341	A	G	5179	4834	44	2	2	40	0.000386026	5181	0.250024	FALSE	NA	NA	NA	NA	NA	NA
NC_045512.2	20342	G	T	5159	4816	43	1	1	24	0.000193798	5160	1	FALSE	NA	NA	NA	NA	NA	NA
NC_045512.2	20345	A	G	5025	4697	44	2	2	40	0.000397852	5027	0.250025	FALSE	NA	NA	NA	NA	NA	NA
NC_045512.2	20346	T	G	4994	4666	44	1	1	24	0.00020016	4996	1	FALSE	NA	NA	NA	NA	NA	NA
NC_045512.2	20346	T	C	4994	4666	44	1	1	40	0.00020016	4996	0.5	FALSE	NA	NA	NA	NA	NA	NA
NC_045512.2	20347	A	G	5007	4680	44	2	2	40	0.000399202	5010	0.249975	FALSE	NA	NA	NA	NA	NA	NA
NC_045512.2	20347	A	C	5007	4680	44	1	1	24	0.000199601	5010	1	FALSE	NA	NA	NA	NA	NA	NA
NC_045512.2	20352	G	T	4867	4591	43	1	1	24	0.000205423	4868	1	FALSE	NA	NA	NA	NA	NA	NA
NC_045512.2	20353	T	G	4876	4598	43	1	1	24	0.000205044	4877	1	FALSE	NA	NA	NA	NA	NA	NA
NC_045512.2	20354	T	G	4847	4578	43	1	1	24	0.000206271	4848	1	FALSE	NA	NA	NA	NA	NA	NA
NC_045512.2	20357	G	T	4695	4426	41	2	2	32	0.000425804	4697	0.89075	FALSE	NA	NA	NA	NA	NA	NA
NC_045512.2	20358	T	G	4772	4506	43	1	1	24	0.000209512	4773	1	FALSE	NA	NA	NA	NA	NA	NA
NC_045512.2	20359	G	T	4589	4382	42	1	1	40	0.000217865	4590	0.500054	FALSE	NA	NA	NA	NA	NA	NA
NC_045512.2	20360	G	T	4511	4301	40	3	3	34	0.000664452	4515	0.773528	FALSE	NA	NA	NA	NA	NA	NA
NC_045512.2	20360	G	C	4511	4301	40	1	1	40	0.000221484	4515	0.499889	FALSE	NA	NA	NA	NA	NA	NA
NC_045512.2	20361	T	C	4274	4070	42	1	1	40	0.000233918	4275	0.500058	FALSE	NA	NA	NA	NA	NA	NA
NC_045512.2	20362	T	G	4239	4035	42	1	1	40	0.000235793	4241	0.5	FALSE	NA	NA	NA	NA	NA	NA
NC_045512.2	20362	T	C	4239	4035	42	1	1	40	0.000235793	4241	0.5	FALSE	NA	NA	NA	NA	NA	NA
NC_045512.2	20363	T	C	4238	4034	42	1	1	40	0.000235905	4239	0.500059	FALSE	NA	NA	NA	NA	NA	NA
NC_045512.2	20364	A	G	4258	4054	42	1	1	24	0.000234797	4259	1	FALSE	NA	NA	NA	NA	NA	NA
NC_045512.2	20368	C	G	3861	3669	43	1	1	40	0.000258933	3862	0.500065	FALSE	NA	NA	NA	NA	NA	NA
NC_045512.2	20370	A	C	3670	3482	43	1	1	24	0.000272405	3671	1	FALSE	NA	NA	NA	NA	NA	NA
NC_045512.2	20371	C	T	3664	3477	43	1	1	40	0.000272851	3665	0.500068	FALSE	NA	NA	NA	NA	NA	NA
NC_045512.2	20372	T	G	3583	3397	43	1	1	40	0.000279018	3584	0.50007	FALSE	NA	NA	NA	NA	NA	NA
NC_045512.2	20376	T	C	3231	3065	42	1	1	40	0.000309406	3232	0.500077	FALSE	NA	NA	NA	NA	NA	NA
NC_045512.2	20377	G	C	3171	3014	43	1	1	40	0.000315259	3172	0.500079	FALSE	NA	NA	NA	NA	NA	NA
NC_045512.2	20385	T	G	2798	2657	41	1	1	24	0.00035727	2799	1	FALSE	NA	NA	NA	NA	NA	NA
NC_045512.2	20387	A	G	2695	2559	43	1	1	24	0.00037092	2696	1	FALSE	NA	NA	NA	NA	NA	NA
NC_045512.2	20389	C	T	2689	2553	42	2	2	60	0.000743218	2691	0.250046	FALSE	NA	NA	NA	NA	NA	NA
NC_045512.2	20391	T	G	2207	2083	43	1	1	24	0.000452899	2208	1	FALSE	NA	NA	NA	NA	NA	NA
NC_045512.2	20392	T	G	4295	2137	41	2	2	24	0.000465441	4297	1	FALSE	NA	NA	NA	NA	NA	NA
NC_045512.2	20393	T	G	4290	2141	41	1	1	24	0.000233046	4291	1	FALSE	NA	NA	NA	NA	NA	NA
NC_045512.2	20394	T	G	4283	2131	41	2	1	32	0.000466527	4287	0.890652	FALSE	NA	NA	NA	NA	NA	NA
NC_045512.2	20394	T	C	4283	2131	41	2	0	32	0.000466527	4287	0.890652	FALSE	NA	NA	NA	NA	NA	NA
NC_045512.2	20395	A	C	4272	2154	40	5	0	24	0.00116904	4277	1	FALSE	NA	NA	NA	NA	NA	NA
NC_045512.2	20397	G	T	4297	2115	40	1	1	24	0.000232612	4299	1	FALSE	NA	NA	NA	NA	NA	NA
NC_045512.2	20397	G	C	4297	2115	40	1	0	40	0.000232612	4299	0.5	FALSE	NA	NA	NA	NA	NA	NA
NC_045512.2	20399	A	G	4077	1876	41	1	1	24	0.000245218	4078	1	FALSE	NA	NA	NA	NA	NA	NA
NC_045512.2	20401	T	C	4086	1868	41	1	1	24	0.000244678	4087	1	FALSE	NA	NA	NA	NA	NA	NA
NC_045512.2	20403	A	G	4084	1878	41	1	0	40	0.000244798	4085	0.500061	FALSE	NA	NA	NA	NA	NA	NA
NC_045512.2	20404	C	A	4175	1878	41	1	0	24	0.000239464	4176	1	FALSE	NA	NA	NA	NA	NA	NA
NC_045512.2	20406	T	C	2320	113	40	2	0	40	0.000861326	2322	0.250054	FALSE	NA	NA	NA	NA	NA	NA
NC_045512.2	20408	T	C	2320	114	40	1	0	40	0.000430849	2321	0.500108	FALSE	NA	NA	NA	NA	NA	NA
NC_045512.2	20409	T	C	2320	112	40	1	0	40	0.000430849	2321	0.500108	FALSE	NA	NA	NA	NA	NA	NA
NC_045512.2	20411	A	C	2318	125	40	2	0	32	0.000862069	2320	0.687743	FALSE	NA	NA	NA	NA	NA	NA
NC_045512.2	20415	A	C	2330	126	40	1	0	24	0.000429	2331	1	FALSE	NA	NA	NA	NA	NA	NA
NC_045512.2	20418	A	T	2325	125	40	1	0	24	0.000429738	2327	1	FALSE	NA	NA	NA	NA	NA	NA
NC_045512.2	20418	A	C	2325	125	40	1	0	40	0.000429738	2327	0.5	FALSE	NA	NA	NA	NA	NA	NA
NC_045512.2	20421	T	C	2489	154	41	1	0	40	0.000401606	2490	0.5001	FALSE	NA	NA	NA	NA	NA	NA
NC_045512.2	20423	T	C	2493	154	41	2	0	40	0.000801603	2495	0.25005	FALSE	NA	NA	NA	NA	NA	NA
NC_045512.2	20429	C	G	3057	180	40	1	0	24	0.000326691	3061	1	FALSE	NA	NA	NA	NA	NA	NA
NC_045512.2	20429	C	A	3057	180	40	3	0	24	0.000980072	3061	1	FALSE	NA	NA	NA	NA	NA	NA
NC_045512.2	20430	T	C	3110	187	42	1	0	40	0.00032144	3111	0.50008	FALSE	NA	NA	NA	NA	NA	NA
NC_045512.2	20431	A	C	3079	187	41	1	0	24	0.000324675	3080	1	FALSE	NA	NA	NA	NA	NA	NA
NC_045512.2	20433	G	T	3406	190	42	1	0	24	0.000293513	3407	1	FALSE	NA	NA	NA	NA	NA	NA
NC_045512.2	20434	G	A	3410	190	42	1	0	24	0.000293169	3411	1	FALSE	NA	NA	NA	NA	NA	NA
NC_045512.2	20437	A	C	3442	192	42	1	0	24	0.000290444	3443	1	FALSE	NA	NA	NA	NA	NA	NA
NC_045512.2	20438	G	A	3761	197	42	1	0	40	0.000265816	3762	0.500066	FALSE	NA	NA	NA	NA	NA	NA
NC_045512.2	20439	T	C	3775	222	42	1	0	40	0.000264831	3776	0.500066	FALSE	NA	NA	NA	NA	NA	NA
NC_045512.2	20440	A	C	3760	226	42	1	0	24	0.000265887	3761	1	FALSE	NA	NA	NA	NA	NA	NA
NC_045512.2	20441	C	G	3775	227	43	1	0	40	0.00026476	3777	0.5	FALSE	NA	NA	NA	NA	NA	NA
NC_045512.2	20441	C	A	3775	227	43	1	0	24	0.00026476	3777	1	FALSE	NA	NA	NA	NA	NA	NA
NC_045512.2	20442	A	C	3744	227	42	2	0	24	0.000533903	3746	1	FALSE	NA	NA	NA	NA	NA	NA
NC_045512.2	20443	G	C	3987	237	42	1	0	40	0.000250627	3990	0.499937	FALSE	NA	NA	NA	NA	NA	NA
NC_045512.2	20443	G	A	3987	237	42	2	0	40	0.000501253	3990	0.249969	FALSE	NA	NA	NA	NA	NA	NA
NC_045512.2	20444	T	C	3986	287	43	1	0	32	0.000250815	3987	0.937578	FALSE	NA	NA	NA	NA	NA	NA
NC_045512.2	20445	T	A	3983	285	43	1	0	40	0.000251004	3984	0.500063	FALSE	NA	NA	NA	NA	NA	NA
NC_045512.2	20447	A	C	3972	301	44	1	0	24	0.000251699	3973	1	FALSE	NA	NA	NA	NA	NA	NA
NC_045512.2	20448	A	C	3984	305	44	2	0	24	0.000501756	3986	1	FALSE	NA	NA	NA	NA	NA	NA
NC_045512.2	20449	A	G	3986	320	44	1	0	40	0.000250815	3987	0.500063	FALSE	NA	NA	NA	NA	NA	NA
NC_045512.2	20456	T	C	4109	333	44	1	0	40	0.000243309	4110	0.500061	FALSE	NA	NA	NA	NA	NA	NA
NC_045512.2	20458	A	G	4101	335	44	1	0	40	0.000243784	4102	0.500061	FALSE	NA	NA	NA	NA	NA	NA
NC_045512.2	20463	A	C	4142	338	44	1	0	24	0.000241371	4143	1	FALSE	NA	NA	NA	NA	NA	NA
NC_045512.2	20465	A	G	4147	348	44	2	0	40	0.000482044	4149	0.25003	FALSE	NA	NA	NA	NA	NA	NA
NC_045512.2	20467	G	T	4199	352	44	2	0	32	0.000475851	4203	0.890653	FALSE	NA	NA	NA	NA	NA	NA
NC_045512.2	20467	G	C	4199	352	44	1	0	40	0.000237925	4203	0.499881	FALSE	NA	NA	NA	NA	NA	NA
NC_045512.2	20467	G	A	4199	352	44	1	0	40	0.000237925	4203	0.499881	FALSE	NA	NA	NA	NA	NA	NA
NC_045512.2	20468	C	T	4209	355	44	1	1	80	0.00023753	4210	0.500059	FALSE	NA	NA	NA	NA	NA	NA
NC_045512.2	20472	A	G	4205	358	44	2	0	40	0.000475285	4208	0.24997	FALSE	NA	NA	NA	NA	NA	NA
NC_045512.2	20472	A	C	4205	358	44	1	0	24	0.000237643	4208	1	FALSE	NA	NA	NA	NA	NA	NA
NC_045512.2	20475	A	G	4229	361	44	2	0	40	0.000472701	4231	0.25003	FALSE	NA	NA	NA	NA	NA	NA
NC_045512.2	20476	G	A	4320	363	44	1	0	40	0.000231428	4321	0.500058	FALSE	NA	NA	NA	NA	NA	NA
NC_045512.2	20480	C	T	4375	629	48	2	2	80	0.000456934	4377	0.250029	FALSE	NA	NA	NA	NA	NA	NA
NC_045512.2	20482	T	C	4759	667	48	1	0	24	0.000210084	4760	1	FALSE	NA	NA	NA	NA	NA	NA
NC_045512.2	20486	A	C	4805	679	48	1	0	24	0.000208073	4806	1	FALSE	NA	NA	NA	NA	NA	NA
NC_045512.2	20486	A	-GT	4805	679	48	1	0	20	0.000208073	4806	1	FALSE	NA	NA	NA	NA	NA	NA
NC_045512.2	20486	A	+GT	4805	679	48	1	0	20	0.000208073	4806	1	FALSE	NA	NA	NA	NA	NA	NA
NC_045512.2	20490	T	C	4987	717	49	1	0	40	0.000200481	4988	0.50005	FALSE	NA	NA	NA	NA	NA	NA
NC_045512.2	20491	G	A	5012	718	49	1	0	24	0.000199481	5013	1	FALSE	NA	NA	NA	NA	NA	NA
NC_045512.2	20492	T	G	4993	730	49	1	0	40	0.00020012	4997	0.4999	FALSE	NA	NA	NA	NA	NA	NA
NC_045512.2	20492	T	C	4993	730	49	3	1	40	0.00060036	4997	0.124962	FALSE	NA	NA	NA	NA	NA	NA
NC_045512.2	20494	T	C	5015	735	49	1	0	24	0.000199322	5017	1	FALSE	NA	NA	NA	NA	NA	NA
NC_045512.2	20494	T	A	5015	735	49	1	0	40	0.000199322	5017	0.5	FALSE	NA	NA	NA	NA	NA	NA
NC_045512.2	20495	G	T	5049	732	49	1	1	40	0.00019802	5050	0.50005	FALSE	NA	NA	NA	NA	NA	NA
NC_045512.2	20500	G	C	5109	733	49	1	0	40	0.000195695	5110	0.500049	FALSE	NA	NA	NA	NA	NA	NA
NC_045512.2	20501	T	C	5130	735	49	1	0	40	0.000194894	5131	0.500049	FALSE	NA	NA	NA	NA	NA	NA
NC_045512.2	20502	T	C	5133	737	49	1	0	40	0.00019478	5134	0.500049	FALSE	NA	NA	NA	NA	NA	NA
NC_045512.2	20503	A	C	5073	749	49	2	0	24	0.000394089	5075	1	FALSE	NA	NA	NA	NA	NA	NA
NC_045512.2	20504	T	C	5117	743	49	2	0	40	0.000390701	5119	0.250024	FALSE	NA	NA	NA	NA	NA	NA
NC_045512.2	20505	T	C	5125	745	50	1	0	24	0.000195084	5126	1	FALSE	NA	NA	NA	NA	NA	NA
NC_045512.2	20506	G	C	5111	748	49	1	0	24	0.00019558	5113	1	FALSE	NA	NA	NA	NA	NA	NA
NC_045512.2	20506	G	A	5111	748	49	1	0	24	0.00019558	5113	1	FALSE	NA	NA	NA	NA	NA	NA
NC_045512.2	20507	A	C	5129	760	49	1	0	40	0.000194932	5130	0.500049	FALSE	NA	NA	NA	NA	NA	NA
NC_045512.2	20510	T	C	5154	802	51	1	0	40	0.000193986	5155	0.500049	FALSE	NA	NA	NA	NA	NA	NA
NC_045512.2	20511	A	C	4999	820	48	7	0	26	0.00139832	5006	1	FALSE	NA	NA	NA	NA	NA	NA
NC_045512.2	20513	T	C	5160	820	51	1	0	40	0.000193761	5161	0.500048	FALSE	NA	NA	NA	NA	NA	NA
NC_045512.2	20514	A	C	4990	843	48	10	0	24	0.002	5000	1	FALSE	NA	NA	NA	NA	NA	NA
NC_045512.2	20517	T	C	5037	936	52	1	1	80	0.000198491	5038	0.50005	FALSE	NA	NA	NA	NA	NA	NA
NC_045512.2	20518	G	A	4998	941	52	1	0	40	0.00020004	4999	0.50005	FALSE	NA	NA	NA	NA	NA	NA
NC_045512.2	20519	A	C	4843	1055	51	1	0	24	0.000206441	4844	1	FALSE	NA	NA	NA	NA	NA	NA
NC_045512.2	20522	A	G	4865	1161	52	1	0	24	0.000205508	4866	1	FALSE	NA	NA	NA	NA	NA	NA
NC_045512.2	20527	G	A	4629	1255	51	3	3	34	0.000647668	4632	0.773615	FALSE	NA	NA	NA	NA	NA	NA
NC_045512.2	20528	T	A	4618	1313	51	1	0	40	0.000216497	4619	0.500054	FALSE	NA	NA	NA	NA	NA	NA
NC_045512.2	20530	G	T	4474	1236	48	8	8	30	0.00178492	4482	0.193794	FALSE	NA	NA	NA	NA	NA	NA
NC_045512.2	20531	A	C	4547	1369	51	3	0	29	0.000659341	4550	1	FALSE	NA	NA	NA	NA	NA	NA
NC_045512.2	20535	A	G	4291	1543	50	1	0	40	0.000232992	4292	0.500058	FALSE	NA	NA	NA	NA	NA	NA
NC_045512.2	20536	A	C	4309	1547	50	3	0	29	0.000695733	4312	1	FALSE	NA	NA	NA	NA	NA	NA
NC_045512.2	20540	A	G	4368	1751	51	2	2	32	0.000457666	4370	0.890759	FALSE	NA	NA	NA	NA	NA	NA
NC_045512.2	20542	T	C	4350	1816	51	1	0	32	0.000229832	4351	0.968804	FALSE	NA	NA	NA	NA	NA	NA
NC_045512.2	20545	C	A	4145	1982	47	4	0	24	0.000964088	4149	1	FALSE	NA	NA	NA	NA	NA	NA
NC_045512.2	20547	A	C	4427	1973	52	2	0	32	0.000451569	4429	0.890757	FALSE	NA	NA	NA	NA	NA	NA
NC_045512.2	20549	A	T	4709	2491	54	1	1	40	0.000212269	4711	0.5	FALSE	NA	NA	NA	NA	NA	NA
NC_045512.2	20549	A	G	4709	2491	54	1	0	80	0.000212269	4711	0.5	FALSE	NA	NA	NA	NA	NA	NA
NC_045512.2	20550	T	C	4713	2478	55	1	1	40	0.000212134	4714	0.500053	FALSE	NA	NA	NA	NA	NA	NA
NC_045512.2	20552	T	C	4727	2487	55	1	0	40	0.000211506	4728	0.500053	FALSE	NA	NA	NA	NA	NA	NA
NC_045512.2	20554	T	A	4726	2501	55	1	1	40	0.000211551	4727	0.500053	FALSE	NA	NA	NA	NA	NA	NA
NC_045512.2	20557	G	T	4634	2497	53	1	1	24	0.00021575	4635	1	FALSE	NA	NA	NA	NA	NA	NA
NC_045512.2	20558	T	G	4662	2518	54	1	1	24	0.000214454	4663	1	FALSE	NA	NA	NA	NA	NA	NA
NC_045512.2	20559	A	G	4637	2532	54	1	1	48	0.000215517	4640	0.499946	FALSE	NA	NA	NA	NA	NA	NA
NC_045512.2	20559	A	C	4637	2532	54	2	0	24	0.000431034	4640	1	FALSE	NA	NA	NA	NA	NA	NA
NC_045512.2	20561	T	C	4706	2535	55	1	0	80	0.00021245	4707	0.500053	FALSE	NA	NA	NA	NA	NA	NA
NC_045512.2	20562	T	C	4728	2547	55	1	1	24	0.000211461	4729	1	FALSE	NA	NA	NA	NA	NA	NA
NC_045512.2	20563	T	C	4727	2546	55	1	1	40	0.000211506	4728	0.500053	FALSE	NA	NA	NA	NA	NA	NA
NC_045512.2	20567	A	C	4777	2694	56	1	1	40	0.000209293	4778	0.500052	FALSE	NA	NA	NA	NA	NA	NA
NC_045512.2	20568	G	A	4803	2693	56	1	1	24	0.00020816	4804	1	FALSE	NA	NA	NA	NA	NA	NA
NC_045512.2	20569	G	T	3981	2212	56	822	479	56	0.171143	4803	7.68483e-265	TRUE	NA	NA	NA	NA	NA	NA
NC_045512.2	20570	T	G	4728	2636	56	1	0	40	0.000211461	4729	0.500053	FALSE	NA	NA	NA	NA	NA	NA
NC_045512.2	20571	T	C	4676	2658	55	1	0	80	0.000213812	4677	0.500053	FALSE	NA	NA	NA	NA	NA	NA
NC_045512.2	20572	G	T	4648	2634	54	1	1	24	0.0002151	4649	1	FALSE	NA	NA	NA	NA	NA	NA
NC_045512.2	20580	G	A	4582	2997	53	1	1	40	0.000218198	4583	0.500055	FALSE	NA	NA	NA	NA	NA	NA
NC_045512.2	20582	C	A	4627	3230	52	1	0	24	0.000216076	4628	1	FALSE	NA	NA	NA	NA	NA	NA
NC_045512.2	20584	A	C	4615	3248	51	1	0	24	0.000216638	4616	1	FALSE	NA	NA	NA	NA	NA	NA
NC_045512.2	20585	T	G	4603	3217	51	2	1	32	0.000434311	4605	0.890752	FALSE	NA	NA	NA	NA	NA	NA
NC_045512.2	20589	C	A	4718	3596	51	1	0	40	0.000211909	4719	0.500053	FALSE	NA	NA	NA	NA	NA	NA
NC_045512.2	20590	T	G	4629	3516	51	1	1	24	0.000215983	4630	1	FALSE	NA	NA	NA	NA	NA	NA
NC_045512.2	20592	T	G	4567	3449	51	2	2	32	0.000437733	4569	0.890753	FALSE	NA	NA	NA	NA	NA	NA
NC_045512.2	20593	A	C	4574	3464	51	2	1	32	0.000437063	4576	0.890753	FALSE	NA	NA	NA	NA	NA	NA
NC_045512.2	20595	A	G	4482	3493	50	1	1	40	0.000223065	4483	0.500056	FALSE	NA	NA	NA	NA	NA	NA
NC_045512.2	20598	A	G	4593	3649	51	1	1	36	0.000217675	4594	0.968801	FALSE	NA	NA	NA	NA	NA	NA
NC_045512.2	20600	T	C	4922	4113	52	2	2	60	0.000406174	4924	0.250025	FALSE	NA	NA	NA	NA	NA	NA
NC_045512.2	20601	T	C	4914	4109	52	1	1	40	0.000203459	4915	0.500051	FALSE	NA	NA	NA	NA	NA	NA
NC_045512.2	20602	T	G	4931	4133	52	2	2	32	0.000405433	4933	0.890744	FALSE	NA	NA	NA	NA	NA	NA
NC_045512.2	20605	T	G	4923	4155	51	3	3	24	0.00060889	4927	1	FALSE	NA	NA	NA	NA	NA	NA
NC_045512.2	20605	T	C	4923	4155	51	1	1	40	0.000202963	4927	0.499898	FALSE	NA	NA	NA	NA	NA	NA
NC_045512.2	20606	T	G	4930	4166	51	2	2	32	0.000405351	4934	0.890649	FALSE	NA	NA	NA	NA	NA	NA
NC_045512.2	20606	T	C	4930	4166	51	2	1	52	0.000405351	4934	0.249924	FALSE	NA	NA	NA	NA	NA	NA
NC_045512.2	20607	T	C	4933	4173	51	1	0	80	0.000202675	4934	0.500051	FALSE	NA	NA	NA	NA	NA	NA
NC_045512.2	20610	G	C	4950	4211	51	1	1	24	0.000201979	4951	1	FALSE	NA	NA	NA	NA	NA	NA
NC_045512.2	20617	T	C	4959	4207	51	3	2	53	0.000604595	4962	0.125	FALSE	NA	NA	NA	NA	NA	NA
NC_045512.2	20618	G	T	4898	4154	49	3	3	24	0.00061212	4901	1	FALSE	NA	NA	NA	NA	NA	NA
NC_045512.2	20619	T	-A	4923	4181	50	1	0	20	0.000203128	4923	1	FALSE	NA	NA	NA	NA	NA	NA
NC_045512.2	20622	A	C	4971	4236	51	1	0	32	0.000201126	4972	0.968797	FALSE	NA	NA	NA	NA	NA	NA
NC_045512.2	20626	G	T	4406	3715	50	3	3	26	0.000680272	4410	1	FALSE	NA	NA	NA	NA	NA	NA
NC_045512.2	20626	G	C	4406	3715	50	1	1	40	0.000226757	4410	0.499887	FALSE	NA	NA	NA	NA	NA	NA
NC_045512.2	20628	C	T	4471	3826	50	2	2	40	0.000447127	4473	0.250028	FALSE	NA	NA	NA	NA	NA	NA
NC_045512.2	20631	T	G	4375	3752	50	1	1	24	0.000228519	4376	1	FALSE	NA	NA	NA	NA	NA	NA
NC_045512.2	20632	G	T	4328	3854	46	1	1	24	0.000231	4329	1	FALSE	NA	NA	NA	NA	NA	NA
NC_045512.2	20635	G	T	4314	3851	46	4	4	24	0.000926355	4318	1	FALSE	NA	NA	NA	NA	NA	NA
NC_045512.2	20636	A	T	4365	3914	47	1	1	24	0.00022899	4367	1	FALSE	NA	NA	NA	NA	NA	NA
NC_045512.2	20636	A	G	4365	3914	47	1	0	64	0.00022899	4367	0.5	FALSE	NA	NA	NA	NA	NA	NA
NC_045512.2	20642	T	C	4263	3898	45	1	1	40	0.000234522	4264	0.500059	FALSE	NA	NA	NA	NA	NA	NA
NC_045512.2	20643	T	G	4251	3887	45	1	1	40	0.000235183	4252	0.500059	FALSE	NA	NA	NA	NA	NA	NA
NC_045512.2	20645	A	T	4268	3918	45	1	1	40	0.000234247	4269	0.500059	FALSE	NA	NA	NA	NA	NA	NA
NC_045512.2	20646	C	T	4261	3940	44	1	0	80	0.000234577	4263	0.5	FALSE	NA	NA	NA	NA	NA	NA
NC_045512.2	20646	C	A	4261	3940	44	1	0	32	0.000234577	4263	0.968787	FALSE	NA	NA	NA	NA	NA	NA
NC_045512.2	20647	C	G	4262	3921	45	1	1	40	0.000234577	4263	0.500059	FALSE	NA	NA	NA	NA	NA	NA
NC_045512.2	20651	A	G	4220	3955	44	2	2	24	0.000473709	4222	1	FALSE	NA	NA	NA	NA	NA	NA
NC_045512.2	20653	T	C	4195	3929	44	1	1	40	0.000238322	4196	0.50006	FALSE	NA	NA	NA	NA	NA	NA
NC_045512.2	20654	T	-AC	4157	3890	42	1	0	20	0.000240558	4157	1	FALSE	NA	NA	NA	NA	NA	NA
NC_045512.2	20655	A	G	4189	3922	44	1	1	40	0.000238663	4190	0.5	FALSE	NA	NA	NA	NA	NA	NA
NC_045512.2	20656	C	T	4186	3932	44	1	1	40	0.000238834	4187	0.5	FALSE	NA	NA	NA	NA	NA	NA
NC_045512.2	20657	A	G	4164	3910	44	2	2	40	0.000480077	4166	0.25003	FALSE	NA	NA	NA	NA	NA	NA
NC_045512.2	20659	T	G	4065	3829	43	1	1	24	0.000245942	4066	1	FALSE	NA	NA	NA	NA	NA	NA
NC_045512.2	20663	G	T	3955	3723	42	1	1	24	0.000252781	3956	1	FALSE	NA	NA	NA	NA	NA	NA
NC_045512.2	20664	T	G	3989	3757	43	2	2	24	0.000501002	3992	1	FALSE	NA	NA	NA	NA	NA	NA
NC_045512.2	20664	T	C	3989	3757	43	1	1	40	0.000250501	3992	0.499937	FALSE	NA	NA	NA	NA	NA	NA
NC_045512.2	20664	T	-C	3989	3757	43	1	0	20	0.000250501	3992	1	FALSE	NA	NA	NA	NA	NA	NA
NC_045512.2	20666	A	G	3993	3768	43	1	1	40	0.000250376	3994	0.500063	FALSE	NA	NA	NA	NA	NA	NA
NC_045512.2	20668	G	A	3858	3635	44	1	1	40	0.000259134	3859	0.500065	FALSE	NA	NA	NA	NA	NA	NA
NC_045512.2	20669	C	T	3757	3539	43	1	1	80	0.000265887	3761	0.499867	FALSE	NA	NA	NA	NA	NA	NA
NC_045512.2	20669	C	G	3757	3539	43	2	2	40	0.000531773	3761	0.2499	FALSE	NA	NA	NA	NA	NA	NA
NC_045512.2	20669	C	A	3757	3539	43	1	1	40	0.000265887	3761	0.499867	FALSE	NA	NA	NA	NA	NA	NA
NC_045512.2	20671	T	G	3584	3370	43	1	1	40	0.00027894	3585	0.50007	FALSE	NA	NA	NA	NA	NA	NA
NC_045512.2	20674	C	G	3600	3391	43	1	1	24	0.000277701	3601	1	FALSE	NA	NA	NA	NA	NA	NA
NC_045512.2	20675	A	G	3596	3388	43	1	1	40	0.000278009	3597	0.50007	FALSE	NA	NA	NA	NA	NA	NA
NC_045512.2	20676	A	C	3574	3367	43	2	2	40	0.000559284	3576	0.250035	FALSE	NA	NA	NA	NA	NA	NA
NC_045512.2	20678	C	T	3546	3337	43	1	1	40	0.000281849	3548	0.5	FALSE	NA	NA	NA	NA	NA	NA
NC_045512.2	20678	C	G	3546	3337	43	1	1	24	0.000281849	3548	1	FALSE	NA	NA	NA	NA	NA	NA
NC_045512.2	20680	G	C	16790	4081	40	2	0	24	0.000119104	16792	1	FALSE	NA	NA	NA	NA	NA	NA
NC_045512.2	20681	G	T	18451	4088	40	2	1	32	0.000108378	18454	0.99998	FALSE	NA	NA	NA	NA	NA	NA
NC_045512.2	20681	G	A	18451	4088	40	1	0	40	5.41888e-05	18454	0.749993	FALSE	NA	NA	NA	NA	NA	NA
NC_045512.2	20682	T	G	18464	4091	40	1	0	24	5.41536e-05	18466	1	FALSE	NA	NA	NA	NA	NA	NA
NC_045512.2	20682	T	C	18464	4091	40	1	0	40	5.41536e-05	18466	0.750007	FALSE	NA	NA	NA	NA	NA	NA
NC_045512.2	20683	G	T	18491	4093	40	1	0	24	5.40628e-05	18497	1	FALSE	NA	NA	NA	NA	NA	NA
NC_045512.2	20683	G	C	18491	4093	40	1	0	24	5.40628e-05	18497	1	FALSE	NA	NA	NA	NA	NA	NA
NC_045512.2	20683	G	A	18491	4093	40	4	0	42	0.000216251	18497	0.187466	FALSE	NA	NA	NA	NA	NA	NA
NC_045512.2	20684	T	G	19027	4172	41	4	0	28	0.000210128	19036	1	FALSE	NA	NA	NA	NA	NA	NA
NC_045512.2	20684	T	C	19027	4172	41	5	2	36	0.00026266	19036	0.99923	FALSE	NA	NA	NA	NA	NA	NA
NC_045512.2	20685	T	G	19837	4175	41	1	0	40	5.03956e-05	19843	0.749956	FALSE	NA	NA	NA	NA	NA	NA
NC_045512.2	20685	T	C	19837	4175	41	4	0	36	0.000201582	19843	0.999757	FALSE	NA	NA	NA	NA	NA	NA
NC_045512.2	20685	T	A	19837	4175	41	1	0	40	5.03956e-05	19843	0.749956	FALSE	NA	NA	NA	NA	NA	NA
NC_045512.2	20686	G	T	21434	4238	41	2	1	32	9.32923e-05	21438	0.999997	FALSE	NA	NA	NA	NA	NA	NA
NC_045512.2	20686	G	C	21434	4238	41	1	0	40	4.66461e-05	21438	0.874991	FALSE	NA	NA	NA	NA	NA	NA
NC_045512.2	20686	G	A	21434	4238	41	1	1	40	4.66461e-05	21438	0.874991	FALSE	NA	NA	NA	NA	NA	NA
NC_045512.2	20687	C	G	21424	4329	41	1	1	40	4.66744e-05	21425	0.875018	FALSE	NA	NA	NA	NA	NA	NA
NC_045512.2	20688	T	G	21317	4200	41	4	2	36	0.000187573	21325	0.999922	FALSE	NA	NA	NA	NA	NA	NA
NC_045512.2	20688	T	C	21317	4200	41	4	0	36	0.000187573	21325	0.999922	FALSE	NA	NA	NA	NA	NA	NA
NC_045512.2	20689	A	T	21492	4266	41	1	0	40	4.65203e-05	21496	0.874991	FALSE	NA	NA	NA	NA	NA	NA
NC_045512.2	20689	A	C	21492	4266	41	3	0	24	0.000139561	21496	1	FALSE	NA	NA	NA	NA	NA	NA
NC_045512.2	20690	T	C	22670	4152	42	4	0	32	0.000176414	22674	0.999956	FALSE	NA	NA	NA	NA	NA	NA
NC_045512.2	20691	G	T	26001	4331	42	1	0	40	3.84512e-05	26007	0.874978	FALSE	NA	NA	NA	NA	NA	NA
NC_045512.2	20691	G	C	26001	4331	42	3	0	29	0.000115354	26007	1	FALSE	NA	NA	NA	NA	NA	NA
NC_045512.2	20691	G	A	26001	4331	42	2	0	32	7.69024e-05	26007	1	FALSE	NA	NA	NA	NA	NA	NA
NC_045512.2	20692	C	T	26006	4394	42	1	0	40	3.84453e-05	26011	0.874986	FALSE	NA	NA	NA	NA	NA	NA
NC_045512.2	20692	C	G	26006	4394	42	2	0	32	7.68905e-05	26011	1	FALSE	NA	NA	NA	NA	NA	NA
NC_045512.2	20692	C	A	26006	4394	42	2	0	24	7.68905e-05	26011	1	FALSE	NA	NA	NA	NA	NA	NA
NC_045512.2	20693	C	T	25878	4364	41	1	1	24	3.86354e-05	25883	1	FALSE	NA	NA	NA	NA	NA	NA
NC_045512.2	20693	C	A	25878	4364	41	4	0	24	0.000154542	25883	1	FALSE	NA	NA	NA	NA	NA	NA
NC_045512.2	20694	T	G	25825	4332	42	7	3	34	0.000270898	25840	0.999733	FALSE	NA	NA	NA	NA	NA	NA
NC_045512.2	20694	T	C	25825	4332	42	8	0	38	0.000309598	25840	0.999341	FALSE	NA	NA	NA	NA	NA	NA
NC_045512.2	20695	A	G	25676	4264	41	2	0	40	7.78543e-05	25689	0.687361	FALSE	NA	NA	NA	NA	NA	NA
NC_045512.2	20695	A	C	25676	4264	41	11	0	28	0.000428199	25689	1	FALSE	NA	NA	NA	NA	NA	NA
NC_045512.2	20696	A	T	25872	4257	42	2	2	40	7.72648e-05	25885	0.687362	FALSE	NA	NA	NA	NA	NA	NA
NC_045512.2	20696	A	G	25872	4257	42	1	0	40	3.86324e-05	25885	0.874928	FALSE	NA	NA	NA	NA	NA	NA
NC_045512.2	20696	A	C	25872	4257	42	10	0	27	0.000386324	25885	1	FALSE	NA	NA	NA	NA	NA	NA
NC_045512.2	20697	T	G	26550	4340	42	2	1	32	7.53154e-05	26555	1	FALSE	NA	NA	NA	NA	NA	NA
NC_045512.2	20697	T	C	26550	4340	42	3	0	40	0.000112973	26555	0.499982	FALSE	NA	NA	NA	NA	NA	NA
NC_045512.2	20698	C	T	26590	4372	43	1	0	40	3.76053e-05	26592	0.875007	FALSE	NA	NA	NA	NA	NA	NA
NC_045512.2	20698	C	G	26590	4372	43	1	0	24	3.76053e-05	26592	1	FALSE	NA	NA	NA	NA	NA	NA
NC_045512.2	20699	T	G	26181	4105	43	5	0	30	0.000190913	26190	0.999983	FALSE	NA	NA	NA	NA	NA	NA
NC_045512.2	20699	T	C	26181	4105	43	4	0	32	0.00015273	26190	0.999996	FALSE	NA	NA	NA	NA	NA	NA
NC_045512.2	20700	T	C	25844	3818	43	6	0	29	0.000232108	25850	1	FALSE	NA	NA	NA	NA	NA	NA
NC_045512.2	20701	T	G	25843	3816	43	2	0	40	7.73724e-05	25849	0.687464	FALSE	NA	NA	NA	NA	NA	NA
NC_045512.2	20701	T	C	25843	3816	43	4	0	36	0.000154745	25849	0.999992	FALSE	NA	NA	NA	NA	NA	NA
NC_045512.2	20702	A	G	25715	3934	43	4	0	40	0.000155461	25730	0.343559	FALSE	NA	NA	NA	NA	NA	NA
NC_045512.2	20702	A	C	25715	3934	43	11	0	26	0.000427517	25730	1	FALSE	NA	NA	NA	NA	NA	NA
NC_045512.2	20703	C	A	25357	3972	41	4	0	24	0.000157722	25361	1	FALSE	NA	NA	NA	NA	NA	NA
NC_045512.2	20704	A	G	25731	3974	43	7	0	37	0.000271876	25747	0.999733	FALSE	NA	NA	NA	NA	NA	NA
NC_045512.2	20704	A	C	25731	3974	43	9	1	31	0.000349555	25747	0.998534	FALSE	NA	NA	NA	NA	NA	NA
NC_045512.2	20705	A	G	25757	3992	43	1	0	40	3.88169e-05	25762	0.874985	FALSE	NA	NA	NA	NA	NA	NA
NC_045512.2	20705	A	C	25757	3992	43	4	0	24	0.000155267	25762	1	FALSE	NA	NA	NA	NA	NA	NA
NC_045512.2	20706	A	C	25733	3938	44	2	0	24	7.77152e-05	25735	1	FALSE	NA	NA	NA	NA	NA	NA
NC_045512.2	20708	T	C	26894	4140	44	3	1	53	0.000111537	26897	0.125	FALSE	NA	NA	NA	NA	NA	NA
NC_045512.2	20709	G	C	26972	4159	44	2	0	40	7.414e-05	26976	0.687493	FALSE	NA	NA	NA	NA	NA	NA
NC_045512.2	20709	G	A	26972	4159	44	2	1	52	7.414e-05	26976	0.249986	FALSE	NA	NA	NA	NA	NA	NA
NC_045512.2	20710	C	G	26910	4166	44	2	0	32	7.43135e-05	26913	1	FALSE	NA	NA	NA	NA	NA	NA
NC_045512.2	20710	C	A	26910	4166	44	1	0	24	3.71568e-05	26913	1	FALSE	NA	NA	NA	NA	NA	NA
NC_045512.2	20711	A	G	26997	4163	44	2	0	40	7.40741e-05	27000	0.687507	FALSE	NA	NA	NA	NA	NA	NA
NC_045512.2	20711	A	C	26997	4163	44	1	0	40	3.7037e-05	27000	0.875	FALSE	NA	NA	NA	NA	NA	NA
NC_045512.2	20712	A	G	27018	4167	44	3	1	40	0.000111021	27022	0.5	FALSE	NA	NA	NA	NA	NA	NA
NC_045512.2	20712	A	C	27018	4167	44	1	1	24	3.70069e-05	27022	1	FALSE	NA	NA	NA	NA	NA	NA
NC_045512.2	20713	A	G	27016	4175	44	2	0	40	7.40165e-05	27021	0.687479	FALSE	NA	NA	NA	NA	NA	NA
NC_045512.2	20713	A	C	27016	4175	44	3	0	29	0.000111025	27021	1	FALSE	NA	NA	NA	NA	NA	NA
NC_045512.2	20714	G	C	27712	4219	44	1	0	40	3.60828e-05	27714	0.875007	FALSE	NA	NA	NA	NA	NA	NA
NC_045512.2	20714	G	A	27712	4219	44	1	1	80	3.60828e-05	27714	0.5	FALSE	NA	NA	NA	NA	NA	NA
NC_045512.2	20715	A	G	27570	4497	44	2	1	40	7.25242e-05	27577	0.687452	FALSE	NA	NA	NA	NA	NA	NA
NC_045512.2	20715	A	C	27570	4497	44	5	0	27	0.000181311	27577	1	FALSE	NA	NA	NA	NA	NA	NA
NC_045512.2	20716	A	G	27313	4329	44	2	0	32	7.32198e-05	27315	1	FALSE	NA	NA	NA	NA	NA	NA
NC_045512.2	20717	T	G	27508	4262	45	3	2	26	0.000109047	27511	1	FALSE	NA	NA	NA	NA	NA	NA
NC_045512.2	20718	G	C	27575	4289	45	3	0	40	0.000108778	27579	0.5	FALSE	NA	NA	NA	NA	NA	NA
NC_045512.2	20718	G	A	27575	4289	45	1	0	40	3.62595e-05	27579	0.874993	FALSE	NA	NA	NA	NA	NA	NA
NC_045512.2	20719	C	T	27717	4315	44	3	1	40	0.000108217	27722	0.499983	FALSE	NA	NA	NA	NA	NA	NA
NC_045512.2	20719	C	G	27717	4315	44	2	1	32	7.21449e-05	27722	1	FALSE	NA	NA	NA	NA	NA	NA
NC_045512.2	20720	T	G	27727	4308	45	3	0	29	0.000108143	27741	1	FALSE	NA	NA	NA	NA	NA	NA
NC_045512.2	20720	T	C	27727	4308	45	11	0	32	0.000396525	27741	0.997457	FALSE	NA	NA	NA	NA	NA	NA
NC_045512.2	20721	A	G	28096	4339	45	2	0	40	7.11718e-05	28101	0.68748	FALSE	NA	NA	NA	NA	NA	NA
NC_045512.2	20721	A	C	28096	4339	45	3	0	34	0.000106758	28101	1	FALSE	NA	NA	NA	NA	NA	NA
NC_045512.2	20722	T	G	28231	4336	45	1	1	40	3.54183e-05	28234	0.875	FALSE	NA	NA	NA	NA	NA	NA
NC_045512.2	20722	T	C	28231	4336	45	2	0	32	7.08366e-05	28234	1	FALSE	NA	NA	NA	NA	NA	NA
NC_045512.2	20723	T	G	28154	4250	45	3	3	32	0.000106545	28157	1	FALSE	NA	NA	NA	NA	NA	NA
NC_045512.2	20724	A	G	28350	4315	45	1	0	24	3.52709e-05	28352	1	FALSE	NA	NA	NA	NA	NA	NA
NC_045512.2	20724	A	C	28350	4315	45	1	0	40	3.52709e-05	28352	0.875007	FALSE	NA	NA	NA	NA	NA	NA
NC_045512.2	20725	G	T	28431	4277	45	2	1	24	7.03359e-05	28435	1	FALSE	NA	NA	NA	NA	NA	NA
NC_045512.2	20725	G	C	28431	4277	45	2	0	32	7.03359e-05	28435	1	FALSE	NA	NA	NA	NA	NA	NA
NC_045512.2	20725	G	-A	28431	4277	45	1	0	20	3.51679e-05	28435	1	FALSE	NA	NA	NA	NA	NA	NA
NC_045512.2	20726	A	G	28340	4320	45	2	0	60	7.05617e-05	28344	0.249978	FALSE	NA	NA	NA	NA	NA	NA
NC_045512.2	20726	A	C	28340	4320	45	2	0	40	7.05617e-05	28344	0.68748	FALSE	NA	NA	NA	NA	NA	NA
NC_045512.2	20727	A	T	26810	2842	45	1	0	80	3.7294e-05	26814	0.499981	FALSE	NA	NA	NA	NA	NA	NA
NC_045512.2	20727	A	G	26810	2842	45	1	0	40	3.7294e-05	26814	0.874993	FALSE	NA	NA	NA	NA	NA	NA
NC_045512.2	20727	A	C	26810	2842	45	2	0	32	7.45879e-05	26814	1	FALSE	NA	NA	NA	NA	NA	NA
NC_045512.2	20728	A	G	26903	2855	45	3	0	29	0.000111483	26910	1	FALSE	NA	NA	NA	NA	NA	NA
NC_045512.2	20728	A	C	26903	2855	45	4	0	24	0.000148644	26910	1	FALSE	NA	NA	NA	NA	NA	NA
NC_045512.2	20729	A	C	27559	2894	45	3	0	29	0.000108846	27562	1	FALSE	NA	NA	NA	NA	NA	NA
NC_045512.2	20730	G	A	27946	2907	45	1	0	40	3.5782e-05	27947	0.875013	FALSE	NA	NA	NA	NA	NA	NA
NC_045512.2	20731	T	C	27938	2892	45	1	0	40	3.57923e-05	27939	0.875013	FALSE	NA	NA	NA	NA	NA	NA
NC_045512.2	20732	G	C	27897	2890	44	3	0	34	0.000107508	27905	1	FALSE	NA	NA	NA	NA	NA	NA
NC_045512.2	20732	G	A	27897	2890	44	5	2	40	0.000179179	27905	0.226518	FALSE	NA	NA	NA	NA	NA	NA
NC_045512.2	20733	T	C	27963	3024	45	2	0	32	7.1518e-05	27965	1	FALSE	NA	NA	NA	NA	NA	NA
NC_045512.2	20734	G	C	27943	3042	46	1	0	24	3.57859e-05	27944	1	FALSE	NA	NA	NA	NA	NA	NA
NC_045512.2	20735	A	G	27766	3049	45	1	0	24	3.6014e-05	27767	1	FALSE	NA	NA	NA	NA	NA	NA
NC_045512.2	20736	C	T	25558	3088	40	1	0	80	3.89909e-05	25647	0.49915	FALSE	NA	NA	NA	NA	NA	NA
NC_045512.2	20736	C	G	25558	3088	40	1	0	40	3.89909e-05	25647	0.874369	FALSE	NA	NA	NA	NA	NA	NA
NC_045512.2	20736	C	A	25558	3088	40	87	0	24	0.00339221	25647	1	FALSE	NA	NA	NA	NA	NA	NA
NC_045512.2	20737	C	A	28043	3066	44	1	0	40	3.56583e-05	28044	0.875013	FALSE	NA	NA	NA	NA	NA	NA
NC_045512.2	20737	C	-T	28043	3066	44	2	0	20	7.13165e-05	28044	1	FALSE	NA	NA	NA	NA	NA	NA
NC_045512.2	20738	T	G	28298	3187	46	1	0	40	3.5327e-05	28307	0.874947	FALSE	NA	NA	NA	NA	NA	NA
NC_045512.2	20738	T	C	28298	3187	46	6	0	32	0.000211962	28307	0.999981	FALSE	NA	NA	NA	NA	NA	NA
NC_045512.2	20738	T	A	28298	3187	46	2	0	40	7.06539e-05	28307	0.687401	FALSE	NA	NA	NA	NA	NA	NA
NC_045512.2	20739	T	C	28409	3255	46	5	1	27	0.00017597	28414	1	FALSE	NA	NA	NA	NA	NA	NA
NC_045512.2	20740	C	T	28025	3283	45	1	0	80	3.56684e-05	28036	0.49992	FALSE	NA	NA	NA	NA	NA	NA
NC_045512.2	20740	C	A	28025	3283	45	10	0	25	0.000356684	28036	1	FALSE	NA	NA	NA	NA	NA	NA
NC_045512.2	20741	A	G	28255	3298	46	1	0	40	3.53895e-05	28257	0.875007	FALSE	NA	NA	NA	NA	NA	NA
NC_045512.2	20741	A	C	28255	3298	46	1	0	24	3.53895e-05	28257	1	FALSE	NA	NA	NA	NA	NA	NA
NC_045512.2	20742	A	G	29242	3363	46	1	0	40	3.41915e-05	29247	0.874987	FALSE	NA	NA	NA	NA	NA	NA
NC_045512.2	20742	A	C	29242	3363	46	4	0	24	0.000136766	29247	1	FALSE	NA	NA	NA	NA	NA	NA
NC_045512.2	20743	A	G	29305	3361	46	1	0	40	3.41157e-05	29312	0.874974	FALSE	NA	NA	NA	NA	NA	NA
NC_045512.2	20743	A	C	29305	3361	46	6	0	24	0.000204694	29312	1	FALSE	NA	NA	NA	NA	NA	NA
NC_045512.2	20744	A	C	29572	3373	46	1	0	40	3.38146e-05	29573	0.875013	FALSE	NA	NA	NA	NA	NA	NA
NC_045512.2	20745	T	C	29733	3371	46	4	1	42	0.000134508	29738	0.343742	FALSE	NA	NA	NA	NA	NA	NA
NC_045512.2	20745	T	A	29733	3371	46	1	0	24	3.3627e-05	29738	1	FALSE	NA	NA	NA	NA	NA	NA
NC_045512.2	20746	T	C	29904	3544	46	1	0	24	3.34392e-05	29905	1	FALSE	NA	NA	NA	NA	NA	NA
NC_045512.2	20747	A	G	29690	3574	46	3	1	48	0.000101007	29701	0.49989	FALSE	NA	NA	NA	NA	NA	NA
NC_045512.2	20747	A	C	29690	3574	46	8	0	26	0.000269351	29701	1	FALSE	NA	NA	NA	NA	NA	NA
NC_045512.2	20748	T	C	30019	3581	46	3	0	24	9.99267e-05	30022	1	FALSE	NA	NA	NA	NA	NA	NA
NC_045512.2	20749	G	A	30046	3589	46	1	0	80	3.32812e-05	30047	0.500008	FALSE	NA	NA	NA	NA	NA	NA
NC_045512.2	20750	G	T	29936	3057	43	28	28	28	0.000934392	29966	1	FALSE	NA	NA	NA	NA	NA	NA
NC_045512.2	20750	G	A	29936	3057	43	2	1	60	6.67423e-05	29966	0.249771	FALSE	NA	NA	NA	NA	NA	NA
NC_045512.2	20752	G	T	30302	3754	47	1	0	40	3.3e-05	30303	0.93751	FALSE	NA	NA	NA	NA	NA	NA
NC_045512.2	20753	A	G	30187	3818	47	2	1	32	6.62449e-05	30191	1	FALSE	NA	NA	NA	NA	NA	NA
NC_045512.2	20753	A	C	30187	3818	47	2	0	24	6.62449e-05	30191	1	FALSE	NA	NA	NA	NA	NA	NA
NC_045512.2	20754	T	C	30609	3814	47	1	0	40	3.2668e-05	30611	0.937506	FALSE	NA	NA	NA	NA	NA	NA
NC_045512.2	20754	T	A	30609	3814	47	1	0	40	3.2668e-05	30611	0.937506	FALSE	NA	NA	NA	NA	NA	NA
NC_045512.2	20755	A	G	30399	3825	47	1	0	40	3.28818e-05	30412	0.937461	FALSE	NA	NA	NA	NA	NA	NA
NC_045512.2	20755	A	C	30399	3825	47	12	0	28	0.000394581	30412	1	FALSE	NA	NA	NA	NA	NA	NA
NC_045512.2	20757	T	G	32312	4423	48	1	1	32	3.09454e-05	32315	1	FALSE	NA	NA	NA	NA	NA	NA
NC_045512.2	20757	T	C	32312	4423	48	2	0	40	6.18908e-05	32315	0.81251	FALSE	NA	NA	NA	NA	NA	NA
NC_045512.2	20758	G	C	32280	4452	48	2	0	32	6.19483e-05	32285	1	FALSE	NA	NA	NA	NA	NA	NA
NC_045512.2	20758	G	A	32280	4452	48	3	0	34	9.29224e-05	32285	1	FALSE	NA	NA	NA	NA	NA	NA
NC_045512.2	20759	C	T	32402	4653	48	3	0	34	9.25726e-05	32407	1	FALSE	NA	NA	NA	NA	NA	NA
NC_045512.2	20759	C	G	32402	4653	48	1	0	24	3.08575e-05	32407	1	FALSE	NA	NA	NA	NA	NA	NA
NC_045512.2	20759	C	A	32402	4653	48	1	0	80	3.08575e-05	32407	0.499977	FALSE	NA	NA	NA	NA	NA	NA
NC_045512.2	20760	A	C	31966	4663	47	6	0	24	0.000187664	31972	1	FALSE	NA	NA	NA	NA	NA	NA
NC_045512.2	20761	A	G	33799	4800	48	2	1	40	5.91558e-05	33809	0.812445	FALSE	NA	NA	NA	NA	NA	NA
NC_045512.2	20761	A	C	33799	4800	48	8	0	30	0.000236623	33809	0.999987	FALSE	NA	NA	NA	NA	NA	NA
NC_045512.2	20762	C	T	34037	4797	48	1	0	80	2.93772e-05	34040	0.499993	FALSE	NA	NA	NA	NA	NA	NA
NC_045512.2	20762	C	A	34037	4797	48	2	1	28	5.87544e-05	34040	1	FALSE	NA	NA	NA	NA	NA	NA
NC_045512.2	20763	A	G	33929	4813	48	1	1	64	2.94698e-05	33933	0.499985	FALSE	NA	NA	NA	NA	NA	NA
NC_045512.2	20763	A	C	33929	4813	48	3	0	24	8.84095e-05	33933	1	FALSE	NA	NA	NA	NA	NA	NA
NC_045512.2	20765	T	G	34089	4795	48	1	1	32	2.93307e-05	34094	1	FALSE	NA	NA	NA	NA	NA	NA
NC_045512.2	20765	T	C	34089	4795	48	4	0	46	0.000117323	34094	0.5	FALSE	NA	NA	NA	NA	NA	NA
NC_045512.2	20766	A	G	35107	4916	48	2	0	40	5.69509e-05	35118	0.812438	FALSE	NA	NA	NA	NA	NA	NA
NC_045512.2	20766	A	C	35107	4916	48	9	0	27	0.000256279	35118	1	FALSE	NA	NA	NA	NA	NA	NA
NC_045512.2	20767	C	T	30591	5750	41	1	0	40	3.24823e-05	30786	0.936716	FALSE	NA	NA	NA	NA	NA	NA
NC_045512.2	20767	C	A	30591	5750	41	194	1	26	0.00630157	30786	1	FALSE	NA	NA	NA	NA	NA	NA
NC_045512.2	20768	C	A	35578	5574	49	1	0	24	2.81065e-05	35579	1	FALSE	NA	NA	NA	NA	NA	NA
NC_045512.2	20769	T	G	35478	5478	48	8	7	32	0.000225403	35492	0.999996	FALSE	NA	NA	NA	NA	NA	NA
NC_045512.2	20769	T	C	35478	5478	48	6	0	32	0.000169052	35492	1	FALSE	NA	NA	NA	NA	NA	NA
NC_045512.2	20770	A	C	35124	5608	49	16	0	25	0.000455322	35140	1	FALSE	NA	NA	NA	NA	NA	NA
NC_045512.2	20771	A	G	35457	5605	49	1	0	64	2.81992e-05	35462	0.499979	FALSE	NA	NA	NA	NA	NA	NA
NC_045512.2	20771	A	C	35457	5605	49	4	0	32	0.000112797	35462	1	FALSE	NA	NA	NA	NA	NA	NA
NC_045512.2	20772	A	G	35543	5594	49	4	0	32	0.000112524	35548	1	FALSE	NA	NA	NA	NA	NA	NA
NC_045512.2	20772	A	C	35543	5594	49	1	0	24	2.8131e-05	35548	1	FALSE	NA	NA	NA	NA	NA	NA
NC_045512.2	20773	G	C	35876	5603	49	1	0	40	2.7873e-05	35877	0.937509	FALSE	NA	NA	NA	NA	NA	NA
NC_045512.2	20774	G	T	36668	5783	50	1	0	24	2.72688e-05	36672	1	FALSE	NA	NA	NA	NA	NA	NA
NC_045512.2	20774	G	C	36668	5783	50	2	0	40	5.45375e-05	36672	0.8125	FALSE	NA	NA	NA	NA	NA	NA
NC_045512.2	20774	G	A	36668	5783	50	1	0	24	2.72688e-05	36672	1	FALSE	NA	NA	NA	NA	NA	NA
NC_045512.2	20775	C	T	36767	5813	50	2	1	60	5.43892e-05	36772	0.249983	FALSE	NA	NA	NA	NA	NA	NA
NC_045512.2	20775	C	G	36767	5813	50	2	2	32	5.43892e-05	36772	1	FALSE	NA	NA	NA	NA	NA	NA
NC_045512.2	20775	C	A	36767	5813	50	1	0	24	2.71946e-05	36772	1	FALSE	NA	NA	NA	NA	NA	NA
NC_045512.2	20776	A	T	36510	5827	49	1	1	80	2.73838e-05	36518	0.499959	FALSE	NA	NA	NA	NA	NA	NA
NC_045512.2	20776	A	C	36510	5827	49	7	0	26	0.000191686	36518	1	FALSE	NA	NA	NA	NA	NA	NA
NC_045512.2	20777	T	G	36767	6065	50	3	2	26	8.15772e-05	36775	1	FALSE	NA	NA	NA	NA	NA	NA
NC_045512.2	20777	T	C	36767	6065	50	5	0	52	0.000135962	36775	0.0312415	FALSE	NA	NA	NA	NA	NA	NA
NC_045512.2	20778	A	G	36648	6239	51	5	1	52	0.000136411	36654	0.0312457	FALSE	NA	NA	NA	NA	NA	NA
NC_045512.2	20778	A	C	36648	6239	51	1	0	24	2.72822e-05	36654	1	FALSE	NA	NA	NA	NA	NA	NA
NC_045512.2	20779	A	G	37138	6281	50	3	0	29	8.0758e-05	37148	1	FALSE	NA	NA	NA	NA	NA	NA
NC_045512.2	20779	A	C	37138	6281	50	7	0	28	0.000188435	37148	1	FALSE	NA	NA	NA	NA	NA	NA
NC_045512.2	20780	T	G	37244	6265	50	1	0	40	2.68485e-05	37246	0.937505	FALSE	NA	NA	NA	NA	NA	NA
NC_045512.2	20780	T	C	37244	6265	50	1	0	24	2.68485e-05	37246	1	FALSE	NA	NA	NA	NA	NA	NA
NC_045512.2	20781	G	C	37517	6335	51	1	0	40	2.66532e-05	37519	0.937505	FALSE	NA	NA	NA	NA	NA	NA
NC_045512.2	20781	G	A	37517	6335	51	1	0	40	2.66532e-05	37519	0.937505	FALSE	NA	NA	NA	NA	NA	NA
NC_045512.2	20782	A	T	37332	6296	50	1	0	40	2.67809e-05	37340	0.937485	FALSE	NA	NA	NA	NA	NA	NA
NC_045512.2	20782	A	G	37332	6296	50	4	0	43	0.000107124	37340	0.499956	FALSE	NA	NA	NA	NA	NA	NA
NC_045512.2	20782	A	C	37332	6296	50	3	0	26	8.03428e-05	37340	1	FALSE	NA	NA	NA	NA	NA	NA
NC_045512.2	20783	T	G	37221	6595	51	2	2	28	5.37259e-05	37226	1	FALSE	NA	NA	NA	NA	NA	NA
NC_045512.2	20783	T	C	37221	6595	51	3	1	61	8.05888e-05	37226	0.12499	FALSE	NA	NA	NA	NA	NA	NA
NC_045512.2	20784	G	T	37263	6751	51	1	0	32	2.68341e-05	37266	1	FALSE	NA	NA	NA	NA	NA	NA
NC_045512.2	20784	G	A	37263	6751	51	2	1	60	5.36682e-05	37266	0.249997	FALSE	NA	NA	NA	NA	NA	NA
NC_045512.2	20785	A	G	37137	6786	52	4	1	50	0.00010768	37147	0.0624781	FALSE	NA	NA	NA	NA	NA	NA
NC_045512.2	20785	A	C	37137	6786	52	6	0	34	0.00016152	37147	1	FALSE	NA	NA	NA	NA	NA	NA
NC_045512.2	20786	A	G	37170	6776	52	3	0	40	8.06972e-05	37176	0.656231	FALSE	NA	NA	NA	NA	NA	NA
NC_045512.2	20786	A	C	37170	6776	52	3	0	24	8.06972e-05	37176	1	FALSE	NA	NA	NA	NA	NA	NA
NC_045512.2	20787	T	G	37253	6757	52	2	1	28	5.36826e-05	37256	1	FALSE	NA	NA	NA	NA	NA	NA
NC_045512.2	20787	T	C	37253	6757	52	1	0	80	2.68413e-05	37256	0.499993	FALSE	NA	NA	NA	NA	NA	NA
NC_045512.2	20788	G	A	37136	6706	52	3	1	48	8.07776e-05	37139	0.656269	FALSE	NA	NA	NA	NA	NA	NA
NC_045512.2	20789	T	G	37272	7174	53	2	1	36	5.36466e-05	37281	1	FALSE	NA	NA	NA	NA	NA	NA
NC_045512.2	20789	T	C	37272	7174	53	6	4	45	0.00016094	37281	0.253867	FALSE	NA	NA	NA	NA	NA	NA
NC_045512.2	20789	T	A	37272	7174	53	1	0	40	2.68233e-05	37281	0.937482	FALSE	NA	NA	NA	NA	NA	NA
NC_045512.2	20790	C	T	36925	7306	53	3	1	48	8.12194e-05	36937	0.656155	FALSE	NA	NA	NA	NA	NA	NA
NC_045512.2	20790	C	G	36925	7306	53	1	0	32	2.70731e-05	36937	1	FALSE	NA	NA	NA	NA	NA	NA
NC_045512.2	20790	C	A	36925	7306	53	8	1	27	0.000216585	36937	1	FALSE	NA	NA	NA	NA	NA	NA
NC_045512.2	20791	G	A	37112	7324	53	10	2	52	0.000269382	37122	0.000976102	TRUE	NA	NA	NA	NA	NA	NA
NC_045512.2	20792	C	T	36646	7402	52	2	0	32	5.45509e-05	36663	1	FALSE	NA	NA	NA	NA	NA	NA
NC_045512.2	20792	C	G	36646	7402	52	1	0	24	2.72755e-05	36663	1	FALSE	NA	NA	NA	NA	NA	NA
NC_045512.2	20792	C	A	36646	7402	52	14	0	30	0.000381856	36663	0.999533	FALSE	NA	NA	NA	NA	NA	NA
NC_045512.2	20792	C	-A	36646	7402	52	1	0	20	2.72755e-05	36663	1	FALSE	NA	NA	NA	NA	NA	NA
NC_045512.2	20792	C	+A	36646	7402	52	1	0	20	2.72755e-05	36663	1	FALSE	NA	NA	NA	NA	NA	NA
NC_045512.2	20793	A	G	36910	7428	53	2	1	72	5.41697e-05	36921	0.249936	FALSE	NA	NA	NA	NA	NA	NA
NC_045512.2	20793	A	C	36910	7428	53	9	1	26	0.000243764	36921	1	FALSE	NA	NA	NA	NA	NA	NA
NC_045512.2	20794	A	G	37224	7461	53	3	2	61	8.05845e-05	37228	0.124995	FALSE	NA	NA	NA	NA	NA	NA
NC_045512.2	20794	A	C	37224	7461	53	1	0	40	2.68615e-05	37228	0.937498	FALSE	NA	NA	NA	NA	NA	NA
NC_045512.2	20795	A	C	37322	7476	53	6	0	32	0.000160737	37328	1	FALSE	NA	NA	NA	NA	NA	NA
NC_045512.2	20796	A	G	37489	7604	53	5	1	41	0.000133348	37496	0.363259	FALSE	NA	NA	NA	NA	NA	NA
NC_045512.2	20796	A	C	37489	7604	53	2	0	24	5.3339e-05	37496	1	FALSE	NA	NA	NA	NA	NA	NA
NC_045512.2	20797	T	G	37593	7562	53	2	2	28	5.31957e-05	37597	1	FALSE	NA	NA	NA	NA	NA	NA
NC_045512.2	20797	T	C	37593	7562	53	2	0	24	5.31957e-05	37597	1	FALSE	NA	NA	NA	NA	NA	NA
NC_045512.2	20798	A	G	38600	7716	53	2	0	32	5.18027e-05	38608	1	FALSE	NA	NA	NA	NA	NA	NA
NC_045512.2	20798	A	C	38600	7716	53	6	0	24	0.000155408	38608	1	FALSE	NA	NA	NA	NA	NA	NA
NC_045512.2	20799	T	G	38791	7682	53	1	0	40	2.57759e-05	38796	0.937495	FALSE	NA	NA	NA	NA	NA	NA
NC_045512.2	20799	T	C	38791	7682	53	4	0	56	0.000103103	38796	0.0624952	FALSE	NA	NA	NA	NA	NA	NA
NC_045512.2	20800	A	G	38765	7732	53	3	2	46	7.73654e-05	38777	0.656159	FALSE	NA	NA	NA	NA	NA	NA
NC_045512.2	20800	A	C	38765	7732	53	9	0	29	0.000232096	38777	1	FALSE	NA	NA	NA	NA	NA	NA
NC_045512.2	20801	C	T	39082	7816	54	1	0	80	2.55866e-05	39083	0.500006	FALSE	NA	NA	NA	NA	NA	NA
NC_045512.2	20802	T	G	39015	7783	53	1	1	24	2.56285e-05	39019	1	FALSE	NA	NA	NA	NA	NA	NA
NC_045512.2	20802	T	C	39015	7783	53	3	0	34	7.68856e-05	39019	1	FALSE	NA	NA	NA	NA	NA	NA
NC_045512.2	20803	C	T	39250	7812	54	2	0	52	5.09528e-05	39252	0.250003	FALSE	NA	NA	NA	NA	NA	NA
NC_045512.2	20804	A	G	38835	7801	53	3	0	53	7.72161e-05	38852	0.124932	FALSE	NA	NA	NA	NA	NA	NA
NC_045512.2	20804	A	C	38835	7801	53	14	0	25	0.000360342	38852	1	FALSE	NA	NA	NA	NA	NA	NA
NC_045512.2	20805	A	G	38805	7770	52	2	0	32	5.15305e-05	38812	1	FALSE	NA	NA	NA	NA	NA	NA
NC_045512.2	20805	A	C	38805	7770	52	5	1	30	0.000128826	38812	1	FALSE	NA	NA	NA	NA	NA	NA
NC_045512.2	20806	C	T	37325	8722	53	1	0	80	2.67845e-05	37335	0.499946	FALSE	NA	NA	NA	NA	NA	NA
NC_045512.2	20806	C	A	37325	8722	53	9	0	24	0.000241061	37335	1	FALSE	NA	NA	NA	NA	NA	NA
NC_045512.2	20807	T	G	37202	8437	53	1	0	24	2.68781e-05	37205	1	FALSE	NA	NA	NA	NA	NA	NA
NC_045512.2	20807	T	C	37202	8437	53	2	0	60	5.37562e-05	37205	0.249997	FALSE	NA	NA	NA	NA	NA	NA
NC_045512.2	20808	G	T	37404	8437	53	1	1	24	2.67344e-05	37405	1	FALSE	NA	NA	NA	NA	NA	NA
NC_045512.2	20809	T	G	37427	8416	53	1	1	40	2.67151e-05	37432	0.937495	FALSE	NA	NA	NA	NA	NA	NA
NC_045512.2	20809	T	C	37427	8416	53	4	0	32	0.00010686	37432	1	FALSE	NA	NA	NA	NA	NA	NA
NC_045512.2	20810	G	T	37369	8361	53	3	3	24	8.02719e-05	37373	1	FALSE	NA	NA	NA	NA	NA	NA
NC_045512.2	20810	G	A	37369	8361	53	1	0	24	2.67573e-05	37373	1	FALSE	NA	NA	NA	NA	NA	NA
NC_045512.2	20811	T	G	36797	8867	53	1	0	24	2.71739e-05	36800	1	FALSE	NA	NA	NA	NA	NA	NA
NC_045512.2	20811	T	C	36797	8867	53	2	0	36	5.43478e-05	36800	1	FALSE	NA	NA	NA	NA	NA	NA
NC_045512.2	20812	C	T	35187	9483	51	1	0	64	2.84091e-05	35200	0.499922	FALSE	NA	NA	NA	NA	NA	NA
NC_045512.2	20812	C	A	35187	9483	51	12	0	32	0.000340909	35200	0.999828	FALSE	NA	NA	NA	NA	NA	NA
NC_045512.2	20813	A	G	35342	9519	52	3	0	33	8.48776e-05	35345	1	FALSE	NA	NA	NA	NA	NA	NA
NC_045512.2	20814	A	G	35428	9981	52	4	2	38	0.000112873	35438	1	FALSE	NA	NA	NA	NA	NA	NA
NC_045512.2	20814	A	C	35428	9981	52	6	0	25	0.00016931	35438	1	FALSE	NA	NA	NA	NA	NA	NA
NC_045512.2	20815	T	G	35763	9946	52	1	1	24	2.79595e-05	35766	1	FALSE	NA	NA	NA	NA	NA	NA
NC_045512.2	20815	T	C	35763	9946	52	2	2	32	5.5919e-05	35766	1	FALSE	NA	NA	NA	NA	NA	NA
NC_045512.2	20816	A	G	35756	10070	52	1	0	40	2.79603e-05	35765	0.937481	FALSE	NA	NA	NA	NA	NA	NA
NC_045512.2	20816	A	C	35756	10070	52	8	0	27	0.000223682	35765	1	FALSE	NA	NA	NA	NA	NA	NA
NC_045512.2	20817	T	G	35817	9988	52	1	1	24	2.79174e-05	35820	1	FALSE	NA	NA	NA	NA	NA	NA
NC_045512.2	20817	T	C	35817	9988	52	2	0	32	5.58347e-05	35820	1	FALSE	NA	NA	NA	NA	NA	NA
NC_045512.2	20818	T	G	35658	10098	52	1	1	24	2.80411e-05	35662	1	FALSE	NA	NA	NA	NA	NA	NA
NC_045512.2	20818	T	C	35658	10098	52	2	0	40	5.60821e-05	35662	0.8125	FALSE	NA	NA	NA	NA	NA	NA
NC_045512.2	20818	T	A	35658	10098	52	1	1	40	2.80411e-05	35662	0.937498	FALSE	NA	NA	NA	NA	NA	NA
NC_045512.2	20819	T	G	35393	9944	51	8	8	28	0.000225982	35401	1	FALSE	NA	NA	NA	NA	NA	NA
NC_045512.2	20819	T	-A	35393	9944	51	1	0	20	2.82478e-05	35401	1	FALSE	NA	NA	NA	NA	NA	NA
NC_045512.2	20820	A	T	35050	10387	51	5	1	33	0.00014258	35068	1	FALSE	NA	NA	NA	NA	NA	NA
NC_045512.2	20820	A	G	35050	10387	51	2	1	40	5.70321e-05	35068	0.812366	FALSE	NA	NA	NA	NA	NA	NA
NC_045512.2	20820	A	C	35050	10387	51	11	0	24	0.000313676	35068	1	FALSE	NA	NA	NA	NA	NA	NA
NC_045512.2	20821	A	G	35249	10421	52	3	0	53	8.50895e-05	35257	0.124973	FALSE	NA	NA	NA	NA	NA	NA
NC_045512.2	20821	A	C	35249	10421	52	5	0	24	0.000141816	35257	1	FALSE	NA	NA	NA	NA	NA	NA
NC_045512.2	20822	A	G	35097	10848	52	2	1	58	5.69768e-05	35102	0.249982	FALSE	NA	NA	NA	NA	NA	NA
NC_045512.2	20822	A	C	35097	10848	52	3	2	34	8.54652e-05	35102	1	FALSE	NA	NA	NA	NA	NA	NA
NC_045512.2	20823	C	T	35159	10984	52	2	0	40	5.6878e-05	35163	0.8125	FALSE	NA	NA	NA	NA	NA	NA
NC_045512.2	20823	C	G	35159	10984	52	1	0	40	2.8439e-05	35163	0.937498	FALSE	NA	NA	NA	NA	NA	NA
NC_045512.2	20823	C	A	35159	10984	52	1	0	24	2.8439e-05	35163	1	FALSE	NA	NA	NA	NA	NA	NA
NC_045512.2	20824	A	G	34860	10885	52	2	0	40	5.73575e-05	34869	0.812455	FALSE	NA	NA	NA	NA	NA	NA
NC_045512.2	20824	A	C	34860	10885	52	7	0	26	0.000200751	34869	1	FALSE	NA	NA	NA	NA	NA	NA
NC_045512.2	20824	A	+G	34860	10885	52	1	0	20	2.86788e-05	34869	1	FALSE	NA	NA	NA	NA	NA	NA
NC_045512.2	20825	C	G	35673	11058	52	2	1	36	5.60601e-05	35676	1	FALSE	NA	NA	NA	NA	NA	NA
NC_045512.2	20825	C	A	35673	11058	52	1	0	32	2.803e-05	35676	1	FALSE	NA	NA	NA	NA	NA	NA
NC_045512.2	20826	A	C	35528	11102	52	4	0	24	0.000112575	35532	1	FALSE	NA	NA	NA	NA	NA	NA
NC_045512.2	20827	T	G	35371	11186	51	4	4	28	0.000113058	35380	1	FALSE	NA	NA	NA	NA	NA	NA
NC_045512.2	20827	T	C	35371	11186	51	5	1	35	0.000141323	35380	1	FALSE	NA	NA	NA	NA	NA	NA
NC_045512.2	20828	T	G	35484	11427	52	7	7	29	0.000197205	35496	1	FALSE	NA	NA	NA	NA	NA	NA
NC_045512.2	20828	T	C	35484	11427	52	5	2	48	0.000140861	35496	0.363181	FALSE	NA	NA	NA	NA	NA	NA
NC_045512.2	20829	A	G	35878	11711	52	5	3	51	0.000139334	35885	0.0312435	FALSE	NA	NA	NA	NA	NA	NA
NC_045512.2	20829	A	C	35878	11711	52	2	0	24	5.57336e-05	35885	1	FALSE	NA	NA	NA	NA	NA	NA
NC_045512.2	20830	A	G	35447	12123	52	6	1	50	0.000169214	35458	0.0156164	FALSE	NA	NA	NA	NA	NA	NA
NC_045512.2	20830	A	C	35447	12123	52	5	0	27	0.000141012	35458	1	FALSE	NA	NA	NA	NA	NA	NA
NC_045512.2	20831	C	T	34770	12639	50	1	0	36	2.87538e-05	34778	1	FALSE	NA	NA	NA	NA	NA	NA
NC_045512.2	20831	C	A	34770	12639	50	7	0	26	0.000201277	34778	1	FALSE	NA	NA	NA	NA	NA	NA
NC_045512.2	20832	A	G	34716	12690	50	2	1	52	5.76037e-05	34720	0.249989	FALSE	NA	NA	NA	NA	NA	NA
NC_045512.2	20832	A	C	34716	12690	50	2	0	24	5.76037e-05	34720	1	FALSE	NA	NA	NA	NA	NA	NA
NC_045512.2	20832	A	-T	34716	12690	50	1	0	20	2.88018e-05	34720	1	FALSE	NA	NA	NA	NA	NA	NA
NC_045512.2	20833	T	G	34797	12721	51	1	1	24	2.87365e-05	34799	1	FALSE	NA	NA	NA	NA	NA	NA
NC_045512.2	20833	T	C	34797	12721	51	1	0	40	2.87365e-05	34799	0.937502	FALSE	NA	NA	NA	NA	NA	NA
NC_045512.2	20834	T	G	34604	12318	50	5	4	30	0.000144438	34617	1	FALSE	NA	NA	NA	NA	NA	NA
NC_045512.2	20834	T	C	34604	12318	50	7	4	45	0.000202213	34617	0.171798	FALSE	NA	NA	NA	NA	NA	NA
NC_045512.2	20834	T	A	34604	12318	50	1	0	40	2.88875e-05	34617	0.937466	FALSE	NA	NA	NA	NA	NA	NA
NC_045512.2	20835	A	G	34403	12666	50	5	1	56	0.00014529	34414	0.0312341	FALSE	NA	NA	NA	NA	NA	NA
NC_045512.2	20835	A	C	34403	12666	50	6	1	25	0.000174348	34414	1	FALSE	NA	NA	NA	NA	NA	NA
NC_045512.2	20836	G	C	34568	12858	50	2	0	40	5.7852e-05	34571	0.812509	FALSE	NA	NA	NA	NA	NA	NA
NC_045512.2	20836	G	A	34568	12858	50	1	1	24	2.8926e-05	34571	1	FALSE	NA	NA	NA	NA	NA	NA
NC_045512.2	20837	C	T	33148	13693	49	2	1	24	6.03245e-05	33154	1	FALSE	NA	NA	NA	NA	NA	NA
NC_045512.2	20837	C	G	33148	13693	49	2	2	32	6.03245e-05	33154	1	FALSE	NA	NA	NA	NA	NA	NA
NC_045512.2	20837	C	A	33148	13693	49	2	1	36	6.03245e-05	33154	1	FALSE	NA	NA	NA	NA	NA	NA
NC_045512.2	20838	T	G	32886	13502	48	12	11	31	0.000364719	32902	0.999372	FALSE	NA	NA	NA	NA	NA	NA
NC_045512.2	20838	T	C	32886	13502	48	4	0	32	0.000121573	32902	1	FALSE	NA	NA	NA	NA	NA	NA
NC_045512.2	20839	G	C	33307	13784	49	2	2	60	6.00438e-05	33309	0.250004	FALSE	NA	NA	NA	NA	NA	NA
NC_045512.2	20840	T	G	32744	13280	48	12	11	24	0.000366289	32761	1	FALSE	NA	NA	NA	NA	NA	NA
NC_045512.2	20840	T	C	32744	13280	48	5	3	48	0.00015262	32761	0.363089	FALSE	NA	NA	NA	NA	NA	NA
NC_045512.2	20841	A	G	33269	13784	49	4	2	46	0.000120203	33277	0.499951	FALSE	NA	NA	NA	NA	NA	NA
NC_045512.2	20841	A	C	33269	13784	49	4	0	24	0.000120203	33277	1	FALSE	NA	NA	NA	NA	NA	NA
NC_045512.2	20842	C	T	31970	14511	47	1	0	80	3.12754e-05	31974	0.499984	FALSE	NA	NA	NA	NA	NA	NA
NC_045512.2	20842	C	A	31970	14511	47	3	0	24	9.38262e-05	31974	1	FALSE	NA	NA	NA	NA	NA	NA
NC_045512.2	20843	C	A	31899	14367	48	2	0	24	6.2694e-05	31901	1	FALSE	NA	NA	NA	NA	NA	NA
NC_045512.2	20844	C	T	32138	14633	48	1	1	80	3.11139e-05	32140	0.5	FALSE	NA	NA	NA	NA	NA	NA
NC_045512.2	20844	C	G	32138	14633	48	1	0	40	3.11139e-05	32140	0.937506	FALSE	NA	NA	NA	NA	NA	NA
NC_045512.2	20845	T	G	31800	14252	48	2	2	32	6.28792e-05	31807	1	FALSE	NA	NA	NA	NA	NA	NA
NC_045512.2	20845	T	C	31800	14252	48	5	1	36	0.000157198	31807	0.999999	FALSE	NA	NA	NA	NA	NA	NA
NC_045512.2	20846	A	G	31992	14451	48	2	0	32	6.2502e-05	31999	1	FALSE	NA	NA	NA	NA	NA	NA
NC_045512.2	20846	A	C	31992	14451	48	5	0	24	0.000156255	31999	1	FALSE	NA	NA	NA	NA	NA	NA
NC_045512.2	20847	T	G	32051	14342	48	2	2	24	6.23889e-05	32057	1	FALSE	NA	NA	NA	NA	NA	NA
NC_045512.2	20847	T	C	32051	14342	48	4	2	39	0.000124778	32057	1	FALSE	NA	NA	NA	NA	NA	NA
NC_045512.2	20848	A	G	31629	14476	47	2	2	32	6.32111e-05	31640	1	FALSE	NA	NA	NA	NA	NA	NA
NC_045512.2	20848	A	C	31629	14476	47	9	0	27	0.00028445	31640	1	FALSE	NA	NA	NA	NA	NA	NA
NC_045512.2	20849	A	G	31992	14497	47	1	0	80	3.12539e-05	31996	0.499984	FALSE	NA	NA	NA	NA	NA	NA
NC_045512.2	20849	A	C	31992	14497	47	3	0	24	9.37617e-05	31996	1	FALSE	NA	NA	NA	NA	NA	NA
NC_045512.2	20850	T	G	31933	14337	47	1	0	40	3.13077e-05	31941	0.937482	FALSE	NA	NA	NA	NA	NA	NA
NC_045512.2	20850	T	C	31933	14337	47	7	4	38	0.000219154	31941	0.999988	FALSE	NA	NA	NA	NA	NA	NA
NC_045512.2	20851	A	G	31729	14237	47	3	1	66	9.45329e-05	31735	0.124982	FALSE	NA	NA	NA	NA	NA	NA
NC_045512.2	20851	A	C	31729	14237	47	3	0	29	9.45329e-05	31735	1	FALSE	NA	NA	NA	NA	NA	NA
NC_045512.2	20852	T	G	31719	14160	47	3	3	29	9.45626e-05	31725	1	FALSE	NA	NA	NA	NA	NA	NA
NC_045512.2	20852	T	C	31719	14160	47	3	1	40	9.45626e-05	31725	0.656228	FALSE	NA	NA	NA	NA	NA	NA
NC_045512.2	20853	G	T	31348	13855	47	15	15	25	0.00047824	31365	1	FALSE	NA	NA	NA	NA	NA	NA
NC_045512.2	20853	G	A	31348	13855	47	2	1	80	6.37653e-05	31365	0.249884	FALSE	NA	NA	NA	NA	NA	NA
NC_045512.2	20854	A	G	31411	14016	47	4	1	34	0.000127324	31416	1	FALSE	NA	NA	NA	NA	NA	NA
NC_045512.2	20854	A	C	31411	14016	47	1	0	40	3.18309e-05	31416	0.937494	FALSE	NA	NA	NA	NA	NA	NA
NC_045512.2	20855	G	T	30903	13055	45	26	25	26	0.000840635	30929	1	FALSE	NA	NA	NA	NA	NA	NA
NC_045512.2	20856	A	G	31764	14169	47	5	2	36	0.000157371	31772	0.999999	FALSE	NA	NA	NA	NA	NA	NA
NC_045512.2	20856	A	C	31764	14169	47	3	0	24	9.44228e-05	31772	1	FALSE	NA	NA	NA	NA	NA	NA
NC_045512.2	20857	G	T	28856	10728	42	10	10	24	0.000346332	28874	1	FALSE	NA	NA	NA	NA	NA	NA
NC_045512.2	20857	G	C	28856	10728	42	1	0	24	3.46332e-05	28874	1	FALSE	NA	NA	NA	NA	NA	NA
NC_045512.2	20857	G	A	28856	10728	42	7	3	33	0.000242433	28874	0.999942	FALSE	NA	NA	NA	NA	NA	NA
NC_045512.2	20858	T	C	32002	15291	48	4	2	66	0.000124977	32006	0.0624941	FALSE	NA	NA	NA	NA	NA	NA
NC_045512.2	20859	T	G	32080	15321	48	2	2	32	6.23305e-05	32087	1	FALSE	NA	NA	NA	NA	NA	NA
NC_045512.2	20859	T	C	32080	15321	48	5	1	40	0.000155826	32087	0.363256	FALSE	NA	NA	NA	NA	NA	NA
NC_045512.2	20860	A	G	32400	16090	49	5	3	30	0.000154283	32408	0.999999	FALSE	NA	NA	NA	NA	NA	NA
NC_045512.2	20860	A	C	32400	16090	49	3	0	24	9.25697e-05	32408	1	FALSE	NA	NA	NA	NA	NA	NA
NC_045512.2	20861	T	A	32486	16100	49	2	1	44	6.15612e-05	32488	0.812519	FALSE	NA	NA	NA	NA	NA	NA
NC_045512.2	20862	A	G	32479	16182	49	1	1	80	3.07834e-05	32485	0.499969	FALSE	NA	NA	NA	NA	NA	NA
NC_045512.2	20862	A	C	32479	16182	49	5	1	30	0.000153917	32485	0.999999	FALSE	NA	NA	NA	NA	NA	NA
NC_045512.2	20863	C	T	32658	16560	49	2	1	32	6.12351e-05	32661	1	FALSE	NA	NA	NA	NA	NA	NA
NC_045512.2	20863	C	A	32658	16560	49	1	0	24	3.06176e-05	32661	1	FALSE	NA	NA	NA	NA	NA	NA
NC_045512.2	20864	A	G	32329	16264	49	2	0	32	6.18544e-05	32334	1	FALSE	NA	NA	NA	NA	NA	NA
NC_045512.2	20864	A	C	32329	16264	49	3	0	24	9.27816e-05	32334	1	FALSE	NA	NA	NA	NA	NA	NA
NC_045512.2	20865	T	C	34255	19662	51	1	0	40	2.9192e-05	34256	0.937509	FALSE	NA	NA	NA	NA	NA	NA
NC_045512.2	20866	T	G	34013	19449	51	4	2	36	0.000117588	34017	1	FALSE	NA	NA	NA	NA	NA	NA
NC_045512.2	20867	T	G	35097	21186	52	4	4	28	0.000113937	35107	1	FALSE	NA	NA	NA	NA	NA	NA
NC_045512.2	20867	T	C	35097	21186	52	6	1	56	0.000170906	35107	0.0156177	FALSE	NA	NA	NA	NA	NA	NA
NC_045512.2	20868	T	G	35184	21361	52	2	2	24	5.68359e-05	35189	1	FALSE	NA	NA	NA	NA	NA	NA
NC_045512.2	20868	T	C	35184	21361	52	3	0	34	8.52539e-05	35189	1	FALSE	NA	NA	NA	NA	NA	NA
NC_045512.2	20868	T	-G	35184	21361	52	1	0	20	2.8418e-05	35189	1	FALSE	NA	NA	NA	NA	NA	NA
NC_045512.2	20870	G	T	35587	22222	53	3	3	29	8.4291e-05	35591	1	FALSE	NA	NA	NA	NA	NA	NA
NC_045512.2	20870	G	A	35587	22222	53	1	1	48	2.8097e-05	35591	0.937498	FALSE	NA	NA	NA	NA	NA	NA
NC_045512.2	20871	T	G	36026	23023	53	4	4	24	0.000111016	36031	1	FALSE	NA	NA	NA	NA	NA	NA
NC_045512.2	20871	T	C	36026	23023	53	1	0	24	2.77539e-05	36031	1	FALSE	NA	NA	NA	NA	NA	NA
NC_045512.2	20872	G	A	36056	23269	53	2	2	40	5.54662e-05	36058	0.812517	FALSE	NA	NA	NA	NA	NA	NA
NC_045512.2	20873	C	T	35882	23350	53	1	1	40	2.78683e-05	35883	0.937509	FALSE	NA	NA	NA	NA	NA	NA
NC_045512.2	20874	T	G	35720	23159	53	2	2	24	5.59832e-05	35725	1	FALSE	NA	NA	NA	NA	NA	NA
NC_045512.2	20874	T	C	35720	23159	53	3	2	48	8.39748e-05	35725	0.656243	FALSE	NA	NA	NA	NA	NA	NA
NC_045512.2	20874	T	-G	35720	23159	53	1	0	20	2.79916e-05	35725	1	FALSE	NA	NA	NA	NA	NA	NA
NC_045512.2	20875	G	T	35951	23299	53	1	1	24	2.78141e-05	35953	1	FALSE	NA	NA	NA	NA	NA	NA
NC_045512.2	20875	G	A	35951	23299	53	1	1	80	2.78141e-05	35953	0.499993	FALSE	NA	NA	NA	NA	NA	NA
NC_045512.2	20876	G	T	36266	23819	53	5	5	30	0.000137844	36273	1	FALSE	NA	NA	NA	NA	NA	NA
NC_045512.2	20876	G	A	36266	23819	53	2	1	40	5.51374e-05	36273	0.812474	FALSE	NA	NA	NA	NA	NA	NA
NC_045512.2	20877	T	G	37077	25117	54	5	5	24	0.000134811	37089	1	FALSE	NA	NA	NA	NA	NA	NA
NC_045512.2	20877	T	C	37077	25117	54	6	4	48	0.000161773	37089	0.253827	FALSE	NA	NA	NA	NA	NA	NA
NC_045512.2	20877	T	A	37077	25117	54	1	0	80	2.69622e-05	37089	0.499933	FALSE	NA	NA	NA	NA	NA	NA
NC_045512.2	20878	T	G	37117	25198	54	6	6	26	0.000161612	37126	1	FALSE	NA	NA	NA	NA	NA	NA
NC_045512.2	20878	T	C	37117	25198	54	3	0	61	8.08059e-05	37126	0.12497	FALSE	NA	NA	NA	NA	NA	NA
NC_045512.2	20879	C	T	37068	25683	53	1	1	80	2.69753e-05	37071	0.499993	FALSE	NA	NA	NA	NA	NA	NA
NC_045512.2	20879	C	G	37068	25683	53	2	2	40	5.39505e-05	37071	0.812508	FALSE	NA	NA	NA	NA	NA	NA
NC_045512.2	20880	T	G	37166	25843	53	3	3	29	8.07081e-05	37171	1	FALSE	NA	NA	NA	NA	NA	NA
NC_045512.2	20880	T	C	37166	25843	53	2	1	60	5.38054e-05	37171	0.249983	FALSE	NA	NA	NA	NA	NA	NA
NC_045512.2	20881	G	T	37592	26101	54	1	1	40	2.66e-05	37594	0.937505	FALSE	NA	NA	NA	NA	NA	NA
NC_045512.2	20881	G	A	37592	26101	54	1	1	80	2.66e-05	37594	0.5	FALSE	NA	NA	NA	NA	NA	NA
NC_045512.2	20882	A	G	37644	26279	54	1	0	24	2.65618e-05	37648	1	FALSE	NA	NA	NA	NA	NA	NA
NC_045512.2	20882	A	C	37644	26279	54	3	0	29	7.96855e-05	37648	1	FALSE	NA	NA	NA	NA	NA	NA
NC_045512.2	20883	T	G	37464	26031	53	10	10	30	0.00026683	37477	0.999988	FALSE	NA	NA	NA	NA	NA	NA
NC_045512.2	20883	T	C	37464	26031	53	2	0	32	5.33661e-05	37477	1	FALSE	NA	NA	NA	NA	NA	NA
NC_045512.2	20883	T	A	37464	26031	53	1	1	36	2.6683e-05	37477	1	FALSE	NA	NA	NA	NA	NA	NA
NC_045512.2	20884	A	G	37479	26179	54	1	0	40	2.66802e-05	37481	0.937505	FALSE	NA	NA	NA	NA	NA	NA
NC_045512.2	20884	A	C	37479	26179	54	1	0	24	2.66802e-05	37481	1	FALSE	NA	NA	NA	NA	NA	NA
NC_045512.2	20885	A	G	37455	26165	54	4	4	32	0.000106783	37459	1	FALSE	NA	NA	NA	NA	NA	NA
NC_045512.2	20886	A	G	37454	26166	54	5	4	36	0.000133479	37459	1	FALSE	NA	NA	NA	NA	NA	NA
NC_045512.2	20887	G	T	37208	25927	53	6	6	33	0.000161221	37216	1	FALSE	NA	NA	NA	NA	NA	NA
NC_045512.2	20887	G	A	37208	25927	53	2	2	40	5.37403e-05	37216	0.812466	FALSE	NA	NA	NA	NA	NA	NA
NC_045512.2	20888	G	T	36681	25410	51	43	43	28	0.0011709	36724	1	FALSE	NA	NA	NA	NA	NA	NA
NC_045512.2	20889	A	T	37302	26189	54	1	0	40	2.68039e-05	37308	0.937492	FALSE	NA	NA	NA	NA	NA	NA
NC_045512.2	20889	A	G	37302	26189	54	5	3	64	0.00013402	37308	0.0312458	FALSE	NA	NA	NA	NA	NA	NA
NC_045512.2	20890	G	T	36945	25830	53	7	7	26	0.000189425	36954	1	FALSE	NA	NA	NA	NA	NA	NA
NC_045512.2	20890	G	A	36945	25830	53	2	2	40	5.41213e-05	36954	0.812458	FALSE	NA	NA	NA	NA	NA	NA
NC_045512.2	20891	T	G	37217	26245	54	7	7	29	0.000188036	37227	1	FALSE	NA	NA	NA	NA	NA	NA
NC_045512.2	20891	T	C	37217	26245	54	3	3	37	8.05867e-05	37227	1	FALSE	NA	NA	NA	NA	NA	NA
NC_045512.2	20892	T	G	37615	26927	55	3	2	29	7.97427e-05	37621	1	FALSE	NA	NA	NA	NA	NA	NA
NC_045512.2	20892	T	C	37615	26927	55	3	3	53	7.97427e-05	37621	0.124985	FALSE	NA	NA	NA	NA	NA	NA
NC_045512.2	20892	T	-G	37615	26927	55	1	0	20	2.65809e-05	37621	1	FALSE	NA	NA	NA	NA	NA	NA
NC_045512.2	20893	G	C	37646	27416	54	1	1	40	2.65604e-05	37650	0.937495	FALSE	NA	NA	NA	NA	NA	NA
NC_045512.2	20893	G	A	37646	27416	54	3	3	40	7.96813e-05	37650	0.656244	FALSE	NA	NA	NA	NA	NA	NA
NC_045512.2	20895	A	G	40120	31468	55	1	1	40	2.49246e-05	40121	0.968756	FALSE	NA	NA	NA	NA	NA	NA
NC_045512.2	20896	C	T	40119	31557	55	3	3	34	7.47719e-05	40122	1	FALSE	NA	NA	NA	NA	NA	NA
NC_045512.2	20897	C	T	39712	31185	56	1	1	36	2.518e-05	39714	1	FALSE	NA	NA	NA	NA	NA	NA
NC_045512.2	20897	C	A	39712	31185	56	1	1	32	2.518e-05	39714	1	FALSE	NA	NA	NA	NA	NA	NA
NC_045512.2	20898	A	G	40105	31370	56	9	8	40	0.000224355	40115	0.133403	FALSE	NA	NA	NA	NA	NA	NA
NC_045512.2	20898	A	C	40105	31370	56	1	1	40	2.49283e-05	40115	0.968738	FALSE	NA	NA	NA	NA	NA	NA
NC_045512.2	20899	G	T	40172	31491	56	1	1	40	2.48923e-05	40173	0.968756	FALSE	NA	NA	NA	NA	NA	NA
NC_045512.2	20901	T	G	40118	31405	56	8	8	26	0.000199352	40130	1	FALSE	NA	NA	NA	NA	NA	NA
NC_045512.2	20901	T	C	40118	31405	56	4	3	46	9.96761e-05	40130	0.63663	FALSE	NA	NA	NA	NA	NA	NA
NC_045512.2	20902	A	G	39915	31337	55	3	3	29	7.51522e-05	39919	1	FALSE	NA	NA	NA	NA	NA	NA
NC_045512.2	20902	A	C	39915	31337	55	1	0	24	2.50507e-05	39919	1	FALSE	NA	NA	NA	NA	NA	NA
NC_045512.2	20903	C	T	39891	31294	56	4	4	70	0.000100261	39896	0.0624953	FALSE	NA	NA	NA	NA	NA	NA
NC_045512.2	20903	C	A	39891	31294	56	1	1	24	2.50652e-05	39896	1	FALSE	NA	NA	NA	NA	NA	NA
NC_045512.2	20904	A	G	39762	31190	56	7	7	37	0.000175994	39774	1	FALSE	NA	NA	NA	NA	NA	NA
NC_045512.2	20904	A	C	39762	31190	56	5	4	36	0.00012571	39774	1	FALSE	NA	NA	NA	NA	NA	NA
NC_045512.2	20905	G	A	39821	31370	56	2	2	52	5.02222e-05	39823	0.250003	FALSE	NA	NA	NA	NA	NA	NA
NC_045512.2	20906	C	T	39766	32116	54	1	0	80	2.51427e-05	39773	0.499969	FALSE	NA	NA	NA	NA	NA	NA
NC_045512.2	20906	C	G	39766	32116	54	5	5	33	0.000125713	39773	1	FALSE	NA	NA	NA	NA	NA	NA
NC_045512.2	20906	C	A	39766	32116	54	1	0	80	2.51427e-05	39773	0.499969	FALSE	NA	NA	NA	NA	NA	NA
NC_045512.2	20907	T	G	38422	30857	54	7	6	32	0.000182126	38435	1	FALSE	NA	NA	NA	NA	NA	NA
NC_045512.2	20907	T	C	38422	30857	54	6	5	50	0.000156108	38435	0.0156146	FALSE	NA	NA	NA	NA	NA	NA
NC_045512.2	20908	G	A	38938	31204	55	1	1	80	2.56812e-05	38939	0.500006	FALSE	NA	NA	NA	NA	NA	NA
NC_045512.2	20908	G	-T	38938	31204	55	2	0	20	5.13624e-05	38939	1	FALSE	NA	NA	NA	NA	NA	NA
NC_045512.2	20909	T	G	38365	30659	55	4	3	30	0.000104251	38369	1	FALSE	NA	NA	NA	NA	NA	NA
NC_045512.2	20910	T	G	38268	30572	55	5	5	24	0.000130634	38275	1	FALSE	NA	NA	NA	NA	NA	NA
NC_045512.2	20910	T	C	38268	30572	55	2	1	60	5.22534e-05	38275	0.249971	FALSE	NA	NA	NA	NA	NA	NA
NC_045512.2	20911	T	G	38206	30504	54	7	7	24	0.000183169	38216	1	FALSE	NA	NA	NA	NA	NA	NA
NC_045512.2	20911	T	C	38206	30504	54	3	2	70	7.85012e-05	38216	0.124966	FALSE	NA	NA	NA	NA	NA	NA
NC_045512.2	20912	T	G	37999	31024	53	8	8	28	0.00021046	38012	1	FALSE	NA	NA	NA	NA	NA	NA
NC_045512.2	20912	T	C	37999	31024	53	5	5	36	0.000131537	38012	1	FALSE	NA	NA	NA	NA	NA	NA
NC_045512.2	20913	A	T	38367	31418	53	1	1	24	2.6062e-05	38370	1	FALSE	NA	NA	NA	NA	NA	NA
NC_045512.2	20913	A	G	38367	31418	53	2	2	32	5.21241e-05	38370	1	FALSE	NA	NA	NA	NA	NA	NA
NC_045512.2	20914	A	T	38348	31372	53	1	1	40	2.60695e-05	38359	0.937476	FALSE	NA	NA	NA	NA	NA	NA
NC_045512.2	20914	A	G	38348	31372	53	6	5	57	0.000156417	38359	0.0156171	FALSE	NA	NA	NA	NA	NA	NA
NC_045512.2	20914	A	C	38348	31372	53	4	3	34	0.000104278	38359	1	FALSE	NA	NA	NA	NA	NA	NA
NC_045512.2	20915	G	T	38356	31374	53	2	2	40	5.2139e-05	38359	0.812508	FALSE	NA	NA	NA	NA	NA	NA
NC_045512.2	20915	G	A	38356	31374	53	1	1	40	2.60695e-05	38359	0.937502	FALSE	NA	NA	NA	NA	NA	NA
NC_045512.2	20916	A	G	38334	31376	53	5	5	44	0.000130405	38342	0.363246	FALSE	NA	NA	NA	NA	NA	NA
NC_045512.2	20916	A	C	38334	31376	53	3	2	32	7.82432e-05	38342	1	FALSE	NA	NA	NA	NA	NA	NA
NC_045512.2	20917	C	T	38200	31962	52	2	2	32	5.23519e-05	38203	1	FALSE	NA	NA	NA	NA	NA	NA
NC_045512.2	20917	C	A	38200	31962	52	1	1	40	2.6176e-05	38203	0.937502	FALSE	NA	NA	NA	NA	NA	NA
NC_045512.2	20918	A	G	36825	30612	52	6	6	46	0.000162906	36831	0.253906	FALSE	NA	NA	NA	NA	NA	NA
NC_045512.2	20919	G	T	36640	30411	52	6	6	26	0.000163724	36647	1	FALSE	NA	NA	NA	NA	NA	NA
NC_045512.2	20919	G	A	36640	30411	52	1	1	40	2.72874e-05	36647	0.937488	FALSE	NA	NA	NA	NA	NA	NA
NC_045512.2	20919	G	-T	36640	30411	52	1	0	20	2.72874e-05	36647	1	FALSE	NA	NA	NA	NA	NA	NA
NC_045512.2	20920	T	G	36770	30551	52	3	3	29	8.15772e-05	36775	1	FALSE	NA	NA	NA	NA	NA	NA
NC_045512.2	20920	T	C	36770	30551	52	1	1	64	2.71924e-05	36775	0.499973	FALSE	NA	NA	NA	NA	NA	NA
NC_045512.2	20920	T	A	36770	30551	52	1	1	40	2.71924e-05	36775	0.937492	FALSE	NA	NA	NA	NA	NA	NA
NC_045512.2	20921	G	T	36800	30584	52	1	1	24	2.71724e-05	36802	1	FALSE	NA	NA	NA	NA	NA	NA
NC_045512.2	20921	G	A	36800	30584	52	1	0	80	2.71724e-05	36802	0.5	FALSE	NA	NA	NA	NA	NA	NA
NC_045512.2	20922	G	T	36517	30301	52	9	9	24	0.000246393	36527	1	FALSE	NA	NA	NA	NA	NA	NA
NC_045512.2	20922	G	C	36517	30301	52	1	1	40	2.7377e-05	36527	0.937478	FALSE	NA	NA	NA	NA	NA	NA
NC_045512.2	20923	T	G	36505	30321	52	6	6	26	0.000164321	36514	1	FALSE	NA	NA	NA	NA	NA	NA
NC_045512.2	20923	T	C	36505	30321	52	2	2	60	5.47735e-05	36514	0.249955	FALSE	NA	NA	NA	NA	NA	NA
NC_045512.2	20923	T	A	36505	30321	52	1	1	40	2.73868e-05	36514	0.937481	FALSE	NA	NA	NA	NA	NA	NA
NC_045512.2	20924	T	G	36428	30385	52	5	5	24	0.000137231	36435	1	FALSE	NA	NA	NA	NA	NA	NA
NC_045512.2	20924	T	C	36428	30385	52	2	0	80	5.48923e-05	36435	0.249969	FALSE	NA	NA	NA	NA	NA	NA
NC_045512.2	20925	G	C	36592	30906	51	2	1	36	5.46478e-05	36598	1	FALSE	NA	NA	NA	NA	NA	NA
NC_045512.2	20925	G	A	36592	30906	51	4	3	46	0.000109296	36598	0.499985	FALSE	NA	NA	NA	NA	NA	NA
NC_045512.2	20926	C	T	36421	30756	51	1	1	80	2.74559e-05	36422	0.500007	FALSE	NA	NA	NA	NA	NA	NA
NC_045512.2	20927	C	T	36365	30750	51	2	1	52	5.49843e-05	36374	0.249955	FALSE	NA	NA	NA	NA	NA	NA
NC_045512.2	20927	C	G	36365	30750	51	2	2	36	5.49843e-05	36374	1	FALSE	NA	NA	NA	NA	NA	NA
NC_045512.2	20927	C	A	36365	30750	51	5	2	62	0.000137461	36374	0.0312393	FALSE	NA	NA	NA	NA	NA	NA
NC_045512.2	20928	T	G	35304	29716	51	7	7	24	0.000198216	35315	1	FALSE	NA	NA	NA	NA	NA	NA
NC_045512.2	20928	T	C	35304	29716	51	3	2	61	8.49497e-05	35315	0.124958	FALSE	NA	NA	NA	NA	NA	NA
NC_045512.2	20928	T	A	35304	29716	51	1	1	40	2.83166e-05	35315	0.937473	FALSE	NA	NA	NA	NA	NA	NA
NC_045512.2	20929	A	G	35456	29884	51	3	2	48	8.46048e-05	35459	0.65627	FALSE	NA	NA	NA	NA	NA	NA
NC_045512.2	20930	C	T	35329	29971	51	3	3	34	8.48993e-05	35336	1	FALSE	NA	NA	NA	NA	NA	NA
NC_045512.2	20930	C	G	35329	29971	51	1	1	40	2.82998e-05	35336	0.937488	FALSE	NA	NA	NA	NA	NA	NA
NC_045512.2	20930	C	A	35329	29971	51	3	0	34	8.48993e-05	35336	1	FALSE	NA	NA	NA	NA	NA	NA
NC_045512.2	20931	G	T	35352	29980	51	1	1	40	2.82853e-05	35354	0.937505	FALSE	NA	NA	NA	NA	NA	NA
NC_045512.2	20931	G	A	35352	29980	51	1	1	40	2.82853e-05	35354	0.937505	FALSE	NA	NA	NA	NA	NA	NA
NC_045512.2	20932	G	T	35181	29908	50	8	8	26	0.000227344	35189	1	FALSE	NA	NA	NA	NA	NA	NA
NC_045512.2	20933	G	C	35301	30029	51	3	3	34	8.49738e-05	35305	1	FALSE	NA	NA	NA	NA	NA	NA
NC_045512.2	20933	G	A	35301	30029	51	1	1	40	2.83246e-05	35305	0.937498	FALSE	NA	NA	NA	NA	NA	NA
NC_045512.2	20934	T	G	33998	28794	51	9	8	25	0.000264636	34009	1	FALSE	NA	NA	NA	NA	NA	NA
NC_045512.2	20934	T	C	33998	28794	51	2	2	60	5.8808e-05	34009	0.249938	FALSE	NA	NA	NA	NA	NA	NA
NC_045512.2	20935	A	G	34056	28871	51	4	3	35	0.00011744	34060	1	FALSE	NA	NA	NA	NA	NA	NA
NC_045512.2	20936	C	T	34026	28848	51	4	3	50	0.000117543	34030	0.0624982	FALSE	NA	NA	NA	NA	NA	NA
NC_045512.2	20937	G	A	34045	28875	51	6	4	53	0.000176206	34051	0.0156229	FALSE	NA	NA	NA	NA	NA	NA
NC_045512.2	20938	C	T	34019	28875	51	1	0	80	2.93945e-05	34020	0.500007	FALSE	NA	NA	NA	NA	NA	NA
NC_045512.2	20939	T	G	32952	27880	51	7	7	26	0.000212301	32972	1	FALSE	NA	NA	NA	NA	NA	NA
NC_045512.2	20939	T	C	32952	27880	51	13	10	47	0.000394274	32972	0.0106177	FALSE	NA	NA	NA	NA	NA	NA
NC_045512.2	20940	G	T	32961	27885	50	3	2	66	9.09946e-05	32969	0.124972	FALSE	NA	NA	NA	NA	NA	NA
NC_045512.2	20940	G	C	32961	27885	50	1	1	40	3.03315e-05	32969	0.937483	FALSE	NA	NA	NA	NA	NA	NA
NC_045512.2	20940	G	A	32961	27885	50	4	4	40	0.000121326	32969	0.49995	FALSE	NA	NA	NA	NA	NA	NA
NC_045512.2	20941	C	T	32631	27613	51	1	1	40	3.06448e-05	32632	0.93751	FALSE	NA	NA	NA	NA	NA	NA
NC_045512.2	20942	T	G	32290	27271	51	4	4	26	0.000123851	32297	1	FALSE	NA	NA	NA	NA	NA	NA
NC_045512.2	20942	T	C	32290	27271	51	3	3	29	9.28879e-05	32297	1	FALSE	NA	NA	NA	NA	NA	NA
NC_045512.2	20943	T	G	32387	27371	51	4	4	28	0.000123491	32391	1	FALSE	NA	NA	NA	NA	NA	NA
NC_045512.2	20944	G	T	32364	27352	51	1	1	24	3.08976e-05	32365	1	FALSE	NA	NA	NA	NA	NA	NA
NC_045512.2	20945	T	G	32285	27333	50	5	5	24	0.000154837	32292	1	FALSE	NA	NA	NA	NA	NA	NA
NC_045512.2	20945	T	C	32285	27333	50	2	1	60	6.19348e-05	32292	0.249965	FALSE	NA	NA	NA	NA	NA	NA
NC_045512.2	20946	C	T	32439	27637	51	2	2	60	6.16485e-05	32442	0.249996	FALSE	NA	NA	NA	NA	NA	NA
NC_045512.2	20946	C	A	32439	27637	51	1	1	40	3.08242e-05	32442	0.937502	FALSE	NA	NA	NA	NA	NA	NA
NC_045512.2	20948	A	G	32133	27362	51	4	4	32	0.000124456	32140	1	FALSE	NA	NA	NA	NA	NA	NA
NC_045512.2	20948	A	C	32133	27362	51	3	1	32	9.33416e-05	32140	1	FALSE	NA	NA	NA	NA	NA	NA
NC_045512.2	20949	T	G	31902	27629	49	4	4	28	0.000125364	31907	1	FALSE	NA	NA	NA	NA	NA	NA
NC_045512.2	20949	T	C	31902	27629	49	1	1	40	3.13411e-05	31907	0.937494	FALSE	NA	NA	NA	NA	NA	NA
NC_045512.2	20950	T	G	31835	27564	49	2	2	24	6.282e-05	31837	1	FALSE	NA	NA	NA	NA	NA	NA
NC_045512.2	20951	C	T	32000	27836	49	1	1	24	3.12471e-05	32003	1	FALSE	NA	NA	NA	NA	NA	NA
NC_045512.2	20951	C	G	32000	27836	49	1	1	40	3.12471e-05	32003	0.937502	FALSE	NA	NA	NA	NA	NA	NA
NC_045512.2	20951	C	A	32000	27836	49	1	1	40	3.12471e-05	32003	0.937502	FALSE	NA	NA	NA	NA	NA	NA
NC_045512.2	20952	A	G	31857	27710	49	2	2	32	6.27766e-05	31859	1	FALSE	NA	NA	NA	NA	NA	NA
NC_045512.2	20953	G	T	31917	27766	49	1	1	40	3.13293e-05	31919	0.937506	FALSE	NA	NA	NA	NA	NA	NA
NC_045512.2	20953	G	A	31917	27766	49	1	1	40	3.13293e-05	31919	0.937506	FALSE	NA	NA	NA	NA	NA	NA
NC_045512.2	20954	A	G	31862	27819	49	5	4	32	0.000156902	31867	0.999999	FALSE	NA	NA	NA	NA	NA	NA
NC_045512.2	20955	T	G	31678	27629	49	3	3	29	9.4688e-05	31683	1	FALSE	NA	NA	NA	NA	NA	NA
NC_045512.2	20955	T	C	31678	27629	49	2	1	80	6.31253e-05	31683	0.24998	FALSE	NA	NA	NA	NA	NA	NA
NC_045512.2	20957	T	G	30972	26994	49	4	4	24	0.000129128	30977	1	FALSE	NA	NA	NA	NA	NA	NA
NC_045512.2	20957	T	A	30972	26994	49	1	1	40	3.2282e-05	30977	0.937494	FALSE	NA	NA	NA	NA	NA	NA
NC_045512.2	20958	T	G	30953	26970	49	2	2	24	6.46016e-05	30959	1	FALSE	NA	NA	NA	NA	NA	NA
NC_045512.2	20958	T	C	30953	26970	49	4	3	42	0.000129203	30959	0.499982	FALSE	NA	NA	NA	NA	NA	NA
NC_045512.2	20959	A	G	31071	27226	49	4	4	46	0.000128721	31075	0.500018	FALSE	NA	NA	NA	NA	NA	NA
NC_045512.2	20960	A	G	31069	27220	49	2	2	40	6.43687e-05	31071	0.81252	FALSE	NA	NA	NA	NA	NA	NA
NC_045512.2	20961	T	G	30993	27168	49	3	3	29	9.67836e-05	30997	1	FALSE	NA	NA	NA	NA	NA	NA
NC_045512.2	20961	T	C	30993	27168	49	1	1	40	3.22612e-05	30997	0.937498	FALSE	NA	NA	NA	NA	NA	NA
NC_045512.2	20962	G	A	30826	27027	49	1	1	80	3.24391e-05	30827	0.500008	FALSE	NA	NA	NA	NA	NA	NA
NC_045512.2	20963	A	G	30772	26987	49	5	5	35	0.000162459	30777	0.999998	FALSE	NA	NA	NA	NA	NA	NA
NC_045512.2	20964	C	T	30713	27091	48	2	2	40	6.51105e-05	30717	0.8125	FALSE	NA	NA	NA	NA	NA	NA
NC_045512.2	20964	C	A	30713	27091	48	2	2	40	6.51105e-05	30717	0.8125	FALSE	NA	NA	NA	NA	NA	NA
NC_045512.2	20965	T	G	29842	26279	48	5	5	32	0.000167493	29852	0.999997	FALSE	NA	NA	NA	NA	NA	NA
NC_045512.2	20965	T	C	29842	26279	48	3	3	29	0.000100496	29852	1	FALSE	NA	NA	NA	NA	NA	NA
NC_045512.2	20965	T	A	29842	26279	48	2	2	60	6.69972e-05	29852	0.249937	FALSE	NA	NA	NA	NA	NA	NA
NC_045512.2	20966	T	G	29862	26300	48	4	4	24	0.000133927	29867	1	FALSE	NA	NA	NA	NA	NA	NA
NC_045512.2	20966	T	C	29862	26300	48	1	1	40	3.34818e-05	29867	0.874987	FALSE	NA	NA	NA	NA	NA	NA
NC_045512.2	20967	T	C	29786	26255	48	5	4	48	0.000167836	29791	0.226562	FALSE	NA	NA	NA	NA	NA	NA
NC_045512.2	20968	G	T	29788	26287	48	2	1	52	6.71299e-05	29793	0.249979	FALSE	NA	NA	NA	NA	NA	NA
NC_045512.2	20968	G	A	29788	26287	48	3	2	53	0.000100695	29793	0.124987	FALSE	NA	NA	NA	NA	NA	NA
NC_045512.2	20969	T	C	29749	26243	48	7	6	44	0.000235247	29756	0.0898355	FALSE	NA	NA	NA	NA	NA	NA
NC_045512.2	20970	C	G	29859	26364	48	1	1	24	3.34896e-05	29860	1	FALSE	NA	NA	NA	NA	NA	NA
NC_045512.2	20971	T	G	29602	26110	48	2	2	24	6.75584e-05	29604	1	FALSE	NA	NA	NA	NA	NA	NA
NC_045512.2	20972	C	T	29521	26610	43	1	1	40	3.38639e-05	29530	0.874962	FALSE	NA	NA	NA	NA	NA	NA
NC_045512.2	20972	C	A	29521	26610	43	8	0	29	0.000270911	29530	1	FALSE	NA	NA	NA	NA	NA	NA
NC_045512.2	20973	T	G	25502	22502	48	2	2	24	6.88255e-05	29059	1	FALSE	NA	NA	NA	NA	NA	NA
NC_045512.2	20973	T	C	25502	22502	48	3555	3138	48	0.122337	29059	0	TRUE	NA	NA	NA	NA	NA	NA
NC_045512.2	20974	G	A	29142	25730	48	1	1	40	3.43136e-05	29143	0.875013	FALSE	NA	NA	NA	NA	NA	NA
NC_045512.2	20975	A	G	29121	25714	48	2	2	40	6.86742e-05	29123	0.687519	FALSE	NA	NA	NA	NA	NA	NA
NC_045512.2	20976	T	G	28952	25900	47	3	3	34	0.000103605	28956	1	FALSE	NA	NA	NA	NA	NA	NA
NC_045512.2	20976	T	C	28952	25900	47	1	1	40	3.45352e-05	28956	0.874994	FALSE	NA	NA	NA	NA	NA	NA
NC_045512.2	20977	G	A	29024	25980	47	4	3	50	0.000137798	29028	0.0624978	FALSE	NA	NA	NA	NA	NA	NA
NC_045512.2	20978	C	T	28850	25813	47	2	2	60	6.93169e-05	28853	0.249996	FALSE	NA	NA	NA	NA	NA	NA
NC_045512.2	20978	C	G	28850	25813	47	1	1	40	3.46584e-05	28853	0.875	FALSE	NA	NA	NA	NA	NA	NA
NC_045512.2	20979	A	T	28241	25251	47	1	1	40	3.54032e-05	28246	0.874987	FALSE	NA	NA	NA	NA	NA	NA
NC_045512.2	20979	A	G	28241	25251	47	4	3	46	0.000141613	28246	0.343742	FALSE	NA	NA	NA	NA	NA	NA
NC_045512.2	20981	A	G	28038	25289	47	10	10	32	0.000356506	28050	0.999174	FALSE	NA	NA	NA	NA	NA	NA
NC_045512.2	20981	A	C	28038	25289	47	2	2	32	7.13012e-05	28050	1	FALSE	NA	NA	NA	NA	NA	NA
NC_045512.2	20982	T	G	27933	25357	46	4	4	28	0.000143164	27940	1	FALSE	NA	NA	NA	NA	NA	NA
NC_045512.2	20982	T	C	27933	25357	46	3	3	40	0.000107373	27940	0.49995	FALSE	NA	NA	NA	NA	NA	NA
NC_045512.2	20983	T	G	27776	25209	46	4	4	26	0.000143983	27781	1	FALSE	NA	NA	NA	NA	NA	NA
NC_045512.2	20983	T	C	27776	25209	46	1	1	24	3.59958e-05	27781	1	FALSE	NA	NA	NA	NA	NA	NA
NC_045512.2	20984	C	G	27791	25355	46	1	1	40	3.59816e-05	27792	0.875013	FALSE	NA	NA	NA	NA	NA	NA
NC_045512.2	20985	A	G	27794	25360	46	2	1	32	7.19528e-05	27796	1	FALSE	NA	NA	NA	NA	NA	NA
NC_045512.2	20986	A	G	27693	25287	46	12	12	31	0.000433135	27705	0.995276	FALSE	NA	NA	NA	NA	NA	NA
NC_045512.2	20987	C	G	27735	25541	45	1	1	40	3.60529e-05	27737	0.875007	FALSE	NA	NA	NA	NA	NA	NA
NC_045512.2	20987	C	A	27735	25541	45	1	1	40	3.60529e-05	27737	0.875007	FALSE	NA	NA	NA	NA	NA	NA
NC_045512.2	20988	T	G	27403	25202	45	4	4	38	0.000145927	27411	0.999998	FALSE	NA	NA	NA	NA	NA	NA
NC_045512.2	20988	T	C	27403	25202	45	4	3	24	0.000145927	27411	1	FALSE	NA	NA	NA	NA	NA	NA
NC_045512.2	20989	T	G	27050	24867	45	5	5	24	0.000184802	27056	1	FALSE	NA	NA	NA	NA	NA	NA
NC_045512.2	20989	T	C	27050	24867	45	1	1	40	3.69604e-05	27056	0.874979	FALSE	NA	NA	NA	NA	NA	NA
NC_045512.2	20990	T	C	26851	24757	45	1	1	40	3.72412e-05	26852	0.875014	FALSE	NA	NA	NA	NA	NA	NA
NC_045512.2	20991	G	C	26952	24860	45	1	1	40	3.71016e-05	26953	0.875014	FALSE	NA	NA	NA	NA	NA	NA
NC_045512.2	20992	A	G	26965	24997	45	1	1	24	3.70824e-05	26967	1	FALSE	NA	NA	NA	NA	NA	NA
NC_045512.2	20992	A	C	26965	24997	45	1	1	24	3.70824e-05	26967	1	FALSE	NA	NA	NA	NA	NA	NA
NC_045512.2	20993	T	G	26760	24904	44	6	6	26	0.000224157	26767	1	FALSE	NA	NA	NA	NA	NA	NA
NC_045512.2	20993	T	C	26760	24904	44	1	1	80	3.73594e-05	26767	0.499953	FALSE	NA	NA	NA	NA	NA	NA
NC_045512.2	20994	T	G	26778	24934	44	2	2	32	7.46714e-05	26784	1	FALSE	NA	NA	NA	NA	NA	NA
NC_045512.2	20994	T	C	26778	24934	44	3	2	53	0.000112007	26784	0.124979	FALSE	NA	NA	NA	NA	NA	NA
NC_045512.2	20994	T	A	26778	24934	44	1	1	40	3.73357e-05	26784	0.874979	FALSE	NA	NA	NA	NA	NA	NA
NC_045512.2	20995	G	C	26481	24763	44	1	1	40	3.77601e-05	26483	0.875007	FALSE	NA	NA	NA	NA	NA	NA
NC_045512.2	20995	G	A	26481	24763	44	1	1	40	3.77601e-05	26483	0.875007	FALSE	NA	NA	NA	NA	NA	NA
NC_045512.2	20996	G	T	24563	22836	38	39	39	25	0.00158517	24603	1	FALSE	NA	NA	NA	NA	NA	NA
NC_045512.2	20996	G	A	24563	22836	38	1	1	40	4.06454e-05	24603	0.874718	FALSE	NA	NA	NA	NA	NA	NA
NC_045512.2	20997	T	G	26332	24672	44	8	8	29	0.000303698	26342	1	FALSE	NA	NA	NA	NA	NA	NA
NC_045512.2	20997	T	C	26332	24672	44	2	2	40	7.59244e-05	26342	0.687407	FALSE	NA	NA	NA	NA	NA	NA
NC_045512.2	20998	G	A	26416	24792	44	2	2	40	7.5706e-05	26418	0.687521	FALSE	NA	NA	NA	NA	NA	NA
NC_045512.2	20999	A	G	26380	24763	44	3	3	29	0.000113697	26386	1	FALSE	NA	NA	NA	NA	NA	NA
NC_045512.2	20999	A	C	26380	24763	44	3	2	29	0.000113697	26386	1	FALSE	NA	NA	NA	NA	NA	NA
NC_045512.2	21000	T	G	26160	24700	43	1	1	24	3.82248e-05	26161	1	FALSE	NA	NA	NA	NA	NA	NA
NC_045512.2	21002	G	T	26075	24651	43	2	2	32	7.66871e-05	26080	1	FALSE	NA	NA	NA	NA	NA	NA
NC_045512.2	21002	G	C	26075	24651	43	2	2	32	7.66871e-05	26080	1	FALSE	NA	NA	NA	NA	NA	NA
NC_045512.2	21002	G	A	26075	24651	43	1	1	24	3.83436e-05	26080	1	FALSE	NA	NA	NA	NA	NA	NA
NC_045512.2	21003	T	G	25995	24574	43	5	5	30	0.000192286	26003	0.999983	FALSE	NA	NA	NA	NA	NA	NA
NC_045512.2	21003	T	C	25995	24574	43	3	3	34	0.000115371	26003	0.999999	FALSE	NA	NA	NA	NA	NA	NA
NC_045512.2	21004	G	T	26003	24584	43	4	4	28	0.00015374	26018	1	FALSE	NA	NA	NA	NA	NA	NA
NC_045512.2	21004	G	C	26003	24584	43	8	8	32	0.000307479	26018	0.99959	FALSE	NA	NA	NA	NA	NA	NA
NC_045512.2	21004	G	A	26003	24584	43	3	3	29	0.000115305	26018	1	FALSE	NA	NA	NA	NA	NA	NA
NC_045512.2	21006	A	T	25712	24463	43	1	1	40	3.88802e-05	25720	0.874964	FALSE	NA	NA	NA	NA	NA	NA
NC_045512.2	21006	A	G	25712	24463	43	6	6	34	0.000233281	25720	0.999904	FALSE	NA	NA	NA	NA	NA	NA
NC_045512.2	21006	A	C	25712	24463	43	1	1	24	3.88802e-05	25720	1	FALSE	NA	NA	NA	NA	NA	NA
NC_045512.2	21007	A	G	25702	24450	43	6	6	34	0.000233354	25712	0.999904	FALSE	NA	NA	NA	NA	NA	NA
NC_045512.2	21007	A	C	25702	24450	43	4	4	26	0.000155569	25712	1	FALSE	NA	NA	NA	NA	NA	NA
NC_045512.2	21008	C	T	25675	24555	42	1	0	80	3.89423e-05	25679	0.499981	FALSE	NA	NA	NA	NA	NA	NA
NC_045512.2	21008	C	G	25675	24555	42	2	2	32	7.78847e-05	25679	1	FALSE	NA	NA	NA	NA	NA	NA
NC_045512.2	21008	C	A	25675	24555	42	1	1	40	3.89423e-05	25679	0.874993	FALSE	NA	NA	NA	NA	NA	NA
NC_045512.2	21009	T	G	23749	22676	42	16	16	29	0.000673202	23767	1	FALSE	NA	NA	NA	NA	NA	NA
NC_045512.2	21009	T	C	23749	22676	42	2	2	40	8.41503e-05	23767	0.687271	FALSE	NA	NA	NA	NA	NA	NA
NC_045512.2	21010	G	A	23914	22844	43	1	1	24	4.18148e-05	23915	1	FALSE	NA	NA	NA	NA	NA	NA
NC_045512.2	21011	T	G	22548	21511	42	10	10	28	0.000443262	22560	1	FALSE	NA	NA	NA	NA	NA	NA
NC_045512.2	21011	T	C	22548	21511	42	2	2	40	8.86525e-05	22560	0.687359	FALSE	NA	NA	NA	NA	NA	NA
NC_045512.2	21012	A	G	22776	21744	43	9	9	31	0.000394997	22785	0.994678	FALSE	NA	NA	NA	NA	NA	NA
NC_045512.2	21013	C	T	22748	21734	43	1	1	40	4.39541e-05	22751	0.875	FALSE	NA	NA	NA	NA	NA	NA
NC_045512.2	21013	C	G	22748	21734	43	2	2	28	8.79082e-05	22751	1	FALSE	NA	NA	NA	NA	NA	NA
NC_045512.2	21014	A	G	22150	21153	43	6	6	28	0.000270685	22166	1	FALSE	NA	NA	NA	NA	NA	NA
NC_045512.2	21014	A	C	22150	21153	43	10	10	38	0.000451141	22166	0.989974	FALSE	NA	NA	NA	NA	NA	NA
NC_045512.2	21015	T	G	21944	20946	42	9	9	30	0.000409892	21957	0.991947	FALSE	NA	NA	NA	NA	NA	NA
NC_045512.2	21015	T	C	21944	20946	42	4	4	40	0.000182174	21957	0.343569	FALSE	NA	NA	NA	NA	NA	NA
NC_045512.2	21022	A	G	11957	796	39	1	0	24	8.3612e-05	11960	1	FALSE	NA	NA	NA	NA	NA	NA
NC_045512.2	21022	A	C	11957	796	39	2	0	32	0.000167224	11960	0.998294	FALSE	NA	NA	NA	NA	NA	NA
NC_045512.2	21023	A	G	12028	824	39	1	0	24	8.30979e-05	12034	1	FALSE	NA	NA	NA	NA	NA	NA
NC_045512.2	21023	A	C	12028	824	39	5	0	27	0.000415489	12034	1	FALSE	NA	NA	NA	NA	NA	NA
NC_045512.2	21025	A	G	12064	860	40	1	0	24	8.28569e-05	12069	1	FALSE	NA	NA	NA	NA	NA	NA
NC_045512.2	21025	A	C	12064	860	40	4	0	36	0.000331428	12069	0.989385	FALSE	NA	NA	NA	NA	NA	NA
NC_045512.2	21028	T	C	12192	893	40	2	0	24	0.000164015	12194	1	FALSE	NA	NA	NA	NA	NA	NA
NC_045512.2	21029	G	T	12082	816	40	5	5	24	0.000413565	12090	1	FALSE	NA	NA	NA	NA	NA	NA
NC_045512.2	21029	G	C	12082	816	40	2	0	40	0.000165426	12090	0.499845	FALSE	NA	NA	NA	NA	NA	NA
NC_045512.2	21029	G	A	12082	816	40	1	0	40	8.2713e-05	12090	0.749886	FALSE	NA	NA	NA	NA	NA	NA
NC_045512.2	21030	G	C	12259	904	40	6	0	29	0.000489197	12265	1	FALSE	NA	NA	NA	NA	NA	NA
NC_045512.2	21032	A	G	12255	927	39	1	0	24	8.15727e-05	12259	1	FALSE	NA	NA	NA	NA	NA	NA
NC_045512.2	21032	A	C	12255	927	39	3	0	24	0.000244718	12259	1	FALSE	NA	NA	NA	NA	NA	NA
NC_045512.2	21033	T	C	12389	912	40	2	0	40	0.000161407	12391	0.50003	FALSE	NA	NA	NA	NA	NA	NA
NC_045512.2	21035	T	G	12611	938	40	3	0	34	0.000237812	12615	0.996316	FALSE	NA	NA	NA	NA	NA	NA
NC_045512.2	21035	T	C	12611	938	40	1	0	40	7.92707e-05	12615	0.74997	FALSE	NA	NA	NA	NA	NA	NA
NC_045512.2	21037	A	C	14353	991	40	12	0	29	0.000835364	14365	1	FALSE	NA	NA	NA	NA	NA	NA
NC_045512.2	21038	T	G	14542	1052	41	1	1	32	6.87474e-05	14546	0.99997	FALSE	NA	NA	NA	NA	NA	NA
NC_045512.2	21038	T	C	14542	1052	41	3	0	40	0.000206242	14546	0.312487	FALSE	NA	NA	NA	NA	NA	NA
NC_045512.2	21039	T	C	14538	1058	41	3	0	29	0.000206313	14541	1	FALSE	NA	NA	NA	NA	NA	NA
NC_045512.2	21040	A	C	14538	1066	41	1	0	24	6.87805e-05	14539	1	FALSE	NA	NA	NA	NA	NA	NA
NC_045512.2	21041	T	G	14647	1064	41	1	1	24	6.8264e-05	14649	1	FALSE	NA	NA	NA	NA	NA	NA
NC_045512.2	21041	T	C	14647	1064	41	1	1	52	6.8264e-05	14649	0.5	FALSE	NA	NA	NA	NA	NA	NA
NC_045512.2	21042	T	G	14669	1066	41	1	1	32	6.81617e-05	14671	0.99997	FALSE	NA	NA	NA	NA	NA	NA
NC_045512.2	21042	T	C	14669	1066	41	1	0	40	6.81617e-05	14671	0.750009	FALSE	NA	NA	NA	NA	NA	NA
NC_045512.2	21043	A	C	14671	1086	41	1	0	24	6.8157e-05	14672	1	FALSE	NA	NA	NA	NA	NA	NA
NC_045512.2	21045	T	G	15096	1092	41	1	0	40	6.62383e-05	15097	0.750025	FALSE	NA	NA	NA	NA	NA	NA
NC_045512.2	21046	G	T	15630	1117	41	2	0	40	0.000127943	15632	0.500024	FALSE	NA	NA	NA	NA	NA	NA
NC_045512.2	21047	A	G	15592	1175	41	2	0	40	0.000128238	15596	0.499976	FALSE	NA	NA	NA	NA	NA	NA
NC_045512.2	21047	A	C	15592	1175	41	2	0	24	0.000128238	15596	1	FALSE	NA	NA	NA	NA	NA	NA
NC_045512.2	21048	T	C	15686	1175	41	2	0	40	0.000127486	15688	0.500024	FALSE	NA	NA	NA	NA	NA	NA
NC_045512.2	21049	A	G	16407	1219	41	6	0	40	0.000365386	16421	0.0624101	FALSE	NA	NA	NA	NA	NA	NA
NC_045512.2	21049	A	C	16407	1219	41	8	0	32	0.000487181	16421	0.968037	FALSE	NA	NA	NA	NA	NA	NA
NC_045512.2	21050	T	G	16537	1246	42	1	1	32	6.04558e-05	16541	0.999992	FALSE	NA	NA	NA	NA	NA	NA
NC_045512.2	21050	T	C	16537	1246	42	3	0	40	0.000181368	16541	0.312489	FALSE	NA	NA	NA	NA	NA	NA
NC_045512.2	21052	T	C	17533	1333	42	1	0	40	5.70321e-05	17534	0.750021	FALSE	NA	NA	NA	NA	NA	NA
NC_045512.2	21053	A	G	17386	1369	41	1	0	24	5.7501e-05	17391	1	FALSE	NA	NA	NA	NA	NA	NA
NC_045512.2	21053	A	C	17386	1369	41	4	0	24	0.000230004	17391	1	FALSE	NA	NA	NA	NA	NA	NA
NC_045512.2	21054	C	T	17556	1385	42	1	0	40	5.69573e-05	17557	0.750021	FALSE	NA	NA	NA	NA	NA	NA
NC_045512.2	21055	G	T	17533	1385	42	1	0	40	5.70321e-05	17534	0.750021	FALSE	NA	NA	NA	NA	NA	NA
NC_045512.2	21056	A	G	17621	1485	42	1	0	40	5.6744e-05	17623	0.750007	FALSE	NA	NA	NA	NA	NA	NA
NC_045512.2	21056	A	C	17621	1485	42	1	0	24	5.6744e-05	17623	1	FALSE	NA	NA	NA	NA	NA	NA
NC_045512.2	21056	A	+C	17621	1485	42	1	0	20	5.6744e-05	17623	1	FALSE	NA	NA	NA	NA	NA	NA
NC_045512.2	21057	C	T	17957	1500	40	2	0	40	0.000111235	17980	0.499583	FALSE	NA	NA	NA	NA	NA	NA
NC_045512.2	21057	C	G	17957	1500	40	2	0	32	0.000111235	17980	0.999962	FALSE	NA	NA	NA	NA	NA	NA
NC_045512.2	21057	C	A	17957	1500	40	19	0	25	0.00105673	17980	1	FALSE	NA	NA	NA	NA	NA	NA
NC_045512.2	21058	C	A	18298	1501	42	1	0	24	5.46478e-05	18299	1	FALSE	NA	NA	NA	NA	NA	NA
NC_045512.2	21059	C	G	18042	1502	41	2	0	24	0.000110803	18050	1	FALSE	NA	NA	NA	NA	NA	NA
NC_045512.2	21059	C	A	18042	1502	41	6	0	24	0.00033241	18050	1	FALSE	NA	NA	NA	NA	NA	NA
NC_045512.2	21060	T	C	18445	1496	42	3	0	48	0.000162619	18448	0.31251	FALSE	NA	NA	NA	NA	NA	NA
NC_045512.2	21061	A	G	18341	1524	42	2	0	32	0.000109016	18346	0.99998	FALSE	NA	NA	NA	NA	NA	NA
NC_045512.2	21061	A	C	18341	1524	42	3	0	24	0.000163523	18346	1	FALSE	NA	NA	NA	NA	NA	NA
NC_045512.2	21062	A	G	18362	1524	42	6	0	32	0.000326619	18370	0.996702	FALSE	NA	NA	NA	NA	NA	NA
NC_045512.2	21062	A	C	18362	1524	42	2	0	32	0.000108873	18370	0.99998	FALSE	NA	NA	NA	NA	NA	NA
NC_045512.2	21064	A	G	18772	1690	43	1	0	40	5.32595e-05	18776	0.74998	FALSE	NA	NA	NA	NA	NA	NA
NC_045512.2	21064	A	C	18772	1690	43	3	0	29	0.000159778	18776	1	FALSE	NA	NA	NA	NA	NA	NA
NC_045512.2	21066	T	G	18986	1704	43	3	3	24	0.000157978	18990	1	FALSE	NA	NA	NA	NA	NA	NA
NC_045512.2	21066	T	C	18986	1704	43	1	0	40	5.26593e-05	18990	0.74998	FALSE	NA	NA	NA	NA	NA	NA
NC_045512.2	21066	T	-A	18986	1704	43	1	0	20	5.26593e-05	18990	1	FALSE	NA	NA	NA	NA	NA	NA
NC_045512.2	21067	A	C	18820	1767	42	7	0	34	0.000371806	18827	0.992699	FALSE	NA	NA	NA	NA	NA	NA
NC_045512.2	21068	A	T	18988	1777	43	1	0	40	5.26399e-05	18997	0.749914	FALSE	NA	NA	NA	NA	NA	NA
NC_045512.2	21068	A	G	18988	1777	43	3	0	40	0.00015792	18997	0.312391	FALSE	NA	NA	NA	NA	NA	NA
NC_045512.2	21068	A	C	18988	1777	43	5	0	24	0.000263199	18997	1	FALSE	NA	NA	NA	NA	NA	NA
NC_045512.2	21069	A	G	19036	1816	43	3	0	40	0.000157563	19040	0.31249	FALSE	NA	NA	NA	NA	NA	NA
NC_045512.2	21069	A	C	19036	1816	43	1	0	40	5.2521e-05	19040	0.74998	FALSE	NA	NA	NA	NA	NA	NA
NC_045512.2	21070	A	G	19028	1816	43	2	0	32	0.000105081	19033	0.99999	FALSE	NA	NA	NA	NA	NA	NA
NC_045512.2	21070	A	C	19028	1816	43	3	0	34	0.000157621	19033	0.99994	FALSE	NA	NA	NA	NA	NA	NA
NC_045512.2	21071	A	T	19079	1824	43	1	0	40	5.24054e-05	19082	0.749993	FALSE	NA	NA	NA	NA	NA	NA
NC_045512.2	21071	A	C	19079	1824	43	2	0	40	0.000104811	19082	0.5	FALSE	NA	NA	NA	NA	NA	NA
NC_045512.2	21072	T	C	19138	1839	44	1	0	40	5.22493e-05	19139	0.75002	FALSE	NA	NA	NA	NA	NA	NA
NC_045512.2	21073	G	C	19099	1839	44	1	0	24	5.23478e-05	19103	1	FALSE	NA	NA	NA	NA	NA	NA
NC_045512.2	21073	G	A	19099	1839	44	3	0	29	0.000157043	19103	1	FALSE	NA	NA	NA	NA	NA	NA
NC_045512.2	21075	T	C	19137	1903	44	3	0	34	0.00015674	19140	0.99994	FALSE	NA	NA	NA	NA	NA	NA
NC_045512.2	21075	T	-A	19137	1903	44	2	0	20	0.000104493	19140	1	FALSE	NA	NA	NA	NA	NA	NA
NC_045512.2	21076	A	G	19088	1945	44	2	0	40	0.000104745	19094	0.499902	FALSE	NA	NA	NA	NA	NA	NA
NC_045512.2	21076	A	C	19088	1945	44	4	0	24	0.00020949	19094	1	FALSE	NA	NA	NA	NA	NA	NA
NC_045512.2	21077	C	G	18538	1954	41	1	0	40	5.38677e-05	18564	0.749683	FALSE	NA	NA	NA	NA	NA	NA
NC_045512.2	21077	C	A	18538	1954	41	25	0	25	0.00134669	18564	1	FALSE	NA	NA	NA	NA	NA	NA
NC_045512.2	21078	A	G	19039	1966	44	3	0	34	0.000157522	19045	0.99994	FALSE	NA	NA	NA	NA	NA	NA
NC_045512.2	21078	A	C	19039	1966	44	3	0	29	0.000157522	19045	1	FALSE	NA	NA	NA	NA	NA	NA
NC_045512.2	21079	A	G	19108	1973	44	1	0	64	5.23204e-05	19113	0.499961	FALSE	NA	NA	NA	NA	NA	NA
NC_045512.2	21079	A	C	19108	1973	44	4	0	28	0.000209282	19113	1	FALSE	NA	NA	NA	NA	NA	NA
NC_045512.2	21080	A	G	19136	2000	44	2	1	40	0.000104499	19139	0.5	FALSE	NA	NA	NA	NA	NA	NA
NC_045512.2	21080	A	C	19136	2000	44	1	0	40	5.22493e-05	19139	0.749993	FALSE	NA	NA	NA	NA	NA	NA
NC_045512.2	21081	A	G	19153	2001	44	3	1	40	0.000156593	19158	0.312471	FALSE	NA	NA	NA	NA	NA	NA
NC_045512.2	21081	A	C	19153	2001	44	2	0	24	0.000104395	19158	1	FALSE	NA	NA	NA	NA	NA	NA
NC_045512.2	21082	G	-A	19379	2002	44	1	0	20	5.16022e-05	19379	1	FALSE	NA	NA	NA	NA	NA	NA
NC_045512.2	21083	A	G	19353	2174	45	2	0	40	0.000103332	19355	0.5	FALSE	NA	NA	NA	NA	NA	NA
NC_045512.2	21084	A	G	19376	2311	45	1	0	40	5.16076e-05	19377	0.750019	FALSE	NA	NA	NA	NA	NA	NA
NC_045512.2	21085	A	G	19305	2348	45	1	1	80	5.17974e-05	19306	0.500013	FALSE	NA	NA	NA	NA	NA	NA
NC_045512.2	21086	A	G	19377	2341	45	4	1	28	0.000206388	19381	1	FALSE	NA	NA	NA	NA	NA	NA
NC_045512.2	21087	T	C	19414	2325	45	1	0	40	5.15066e-05	19415	0.750019	FALSE	NA	NA	NA	NA	NA	NA
NC_045512.2	21089	A	G	20002	2435	45	1	1	24	4.999e-05	20004	1	FALSE	NA	NA	NA	NA	NA	NA
NC_045512.2	21089	A	C	20002	2435	45	1	0	24	4.999e-05	20004	1	FALSE	NA	NA	NA	NA	NA	NA
NC_045512.2	21090	C	A	20187	2631	46	3	0	29	0.000148588	20190	1	FALSE	NA	NA	NA	NA	NA	NA
NC_045512.2	21091	T	A	20319	2646	46	1	0	40	4.92126e-05	20320	0.875018	FALSE	NA	NA	NA	NA	NA	NA
NC_045512.2	21092	C	A	19944	2692	45	7	0	24	0.00035086	19951	1	FALSE	NA	NA	NA	NA	NA	NA
NC_045512.2	21094	A	C	20381	2728	46	3	0	24	0.000147174	20384	1	FALSE	NA	NA	NA	NA	NA	NA
NC_045512.2	21095	A	G	20469	2744	46	1	0	40	4.88496e-05	20471	0.875009	FALSE	NA	NA	NA	NA	NA	NA
NC_045512.2	21095	A	C	20469	2744	46	1	0	24	4.88496e-05	20471	1	FALSE	NA	NA	NA	NA	NA	NA
NC_045512.2	21098	A	G	20293	2855	45	2	0	32	9.85464e-05	20295	0.999995	FALSE	NA	NA	NA	NA	NA	NA
NC_045512.2	21099	G	T	20616	2811	46	1	1	24	4.85037e-05	20617	1	FALSE	NA	NA	NA	NA	NA	NA
NC_045512.2	21100	G	A	20699	2886	47	2	0	38	9.66137e-05	20701	0.999995	FALSE	NA	NA	NA	NA	NA	NA
NC_045512.2	21101	G	A	20760	2886	47	2	0	40	9.63298e-05	20762	0.687527	FALSE	NA	NA	NA	NA	NA	NA
NC_045512.2	21101	G	-T	20760	2886	47	4	0	20	0.00019266	20762	1	FALSE	NA	NA	NA	NA	NA	NA
NC_045512.2	21101	G	+T	20760	2886	47	1	0	20	4.81649e-05	20762	1	FALSE	NA	NA	NA	NA	NA	NA
NC_045512.2	21102	T	G	20778	2944	47	1	0	40	4.81232e-05	20780	0.874973	FALSE	NA	NA	NA	NA	NA	NA
NC_045512.2	21102	T	C	20778	2944	47	1	0	24	4.81232e-05	20780	1	FALSE	NA	NA	NA	NA	NA	NA
NC_045512.2	21103	T	G	20812	2980	48	1	0	40	4.80377e-05	20817	0.874982	FALSE	NA	NA	NA	NA	NA	NA
NC_045512.2	21103	T	C	20812	2980	48	4	1	40	0.000192151	20817	0.343739	FALSE	NA	NA	NA	NA	NA	NA
NC_045512.2	21104	T	C	20801	3002	48	2	0	40	9.614e-05	20803	0.687527	FALSE	NA	NA	NA	NA	NA	NA
NC_045512.2	21106	T	G	20807	3061	48	1	1	24	4.80561e-05	20809	1	FALSE	NA	NA	NA	NA	NA	NA
NC_045512.2	21106	T	C	20807	3061	48	1	0	80	4.80561e-05	20809	0.5	FALSE	NA	NA	NA	NA	NA	NA
NC_045512.2	21107	T	C	20815	3073	48	5	0	36	0.000240154	20820	0.999546	FALSE	NA	NA	NA	NA	NA	NA
NC_045512.2	21108	C	T	20737	3097	47	1	0	40	4.82137e-05	20741	0.874991	FALSE	NA	NA	NA	NA	NA	NA
NC_045512.2	21108	C	A	20737	3097	47	3	0	24	0.000144641	20741	1	FALSE	NA	NA	NA	NA	NA	NA
NC_045512.2	21109	A	T	20769	3107	48	2	1	32	9.62464e-05	20780	0.999995	FALSE	NA	NA	NA	NA	NA	NA
NC_045512.2	21109	A	G	20769	3107	48	2	1	52	9.62464e-05	20780	0.249898	FALSE	NA	NA	NA	NA	NA	NA
NC_045512.2	21109	A	C	20769	3107	48	7	0	26	0.000336862	20780	1	FALSE	NA	NA	NA	NA	NA	NA
NC_045512.2	21110	C	A	20129	3141	45	37	0	25	0.00183477	20166	1	FALSE	NA	NA	NA	NA	NA	NA
NC_045512.2	21112	T	G	20919	3141	48	2	1	24	9.55886e-05	20923	1	FALSE	NA	NA	NA	NA	NA	NA
NC_045512.2	21112	T	C	20919	3141	48	2	0	32	9.55886e-05	20923	0.999995	FALSE	NA	NA	NA	NA	NA	NA
NC_045512.2	21113	A	G	20727	3271	48	1	0	40	4.82207e-05	20738	0.874928	FALSE	NA	NA	NA	NA	NA	NA
NC_045512.2	21113	A	C	20727	3271	48	10	0	27	0.000482207	20738	1	FALSE	NA	NA	NA	NA	NA	NA
NC_045512.2	21114	C	A	21006	3289	48	1	0	24	4.76032e-05	21007	1	FALSE	NA	NA	NA	NA	NA	NA
NC_045512.2	21115	A	C	21098	3296	48	3	0	24	0.000142173	21101	1	FALSE	NA	NA	NA	NA	NA	NA
NC_045512.2	21116	T	G	21182	3310	48	3	0	29	0.000141603	21186	1	FALSE	NA	NA	NA	NA	NA	NA
NC_045512.2	21116	T	C	21182	3310	48	1	0	40	4.7201e-05	21186	0.874991	FALSE	NA	NA	NA	NA	NA	NA
NC_045512.2	21117	T	G	21305	3311	48	2	2	24	9.38571e-05	21309	1	FALSE	NA	NA	NA	NA	NA	NA
NC_045512.2	21117	T	C	21305	3311	48	2	0	40	9.38571e-05	21309	0.687491	FALSE	NA	NA	NA	NA	NA	NA
NC_045512.2	21118	T	C	21359	3384	49	4	0	36	0.00018724	21363	0.999922	FALSE	NA	NA	NA	NA	NA	NA
NC_045512.2	21119	G	T	21349	3399	49	2	1	40	9.36724e-05	21351	0.687526	FALSE	NA	NA	NA	NA	NA	NA
NC_045512.2	21120	T	G	21338	3430	48	1	0	40	4.68538e-05	21343	0.874982	FALSE	NA	NA	NA	NA	NA	NA
NC_045512.2	21120	T	C	21338	3430	48	4	2	60	0.000187415	21343	0.0624912	FALSE	NA	NA	NA	NA	NA	NA
NC_045512.2	21121	G	T	21365	3456	49	1	1	24	4.68033e-05	21366	1	FALSE	NA	NA	NA	NA	NA	NA
NC_045512.2	21122	G	T	22196	3510	49	2	0	32	9.00982e-05	22198	0.999999	FALSE	NA	NA	NA	NA	NA	NA
NC_045512.2	21123	G	A	22170	3502	49	1	0	80	4.5104e-05	22171	0.500011	FALSE	NA	NA	NA	NA	NA	NA
NC_045512.2	21125	T	C	22097	3435	49	1	1	80	4.5253e-05	22098	0.500011	FALSE	NA	NA	NA	NA	NA	NA
NC_045512.2	21126	T	G	22121	3444	49	1	0	24	4.52018e-05	22123	1	FALSE	NA	NA	NA	NA	NA	NA
NC_045512.2	21126	T	C	22121	3444	49	1	1	40	4.52018e-05	22123	0.875008	FALSE	NA	NA	NA	NA	NA	NA
NC_045512.2	21127	A	G	21846	3467	48	1	0	24	4.57582e-05	21854	1	FALSE	NA	NA	NA	NA	NA	NA
NC_045512.2	21127	A	C	21846	3467	48	7	0	28	0.000320307	21854	1	FALSE	NA	NA	NA	NA	NA	NA
NC_045512.2	21128	T	G	22137	3468	49	1	1	24	4.51712e-05	22138	1	FALSE	NA	NA	NA	NA	NA	NA
NC_045512.2	21129	A	G	21965	3513	49	2	0	40	9.10249e-05	21972	0.68744	FALSE	NA	NA	NA	NA	NA	NA
NC_045512.2	21129	A	C	21965	3513	49	5	0	24	0.000227562	21972	1	FALSE	NA	NA	NA	NA	NA	NA
NC_045512.2	21130	C	A	22317	3536	49	1	0	24	4.48069e-05	22318	1	FALSE	NA	NA	NA	NA	NA	NA
NC_045512.2	21131	A	G	21777	3385	49	3	1	42	0.000137716	21784	0.499935	FALSE	NA	NA	NA	NA	NA	NA
NC_045512.2	21131	A	C	21777	3385	49	4	0	24	0.000183621	21784	1	FALSE	NA	NA	NA	NA	NA	NA
NC_045512.2	21132	A	C	21911	3400	48	4	0	24	0.000182523	21915	1	FALSE	NA	NA	NA	NA	NA	NA
NC_045512.2	21133	C	A	22059	3393	49	2	0	24	9.06577e-05	22061	1	FALSE	NA	NA	NA	NA	NA	NA
NC_045512.2	21134	A	G	21898	3399	49	1	0	40	4.56558e-05	21903	0.874983	FALSE	NA	NA	NA	NA	NA	NA
NC_045512.2	21134	A	C	21898	3399	49	4	0	24	0.000182623	21903	1	FALSE	NA	NA	NA	NA	NA	NA
NC_045512.2	21135	A	G	21925	3406	49	2	0	40	9.11868e-05	21933	0.687423	FALSE	NA	NA	NA	NA	NA	NA
NC_045512.2	21135	A	C	21925	3406	49	6	0	26	0.00027356	21933	1	FALSE	NA	NA	NA	NA	NA	NA
NC_045512.2	21136	A	G	21985	3403	49	3	0	40	0.000136432	21989	0.5	FALSE	NA	NA	NA	NA	NA	NA
NC_045512.2	21136	A	C	21985	3403	49	1	0	24	4.54773e-05	21989	1	FALSE	NA	NA	NA	NA	NA	NA
NC_045512.2	21137	A	G	22276	3415	49	5	2	35	0.000224376	22284	0.999845	FALSE	NA	NA	NA	NA	NA	NA
NC_045512.2	21137	A	C	22276	3415	49	3	0	40	0.000134626	22284	0.499916	FALSE	NA	NA	NA	NA	NA	NA
NC_045512.2	21138	G	T	22269	3418	49	1	0	24	4.48974e-05	22273	1	FALSE	NA	NA	NA	NA	NA	NA
NC_045512.2	21138	G	C	22269	3418	49	2	2	32	8.97948e-05	22273	0.999999	FALSE	NA	NA	NA	NA	NA	NA
NC_045512.2	21138	G	A	22269	3418	49	1	0	40	4.48974e-05	22273	0.874992	FALSE	NA	NA	NA	NA	NA	NA
NC_045512.2	21139	C	G	22236	3525	50	1	1	24	4.49681e-05	22238	1	FALSE	NA	NA	NA	NA	NA	NA
NC_045512.2	21139	C	A	22236	3525	50	1	0	24	4.49681e-05	22238	1	FALSE	NA	NA	NA	NA	NA	NA
NC_045512.2	21140	T	G	22227	3577	50	1	1	24	4.49822e-05	22231	1	FALSE	NA	NA	NA	NA	NA	NA
NC_045512.2	21140	T	C	22227	3577	50	3	0	48	0.000134947	22231	0.5	FALSE	NA	NA	NA	NA	NA	NA
NC_045512.2	21141	A	G	22016	3566	50	2	0	40	9.081e-05	22024	0.687423	FALSE	NA	NA	NA	NA	NA	NA
NC_045512.2	21141	A	C	22016	3566	50	6	0	28	0.00027243	22024	1	FALSE	NA	NA	NA	NA	NA	NA
NC_045512.2	21144	T	G	22507	3959	51	2	1	36	8.88455e-05	22511	0.999999	FALSE	NA	NA	NA	NA	NA	NA
NC_045512.2	21144	T	C	22507	3959	51	2	0	40	8.88455e-05	22511	0.687492	FALSE	NA	NA	NA	NA	NA	NA
NC_045512.2	21145	C	G	22693	3974	51	1	0	24	4.40645e-05	22694	1	FALSE	NA	NA	NA	NA	NA	NA
NC_045512.2	21146	T	C	22535	3886	51	1	0	24	4.43734e-05	22536	1	FALSE	NA	NA	NA	NA	NA	NA
NC_045512.2	21147	T	G	22622	3909	51	1	1	24	4.42008e-05	22624	1	FALSE	NA	NA	NA	NA	NA	NA
NC_045512.2	21147	T	C	22622	3909	51	1	0	40	4.42008e-05	22624	0.875008	FALSE	NA	NA	NA	NA	NA	NA
NC_045512.2	21147	T	-G	22622	3909	51	1	0	20	4.42008e-05	22624	1	FALSE	NA	NA	NA	NA	NA	NA
NC_045512.2	21148	G	T	22551	3921	51	1	0	24	4.4342e-05	22552	1	FALSE	NA	NA	NA	NA	NA	NA
NC_045512.2	21149	G	T	22582	3910	50	1	0	40	4.42791e-05	22584	0.875008	FALSE	NA	NA	NA	NA	NA	NA
NC_045512.2	21149	G	C	22582	3910	50	1	0	40	4.42791e-05	22584	0.875008	FALSE	NA	NA	NA	NA	NA	NA
NC_045512.2	21150	A	G	22437	3951	51	2	0	60	8.91226e-05	22441	0.249983	FALSE	NA	NA	NA	NA	NA	NA
NC_045512.2	21150	A	C	22437	3951	51	2	0	40	8.91226e-05	22441	0.687492	FALSE	NA	NA	NA	NA	NA	NA
NC_045512.2	21151	G	T	21740	4196	51	1	0	40	4.5996e-05	21741	0.875017	FALSE	NA	NA	NA	NA	NA	NA
NC_045512.2	21152	G	A	21634	4142	51	1	0	40	4.62214e-05	21635	0.875017	FALSE	NA	NA	NA	NA	NA	NA
NC_045512.2	21153	T	G	21215	4391	51	1	1	32	4.71298e-05	21218	1	FALSE	NA	NA	NA	NA	NA	NA
NC_045512.2	21153	T	C	21215	4391	51	1	0	24	4.71298e-05	21218	1	FALSE	NA	NA	NA	NA	NA	NA
NC_045512.2	21153	T	A	21215	4391	51	1	0	40	4.71298e-05	21218	0.875	FALSE	NA	NA	NA	NA	NA	NA
NC_045512.2	21154	T	G	21081	4328	51	3	2	24	0.000142274	21086	1	FALSE	NA	NA	NA	NA	NA	NA
NC_045512.2	21154	T	C	21081	4328	51	2	0	40	9.48497e-05	21086	0.687473	FALSE	NA	NA	NA	NA	NA	NA
NC_045512.2	21155	C	T	20833	4457	51	2	1	60	9.59923e-05	20835	0.250006	FALSE	NA	NA	NA	NA	NA	NA
NC_045512.2	21156	C	G	20626	4450	51	1	0	40	4.84731e-05	20630	0.874991	FALSE	NA	NA	NA	NA	NA	NA
NC_045512.2	21156	C	A	20626	4450	51	3	0	24	0.000145419	20630	1	FALSE	NA	NA	NA	NA	NA	NA
NC_045512.2	21157	G	T	20658	4436	50	1	1	24	4.84051e-05	20659	1	FALSE	NA	NA	NA	NA	NA	NA
NC_045512.2	21158	T	G	18755	5226	50	2	0	40	0.000106627	18757	0.50002	FALSE	NA	NA	NA	NA	NA	NA
NC_045512.2	21159	G	T	18111	5451	49	2	0	40	0.000110418	18113	0.500021	FALSE	NA	NA	NA	NA	NA	NA
NC_045512.2	21161	C	T	17233	5960	48	1	0	40	5.80215e-05	17235	0.750007	FALSE	NA	NA	NA	NA	NA	NA
NC_045512.2	21161	C	A	17233	5960	48	1	0	24	5.80215e-05	17235	1	FALSE	NA	NA	NA	NA	NA	NA
NC_045512.2	21162	T	G	17191	5912	48	4	4	28	0.000232585	17198	1	FALSE	NA	NA	NA	NA	NA	NA
NC_045512.2	21162	T	C	17191	5912	48	3	0	34	0.000174439	17198	0.999799	FALSE	NA	NA	NA	NA	NA	NA
NC_045512.2	21163	A	G	17170	5983	48	2	1	32	0.000116448	17175	0.999962	FALSE	NA	NA	NA	NA	NA	NA
NC_045512.2	21163	A	C	17170	5983	48	3	0	29	0.000174672	17175	1	FALSE	NA	NA	NA	NA	NA	NA
NC_045512.2	21164	T	G	17091	5827	47	5	4	30	0.000292466	17096	0.997835	FALSE	NA	NA	NA	NA	NA	NA
NC_045512.2	21165	A	T	17273	6004	48	1	1	32	5.78838e-05	17276	0.999996	FALSE	NA	NA	NA	NA	NA	NA
NC_045512.2	21165	A	G	17273	6004	48	1	1	32	5.78838e-05	17276	0.999996	FALSE	NA	NA	NA	NA	NA	NA
NC_045512.2	21165	A	C	17273	6004	48	1	0	24	5.78838e-05	17276	1	FALSE	NA	NA	NA	NA	NA	NA
NC_045512.2	21166	A	G	17460	6277	49	1	1	40	5.72639e-05	17463	0.749993	FALSE	NA	NA	NA	NA	NA	NA
NC_045512.2	21166	A	C	17460	6277	49	2	0	24	0.000114528	17463	1	FALSE	NA	NA	NA	NA	NA	NA
NC_045512.2	21167	A	G	17584	6279	49	3	2	34	0.000170581	17587	0.9998	FALSE	NA	NA	NA	NA	NA	NA
NC_045512.2	21168	G	A	17448	6374	48	1	1	24	5.73099e-05	17449	1	FALSE	NA	NA	NA	NA	NA	NA
NC_045512.2	21169	A	G	17463	6635	49	2	1	52	0.000114515	17465	0.250007	FALSE	NA	NA	NA	NA	NA	NA
NC_045512.2	21170	T	G	17239	6941	48	2	2	24	0.000115989	17243	1	FALSE	NA	NA	NA	NA	NA	NA
NC_045512.2	21170	T	C	17239	6941	48	2	1	32	0.000115989	17243	0.999962	FALSE	NA	NA	NA	NA	NA	NA
NC_045512.2	21171	A	G	17333	7170	49	1	0	40	5.76834e-05	17336	0.749993	FALSE	NA	NA	NA	NA	NA	NA
NC_045512.2	21171	A	C	17333	7170	49	2	0	24	0.000115367	17336	1	FALSE	NA	NA	NA	NA	NA	NA
NC_045512.2	21172	A	G	17365	7181	49	1	0	24	5.75705e-05	17370	1	FALSE	NA	NA	NA	NA	NA	NA
NC_045512.2	21172	A	C	17365	7181	49	4	0	24	0.000230282	17370	1	FALSE	NA	NA	NA	NA	NA	NA
NC_045512.2	21173	C	G	17234	7211	48	1	1	24	5.80147e-05	17237	1	FALSE	NA	NA	NA	NA	NA	NA
NC_045512.2	21173	C	A	17234	7211	48	2	0	28	0.000116029	17237	1	FALSE	NA	NA	NA	NA	NA	NA
NC_045512.2	21174	A	G	17178	7168	49	1	0	40	5.82072e-05	17180	0.750007	FALSE	NA	NA	NA	NA	NA	NA
NC_045512.2	21174	A	C	17178	7168	49	1	0	24	5.82072e-05	17180	1	FALSE	NA	NA	NA	NA	NA	NA
NC_045512.2	21175	G	T	17231	7139	48	1	0	24	5.80316e-05	17232	1	FALSE	NA	NA	NA	NA	NA	NA
NC_045512.2	21176	A	T	18112	8585	50	1	0	40	5.51907e-05	18119	0.749938	FALSE	NA	NA	NA	NA	NA	NA
NC_045512.2	21176	A	G	18112	8585	50	2	2	32	0.000110381	18119	0.99998	FALSE	NA	NA	NA	NA	NA	NA
NC_045512.2	21176	A	C	18112	8585	50	4	0	28	0.000220763	18119	1	FALSE	NA	NA	NA	NA	NA	NA
NC_045512.2	21177	A	G	18104	8637	50	3	2	64	0.000165663	18109	0.124979	FALSE	NA	NA	NA	NA	NA	NA
NC_045512.2	21177	A	C	18104	8637	50	2	0	32	0.000110442	18109	0.99998	FALSE	NA	NA	NA	NA	NA	NA
NC_045512.2	21178	C	G	18717	9617	51	1	0	24	5.34245e-05	18718	1	FALSE	NA	NA	NA	NA	NA	NA
NC_045512.2	21179	A	G	18657	9590	51	2	2	44	0.000107181	18660	0.5	FALSE	NA	NA	NA	NA	NA	NA
NC_045512.2	21179	A	C	18657	9590	51	1	0	24	5.35906e-05	18660	1	FALSE	NA	NA	NA	NA	NA	NA
NC_045512.2	21181	T	C	18761	9674	51	1	0	40	5.32964e-05	18763	0.750007	FALSE	NA	NA	NA	NA	NA	NA
NC_045512.2	21181	T	A	18761	9674	51	1	0	40	5.32964e-05	18763	0.750007	FALSE	NA	NA	NA	NA	NA	NA
NC_045512.2	21183	T	G	18793	9811	51	1	1	24	5.32056e-05	18795	1	FALSE	NA	NA	NA	NA	NA	NA
NC_045512.2	21183	T	C	18793	9811	51	1	1	40	5.32056e-05	18795	0.750007	FALSE	NA	NA	NA	NA	NA	NA
NC_045512.2	21184	T	G	18762	9786	51	4	3	28	0.000213151	18766	1	FALSE	NA	NA	NA	NA	NA	NA
NC_045512.2	21185	G	T	18486	9624	50	9	9	26	0.000486618	18495	1	FALSE	NA	NA	NA	NA	NA	NA
NC_045512.2	21187	A	G	18010	10448	50	2	1	32	0.000111037	18012	0.99998	FALSE	NA	NA	NA	NA	NA	NA
NC_045512.2	21188	A	G	18123	10462	50	3	2	40	0.000165508	18126	0.31251	FALSE	NA	NA	NA	NA	NA	NA
NC_045512.2	21189	T	G	17851	10265	50	3	3	24	0.000167992	17858	1	FALSE	NA	NA	NA	NA	NA	NA
NC_045512.2	21189	T	C	17851	10265	50	3	1	40	0.000167992	17858	0.312426	FALSE	NA	NA	NA	NA	NA	NA
NC_045512.2	21189	T	A	17851	10265	50	1	0	40	5.59973e-05	17858	0.749937	FALSE	NA	NA	NA	NA	NA	NA
NC_045512.2	21190	G	A	18002	10418	50	1	1	40	5.55463e-05	18003	0.750021	FALSE	NA	NA	NA	NA	NA	NA
NC_045512.2	21191	C	T	17915	10472	49	1	0	40	5.5816e-05	17916	0.750021	FALSE	NA	NA	NA	NA	NA	NA
NC_045512.2	21192	T	G	17849	10386	50	2	2	24	0.000112013	17855	1	FALSE	NA	NA	NA	NA	NA	NA
NC_045512.2	21192	T	C	17849	10386	50	4	1	46	0.000224027	17855	0.187465	FALSE	NA	NA	NA	NA	NA	NA
NC_045512.2	21193	G	C	18024	10480	49	1	1	40	5.54754e-05	18026	0.750007	FALSE	NA	NA	NA	NA	NA	NA
NC_045512.2	21193	G	A	18024	10480	49	1	0	80	5.54754e-05	18026	0.5	FALSE	NA	NA	NA	NA	NA	NA
NC_045512.2	21193	G	-AT	18024	10480	49	2	0	20	0.000110951	18026	1	FALSE	NA	NA	NA	NA	NA	NA
NC_045512.2	21194	A	G	18129	10664	50	2	1	44	0.000110308	18131	0.5	FALSE	NA	NA	NA	NA	NA	NA
NC_045512.2	21194	A	-TC	18129	10664	50	1836	0	20	0.101257	18132	0	TRUE	NA	NA	NA	NA	NA	NA
NC_045512.2	21195	T	G	16244	9641	49	1	1	40	6.15574e-05	16245	0.722171	FALSE	NA	NA	NA	NA	NA	NA
NC_045512.2	21196	C	T	15967	9769	49	68	2	40	0.00423307	16064	2.39912e-21	TRUE	NA	NA	NA	NA	NA	NA
NC_045512.2	21196	C	G	15967	9769	49	1	1	24	6.2251e-05	16064	1	FALSE	NA	NA	NA	NA	NA	NA
NC_045512.2	21196	C	A	15967	9769	49	28	24	39	0.00174303	16064	0.0302624	FALSE	NA	NA	NA	NA	NA	NA
NC_045512.2	21197	T	G	17866	10900	49	2	2	24	0.000111932	17868	1	FALSE	NA	NA	NA	NA	NA	NA
NC_045512.2	21198	T	G	17988	10900	49	4	3	42	0.000222284	17995	0.187448	FALSE	NA	NA	NA	NA	NA	NA
NC_045512.2	21198	T	C	17988	10900	49	3	2	40	0.000166713	17995	0.312427	FALSE	NA	NA	NA	NA	NA	NA
NC_045512.2	21199	T	G	17913	10835	49	1	1	24	5.5816e-05	17916	1	FALSE	NA	NA	NA	NA	NA	NA
NC_045512.2	21199	T	C	17913	10835	49	2	2	32	0.000111632	17916	0.999962	FALSE	NA	NA	NA	NA	NA	NA
NC_045512.2	21201	T	G	17618	11043	48	12	11	26	0.000680542	17633	1	FALSE	NA	NA	NA	NA	NA	NA
NC_045512.2	21201	T	C	17618	11043	48	3	2	48	0.000170136	17633	0.312255	FALSE	NA	NA	NA	NA	NA	NA
NC_045512.2	21202	A	G	17337	11472	47	2	1	40	0.000115334	17341	0.499978	FALSE	NA	NA	NA	NA	NA	NA
NC_045512.2	21202	A	C	17337	11472	47	2	0	24	0.000115334	17341	1	FALSE	NA	NA	NA	NA	NA	NA
NC_045512.2	21203	A	T	17263	11403	47	1	1	40	5.79139e-05	17267	0.749978	FALSE	NA	NA	NA	NA	NA	NA
NC_045512.2	21203	A	G	17263	11403	47	2	1	56	0.000115828	17267	0.249978	FALSE	NA	NA	NA	NA	NA	NA
NC_045512.2	21203	A	C	17263	11403	47	1	1	40	5.79139e-05	17267	0.749978	FALSE	NA	NA	NA	NA	NA	NA
NC_045512.2	21204	G	A	17378	11399	47	1	1	24	5.75407e-05	17379	1	FALSE	NA	NA	NA	NA	NA	NA
NC_045512.2	21205	C	T	17751	11987	48	2	2	40	0.000112657	17753	0.500021	FALSE	NA	NA	NA	NA	NA	NA
NC_045512.2	21206	T	G	17596	11839	48	2	2	24	0.000113623	17602	1	FALSE	NA	NA	NA	NA	NA	NA
NC_045512.2	21206	T	C	17596	11839	48	3	0	40	0.000170435	17602	0.312447	FALSE	NA	NA	NA	NA	NA	NA
NC_045512.2	21206	T	A	17596	11839	48	1	0	64	5.68117e-05	17602	0.499943	FALSE	NA	NA	NA	NA	NA	NA
NC_045512.2	21207	C	T	17326	11998	47	1	1	40	5.77101e-05	17328	0.750007	FALSE	NA	NA	NA	NA	NA	NA
NC_045512.2	21207	C	G	17326	11998	47	1	1	24	5.77101e-05	17328	1	FALSE	NA	NA	NA	NA	NA	NA
NC_045512.2	21208	A	G	17354	12037	47	1	1	40	5.76136e-05	17357	0.749993	FALSE	NA	NA	NA	NA	NA	NA
NC_045512.2	21208	A	C	17354	12037	47	2	0	32	0.000115227	17357	0.999962	FALSE	NA	NA	NA	NA	NA	NA
NC_045512.2	21209	T	G	17455	12171	47	4	4	24	0.000229108	17459	1	FALSE	NA	NA	NA	NA	NA	NA
NC_045512.2	21209	T	-G	17455	12171	47	1	0	20	5.7277e-05	17459	1	FALSE	NA	NA	NA	NA	NA	NA
NC_045512.2	21210	G	T	13911	8521	39	121	121	25	0.00862253	14033	0.89314	FALSE	NA	NA	NA	NA	NA	NA
NC_045512.2	21210	G	A	13911	8521	39	1	1	40	7.12606e-05	14033	0.747839	FALSE	NA	NA	NA	NA	NA	NA
NC_045512.2	21211	G	A	17639	12363	47	1	0	24	5.66893e-05	17640	1	FALSE	NA	NA	NA	NA	NA	NA
NC_045512.2	21213	A	G	17451	12246	47	3	3	53	0.00017188	17454	0.125	FALSE	NA	NA	NA	NA	NA	NA
NC_045512.2	21214	C	T	17744	12863	47	3	3	34	0.000169033	17748	0.999799	FALSE	NA	NA	NA	NA	NA	NA
NC_045512.2	21214	C	G	17744	12863	47	1	1	40	5.63444e-05	17748	0.749979	FALSE	NA	NA	NA	NA	NA	NA
NC_045512.2	21215	A	C	18332	13600	47	1	0	32	5.45464e-05	18333	0.999998	FALSE	NA	NA	NA	NA	NA	NA
NC_045512.2	21216	C	T	18268	13563	47	1	1	80	5.47285e-05	18272	0.499973	FALSE	NA	NA	NA	NA	NA	NA
NC_045512.2	21216	C	A	18268	13563	47	3	3	29	0.000164186	18272	1	FALSE	NA	NA	NA	NA	NA	NA
NC_045512.2	21217	T	G	18045	13348	47	7	7	24	0.000387747	18053	1	FALSE	NA	NA	NA	NA	NA	NA
NC_045512.2	21217	T	C	18045	13348	47	1	1	40	5.53925e-05	18053	0.749924	FALSE	NA	NA	NA	NA	NA	NA
NC_045512.2	21218	T	G	18132	13421	47	5	5	24	0.000275664	18138	1	FALSE	NA	NA	NA	NA	NA	NA
NC_045512.2	21218	T	C	18132	13421	47	1	1	80	5.51329e-05	18138	0.499945	FALSE	NA	NA	NA	NA	NA	NA
NC_045512.2	21219	C	A	17963	13466	45	7	0	27	0.000389538	17970	1	FALSE	NA	NA	NA	NA	NA	NA
NC_045512.2	21220	G	C	18128	13426	47	1	1	40	5.51481e-05	18133	0.749966	FALSE	NA	NA	NA	NA	NA	NA
NC_045512.2	21220	G	A	18128	13426	47	4	3	32	0.000220592	18133	0.999574	FALSE	NA	NA	NA	NA	NA	NA
NC_045512.2	21221	C	A	18447	13947	47	1	0	40	5.42064e-05	18448	0.75002	FALSE	NA	NA	NA	NA	NA	NA
NC_045512.2	21222	A	G	18563	13989	48	1	1	24	5.38648e-05	18565	1	FALSE	NA	NA	NA	NA	NA	NA
NC_045512.2	21222	A	C	18563	13989	48	1	0	32	5.38648e-05	18565	0.999998	FALSE	NA	NA	NA	NA	NA	NA
NC_045512.2	21223	T	G	18604	14073	48	6	6	29	0.000322407	18610	1	FALSE	NA	NA	NA	NA	NA	NA
NC_045512.2	21224	G	T	18717	14196	48	1	1	24	5.34217e-05	18719	1	FALSE	NA	NA	NA	NA	NA	NA
NC_045512.2	21224	G	C	18717	14196	48	1	1	24	5.34217e-05	18719	1	FALSE	NA	NA	NA	NA	NA	NA
NC_045512.2	21225	G	T	18743	14093	47	2	2	24	0.000106689	18746	1	FALSE	NA	NA	NA	NA	NA	NA
NC_045512.2	21225	G	A	18743	14093	47	1	1	40	5.33447e-05	18746	0.749993	FALSE	NA	NA	NA	NA	NA	NA
NC_045512.2	21226	T	G	18937	14412	48	7	7	28	0.00036951	18944	1	FALSE	NA	NA	NA	NA	NA	NA
NC_045512.2	21227	G	A	19248	14703	49	1	1	24	5.19508e-05	19249	1	FALSE	NA	NA	NA	NA	NA	NA
NC_045512.2	21228	G	T	19207	14670	48	4	4	28	0.000208203	19212	1	FALSE	NA	NA	NA	NA	NA	NA
NC_045512.2	21228	G	C	19207	14670	48	1	1	40	5.20508e-05	19212	0.749967	FALSE	NA	NA	NA	NA	NA	NA
NC_045512.2	21229	A	G	19207	14692	48	3	3	34	0.000156169	19210	0.99994	FALSE	NA	NA	NA	NA	NA	NA
NC_045512.2	21230	C	T	19168	14678	48	3	2	34	0.000156478	19172	0.99994	FALSE	NA	NA	NA	NA	NA	NA
NC_045512.2	21230	C	A	19168	14678	48	1	0	24	5.21594e-05	19172	1	FALSE	NA	NA	NA	NA	NA	NA
NC_045512.2	21231	A	G	19148	14644	48	2	2	38	0.000104433	19151	0.99999	FALSE	NA	NA	NA	NA	NA	NA
NC_045512.2	21231	A	C	19148	14644	48	1	1	40	5.22166e-05	19151	0.749993	FALSE	NA	NA	NA	NA	NA	NA
NC_045512.2	21232	G	T	19295	14690	48	1	1	40	5.18215e-05	19297	0.750006	FALSE	NA	NA	NA	NA	NA	NA
NC_045512.2	21232	G	A	19295	14690	48	1	1	40	5.18215e-05	19297	0.750006	FALSE	NA	NA	NA	NA	NA	NA
NC_045512.2	21233	C	T	19986	15772	49	2	2	32	0.000100055	19989	0.99999	FALSE	NA	NA	NA	NA	NA	NA
NC_045512.2	21233	C	G	19986	15772	49	1	0	40	5.00275e-05	19989	0.749994	FALSE	NA	NA	NA	NA	NA	NA
NC_045512.2	21234	C	T	19666	15583	48	1	1	80	5.08414e-05	19669	0.499987	FALSE	NA	NA	NA	NA	NA	NA
NC_045512.2	21234	C	G	19666	15583	48	1	1	40	5.08414e-05	19669	0.749994	FALSE	NA	NA	NA	NA	NA	NA
NC_045512.2	21234	C	A	19666	15583	48	1	1	40	5.08414e-05	19669	0.749994	FALSE	NA	NA	NA	NA	NA	NA
NC_045512.2	21235	T	G	19403	15255	49	2	1	28	0.000103061	19406	1	FALSE	NA	NA	NA	NA	NA	NA
NC_045512.2	21235	T	C	19403	15255	49	1	1	40	5.15305e-05	19406	0.749994	FALSE	NA	NA	NA	NA	NA	NA
NC_045512.2	21236	T	G	20267	16556	49	5	5	25	0.000246621	20274	1	FALSE	NA	NA	NA	NA	NA	NA
NC_045512.2	21236	T	C	20267	16556	49	2	1	36	9.86485e-05	20274	0.999995	FALSE	NA	NA	NA	NA	NA	NA
NC_045512.2	21237	T	G	20412	16738	50	12	12	29	0.000587544	20424	1	FALSE	NA	NA	NA	NA	NA	NA
NC_045512.2	21238	G	T	20587	16919	50	2	2	24	9.71392e-05	20589	1	FALSE	NA	NA	NA	NA	NA	NA
NC_045512.2	21239	T	G	20648	16991	50	5	5	27	0.000242084	20654	1	FALSE	NA	NA	NA	NA	NA	NA
NC_045512.2	21239	T	C	20648	16991	50	1	1	40	4.84168e-05	20654	0.874973	FALSE	NA	NA	NA	NA	NA	NA
NC_045512.2	21240	T	G	20364	16962	49	14	14	25	0.000686982	20379	1	FALSE	NA	NA	NA	NA	NA	NA
NC_045512.2	21240	T	C	20364	16962	49	1	1	40	4.90701e-05	20379	0.87489	FALSE	NA	NA	NA	NA	NA	NA
NC_045512.2	21240	T	-A	20364	16962	49	1	0	20	4.90701e-05	20379	1	FALSE	NA	NA	NA	NA	NA	NA
NC_045512.2	21241	A	T	20575	17401	50	1	1	40	4.85909e-05	20580	0.874973	FALSE	NA	NA	NA	NA	NA	NA
NC_045512.2	21241	A	G	20575	17401	50	1	1	40	4.85909e-05	20580	0.874973	FALSE	NA	NA	NA	NA	NA	NA
NC_045512.2	21241	A	C	20575	17401	50	3	1	29	0.000145773	20580	1	FALSE	NA	NA	NA	NA	NA	NA
NC_045512.2	21242	C	T	20449	17367	49	1	1	40	4.88926e-05	20453	0.874991	FALSE	NA	NA	NA	NA	NA	NA
NC_045512.2	21242	C	G	20449	17367	49	3	3	34	0.000146678	20453	0.999967	FALSE	NA	NA	NA	NA	NA	NA
NC_045512.2	21243	T	G	20297	17245	49	10	10	24	0.000492417	20308	1	FALSE	NA	NA	NA	NA	NA	NA
NC_045512.2	21243	T	C	20297	17245	49	1	1	24	4.92417e-05	20308	1	FALSE	NA	NA	NA	NA	NA	NA
NC_045512.2	21244	A	G	20735	17732	50	2	1	32	9.6446e-05	20737	0.999995	FALSE	NA	NA	NA	NA	NA	NA
NC_045512.2	21245	A	G	20665	17716	50	1	1	40	4.83887e-05	20666	0.875018	FALSE	NA	NA	NA	NA	NA	NA
NC_045512.2	21246	T	G	20529	17578	50	9	9	25	0.000438212	20538	1	FALSE	NA	NA	NA	NA	NA	NA
NC_045512.2	21247	G	T	20759	17799	50	1	1	24	4.81696e-05	20760	1	FALSE	NA	NA	NA	NA	NA	NA
NC_045512.2	21248	T	G	20284	17340	50	10	10	25	0.000492732	20295	1	FALSE	NA	NA	NA	NA	NA	NA
NC_045512.2	21248	T	C	20284	17340	50	1	1	40	4.92732e-05	20295	0.874926	FALSE	NA	NA	NA	NA	NA	NA
NC_045512.2	21249	G	T	20518	17579	50	2	2	32	9.74659e-05	20520	0.999995	FALSE	NA	NA	NA	NA	NA	NA
NC_045512.2	21250	A	T	20434	17548	50	1	1	40	4.89285e-05	20438	0.874991	FALSE	NA	NA	NA	NA	NA	NA
NC_045512.2	21250	A	G	20434	17548	50	2	1	30	9.78569e-05	20438	0.999995	FALSE	NA	NA	NA	NA	NA	NA
NC_045512.2	21250	A	C	20434	17548	50	1	0	32	4.89285e-05	20438	1	FALSE	NA	NA	NA	NA	NA	NA
NC_045512.2	21252	T	G	20174	17320	49	12	12	28	0.000594471	20186	1	FALSE	NA	NA	NA	NA	NA	NA
NC_045512.2	21254	C	T	20187	17363	49	2	2	40	9.90638e-05	20189	0.687528	FALSE	NA	NA	NA	NA	NA	NA
NC_045512.2	21255	G	T	19874	17025	48	7	7	25	0.000352095	19881	1	FALSE	NA	NA	NA	NA	NA	NA
NC_045512.2	21256	T	G	19962	17123	50	2	2	32	0.00010015	19970	0.99999	FALSE	NA	NA	NA	NA	NA	NA
NC_045512.2	21256	T	C	19962	17123	50	6	4	53	0.000300451	19970	0.0156168	FALSE	NA	NA	NA	NA	NA	NA
NC_045512.2	21257	C	T	20046	17223	50	1	0	32	4.98828e-05	20047	1	FALSE	NA	NA	NA	NA	NA	NA
NC_045512.2	21258	A	G	20066	17244	50	1	0	80	4.98331e-05	20067	0.500012	FALSE	NA	NA	NA	NA	NA	NA
NC_045512.2	21259	T	G	19916	17119	50	4	4	28	0.000200783	19922	1	FALSE	NA	NA	NA	NA	NA	NA
NC_045512.2	21259	T	C	19916	17119	50	2	2	40	0.000100392	19922	0.499944	FALSE	NA	NA	NA	NA	NA	NA
NC_045512.2	21261	A	G	20033	17259	50	2	2	36	9.98203e-05	20036	0.999995	FALSE	NA	NA	NA	NA	NA	NA
NC_045512.2	21261	A	C	20033	17259	50	1	0	24	4.99102e-05	20036	1	FALSE	NA	NA	NA	NA	NA	NA
NC_045512.2	21262	T	G	19825	17050	49	5	5	24	0.000252131	19831	1	FALSE	NA	NA	NA	NA	NA	NA
NC_045512.2	21262	T	C	19825	17050	49	1	1	36	5.04261e-05	19831	0.999999	FALSE	NA	NA	NA	NA	NA	NA
NC_045512.2	21264	T	G	19326	16665	49	9	9	24	0.000465477	19335	1	FALSE	NA	NA	NA	NA	NA	NA
NC_045512.2	21265	G	T	18527	15857	44	21	21	25	0.0011322	18548	1	FALSE	NA	NA	NA	NA	NA	NA
NC_045512.2	21266	A	G	19701	17061	49	1	1	40	5.07537e-05	19703	0.750006	FALSE	NA	NA	NA	NA	NA	NA
NC_045512.2	21266	A	C	19701	17061	49	1	0	32	5.07537e-05	19703	0.999999	FALSE	NA	NA	NA	NA	NA	NA
NC_045512.2	21267	A	G	19653	17079	49	3	2	29	0.000152625	19656	1	FALSE	NA	NA	NA	NA	NA	NA
NC_045512.2	21268	G	T	19695	17120	49	1	0	80	5.07717e-05	19696	0.500013	FALSE	NA	NA	NA	NA	NA	NA
NC_045512.2	21270	A	G	19412	16855	49	1	1	40	5.15119e-05	19413	0.750019	FALSE	NA	NA	NA	NA	NA	NA
NC_045512.2	21270	A	-T	19412	16855	49	1	0	20	5.15119e-05	19413	1	FALSE	NA	NA	NA	NA	NA	NA
NC_045512.2	21271	T	G	19257	16701	49	2	2	40	0.000103848	19259	0.5	FALSE	NA	NA	NA	NA	NA	NA
NC_045512.2	21272	T	G	19204	16666	49	3	3	29	0.000156193	19207	1	FALSE	NA	NA	NA	NA	NA	NA
NC_045512.2	21273	T	G	19160	16946	48	6	6	24	0.000313022	19168	1	FALSE	NA	NA	NA	NA	NA	NA
NC_045512.2	21273	T	C	19160	16946	48	2	2	32	0.000104341	19168	0.99999	FALSE	NA	NA	NA	NA	NA	NA
NC_045512.2	21274	T	G	19090	16883	47	5	5	24	0.000261849	19095	1	FALSE	NA	NA	NA	NA	NA	NA
NC_045512.2	21275	T	G	18821	16650	46	5	5	27	0.000265576	18827	1	FALSE	NA	NA	NA	NA	NA	NA
NC_045512.2	21275	T	C	18821	16650	46	1	1	40	5.31152e-05	18827	0.749954	FALSE	NA	NA	NA	NA	NA	NA
NC_045512.2	21277	A	G	19258	17107	47	3	3	29	0.000155755	19261	1	FALSE	NA	NA	NA	NA	NA	NA
NC_045512.2	21278	T	G	18888	16758	46	6	6	32	0.000317528	18896	0.996702	FALSE	NA	NA	NA	NA	NA	NA
NC_045512.2	21278	T	C	18888	16758	46	2	2	32	0.000105843	18896	0.99998	FALSE	NA	NA	NA	NA	NA	NA
NC_045512.2	21279	T	G	18728	16599	46	13	13	27	0.000693592	18743	1	FALSE	NA	NA	NA	NA	NA	NA
NC_045512.2	21279	T	C	18728	16599	46	2	2	40	0.000106707	18743	0.49976	FALSE	NA	NA	NA	NA	NA	NA
NC_045512.2	21279	T	-GGATGTAATTA	18728	16599	46	1	0	20	5.33533e-05	18743	1	FALSE	NA	NA	NA	NA	NA	NA
NC_045512.2	21282	A	T	19122	17050	47	1	0	80	5.22876e-05	19125	0.499974	FALSE	NA	NA	NA	NA	NA	NA
NC_045512.2	21282	A	G	19122	17050	47	2	2	40	0.000104575	19125	0.49998	FALSE	NA	NA	NA	NA	NA	NA
NC_045512.2	21283	T	G	18872	16871	47	9	9	25	0.000476644	18882	1	FALSE	NA	NA	NA	NA	NA	NA
NC_045512.2	21283	T	A	18872	16871	47	1	1	40	5.29605e-05	18882	0.749887	FALSE	NA	NA	NA	NA	NA	NA
NC_045512.2	21284	G	T	18918	16916	45	2	2	32	0.000105708	18920	0.99998	FALSE	NA	NA	NA	NA	NA	NA
NC_045512.2	21285	T	G	18901	16904	46	3	3	24	0.000158697	18904	1	FALSE	NA	NA	NA	NA	NA	NA
NC_045512.2	21285	T	-A	18901	16904	46	1	0	20	5.28961e-05	18905	1	FALSE	NA	NA	NA	NA	NA	NA
NC_045512.2	21286	A	G	19139	17156	47	2	1	24	0.000104488	19141	1	FALSE	NA	NA	NA	NA	NA	NA
NC_045512.2	21287	A	G	19120	17150	47	3	3	34	0.000156879	19123	0.99994	FALSE	NA	NA	NA	NA	NA	NA
NC_045512.2	21288	T	G	18986	17103	46	6	6	24	0.000315922	18992	1	FALSE	NA	NA	NA	NA	NA	NA
NC_045512.2	21289	T	G	18780	16900	46	5	5	28	0.000266127	18788	1	FALSE	NA	NA	NA	NA	NA	NA
NC_045512.2	21289	T	C	18780	16900	46	3	3	40	0.000159676	18788	0.31239	FALSE	NA	NA	NA	NA	NA	NA
NC_045512.2	21290	A	G	18740	16887	47	1	1	24	5.33589e-05	18741	1	FALSE	NA	NA	NA	NA	NA	NA
NC_045512.2	21291	T	G	18517	16663	46	3	3	29	0.000161987	18520	1	FALSE	NA	NA	NA	NA	NA	NA
NC_045512.2	21293	T	G	17640	15958	46	9	9	24	0.000509944	17649	1	FALSE	NA	NA	NA	NA	NA	NA
NC_045512.2	21294	T	G	17539	15867	46	3	3	29	0.000171018	17542	1	FALSE	NA	NA	NA	NA	NA	NA
NC_045512.2	21295	G	A	17354	15689	44	2	2	40	0.000115234	17356	0.500022	FALSE	NA	NA	NA	NA	NA	NA
NC_045512.2	21296	G	T	17705	16136	46	1	1	24	5.64748e-05	17707	1	FALSE	NA	NA	NA	NA	NA	NA
NC_045512.2	21296	G	A	17705	16136	46	1	1	40	5.64748e-05	17707	0.750007	FALSE	NA	NA	NA	NA	NA	NA
NC_045512.2	21297	C	T	17631	16084	46	1	1	24	5.67086e-05	17634	1	FALSE	NA	NA	NA	NA	NA	NA
NC_045512.2	21297	C	G	17631	16084	46	2	2	40	0.000113417	17634	0.5	FALSE	NA	NA	NA	NA	NA	NA
NC_045512.2	21298	A	G	17639	16098	46	1	1	24	5.66893e-05	17640	1	FALSE	NA	NA	NA	NA	NA	NA
NC_045512.2	21299	A	G	17583	16045	46	2	2	32	0.000113733	17585	0.999962	FALSE	NA	NA	NA	NA	NA	NA
NC_045512.2	21301	C	G	17577	16065	46	1	1	40	5.68893e-05	17578	0.750021	FALSE	NA	NA	NA	NA	NA	NA
NC_045512.2	21302	C	T	15460	14140	46	1725	1557	44	0.100372	17186	0	TRUE	NA	NA	NA	NA	NA	NA
NC_045512.2	21302	C	G	15460	14140	46	1	1	40	5.81869e-05	17186	0.722906	FALSE	NA	NA	NA	NA	NA	NA
NC_045512.2	21303	A	G	17180	15700	46	1	1	40	5.81971e-05	17183	0.749993	FALSE	NA	NA	NA	NA	NA	NA
NC_045512.2	21303	A	C	17180	15700	46	2	1	32	0.000116394	17183	0.999962	FALSE	NA	NA	NA	NA	NA	NA
NC_045512.2	21304	C	G	15260	13989	45	1	1	24	5.87061e-05	17034	1	FALSE	NA	NA	NA	NA	NA	NA
NC_045512.2	21304	C	A	15260	13989	45	1773	1606	46	0.104086	17034	0	TRUE	NA	NA	NA	NA	NA	NA
NC_045512.2	21305	G	A	15334	14043	46	1774	1608	46	0.103694	17108	0	TRUE	NA	NA	NA	NA	NA	NA
NC_045512.2	21306	C	T	17038	15583	45	1	0	80	5.86889e-05	17039	0.500015	FALSE	NA	NA	NA	NA	NA	NA
NC_045512.2	21307	G	C	17121	15662	45	1	1	24	5.84044e-05	17122	1	FALSE	NA	NA	NA	NA	NA	NA
NC_045512.2	21308	A	G	17044	15588	46	2	1	60	0.000117316	17048	0.249978	FALSE	NA	NA	NA	NA	NA	NA
NC_045512.2	21308	A	C	17044	15588	46	2	2	40	0.000117316	17048	0.499978	FALSE	NA	NA	NA	NA	NA	NA
NC_045512.2	21309	A	C	17041	15589	46	1	1	40	5.86786e-05	17042	0.750022	FALSE	NA	NA	NA	NA	NA	NA
NC_045512.2	21310	C	A	16950	15634	45	1	1	40	5.89936e-05	16951	0.750022	FALSE	NA	NA	NA	NA	NA	NA
NC_045512.2	21311	A	G	16924	15621	45	2	2	32	0.000118161	16926	0.999928	FALSE	NA	NA	NA	NA	NA	NA
NC_045512.2	21312	A	G	16902	15611	45	3	3	34	0.000177462	16905	0.999637	FALSE	NA	NA	NA	NA	NA	NA
NC_045512.2	21313	A	G	16846	15566	45	5	5	30	0.00029663	16856	0.996404	FALSE	NA	NA	NA	NA	NA	NA
NC_045512.2	21313	A	C	16846	15566	45	5	5	27	0.00029663	16856	1	FALSE	NA	NA	NA	NA	NA	NA
NC_045512.2	21314	T	G	16578	15305	44	14	14	25	0.000843729	16593	1	FALSE	NA	NA	NA	NA	NA	NA
NC_045512.2	21314	T	C	16578	15305	44	1	1	40	6.02664e-05	16593	0.749812	FALSE	NA	NA	NA	NA	NA	NA
NC_045512.2	21315	A	T	16792	15515	45	1	1	40	5.95167e-05	16802	0.749888	FALSE	NA	NA	NA	NA	NA	NA
NC_045512.2	21315	A	G	16792	15515	45	6	6	34	0.0003571	16802	0.991558	FALSE	NA	NA	NA	NA	NA	NA
NC_045512.2	21315	A	C	16792	15515	45	3	3	29	0.00017855	16802	1	FALSE	NA	NA	NA	NA	NA	NA
NC_045512.2	21317	A	G	16373	15167	44	4	3	35	0.000244245	16377	0.998716	FALSE	NA	NA	NA	NA	NA	NA
NC_045512.2	21318	T	G	16290	15133	44	5	5	24	0.000306805	16297	1	FALSE	NA	NA	NA	NA	NA	NA
NC_045512.2	21318	T	C	16290	15133	44	2	1	46	0.000122722	16297	0.499908	FALSE	NA	NA	NA	NA	NA	NA
NC_045512.2	21319	G	T	15752	14631	43	2	2	24	0.000126944	15755	1	FALSE	NA	NA	NA	NA	NA	NA
NC_045512.2	21319	G	C	15752	14631	43	1	1	40	6.34719e-05	15755	0.749992	FALSE	NA	NA	NA	NA	NA	NA
NC_045512.2	21320	G	T	15285	14165	42	9	9	24	0.000588428	15295	1	FALSE	NA	NA	NA	NA	NA	NA
NC_045512.2	21320	G	C	15285	14165	42	1	1	32	6.53808e-05	15295	0.999985	FALSE	NA	NA	NA	NA	NA	NA
NC_045512.2	21321	T	G	15320	14271	44	2	2	32	0.000130531	15322	0.999863	FALSE	NA	NA	NA	NA	NA	NA
NC_045512.2	21322	T	G	15108	14072	44	3	3	29	0.000198518	15112	1	FALSE	NA	NA	NA	NA	NA	NA
NC_045512.2	21322	T	C	15108	14072	44	1	1	40	6.61726e-05	15112	0.749975	FALSE	NA	NA	NA	NA	NA	NA
NC_045512.2	21324	T	G	15023	14021	44	3	3	29	0.000199641	15027	1	FALSE	NA	NA	NA	NA	NA	NA
NC_045512.2	21324	T	C	15023	14021	44	1	1	24	6.65469e-05	15027	1	FALSE	NA	NA	NA	NA	NA	NA
NC_045512.2	21325	G	T	14898	13896	43	3	3	24	0.000201329	14901	1	FALSE	NA	NA	NA	NA	NA	NA
NC_045512.2	21326	T	G	14854	13874	44	1	1	24	6.73174e-05	14855	1	FALSE	NA	NA	NA	NA	NA	NA
NC_045512.2	21327	C	T	13275	12349	44	1	1	40	7.53239e-05	13276	0.750028	FALSE	NA	NA	NA	NA	NA	NA
NC_045512.2	21328	A	G	13175	12255	44	1	0	80	7.58956e-05	13176	0.500019	FALSE	NA	NA	NA	NA	NA	NA
NC_045512.2	21329	T	G	11443	10584	44	3	3	24	0.000262077	11447	1	FALSE	NA	NA	NA	NA	NA	NA
NC_045512.2	21329	T	C	11443	10584	44	1	1	40	8.73591e-05	11447	0.749967	FALSE	NA	NA	NA	NA	NA	NA
NC_045512.2	21330	G	A	11500	10643	44	1	1	24	8.6949e-05	11501	1	FALSE	NA	NA	NA	NA	NA	NA
NC_045512.2	21331	C	G	11458	10651	44	1	1	24	8.72676e-05	11459	1	FALSE	NA	NA	NA	NA	NA	NA
NC_045512.2	21332	A	G	11344	10544	44	3	3	34	0.000264387	11347	0.993546	FALSE	NA	NA	NA	NA	NA	NA
NC_045512.2	21333	T	G	11169	10386	44	1	1	24	8.95175e-05	11171	1	FALSE	NA	NA	NA	NA	NA	NA
NC_045512.2	21333	T	C	11169	10386	44	1	1	24	8.95175e-05	11171	1	FALSE	NA	NA	NA	NA	NA	NA
NC_045512.2	21334	G	A	11170	10392	44	3	3	40	0.000268504	11173	0.312517	FALSE	NA	NA	NA	NA	NA	NA
NC_045512.2	21335	C	T	11138	10361	44	1	1	40	8.97424e-05	11143	0.749944	FALSE	NA	NA	NA	NA	NA	NA
NC_045512.2	21335	C	G	11138	10361	44	4	4	36	0.00035897	11143	0.982452	FALSE	NA	NA	NA	NA	NA	NA
NC_045512.2	21336	A	G	11093	10321	44	1	1	40	9.01388e-05	11094	0.750034	FALSE	NA	NA	NA	NA	NA	NA
NC_045512.2	21337	A	G	11097	10323	44	1	1	40	9.01063e-05	11098	0.750034	FALSE	NA	NA	NA	NA	NA	NA
NC_045512.2	21338	A	G	11060	10287	44	1	1	40	9.04077e-05	11061	0.750034	FALSE	NA	NA	NA	NA	NA	NA
NC_045512.2	21339	T	C	10951	10215	43	1	1	40	9.13075e-05	10952	0.750034	FALSE	NA	NA	NA	NA	NA	NA
NC_045512.2	21340	T	G	10883	10151	44	3	3	29	0.000275533	10888	1	FALSE	NA	NA	NA	NA	NA	NA
NC_045512.2	21340	T	C	10883	10151	44	2	2	40	0.000183688	10888	0.499931	FALSE	NA	NA	NA	NA	NA	NA
NC_045512.2	21341	A	G	10943	10215	44	5	5	33	0.000456704	10948	0.940849	FALSE	NA	NA	NA	NA	NA	NA
NC_045512.2	21342	C	A	10915	10199	44	3	3	40	0.000274776	10918	0.312517	FALSE	NA	NA	NA	NA	NA	NA
NC_045512.2	21343	A	G	10928	10206	44	1	1	40	9.14997e-05	10929	0.750034	FALSE	NA	NA	NA	NA	NA	NA
NC_045512.2	21344	T	G	10841	10160	43	2	2	24	0.000184451	10843	1	FALSE	NA	NA	NA	NA	NA	NA
NC_045512.2	21346	T	G	10473	9826	43	3	3	29	0.000286342	10477	1	FALSE	NA	NA	NA	NA	NA	NA
NC_045512.2	21346	T	C	10473	9826	43	1	1	24	9.54472e-05	10477	1	FALSE	NA	NA	NA	NA	NA	NA
NC_045512.2	21347	T	G	10331	9707	43	3	3	24	0.000290304	10334	1	FALSE	NA	NA	NA	NA	NA	NA
NC_045512.2	21348	T	G	10181	9566	43	3	3	24	0.00029458	10184	1	FALSE	NA	NA	NA	NA	NA	NA
NC_045512.2	21349	T	G	10188	9627	43	1	1	24	9.81354e-05	10190	1	FALSE	NA	NA	NA	NA	NA	NA
NC_045512.2	21349	T	C	10188	9627	43	1	1	40	9.81354e-05	10190	0.750012	FALSE	NA	NA	NA	NA	NA	NA
NC_045512.2	21350	G	T	10087	9535	40	1	1	24	9.91179e-05	10089	1	FALSE	NA	NA	NA	NA	NA	NA
NC_045512.2	21350	G	A	10087	9535	40	1	1	40	9.91179e-05	10089	0.750012	FALSE	NA	NA	NA	NA	NA	NA
NC_045512.2	21351	G	T	7133	6548	32	93	93	25	0.0128684	7227	0.0585473	FALSE	NA	NA	NA	NA	NA	NA
NC_045512.2	21351	G	A	7133	6548	32	1	1	40	0.00013837	7227	0.496797	FALSE	NA	NA	NA	NA	NA	NA
NC_045512.2	21352	A	G	10234	9680	43	4	4	35	0.000390625	10240	0.971343	FALSE	NA	NA	NA	NA	NA	NA
NC_045512.2	21352	A	C	10234	9680	43	2	2	32	0.000195313	10240	0.996829	FALSE	NA	NA	NA	NA	NA	NA
NC_045512.2	21352	A	-G	10234	9680	43	1	0	20	9.76563e-05	10240	1	FALSE	NA	NA	NA	NA	NA	NA
NC_045512.2	21353	G	T	10072	9519	42	2	2	24	0.000198531	10074	1	FALSE	NA	NA	NA	NA	NA	NA
NC_045512.2	21355	A	G	9478	9016	43	3	1	66	0.000316422	9481	0.125	FALSE	NA	NA	NA	NA	NA	NA
NC_045512.2	21356	A	G	13085	9278	42	1	1	40	7.64117e-05	13087	0.75001	FALSE	NA	NA	NA	NA	NA	NA
NC_045512.2	21356	A	C	13085	9278	42	1	0	24	7.64117e-05	13087	1	FALSE	NA	NA	NA	NA	NA	NA
NC_045512.2	21357	T	G	13214	9193	42	5	4	30	0.000378243	13219	0.984592	FALSE	NA	NA	NA	NA	NA	NA
NC_045512.2	21358	A	C	13281	9318	42	1	0	24	7.52899e-05	13282	1	FALSE	NA	NA	NA	NA	NA	NA
NC_045512.2	21359	C	T	13295	9324	42	1	1	40	7.52049e-05	13297	0.750009	FALSE	NA	NA	NA	NA	NA	NA
NC_045512.2	21359	C	G	13295	9324	42	1	1	24	7.52049e-05	13297	1	FALSE	NA	NA	NA	NA	NA	NA
NC_045512.2	21360	A	G	12908	8969	42	1	1	80	7.74593e-05	12910	0.5	FALSE	NA	NA	NA	NA	NA	NA
NC_045512.2	21360	A	C	12908	8969	42	1	1	40	7.74593e-05	12910	0.75001	FALSE	NA	NA	NA	NA	NA	NA
NC_045512.2	21362	A	T	13285	8907	42	1	1	80	7.52389e-05	13291	0.499925	FALSE	NA	NA	NA	NA	NA	NA
NC_045512.2	21362	A	G	13285	8907	42	3	3	34	0.000225717	13291	0.997913	FALSE	NA	NA	NA	NA	NA	NA
NC_045512.2	21362	A	C	13285	8907	42	2	1	24	0.000150478	13291	1	FALSE	NA	NA	NA	NA	NA	NA
NC_045512.2	21363	T	G	13142	8756	41	4	4	24	0.000304229	13148	1	FALSE	NA	NA	NA	NA	NA	NA
NC_045512.2	21363	T	C	13142	8756	41	2	0	40	0.000152114	13148	0.499914	FALSE	NA	NA	NA	NA	NA	NA
NC_045512.2	21364	C	G	13165	8777	42	3	1	34	0.000227825	13168	0.997916	FALSE	NA	NA	NA	NA	NA	NA
NC_045512.2	21366	A	G	11589	7167	42	1	0	24	8.62738e-05	11591	1	FALSE	NA	NA	NA	NA	NA	NA
NC_045512.2	21366	A	C	11589	7167	42	1	0	24	8.62738e-05	11591	1	FALSE	NA	NA	NA	NA	NA	NA
NC_045512.2	21367	A	G	11836	7167	41	3	3	34	0.000253336	11842	0.993537	FALSE	NA	NA	NA	NA	NA	NA
NC_045512.2	21367	A	C	11836	7167	41	3	1	34	0.000253336	11842	0.993537	FALSE	NA	NA	NA	NA	NA	NA
NC_045512.2	21368	T	C	11838	7171	41	1	1	40	8.44666e-05	11839	0.750032	FALSE	NA	NA	NA	NA	NA	NA
NC_045512.2	21369	T	G	11790	7133	41	8	4	30	0.000677909	11801	0.820358	FALSE	NA	NA	NA	NA	NA	NA
NC_045512.2	21369	T	C	11790	7133	41	3	1	29	0.000254216	11801	1	FALSE	NA	NA	NA	NA	NA	NA
NC_045512.2	21370	C	G	4821	346	41	1	0	24	0.000207383	4822	1	FALSE	NA	NA	NA	NA	NA	NA
NC_045512.2	21371	A	G	4793	345	41	1	0	24	0.000208594	4794	1	FALSE	NA	NA	NA	NA	NA	NA
NC_045512.2	21375	G	C	5215	378	41	1	0	40	0.000191718	5216	0.500048	FALSE	NA	NA	NA	NA	NA	NA
NC_045512.2	21376	T	C	5268	410	42	1	0	24	0.000189789	5269	1	FALSE	NA	NA	NA	NA	NA	NA
NC_045512.2	21379	T	C	5772	439	42	2	0	60	0.00034638	5774	0.250022	FALSE	NA	NA	NA	NA	NA	NA
NC_045512.2	21380	C	G	5659	447	40	1	0	40	0.000176554	5664	0.499868	FALSE	NA	NA	NA	NA	NA	NA
NC_045512.2	21380	C	A	5659	447	40	4	0	24	0.000706215	5664	1	FALSE	NA	NA	NA	NA	NA	NA
NC_045512.2	21381	C	A	5791	471	41	2	0	40	0.000345244	5793	0.250022	FALSE	NA	NA	NA	NA	NA	NA
NC_045512.2	21383	A	C	5902	485	42	1	0	24	0.000169405	5903	1	FALSE	NA	NA	NA	NA	NA	NA
NC_045512.2	21385	T	C	5962	492	42	2	0	40	0.000335345	5964	0.250021	FALSE	NA	NA	NA	NA	NA	NA
NC_045512.2	21387	T	C	6020	500	42	2	0	40	0.000332116	6022	0.250021	FALSE	NA	NA	NA	NA	NA	NA
NC_045512.2	21389	T	G	6106	520	43	1	0	40	0.000163747	6107	0.500041	FALSE	NA	NA	NA	NA	NA	NA
NC_045512.2	21390	A	G	6046	524	42	1	0	40	0.000165262	6051	0.499876	FALSE	NA	NA	NA	NA	NA	NA
NC_045512.2	21390	A	C	6046	524	42	4	0	24	0.000661048	6051	1	FALSE	NA	NA	NA	NA	NA	NA
NC_045512.2	21393	T	C	6134	540	43	2	1	40	0.000325892	6137	0.24998	FALSE	NA	NA	NA	NA	NA	NA
NC_045512.2	21393	T	A	6134	540	43	1	0	40	0.000162946	6137	0.499959	FALSE	NA	NA	NA	NA	NA	NA
NC_045512.2	21395	A	C	6101	560	43	2	0	24	0.000327708	6103	1	FALSE	NA	NA	NA	NA	NA	NA
NC_045512.2	21396	C	T	6070	566	42	2	0	40	0.000329218	6075	0.249897	FALSE	NA	NA	NA	NA	NA	NA
NC_045512.2	21396	C	G	6070	566	42	1	0	24	0.000164609	6075	1	FALSE	NA	NA	NA	NA	NA	NA
NC_045512.2	21396	C	A	6070	566	42	2	0	24	0.000329218	6075	1	FALSE	NA	NA	NA	NA	NA	NA
NC_045512.2	21398	T	C	6178	560	43	1	0	24	0.000161838	6179	1	FALSE	NA	NA	NA	NA	NA	NA
NC_045512.2	21400	A	C	6602	596	43	2	0	40	0.000302847	6604	0.250019	FALSE	NA	NA	NA	NA	NA	NA
NC_045512.2	21401	G	C	6733	599	43	2	0	32	0.000296956	6735	0.964901	FALSE	NA	NA	NA	NA	NA	NA
NC_045512.2	21403	A	T	6742	628	43	1	0	40	0.00014828	6744	0.5	FALSE	NA	NA	NA	NA	NA	NA
NC_045512.2	21403	A	C	6742	628	43	1	0	24	0.00014828	6744	1	FALSE	NA	NA	NA	NA	NA	NA
NC_045512.2	21404	A	G	6779	628	43	1	0	40	0.000147493	6780	0.500037	FALSE	NA	NA	NA	NA	NA	NA
NC_045512.2	21406	T	C	6830	624	44	2	0	32	0.00029274	6832	0.9649	FALSE	NA	NA	NA	NA	NA	NA
NC_045512.2	21408	T	C	6833	667	44	1	1	64	0.000146327	6834	0.500037	FALSE	NA	NA	NA	NA	NA	NA
NC_045512.2	21408	T	+C	6833	667	44	2	0	20	0.000292654	6834	1	FALSE	NA	NA	NA	NA	NA	NA
NC_045512.2	21410	C	G	6887	675	44	1	0	40	0.00014518	6888	0.500036	FALSE	NA	NA	NA	NA	NA	NA
NC_045512.2	21411	C	A	6394	693	38	11	0	24	0.00171741	6405	1	FALSE	NA	NA	NA	NA	NA	NA
NC_045512.2	21412	C	G	6463	692	40	1	0	40	0.000154345	6479	0.499459	FALSE	NA	NA	NA	NA	NA	NA
NC_045512.2	21412	C	A	6463	692	40	15	0	27	0.00231517	6479	1	FALSE	NA	NA	NA	NA	NA	NA
NC_045512.2	21412	C	-T	6463	692	40	1	0	20	0.000154345	6479	1	FALSE	NA	NA	NA	NA	NA	NA
NC_045512.2	21414	T	C	6902	688	44	2	0	32	0.000289645	6905	0.964883	FALSE	NA	NA	NA	NA	NA	NA
NC_045512.2	21414	T	A	6902	688	44	1	0	40	0.000144823	6905	0.499964	FALSE	NA	NA	NA	NA	NA	NA
NC_045512.2	21415	A	C	7068	709	44	2	0	32	0.000282885	7070	0.980509	FALSE	NA	NA	NA	NA	NA	NA
NC_045512.2	21416	A	G	7205	718	44	1	0	40	0.000138735	7208	0.499965	FALSE	NA	NA	NA	NA	NA	NA
NC_045512.2	21416	A	C	7205	718	44	2	0	32	0.000277469	7208	0.980498	FALSE	NA	NA	NA	NA	NA	NA
NC_045512.2	21417	A	C	7265	725	44	2	0	24	0.000275217	7267	1	FALSE	NA	NA	NA	NA	NA	NA
NC_045512.2	21420	A	C	7356	746	44	1	0	40	0.000135925	7357	0.500034	FALSE	NA	NA	NA	NA	NA	NA
NC_045512.2	21421	A	G	7354	748	44	2	0	80	0.000271813	7358	0.249949	FALSE	NA	NA	NA	NA	NA	NA
NC_045512.2	21421	A	C	7354	748	44	2	0	24	0.000271813	7358	1	FALSE	NA	NA	NA	NA	NA	NA
NC_045512.2	21423	G	A	7776	793	44	1	0	80	0.000128584	7777	0.500032	FALSE	NA	NA	NA	NA	NA	NA
NC_045512.2	21426	T	C	8368	824	44	1	0	24	0.000119489	8369	1	FALSE	NA	NA	NA	NA	NA	NA
NC_045512.2	21427	A	C	8321	828	44	1	0	24	0.000120163	8322	1	FALSE	NA	NA	NA	NA	NA	NA
NC_045512.2	21428	C	T	8600	844	43	1	1	80	0.000116225	8604	0.499942	FALSE	NA	NA	NA	NA	NA	NA
NC_045512.2	21428	C	G	8600	844	43	3	0	34	0.000348675	8604	0.967327	FALSE	NA	NA	NA	NA	NA	NA
NC_045512.2	21430	G	A	9313	859	44	1	0	40	0.000107365	9314	0.500027	FALSE	NA	NA	NA	NA	NA	NA
NC_045512.2	21431	C	T	9356	857	44	2	0	40	0.000213721	9358	0.250013	FALSE	NA	NA	NA	NA	NA	NA
NC_045512.2	21432	T	C	9376	859	44	2	0	40	0.000213265	9378	0.250013	FALSE	NA	NA	NA	NA	NA	NA
NC_045512.2	21433	G	T	9545	852	44	1	0	24	0.000104734	9548	1	FALSE	NA	NA	NA	NA	NA	NA
NC_045512.2	21433	G	C	9545	852	44	2	0	40	0.000209468	9548	0.249987	FALSE	NA	NA	NA	NA	NA	NA
NC_045512.2	21434	T	C	9562	866	44	2	0	40	0.000209118	9564	0.250013	FALSE	NA	NA	NA	NA	NA	NA
NC_045512.2	21436	A	G	9499	905	44	1	0	40	0.000105208	9505	0.499895	FALSE	NA	NA	NA	NA	NA	NA
NC_045512.2	21436	A	C	9499	905	44	5	0	27	0.000526039	9505	1	FALSE	NA	NA	NA	NA	NA	NA
NC_045512.2	21439	T	G	9598	902	44	2	0	40	0.000208312	9601	0.249987	FALSE	NA	NA	NA	NA	NA	NA
NC_045512.2	21439	T	C	9598	902	44	1	0	40	0.000104156	9601	0.499974	FALSE	NA	NA	NA	NA	NA	NA
NC_045512.2	21441	T	G	9830	917	44	1	0	40	0.000101709	9832	0.5	FALSE	NA	NA	NA	NA	NA	NA
NC_045512.2	21441	T	C	9830	917	44	1	0	24	0.000101709	9832	1	FALSE	NA	NA	NA	NA	NA	NA
NC_045512.2	21443	T	G	9814	918	44	1	0	40	0.000101874	9816	0.5	FALSE	NA	NA	NA	NA	NA	NA
NC_045512.2	21443	T	C	9814	918	44	1	0	24	0.000101874	9816	1	FALSE	NA	NA	NA	NA	NA	NA
NC_045512.2	21444	A	T	9591	924	40	1	0	40	0.000104243	9593	0.5	FALSE	NA	NA	NA	NA	NA	NA
NC_045512.2	21444	A	G	9591	924	40	1	0	40	0.000104243	9593	0.5	FALSE	NA	NA	NA	NA	NA	NA
NC_045512.2	21445	A	C	9707	981	44	3	0	24	0.00030896	9710	1	FALSE	NA	NA	NA	NA	NA	NA
NC_045512.2	21446	A	C	9768	989	45	1	0	40	0.000102365	9769	0.500026	FALSE	NA	NA	NA	NA	NA	NA
NC_045512.2	21447	A	C	9791	985	45	2	0	24	0.000204228	9793	1	FALSE	NA	NA	NA	NA	NA	NA
NC_045512.2	21449	A	G	9800	998	45	1	0	40	0.00010203	9801	0.500026	FALSE	NA	NA	NA	NA	NA	NA
NC_045512.2	21450	A	C	9802	998	45	1	0	24	0.00010201	9803	1	FALSE	NA	NA	NA	NA	NA	NA
NC_045512.2	21451	G	A	10023	1008	45	1	1	24	9.97606e-05	10024	1	FALSE	NA	NA	NA	NA	NA	NA
NC_045512.2	21452	G	A	10026	1139	46	2	0	40	0.000199442	10028	0.500037	FALSE	NA	NA	NA	NA	NA	NA
NC_045512.2	21453	T	G	10026	1494	49	1	1	32	9.97208e-05	10028	0.999513	FALSE	NA	NA	NA	NA	NA	NA
NC_045512.2	21453	T	C	10026	1494	49	1	0	40	9.97208e-05	10028	0.750012	FALSE	NA	NA	NA	NA	NA	NA
NC_045512.2	21455	A	G	10005	1529	49	1	0	24	9.993e-05	10007	1	FALSE	NA	NA	NA	NA	NA	NA
NC_045512.2	21455	A	C	10005	1529	49	1	0	24	9.993e-05	10007	1	FALSE	NA	NA	NA	NA	NA	NA
NC_045512.2	21456	A	C	9998	1532	48	1	0	24	0.00010001	9999	1	FALSE	NA	NA	NA	NA	NA	NA
NC_045512.2	21458	T	C	10121	1564	49	1	1	64	9.87947e-05	10122	0.500025	FALSE	NA	NA	NA	NA	NA	NA
NC_045512.2	21462	T	G	10131	1665	50	1	0	24	9.86875e-05	10133	1	FALSE	NA	NA	NA	NA	NA	NA
NC_045512.2	21462	T	C	10131	1665	50	1	0	24	9.86875e-05	10133	1	FALSE	NA	NA	NA	NA	NA	NA
NC_045512.2	21463	G	A	10171	1668	50	1	1	64	9.83091e-05	10172	0.500025	FALSE	NA	NA	NA	NA	NA	NA
NC_045512.2	21464	A	G	10169	1755	50	2	0	40	0.000196618	10172	0.5	FALSE	NA	NA	NA	NA	NA	NA
NC_045512.2	21464	A	C	10169	1755	50	1	0	24	9.83091e-05	10172	1	FALSE	NA	NA	NA	NA	NA	NA
NC_045512.2	21465	T	G	10164	1746	50	1	0	24	9.83768e-05	10165	1	FALSE	NA	NA	NA	NA	NA	NA
NC_045512.2	21467	T	C	10170	1773	51	1	0	24	9.83187e-05	10171	1	FALSE	NA	NA	NA	NA	NA	NA
NC_045512.2	21469	A	C	10289	1799	51	2	0	24	0.000194345	10291	1	FALSE	NA	NA	NA	NA	NA	NA
NC_045512.2	21469	A	-T	10289	1799	51	1	0	20	9.71723e-05	10291	1	FALSE	NA	NA	NA	NA	NA	NA
NC_045512.2	21470	T	G	10360	1794	51	1	1	40	9.64878e-05	10364	0.74994	FALSE	NA	NA	NA	NA	NA	NA
NC_045512.2	21470	T	C	10360	1794	51	3	1	53	0.000289464	10364	0.124964	FALSE	NA	NA	NA	NA	NA	NA
NC_045512.2	21471	T	C	10359	1800	51	1	0	64	9.65251e-05	10360	0.500024	FALSE	NA	NA	NA	NA	NA	NA
NC_045512.2	21474	A	C	10331	1838	50	1	0	24	9.67867e-05	10332	1	FALSE	NA	NA	NA	NA	NA	NA
NC_045512.2	21475	T	C	10419	1858	51	1	1	80	9.59693e-05	10420	0.500024	FALSE	NA	NA	NA	NA	NA	NA
NC_045512.2	21476	C	G	10420	1910	52	1	0	40	9.59601e-05	10421	0.750036	FALSE	NA	NA	NA	NA	NA	NA
NC_045512.2	21477	T	C	10366	2034	53	1	0	40	9.64599e-05	10367	0.750036	FALSE	NA	NA	NA	NA	NA	NA
NC_045512.2	21478	C	T	8184	2240	43	1	1	80	0.000119403	8375	0.494293	FALSE	NA	NA	NA	NA	NA	NA
NC_045512.2	21478	C	G	8184	2240	43	1	0	40	0.000119403	8375	0.494293	FALSE	NA	NA	NA	NA	NA	NA
NC_045512.2	21478	C	A	8184	2240	43	189	0	25	0.0225672	8375	3.99308e-11	TRUE	NA	NA	NA	NA	NA	NA
NC_045512.2	21480	T	C	10475	2101	53	2	0	28	0.000190894	10477	1	FALSE	NA	NA	NA	NA	NA	NA
NC_045512.2	21481	C	T	9369	2201	47	1	0	40	0.000106383	9400	0.499227	FALSE	NA	NA	NA	NA	NA	NA
NC_045512.2	21481	C	A	9369	2201	47	30	0	26	0.00319149	9400	1	FALSE	NA	NA	NA	NA	NA	NA
NC_045512.2	21482	T	G	10320	2145	53	1	0	40	9.68804e-05	10322	0.750012	FALSE	NA	NA	NA	NA	NA	NA
NC_045512.2	21482	T	C	10320	2145	53	1	1	40	9.68804e-05	10322	0.750012	FALSE	NA	NA	NA	NA	NA	NA
NC_045512.2	21483	T	G	10387	2165	53	1	1	24	9.62649e-05	10388	1	FALSE	NA	NA	NA	NA	NA	NA
NC_045512.2	21484	A	C	10277	2204	51	3	0	24	0.000291829	10280	1	FALSE	NA	NA	NA	NA	NA	NA
NC_045512.2	21486	T	G	10405	2239	52	2	2	24	0.000192178	10407	1	FALSE	NA	NA	NA	NA	NA	NA
NC_045512.2	21487	A	C	10175	2303	53	2	0	24	0.000196522	10177	1	FALSE	NA	NA	NA	NA	NA	NA
NC_045512.2	21489	A	G	10160	2409	53	1	1	32	9.84155e-05	10161	0.999513	FALSE	NA	NA	NA	NA	NA	NA
NC_045512.2	21493	A	G	10100	2645	54	1	0	80	9.89805e-05	10103	0.499975	FALSE	NA	NA	NA	NA	NA	NA
NC_045512.2	21493	A	C	10100	2645	54	2	1	28	0.000197961	10103	1	FALSE	NA	NA	NA	NA	NA	NA
NC_045512.2	21494	G	A	10164	2656	54	3	2	61	0.000295072	10167	0.125	FALSE	NA	NA	NA	NA	NA	NA
NC_045512.2	21496	C	T	10003	2997	53	1	0	40	9.996e-05	10004	0.750037	FALSE	NA	NA	NA	NA	NA	NA
NC_045512.2	21496	C	-T	10003	2997	53	1	0	20	9.996e-05	10004	1	FALSE	NA	NA	NA	NA	NA	NA
NC_045512.2	21497	T	C	10024	2986	53	1	0	24	9.97506e-05	10025	1	FALSE	NA	NA	NA	NA	NA	NA
NC_045512.2	21498	T	G	9981	2939	53	1	0	24	0.00010017	9983	1	FALSE	NA	NA	NA	NA	NA	NA
NC_045512.2	21498	T	C	9981	2939	53	1	1	64	0.00010017	9983	0.5	FALSE	NA	NA	NA	NA	NA	NA
NC_045512.2	21499	A	G	9963	3016	53	1	0	80	0.000100361	9964	0.500025	FALSE	NA	NA	NA	NA	NA	NA
NC_045512.2	21500	T	G	10035	2995	53	1	1	24	9.96314e-05	10037	1	FALSE	NA	NA	NA	NA	NA	NA
NC_045512.2	21500	T	C	10035	2995	53	1	0	40	9.96314e-05	10037	0.750012	FALSE	NA	NA	NA	NA	NA	NA
NC_045512.2	21501	A	C	10053	3302	55	2	0	24	0.000198906	10055	1	FALSE	NA	NA	NA	NA	NA	NA
NC_045512.2	21502	A	G	9951	3387	54	2	0	40	0.000200924	9954	0.249987	FALSE	NA	NA	NA	NA	NA	NA
NC_045512.2	21502	A	C	9951	3387	54	1	0	40	0.000100462	9954	0.499975	FALSE	NA	NA	NA	NA	NA	NA
NC_045512.2	21503	T	C	9933	3351	54	1	1	24	0.000100664	9934	1	FALSE	NA	NA	NA	NA	NA	NA
NC_045512.2	21504	T	G	9892	3341	53	1	1	24	0.000101082	9893	1	FALSE	NA	NA	NA	NA	NA	NA
NC_045512.2	21505	A	G	9739	3351	53	1	0	40	0.000102659	9741	0.5	FALSE	NA	NA	NA	NA	NA	NA
NC_045512.2	21505	A	C	9739	3351	53	1	0	24	0.000102659	9741	1	FALSE	NA	NA	NA	NA	NA	NA
NC_045512.2	21506	G	T	9719	3260	52	3	3	29	0.000308578	9722	1	FALSE	NA	NA	NA	NA	NA	NA
NC_045512.2	21507	A	G	9451	3593	53	2	0	60	0.000211551	9454	0.249987	FALSE	NA	NA	NA	NA	NA	NA
NC_045512.2	21507	A	C	9451	3593	53	1	0	40	0.000105775	9454	0.499974	FALSE	NA	NA	NA	NA	NA	NA
NC_045512.2	21508	G	A	9435	3651	53	1	0	40	0.000105977	9436	0.500026	FALSE	NA	NA	NA	NA	NA	NA
NC_045512.2	21509	A	G	9444	3758	53	5	1	44	0.000529101	9450	0.0312335	FALSE	NA	NA	NA	NA	NA	NA
NC_045512.2	21509	A	C	9444	3758	53	1	0	40	0.00010582	9450	0.499894	FALSE	NA	NA	NA	NA	NA	NA
NC_045512.2	21511	A	G	9515	3778	53	1	0	40	0.000105075	9517	0.5	FALSE	NA	NA	NA	NA	NA	NA
NC_045512.2	21511	A	C	9515	3778	53	1	0	24	0.000105075	9517	1	FALSE	NA	NA	NA	NA	NA	NA
NC_045512.2	21512	A	C	9501	3781	53	1	0	24	0.000105241	9502	1	FALSE	NA	NA	NA	NA	NA	NA
NC_045512.2	21513	C	T	9349	3902	52	1	0	24	0.00010694	9351	1	FALSE	NA	NA	NA	NA	NA	NA
NC_045512.2	21513	C	A	9349	3902	52	1	0	24	0.00010694	9351	1	FALSE	NA	NA	NA	NA	NA	NA
NC_045512.2	21516	C	T	9293	3939	52	1	1	40	0.000107585	9295	0.5	FALSE	NA	NA	NA	NA	NA	NA
NC_045512.2	21516	C	A	9293	3939	52	1	1	24	0.000107585	9295	1	FALSE	NA	NA	NA	NA	NA	NA
NC_045512.2	21517	A	G	9261	3925	52	1	1	40	0.000107968	9262	0.500027	FALSE	NA	NA	NA	NA	NA	NA
NC_045512.2	21518	G	T	9119	3910	49	3	3	32	0.000328839	9123	0.980744	FALSE	NA	NA	NA	NA	NA	NA
NC_045512.2	21518	G	C	9119	3910	49	1	0	40	0.000109613	9123	0.499945	FALSE	NA	NA	NA	NA	NA	NA
NC_045512.2	21520	G	T	9214	4133	50	2	2	32	0.000217014	9216	0.994155	FALSE	NA	NA	NA	NA	NA	NA
NC_045512.2	21521	T	C	9246	4313	52	2	0	32	0.000216263	9248	0.994155	FALSE	NA	NA	NA	NA	NA	NA
NC_045512.2	21522	T	C	9208	4259	53	2	1	44	0.000217155	9210	0.250014	FALSE	NA	NA	NA	NA	NA	NA
NC_045512.2	21523	G	T	9096	4323	52	1	1	24	0.000109926	9097	1	FALSE	NA	NA	NA	NA	NA	NA
NC_045512.2	21524	T	G	9274	4624	53	1	1	24	0.000107817	9275	1	FALSE	NA	NA	NA	NA	NA	NA
NC_045512.2	21525	T	C	9259	4609	53	1	1	40	0.000107991	9260	0.500027	FALSE	NA	NA	NA	NA	NA	NA
NC_045512.2	21530	C	A	9369	5611	52	3	0	26	0.000320102	9372	1	FALSE	NA	NA	NA	NA	NA	NA
NC_045512.2	21531	T	G	9428	5560	53	2	2	24	0.000212089	9430	1	FALSE	NA	NA	NA	NA	NA	NA
NC_045512.2	21533	G	T	8813	4897	47	12	12	26	0.00135931	8828	1	FALSE	NA	NA	NA	NA	NA	NA
NC_045512.2	21533	G	A	8813	4897	47	3	1	66	0.000339828	8828	0.124745	FALSE	NA	NA	NA	NA	NA	NA
NC_045512.2	21534	T	G	9392	5592	53	2	2	24	0.000212879	9395	1	FALSE	NA	NA	NA	NA	NA	NA
NC_045512.2	21534	T	C	9392	5592	53	1	0	80	0.00010644	9395	0.499973	FALSE	NA	NA	NA	NA	NA	NA
NC_045512.2	21535	G	T	9428	5642	54	1	1	40	0.000106056	9429	0.500027	FALSE	NA	NA	NA	NA	NA	NA
NC_045512.2	21536	A	C	9447	5702	54	1	1	40	0.000105843	9448	0.500026	FALSE	NA	NA	NA	NA	NA	NA
NC_045512.2	21537	T	G	9410	5684	54	1	1	24	0.000106259	9411	1	FALSE	NA	NA	NA	NA	NA	NA
NC_045512.2	21539	T	G	9403	5737	54	1	1	24	0.000106338	9404	1	FALSE	NA	NA	NA	NA	NA	NA
NC_045512.2	21540	T	G	9370	5720	53	1	1	24	0.000106712	9371	1	FALSE	NA	NA	NA	NA	NA	NA
NC_045512.2	21541	C	A	9396	5759	54	1	0	24	0.000106417	9397	1	FALSE	NA	NA	NA	NA	NA	NA
NC_045512.2	21542	T	G	9344	5707	54	1	1	24	0.000106998	9346	1	FALSE	NA	NA	NA	NA	NA	NA
NC_045512.2	21542	T	A	9344	5707	54	1	1	80	0.000106998	9346	0.5	FALSE	NA	NA	NA	NA	NA	NA
NC_045512.2	21543	T	G	9348	5713	54	1	1	24	0.000106952	9350	1	FALSE	NA	NA	NA	NA	NA	NA
NC_045512.2	21543	T	C	9348	5713	54	1	1	80	0.000106952	9350	0.5	FALSE	NA	NA	NA	NA	NA	NA
NC_045512.2	21545	T	G	9440	5894	54	1	1	24	0.000105921	9441	1	FALSE	NA	NA	NA	NA	NA	NA
NC_045512.2	21546	T	G	9419	5883	54	2	2	24	0.000212247	9423	1	FALSE	NA	NA	NA	NA	NA	NA
NC_045512.2	21546	T	C	9419	5883	54	2	0	32	0.000212247	9423	0.994149	FALSE	NA	NA	NA	NA	NA	NA
NC_045512.2	21549	C	A	9469	6228	54	1	1	24	0.000105597	9470	1	FALSE	NA	NA	NA	NA	NA	NA
NC_045512.2	21552	C	T	9545	6489	54	1	1	40	0.000104756	9546	0.500026	FALSE	NA	NA	NA	NA	NA	NA
NC_045512.2	21553	T	C	9348	6297	53	1	0	40	0.000106963	9349	0.500027	FALSE	NA	NA	NA	NA	NA	NA
NC_045512.2	21554	A	G	9528	6531	54	1	0	24	0.000104943	9529	1	FALSE	NA	NA	NA	NA	NA	NA
NC_045512.2	21556	A	G	9550	6589	54	2	1	36	0.00020938	9552	0.994155	FALSE	NA	NA	NA	NA	NA	NA
NC_045512.2	21557	C	T	9628	6702	54	1	0	40	0.000103853	9629	0.500026	FALSE	NA	NA	NA	NA	NA	NA
NC_045512.2	21558	G	A	9545	6625	54	1	1	40	0.000104756	9546	0.500026	FALSE	NA	NA	NA	NA	NA	NA
NC_045512.2	21563	A	G	9975	7371	55	1	1	36	0.000100241	9976	0.999026	FALSE	NA	NA	NA	NA	NA	NA
NC_045512.2	21564	T	G	10029	7508	56	1	1	24	9.97009e-05	10030	1	FALSE	NA	NA	NA	NA	NA	NA
NC_045512.2	21565	G	A	10105	7588	57	2	2	40	0.000197883	10107	0.500037	FALSE	NA	NA	NA	NA	NA	NA
NC_045512.2	21566	T	G	10086	7722	56	2	2	24	0.000198216	10090	1	FALSE	NA	NA	NA	NA	NA	NA
NC_045512.2	21566	T	C	10086	7722	56	2	1	52	0.000198216	10090	0.249963	FALSE	NA	NA	NA	NA	NA	NA
NC_045512.2	21569	G	T	9970	7687	54	5	5	24	0.000501253	9975	1	FALSE	NA	NA	NA	NA	NA	NA
NC_045512.2	21570	T	C	10033	7761	55	1	1	40	9.96612e-05	10034	0.750037	FALSE	NA	NA	NA	NA	NA	NA
NC_045512.2	21571	T	G	10022	7795	55	2	2	32	0.000199501	10025	0.996833	FALSE	NA	NA	NA	NA	NA	NA
NC_045512.2	21571	T	C	10022	7795	55	1	1	24	9.97506e-05	10025	1	FALSE	NA	NA	NA	NA	NA	NA
NC_045512.2	21572	T	G	9969	7752	55	1	1	32	0.000100301	9970	0.999026	FALSE	NA	NA	NA	NA	NA	NA
NC_045512.2	21573	T	G	9919	7728	55	2	2	40	0.000201593	9921	0.250013	FALSE	NA	NA	NA	NA	NA	NA
NC_045512.2	21575	C	T	9846	8076	51	2	2	40	0.000203087	9848	0.250013	FALSE	NA	NA	NA	NA	NA	NA
NC_045512.2	21577	T	G	9806	8033	51	1	1	24	0.000101968	9807	1	FALSE	NA	NA	NA	NA	NA	NA
NC_045512.2	21578	G	T	9801	8031	51	3	3	34	0.000305998	9804	0.98075	FALSE	NA	NA	NA	NA	NA	NA
NC_045512.2	21580	T	G	9824	8201	51	2	2	32	0.000203542	9826	0.994154	FALSE	NA	NA	NA	NA	NA	NA
NC_045512.2	21582	T	G	9699	8442	48	2	2	24	0.000206164	9701	1	FALSE	NA	NA	NA	NA	NA	NA
NC_045512.2	21583	A	G	9775	8536	48	1	1	24	0.000102291	9776	1	FALSE	NA	NA	NA	NA	NA	NA
NC_045512.2	21584	T	G	9744	8584	47	1	1	24	0.000102606	9746	1	FALSE	NA	NA	NA	NA	NA	NA
NC_045512.2	21584	T	C	9744	8584	47	1	0	40	0.000102606	9746	0.5	FALSE	NA	NA	NA	NA	NA	NA
NC_045512.2	21585	T	G	9620	8459	47	12	12	27	0.00124585	9632	1	FALSE	NA	NA	NA	NA	NA	NA
NC_045512.2	21586	G	T	9786	8628	48	1	1	24	0.000102176	9787	1	FALSE	NA	NA	NA	NA	NA	NA
NC_045512.2	21587	C	G	9690	8537	48	1	1	24	0.000103178	9692	1	FALSE	NA	NA	NA	NA	NA	NA
NC_045512.2	21587	C	A	9690	8537	48	1	1	24	0.000103178	9692	1	FALSE	NA	NA	NA	NA	NA	NA
NC_045512.2	21588	C	T	9695	8562	48	2	1	52	0.000206228	9698	0.249987	FALSE	NA	NA	NA	NA	NA	NA
NC_045512.2	21588	C	A	9695	8562	48	1	1	24	0.000103114	9698	1	FALSE	NA	NA	NA	NA	NA	NA
NC_045512.2	21589	A	T	9673	8545	48	1	1	40	0.000103338	9677	0.499948	FALSE	NA	NA	NA	NA	NA	NA
NC_045512.2	21589	A	G	9673	8545	48	2	2	40	0.000206676	9677	0.249961	FALSE	NA	NA	NA	NA	NA	NA
NC_045512.2	21589	A	C	9673	8545	48	1	1	40	0.000103338	9677	0.499948	FALSE	NA	NA	NA	NA	NA	NA
NC_045512.2	21590	C	A	9673	8654	47	1	1	24	0.00010337	9674	1	FALSE	NA	NA	NA	NA	NA	NA
NC_045512.2	21591	T	G	9618	8596	46	2	2	40	0.000207835	9623	0.249935	FALSE	NA	NA	NA	NA	NA	NA
NC_045512.2	21591	T	C	9618	8596	46	3	3	42	0.000311753	9623	0.124961	FALSE	NA	NA	NA	NA	NA	NA
NC_045512.2	21592	A	G	9663	8643	47	1	1	40	0.000103477	9664	0.500026	FALSE	NA	NA	NA	NA	NA	NA
NC_045512.2	21594	T	G	9617	8596	47	2	2	24	0.000207922	9619	1	FALSE	NA	NA	NA	NA	NA	NA
NC_045512.2	21597	C	-T	9496	8498	46	1	0	20	0.000105307	9496	1	FALSE	NA	NA	NA	NA	NA	NA
NC_045512.2	21598	T	G	9435	8433	46	2	2	32	0.000211932	9437	0.994152	FALSE	NA	NA	NA	NA	NA	NA
NC_045512.2	21601	T	G	9105	8117	46	6	6	26	0.000658545	9111	1	FALSE	NA	NA	NA	NA	NA	NA
NC_045512.2	21603	A	G	8383	7521	47	2	2	60	0.000238521	8385	0.250015	FALSE	NA	NA	NA	NA	NA	NA
NC_045512.2	21605	T	C	8333	7472	46	1	1	24	0.00011999	8334	1	FALSE	NA	NA	NA	NA	NA	NA
NC_045512.2	21606	G	T	6530	5874	46	1794	1592	47	0.215521	8324	0	TRUE	NA	NA	NA	NA	NA	NA
NC_045512.2	21606	G	+GGTCATGCCGC	6530	5874	46	1	0	20	0.000120135	8324	1	FALSE	NA	NA	NA	NA	NA	NA
NC_045512.2	21607	T	C	8304	7475	46	1	1	40	0.000120409	8305	0.50003	FALSE	NA	NA	NA	NA	NA	NA
NC_045512.2	21607	T	+TTCATGCCGCTG	8304	7475	46	14	0	20	0.00168573	8305	1	FALSE	NA	NA	NA	NA	NA	NA
NC_045512.2	21607	T	+GTCATGCCGCTG	8304	7475	46	2	0	20	0.000240819	8305	1	FALSE	NA	NA	NA	NA	NA	NA
NC_045512.2	21607	T	+GTCAGGCCGCTG	8304	7475	46	1	0	20	0.000120409	8305	1	FALSE	NA	NA	NA	NA	NA	NA
NC_045512.2	21608	G	T	8182	7358	45	12	12	35	0.00146449	8194	0.251678	FALSE	NA	NA	NA	NA	NA	NA
NC_045512.2	21608	G	+TTATGCCGCTGT	8182	7358	45	1	0	20	0.000122041	8194	1	FALSE	NA	NA	NA	NA	NA	NA
NC_045512.2	21608	G	+TCATTCCGCTGT	8182	7358	45	2	0	20	0.000244081	8194	1	FALSE	NA	NA	NA	NA	NA	NA
NC_045512.2	21608	G	+TCATGTCGCTGT	8182	7358	45	1	0	20	0.000122041	8194	1	FALSE	NA	NA	NA	NA	NA	NA
NC_045512.2	21608	G	+TCATGCTGCTGT	8182	7358	45	2	0	20	0.000244081	8194	1	FALSE	NA	NA	NA	NA	NA	NA
NC_045512.2	21608	G	+TCATGCCGTTGT	8182	7358	45	1	0	20	0.000122041	8194	1	FALSE	NA	NA	NA	NA	NA	NA
NC_045512.2	21608	G	+TCATGCCGCTGT	8182	7358	45	3605	0	20	0.439956	8194	0	TRUE	NA	NA	NA	NA	NA	NA
NC_045512.2	21608	G	+TCATGCCGCGGT	8182	7358	45	3	0	20	0.000366122	8194	1	FALSE	NA	NA	NA	NA	NA	NA
NC_045512.2	21608	G	+TCATGCCACTGT	8182	7358	45	1	0	20	0.000122041	8194	1	FALSE	NA	NA	NA	NA	NA	NA
NC_045512.2	21608	G	+TCATACCGCTGT	8182	7358	45	1	0	20	0.000122041	8194	1	FALSE	NA	NA	NA	NA	NA	NA
NC_045512.2	21608	G	+TCAGGCCGCTGT	8182	7358	45	1	0	20	0.000122041	8194	1	FALSE	NA	NA	NA	NA	NA	NA
NC_045512.2	21608	G	+GCATGCCGCTGT	8182	7358	45	1	0	20	0.000122041	8194	1	FALSE	NA	NA	NA	NA	NA	NA
NC_045512.2	21609	T	G	8193	7372	46	2	2	32	0.000244051	8195	0.989282	FALSE	NA	NA	NA	NA	NA	NA
NC_045512.2	21609	T	+CATGCCGCTGTG	8193	7372	46	4	0	20	0.000488103	8195	1	FALSE	NA	NA	NA	NA	NA	NA
NC_045512.2	21610	T	C	5765	5457	42	36	30	39	0.00620583	5801	3.775e-07	TRUE	NA	NA	NA	NA	NA	NA
NC_045512.2	21610	T	+G	5765	5457	42	1	0	20	0.000172384	5801	1	FALSE	NA	NA	NA	NA	NA	NA
NC_045512.2	21611	A	G	5873	5503	43	1	1	40	0.000170242	5874	0.500043	FALSE	NA	NA	NA	NA	NA	NA
NC_045512.2	21612	A	G	5859	5496	43	2	1	64	0.000341239	5861	0.250021	FALSE	NA	NA	NA	NA	NA	NA
NC_045512.2	21613	T	C	5828	5464	43	1	1	40	0.000171556	5829	0.500043	FALSE	NA	NA	NA	NA	NA	NA
NC_045512.2	21618	C	T	2	2	46	5792	5435	43	0.999655	5794	0	TRUE	NA	NA	NA	NA	NA	NA
NC_045512.2	21619	A	G	5823	5480	43	1	1	40	0.000171703	5824	0.500043	FALSE	NA	NA	NA	NA	NA	NA
NC_045512.2	21622	C	T	1752	1581	46	4016	3846	40	0.696255	5768	0	TRUE	NA	NA	NA	NA	NA	NA
NC_045512.2	21624	G	C	1713	1546	46	4056	3887	41	0.702824	5771	0	TRUE	NA	NA	NA	NA	NA	NA
NC_045512.2	21624	G	A	1713	1546	46	2	2	40	0.00034656	5771	0.0524746	FALSE	NA	NA	NA	NA	NA	NA
NC_045512.2	21625	A	G	5772	5441	43	1	1	24	0.00017322	5773	1	FALSE	NA	NA	NA	NA	NA	NA
NC_045512.2	21627	C	G	4053	3883	41	1	1	40	0.000173551	5762	0.413041	FALSE	NA	NA	NA	NA	NA	NA
NC_045512.2	21627	C	A	4053	3883	41	1708	1546	46	0.296425	5762	0	TRUE	NA	NA	NA	NA	NA	NA
NC_045512.2	21631	A	-TTACCCCCT	5653	5336	42	3	0	20	0.000530692	5653	1	FALSE	NA	NA	NA	NA	NA	NA
NC_045512.2	21632	T	-TACCCCCTG	5602	5284	42	5444	0	20	0.971622	5603	0	TRUE	NA	NA	NA	NA	NA	NA
NC_045512.2	21633	T	C	0	0	0	17	7	40	1	17	7.88425e-50	TRUE	NA	NA	NA	NA	NA	NA
NC_045512.2	21641	G	C	0	0	0	1	1	40	1	1	0.000180963	TRUE	NA	NA	NA	NA	NA	NA
NC_045512.2	21644	T	G	6801	5295	42	3	3	24	0.000440917	6804	1	FALSE	NA	NA	NA	NA	NA	NA
NC_045512.2	21649	T	G	6837	5322	42	1	1	24	0.000146242	6838	1	FALSE	NA	NA	NA	NA	NA	NA
NC_045512.2	21650	A	-ATT	6827	5354	42	1	0	20	0.000146477	6827	1	FALSE	NA	NA	NA	NA	NA	NA
NC_045512.2	21651	A	-TTC	6828	5348	43	5354	0	20	0.784124	6828	0	TRUE	NA	NA	NA	NA	NA	NA
NC_045512.2	21653	T	C	1464	1348	44	1	1	24	0.000682594	1465	0.999999	FALSE	NA	NA	NA	NA	NA	NA
NC_045512.2	21654	C	A	1466	1378	43	1	0	40	0.000681663	1467	0.177431	FALSE	NA	NA	NA	NA	NA	NA
NC_045512.2	21657	T	G	6827	5299	43	1	1	24	0.000146456	6828	1	FALSE	NA	NA	NA	NA	NA	NA
NC_045512.2	21659	A	C	6809	5323	43	1	0	24	0.000146843	6810	1	FALSE	NA	NA	NA	NA	NA	NA
NC_045512.2	21660	C	A	6770	5318	42	1	0	24	0.000147689	6771	1	FALSE	NA	NA	NA	NA	NA	NA
NC_045512.2	21661	A	C	6777	5316	43	2	1	24	0.000295029	6779	1	FALSE	NA	NA	NA	NA	NA	NA
NC_045512.2	21663	G	T	6353	4843	39	17	17	28	0.00266834	6371	1	FALSE	NA	NA	NA	NA	NA	NA
NC_045512.2	21663	G	C	6353	4843	39	1	1	24	0.000156961	6371	1	FALSE	NA	NA	NA	NA	NA	NA
NC_045512.2	21666	G	T	6837	5261	42	1	1	24	0.000146242	6838	1	FALSE	NA	NA	NA	NA	NA	NA
NC_045512.2	21668	G	A	6931	5299	43	1	1	40	0.000144259	6932	0.500036	FALSE	NA	NA	NA	NA	NA	NA
NC_045512.2	21670	T	G	6964	5275	43	1	1	24	0.000143554	6966	1	FALSE	NA	NA	NA	NA	NA	NA
NC_045512.2	21670	T	C	6964	5275	43	1	1	40	0.000143554	6966	0.5	FALSE	NA	NA	NA	NA	NA	NA
NC_045512.2	21674	T	G	6933	5256	43	1	1	32	0.000144217	6934	0.992203	FALSE	NA	NA	NA	NA	NA	NA
NC_045512.2	21675	A	G	6333	4711	43	1	1	40	0.000157878	6334	0.500039	FALSE	NA	NA	NA	NA	NA	NA
NC_045512.2	21676	C	G	6337	4715	42	1	1	24	0.000157754	6339	1	FALSE	NA	NA	NA	NA	NA	NA
NC_045512.2	21676	C	A	6337	4715	42	1	0	24	0.000157754	6339	1	FALSE	NA	NA	NA	NA	NA	NA
NC_045512.2	21678	C	A	5642	4017	43	1	1	40	0.000177211	5643	0.500044	FALSE	NA	NA	NA	NA	NA	NA
NC_045512.2	21679	T	G	4801	3213	44	1	0	24	0.000208203	4803	1	FALSE	NA	NA	NA	NA	NA	NA
NC_045512.2	21679	T	A	4801	3213	44	1	1	40	0.000208203	4803	0.5	FALSE	NA	NA	NA	NA	NA	NA
NC_045512.2	21680	G	T	4761	3164	43	3	2	24	0.000629723	4764	1	FALSE	NA	NA	NA	NA	NA	NA
NC_045512.2	21681	A	G	4790	3232	44	1	1	40	0.000208725	4791	0.500052	FALSE	NA	NA	NA	NA	NA	NA
NC_045512.2	21682	C	A	4808	3230	44	2	1	24	0.0004158	4810	1	FALSE	NA	NA	NA	NA	NA	NA
NC_045512.2	21683	A	T	4795	3242	44	1	1	24	0.000208377	4799	1	FALSE	NA	NA	NA	NA	NA	NA
NC_045512.2	21683	A	C	4795	3242	44	3	0	34	0.00062513	4799	0.773523	FALSE	NA	NA	NA	NA	NA	NA
NC_045512.2	21684	A	C	4771	3224	44	2	0	28	0.000419024	4773	1	FALSE	NA	NA	NA	NA	NA	NA
NC_045512.2	21688	T	G	4732	3137	44	2	2	24	0.000422386	4735	1	FALSE	NA	NA	NA	NA	NA	NA
NC_045512.2	21688	T	C	4732	3137	44	1	1	80	0.000211193	4735	0.499947	FALSE	NA	NA	NA	NA	NA	NA
NC_045512.2	21689	T	C	4687	3098	44	1	0	40	0.000213311	4688	0.500053	FALSE	NA	NA	NA	NA	NA	NA
NC_045512.2	21690	T	C	4683	3095	44	1	1	40	0.000213493	4684	0.500053	FALSE	NA	NA	NA	NA	NA	NA
NC_045512.2	21691	C	G	4705	3118	44	1	1	40	0.000212495	4706	0.500053	FALSE	NA	NA	NA	NA	NA	NA
NC_045512.2	21692	A	C	4647	3116	43	6	0	26	0.00128949	4653	1	FALSE	NA	NA	NA	NA	NA	NA
NC_045512.2	21693	G	C	4679	3106	43	1	0	24	0.000213675	4680	1	FALSE	NA	NA	NA	NA	NA	NA
NC_045512.2	21699	C	A	1749	252	49	1	0	24	0.000571429	1750	0.999996	FALSE	NA	NA	NA	NA	NA	NA
NC_045512.2	21706	A	C	1781	328	52	2	0	24	0.0011217	1783	0.999963	FALSE	NA	NA	NA	NA	NA	NA
NC_045512.2	21707	C	A	1785	327	51	2	0	28	0.00111919	1787	0.999963	FALSE	NA	NA	NA	NA	NA	NA
NC_045512.2	21711	C	T	1	0	40	1851	364	54	0.99946	1852	0	TRUE	NA	NA	NA	NA	NA	NA
NC_045512.2	21712	A	C	1797	366	52	2	0	24	0.00111173	1799	0.999963	FALSE	NA	NA	NA	NA	NA	NA
NC_045512.2	21714	C	G	1877	381	54	1	0	24	0.000532481	1878	0.999998	FALSE	NA	NA	NA	NA	NA	NA
NC_045512.2	21715	T	C	1875	384	55	1	1	80	0.000533049	1876	0.500133	FALSE	NA	NA	NA	NA	NA	NA
NC_045512.2	21717	A	C	1839	390	54	1	0	24	0.000543478	1840	0.999998	FALSE	NA	NA	NA	NA	NA	NA
NC_045512.2	21719	G	T	1906	386	54	1	1	24	0.000524384	1907	0.999999	FALSE	NA	NA	NA	NA	NA	NA
NC_045512.2	21720	A	C	1887	393	54	1	0	24	0.000529661	1888	0.999998	FALSE	NA	NA	NA	NA	NA	NA
NC_045512.2	21723	T	C	1918	393	54	1	0	40	0.000521105	1919	0.50013	FALSE	NA	NA	NA	NA	NA	NA
NC_045512.2	21730	A	C	1893	406	54	4	0	28	0.00210859	1897	0.999588	FALSE	NA	NA	NA	NA	NA	NA
NC_045512.2	21731	C	A	1844	413	52	1	0	24	0.000542005	1845	0.999998	FALSE	NA	NA	NA	NA	NA	NA
NC_045512.2	21732	C	A	1923	403	54	1	1	80	0.000519751	1924	0.50013	FALSE	NA	NA	NA	NA	NA	NA
NC_045512.2	21735	T	C	1951	410	55	1	0	24	0.000512295	1952	0.999999	FALSE	NA	NA	NA	NA	NA	NA
NC_045512.2	21736	C	T	1921	417	54	12	3	50	0.00620476	1934	0.000239996	TRUE	NA	NA	NA	NA	NA	NA
NC_045512.2	21736	C	A	1921	417	54	1	0	24	0.000517063	1934	0.999999	FALSE	NA	NA	NA	NA	NA	NA
NC_045512.2	21741	C	A	1905	494	54	2	0	32	0.00104877	1907	0.500197	FALSE	NA	NA	NA	NA	NA	NA
NC_045512.2	21743	A	C	1839	539	55	1	0	24	0.000543478	1840	0.999998	FALSE	NA	NA	NA	NA	NA	NA
NC_045512.2	21747	T	C	1664	662	52	1	1	64	0.000600601	1665	0.50015	FALSE	NA	NA	NA	NA	NA	NA
NC_045512.2	21749	A	T	1643	692	51	1	1	24	0.000608273	1644	0.999993	FALSE	NA	NA	NA	NA	NA	NA
NC_045512.2	21755	T	C	1705	810	51	1	1	40	0.000586166	1706	0.500147	FALSE	NA	NA	NA	NA	NA	NA
NC_045512.2	21759	A	C	1623	818	50	1	0	24	0.000615764	1624	0.999993	FALSE	NA	NA	NA	NA	NA	NA
NC_045512.2	21762	C	-TATACA	1630	825	50	1	0	20	0.000613497	1630	0.999993	FALSE	NA	NA	NA	NA	NA	NA
NC_045512.2	21764	A	-TACATG	1584	794	50	1467	0	20	0.924968	1586	5.68006e-309	TRUE	NA	NA	NA	NA	NA	NA
NC_045512.2	21766	A	C	0	0	0	1	1	40	1	1	0.000667557	TRUE	NA	NA	NA	NA	NA	NA
NC_045512.2	21770	G	A	0	0	0	43	40	40	1	43	4.06944e-85	TRUE	NA	NA	NA	NA	NA	NA
NC_045512.2	21771	T	A	1653	1006	50	1	1	80	0.000604595	1654	0.500151	FALSE	NA	NA	NA	NA	NA	NA
NC_045512.2	21774	C	A	1613	1042	46	5	0	28	0.00309023	1618	0.996505	FALSE	NA	NA	NA	NA	NA	NA
NC_045512.2	21776	G	T	1452	799	46	23	23	26	0.0155932	1475	0.0928245	FALSE	NA	NA	NA	NA	NA	NA
NC_045512.2	21777	G	T	1696	1051	51	1	0	24	0.000589275	1697	0.999993	FALSE	NA	NA	NA	NA	NA	NA
NC_045512.2	21778	G	T	1681	1025	50	2	2	24	0.00118835	1683	0.99993	FALSE	NA	NA	NA	NA	NA	NA
NC_045512.2	21779	A	C	1713	1073	52	2	0	32	0.00116618	1715	0.500219	FALSE	NA	NA	NA	NA	NA	NA
NC_045512.2	21782	A	G	1690	1078	51	1	1	40	0.000591017	1692	0.5	FALSE	NA	NA	NA	NA	NA	NA
NC_045512.2	21782	A	C	1690	1078	51	1	0	24	0.000591017	1692	0.999993	FALSE	NA	NA	NA	NA	NA	NA
NC_045512.2	21788	A	C	1855	1312	53	1	0	40	0.000538793	1856	0.500135	FALSE	NA	NA	NA	NA	NA	NA
NC_045512.2	21790	T	G	1815	1308	50	1	1	24	0.000550661	1816	0.999998	FALSE	NA	NA	NA	NA	NA	NA
NC_045512.2	21791	A	G	1887	1404	53	1	1	24	0.000529661	1888	0.999998	FALSE	NA	NA	NA	NA	NA	NA
NC_045512.2	21793	G	T	1833	1345	50	7	7	24	0.00380435	1840	0.992873	FALSE	NA	NA	NA	NA	NA	NA
NC_045512.2	21797	T	C	1843	1376	53	1	1	40	0.000542299	1844	0.500136	FALSE	NA	NA	NA	NA	NA	NA
NC_045512.2	21802	T	G	1991	1632	52	1	1	24	0.000502008	1992	0.999999	FALSE	NA	NA	NA	NA	NA	NA
NC_045512.2	21804	A	C	1996	1639	52	1	1	40	0.000500751	1997	0.500125	FALSE	NA	NA	NA	NA	NA	NA
NC_045512.2	21805	C	T	1992	1644	52	1	1	40	0.000501756	1993	0.500125	FALSE	NA	NA	NA	NA	NA	NA
NC_045512.2	21807	C	A	1988	1661	51	1	0	24	0.000502765	1989	0.999999	FALSE	NA	NA	NA	NA	NA	NA
NC_045512.2	21821	A	G	1872	1566	50	1	1	40	0.000533903	1873	0.500134	FALSE	NA	NA	NA	NA	NA	NA
NC_045512.2	21825	A	G	1851	1599	49	1	1	40	0.000539957	1852	0.500135	FALSE	NA	NA	NA	NA	NA	NA
NC_045512.2	21828	G	T	1816	1592	48	1	1	24	0.000550358	1817	0.999998	FALSE	NA	NA	NA	NA	NA	NA
NC_045512.2	21834	A	G	1815	1598	48	1	0	64	0.000550661	1816	0.500138	FALSE	NA	NA	NA	NA	NA	NA
NC_045512.2	21837	T	C	1785	1573	48	1	1	40	0.00055991	1786	0.50014	FALSE	NA	NA	NA	NA	NA	NA
NC_045512.2	21840	C	T	1771	1560	48	1	1	40	0.000564334	1772	0.500141	FALSE	NA	NA	NA	NA	NA	NA
NC_045512.2	21845	A	G	1769	1566	47	1	1	24	0.000564972	1770	0.999996	FALSE	NA	NA	NA	NA	NA	NA
NC_045512.2	21847	T	G	1754	1552	48	1	1	24	0.000569801	1755	0.999996	FALSE	NA	NA	NA	NA	NA	NA
NC_045512.2	21848	G	T	925	688	38	124	124	25	0.118208	1049	7.20331e-28	TRUE	NA	NA	NA	NA	NA	NA
NC_045512.2	21852	A	G	1736	1537	47	1	1	40	0.000575705	1737	0.500144	FALSE	NA	NA	NA	NA	NA	NA
NC_045512.2	21854	T	G	1713	1521	47	2	2	24	0.0011655	1716	0.999963	FALSE	NA	NA	NA	NA	NA	NA
NC_045512.2	21854	T	C	1713	1521	47	1	1	40	0.000582751	1716	0.499854	FALSE	NA	NA	NA	NA	NA	NA
NC_045512.2	21857	A	G	1708	1524	46	1	1	24	0.000585138	1709	0.999996	FALSE	NA	NA	NA	NA	NA	NA
NC_045512.2	21865	A	G	1570	1416	46	2	2	32	0.00127226	1572	0.500239	FALSE	NA	NA	NA	NA	NA	NA
NC_045512.2	21866	A	G	1564	1411	46	1	1	40	0.000638978	1565	0.50016	FALSE	NA	NA	NA	NA	NA	NA
NC_045512.2	21867	G	T	1546	1395	45	1	1	24	0.000646412	1547	0.999985	FALSE	NA	NA	NA	NA	NA	NA
NC_045512.2	21870	G	T	1448	1316	45	1	1	24	0.000690131	1449	0.999971	FALSE	NA	NA	NA	NA	NA	NA
NC_045512.2	21872	T	G	1438	1306	45	1	1	40	0.000694927	1439	0.500174	FALSE	NA	NA	NA	NA	NA	NA
NC_045512.2	21877	T	G	1427	1308	45	1	1	40	0.00070028	1428	0.500175	FALSE	NA	NA	NA	NA	NA	NA
NC_045512.2	21887	A	G	1415	1309	44	1	1	40	0.000706215	1416	0.500177	FALSE	NA	NA	NA	NA	NA	NA
NC_045512.2	21889	T	C	1402	1296	44	1	1	48	0.000712758	1403	0.500178	FALSE	NA	NA	NA	NA	NA	NA
NC_045512.2	21891	T	G	1382	1278	44	3	3	34	0.00216606	1385	0.312635	FALSE	NA	NA	NA	NA	NA	NA
NC_045512.2	21892	A	T	1390	1290	44	1	1	40	0.000718907	1391	0.50018	FALSE	NA	NA	NA	NA	NA	NA
NC_045512.2	21894	A	G	1375	1273	44	1	1	40	0.000726744	1376	0.500182	FALSE	NA	NA	NA	NA	NA	NA
NC_045512.2	21895	T	G	1354	1254	44	1	1	24	0.000738007	1355	0.999941	FALSE	NA	NA	NA	NA	NA	NA
NC_045512.2	21898	G	C	4033	1343	41	2	0	40	0.00049554	4036	0.249969	FALSE	NA	NA	NA	NA	NA	NA
NC_045512.2	21898	G	A	4033	1343	41	1	0	40	0.00024777	4036	0.499938	FALSE	NA	NA	NA	NA	NA	NA
NC_045512.2	21899	A	C	4035	1358	40	2	0	24	0.000495417	4037	1	FALSE	NA	NA	NA	NA	NA	NA
NC_045512.2	21900	A	G	4022	1357	41	3	0	34	0.000744232	4031	0.77303	FALSE	NA	NA	NA	NA	NA	NA
NC_045512.2	21900	A	C	4022	1357	41	6	0	32	0.00148846	4031	0.376571	FALSE	NA	NA	NA	NA	NA	NA
NC_045512.2	21901	G	T	4172	1349	40	1	1	40	0.000239578	4174	0.5	FALSE	NA	NA	NA	NA	NA	NA
NC_045512.2	21901	G	C	4172	1349	40	1	0	40	0.000239578	4174	0.5	FALSE	NA	NA	NA	NA	NA	NA
NC_045512.2	21903	C	A	4747	1370	41	2	0	32	0.000421141	4749	0.890748	FALSE	NA	NA	NA	NA	NA	NA
NC_045512.2	21904	C	G	4737	1355	41	1	1	40	0.00021106	4738	0.500053	FALSE	NA	NA	NA	NA	NA	NA
NC_045512.2	21905	C	A	4751	1367	41	1	0	40	0.000210438	4752	0.500053	FALSE	NA	NA	NA	NA	NA	NA
NC_045512.2	21906	A	C	5176	1372	41	3	0	24	0.000579262	5179	1	FALSE	NA	NA	NA	NA	NA	NA
NC_045512.2	21908	T	G	5727	1384	41	1	1	24	0.000174459	5732	1	FALSE	NA	NA	NA	NA	NA	NA
NC_045512.2	21908	T	C	5727	1384	41	4	0	40	0.000697837	5732	0.0624673	FALSE	NA	NA	NA	NA	NA	NA
NC_045512.2	21909	C	T	5807	1414	40	1	0	40	0.000172117	5810	0.499957	FALSE	NA	NA	NA	NA	NA	NA
NC_045512.2	21909	C	G	5807	1414	40	1	1	40	0.000172117	5810	0.499957	FALSE	NA	NA	NA	NA	NA	NA
NC_045512.2	21909	C	A	5807	1414	40	1	0	24	0.000172117	5810	1	FALSE	NA	NA	NA	NA	NA	NA
NC_045512.2	21910	C	T	5811	1412	41	1	1	40	0.000172058	5812	0.500043	FALSE	NA	NA	NA	NA	NA	NA
NC_045512.2	21911	C	A	5679	1334	39	3	0	34	0.000527983	5682	0.855613	FALSE	NA	NA	NA	NA	NA	NA
NC_045512.2	21912	T	G	5875	1319	41	3	3	24	0.000510204	5880	1	FALSE	NA	NA	NA	NA	NA	NA
NC_045512.2	21912	T	C	5875	1319	41	2	1	24	0.000340136	5880	1	FALSE	NA	NA	NA	NA	NA	NA
NC_045512.2	21913	A	C	6121	1346	41	2	0	24	0.000326637	6123	1	FALSE	NA	NA	NA	NA	NA	NA
NC_045512.2	21914	C	G	6119	1343	40	1	0	40	0.000163372	6121	0.5	FALSE	NA	NA	NA	NA	NA	NA
NC_045512.2	21914	C	A	6119	1343	40	1	0	32	0.000163372	6121	0.992201	FALSE	NA	NA	NA	NA	NA	NA
NC_045512.2	21915	T	G	6095	1270	41	1	1	24	0.000164042	6096	1	FALSE	NA	NA	NA	NA	NA	NA
NC_045512.2	21916	T	G	6024	1204	41	2	2	28	0.00033173	6029	1	FALSE	NA	NA	NA	NA	NA	NA
NC_045512.2	21916	T	C	6024	1204	41	3	0	34	0.000497595	6029	0.910197	FALSE	NA	NA	NA	NA	NA	NA
NC_045512.2	21918	T	G	6104	1184	41	1	0	40	0.0001638	6105	0.500041	FALSE	NA	NA	NA	NA	NA	NA
NC_045512.2	21920	G	T	6300	1196	41	1	1	24	0.000158705	6301	1	FALSE	NA	NA	NA	NA	NA	NA
NC_045512.2	21921	T	C	6264	1144	41	1	0	24	0.000159617	6265	1	FALSE	NA	NA	NA	NA	NA	NA
NC_045512.2	21922	T	C	6301	1120	42	2	0	32	0.000317309	6303	0.964904	FALSE	NA	NA	NA	NA	NA	NA
NC_045512.2	21923	A	G	6261	1121	41	3	2	37	0.000478851	6265	0.910235	FALSE	NA	NA	NA	NA	NA	NA
NC_045512.2	21923	A	C	6261	1121	41	1	0	40	0.000159617	6265	0.49992	FALSE	NA	NA	NA	NA	NA	NA
NC_045512.2	21924	A	G	6275	1137	41	1	0	40	0.000159286	6278	0.49996	FALSE	NA	NA	NA	NA	NA	NA
NC_045512.2	21924	A	C	6275	1137	41	2	0	40	0.000318573	6278	0.24998	FALSE	NA	NA	NA	NA	NA	NA
NC_045512.2	21926	A	C	5473	362	41	1	0	24	0.000182682	5474	1	FALSE	NA	NA	NA	NA	NA	NA
NC_045512.2	21928	C	T	5594	367	41	3	0	40	0.000536001	5597	0.125	FALSE	NA	NA	NA	NA	NA	NA
NC_045512.2	21931	T	C	6084	416	42	2	0	24	0.000328623	6086	1	FALSE	NA	NA	NA	NA	NA	NA
NC_045512.2	21932	A	C	6141	421	42	1	0	40	0.000162813	6142	0.500041	FALSE	NA	NA	NA	NA	NA	NA
NC_045512.2	21933	C	A	6011	422	40	6	0	26	0.000997175	6017	1	FALSE	NA	NA	NA	NA	NA	NA
NC_045512.2	21936	A	C	6154	475	43	2	0	24	0.000324886	6156	1	FALSE	NA	NA	NA	NA	NA	NA
NC_045512.2	21938	G	A	6218	476	42	1	0	24	0.000160798	6219	1	FALSE	NA	NA	NA	NA	NA	NA
NC_045512.2	21939	T	G	6239	486	43	1	0	40	0.000160256	6240	0.50004	FALSE	NA	NA	NA	NA	NA	NA
NC_045512.2	21941	G	T	2	0	40	6236	498	43	0.999359	6240	0	TRUE	NA	NA	NA	NA	NA	NA
NC_045512.2	21941	G	C	2	0	40	2	0	32	0.000320513	6240	8.61123e-06	TRUE	NA	NA	NA	NA	NA	NA
NC_045512.2	21943	T	G	6322	571	44	2	0	40	0.000316206	6325	0.24998	FALSE	NA	NA	NA	NA	NA	NA
NC_045512.2	21943	T	C	6322	571	44	1	0	24	0.000158103	6325	1	FALSE	NA	NA	NA	NA	NA	NA
NC_045512.2	21944	A	-T	6317	583	42	2	0	20	0.000316606	6317	1	FALSE	NA	NA	NA	NA	NA	NA
NC_045512.2	21945	T	C	6432	580	44	2	0	32	0.000310849	6434	0.964869	FALSE	NA	NA	NA	NA	NA	NA
NC_045512.2	21946	T	C	6460	582	44	1	0	40	0.000154775	6461	0.500039	FALSE	NA	NA	NA	NA	NA	NA
NC_045512.2	21947	A	C	6408	584	44	1	0	24	0.000156031	6409	1	FALSE	NA	NA	NA	NA	NA	NA
NC_045512.2	21948	A	C	6414	585	44	1	0	40	0.000155885	6415	0.500039	FALSE	NA	NA	NA	NA	NA	NA
NC_045512.2	21949	A	G	6470	588	44	2	0	32	0.000309023	6472	0.964903	FALSE	NA	NA	NA	NA	NA	NA
NC_045512.2	21951	T	C	6565	628	44	1	0	40	0.0001523	6566	0.500038	FALSE	NA	NA	NA	NA	NA	NA
NC_045512.2	21955	T	G	6594	635	44	1	0	24	0.000151607	6596	1	FALSE	NA	NA	NA	NA	NA	NA
NC_045512.2	21955	T	C	6594	635	44	1	0	24	0.000151607	6596	1	FALSE	NA	NA	NA	NA	NA	NA
NC_045512.2	21956	G	A	6586	635	44	1	0	80	0.000151814	6587	0.500038	FALSE	NA	NA	NA	NA	NA	NA
NC_045512.2	21958	A	C	6573	685	45	1	0	24	0.000152114	6574	1	FALSE	NA	NA	NA	NA	NA	NA
NC_045512.2	21960	T	C	6654	690	45	1	0	40	0.000150263	6655	0.500038	FALSE	NA	NA	NA	NA	NA	NA
NC_045512.2	21961	T	C	6646	715	45	4	0	38	0.000601504	6650	0.828279	FALSE	NA	NA	NA	NA	NA	NA
NC_045512.2	21963	A	G	6586	729	45	2	1	52	0.000303582	6588	0.250019	FALSE	NA	NA	NA	NA	NA	NA
NC_045512.2	21964	A	C	6673	737	44	3	0	24	0.000449371	6676	1	FALSE	NA	NA	NA	NA	NA	NA
NC_045512.2	21966	T	C	6748	789	46	1	0	40	0.00014817	6749	0.500037	FALSE	NA	NA	NA	NA	NA	NA
NC_045512.2	21967	T	C	6758	790	46	2	0	40	0.000295858	6760	0.250018	FALSE	NA	NA	NA	NA	NA	NA
NC_045512.2	21969	G	T	6773	776	45	1	1	24	0.000147623	6774	1	FALSE	NA	NA	NA	NA	NA	NA
NC_045512.2	21971	A	C	6717	801	45	1	0	24	0.000148854	6718	1	FALSE	NA	NA	NA	NA	NA	NA
NC_045512.2	21972	A	G	6759	802	46	1	0	40	0.000147929	6760	0.500037	FALSE	NA	NA	NA	NA	NA	NA
NC_045512.2	21975	A	C	6790	807	46	1	0	40	0.000147254	6791	0.500037	FALSE	NA	NA	NA	NA	NA	NA
NC_045512.2	21976	T	C	6842	808	46	3	0	48	0.000438276	6845	0.125	FALSE	NA	NA	NA	NA	NA	NA
NC_045512.2	21977	C	T	6855	810	46	1	0	40	0.000145858	6856	0.500036	FALSE	NA	NA	NA	NA	NA	NA
NC_045512.2	21978	C	T	6854	808	46	2	1	80	0.000291715	6856	0.250018	FALSE	NA	NA	NA	NA	NA	NA
NC_045512.2	21979	A	C	6864	812	45	3	0	29	0.000436872	6867	1	FALSE	NA	NA	NA	NA	NA	NA
NC_045512.2	21981	T	C	6979	853	47	1	0	40	0.000143266	6980	0.500036	FALSE	NA	NA	NA	NA	NA	NA
NC_045512.2	21985	G	C	6972	855	46	1	0	40	0.00014341	6973	0.500036	FALSE	NA	NA	NA	NA	NA	NA
NC_045512.2	21985	G	-GGT	6972	855	46	1	0	20	0.00014341	6973	1	FALSE	NA	NA	NA	NA	NA	NA
NC_045512.2	21987	G	A	2	1	52	6933	856	46	0.999712	6935	0	TRUE	NA	NA	NA	NA	NA	NA
NC_045512.2	21988	T	C	6983	855	47	1	0	40	0.000143184	6984	0.5	FALSE	NA	NA	NA	NA	NA	NA
NC_045512.2	21989	G	-TTT	6976	855	47	1	0	20	0.000143349	6976	1	FALSE	NA	NA	NA	NA	NA	NA
NC_045512.2	21990	T	A	6980	851	47	1	0	40	0.000143246	6981	0.500036	FALSE	NA	NA	NA	NA	NA	NA
NC_045512.2	21990	T	-TTA	6980	851	47	6978	0	20	0.99957	6981	0	TRUE	NA	NA	NA	NA	NA	NA
NC_045512.2	21993	A	T	1	0	40	5	5	40	0.833333	6	4.32084e-17	TRUE	NA	NA	NA	NA	NA	NA
NC_045512.2	21993	A	-TT	1	0	40	1	0	20	0.000143164	6985	0.0199411	FALSE	NA	NA	NA	NA	NA	NA
NC_045512.2	21996	A	C	7048	914	45	1	0	24	0.000141864	7049	1	FALSE	NA	NA	NA	NA	NA	NA
NC_045512.2	21997	C	A	6971	939	45	5	0	33	0.000716743	6976	0.725667	FALSE	NA	NA	NA	NA	NA	NA
NC_045512.2	21998	C	A	7159	935	47	2	0	36	0.000279291	7161	0.980508	FALSE	NA	NA	NA	NA	NA	NA
NC_045512.2	21999	A	T	7136	939	47	1	0	40	0.000140076	7139	0.499965	FALSE	NA	NA	NA	NA	NA	NA
NC_045512.2	21999	A	G	7136	939	47	2	0	60	0.000280151	7139	0.249982	FALSE	NA	NA	NA	NA	NA	NA
NC_045512.2	22000	C	A	6196	849	44	711	95	47	0.102939	6907	4.17791e-223	TRUE	NA	NA	NA	NA	NA	NA
NC_045512.2	22002	A	C	7131	952	47	3	0	29	0.000420521	7134	1	FALSE	NA	NA	NA	NA	NA	NA
NC_045512.2	22003	A	G	7134	952	47	1	0	40	0.000140154	7135	0.500035	FALSE	NA	NA	NA	NA	NA	NA
NC_045512.2	22004	A	C	7144	963	47	3	0	24	0.000419757	7147	1	FALSE	NA	NA	NA	NA	NA	NA
NC_045512.2	22005	A	T	7128	1000	48	1	0	80	0.000140252	7130	0.5	FALSE	NA	NA	NA	NA	NA	NA
NC_045512.2	22005	A	C	7128	1000	48	1	0	24	0.000140252	7130	1	FALSE	NA	NA	NA	NA	NA	NA
NC_045512.2	22008	A	C	7179	1102	49	3	0	24	0.000417711	7182	1	FALSE	NA	NA	NA	NA	NA	NA
NC_045512.2	22009	C	A	7105	1146	48	6	0	24	0.000843763	7111	1	FALSE	NA	NA	NA	NA	NA	NA
NC_045512.2	22010	A	G	7194	1147	50	1	0	24	0.000138985	7195	1	FALSE	NA	NA	NA	NA	NA	NA
NC_045512.2	22011	A	G	7189	1150	50	2	1	60	0.000278125	7191	0.250017	FALSE	NA	NA	NA	NA	NA	NA
NC_045512.2	22013	A	G	7180	1151	49	1	0	40	0.000139256	7181	0.500035	FALSE	NA	NA	NA	NA	NA	NA
NC_045512.2	22013	A	-GT	7180	1151	49	1	0	20	0.000139256	7181	1	FALSE	NA	NA	NA	NA	NA	NA
NC_045512.2	22015	T	G	7207	1141	49	1	1	24	0.000138735	7208	1	FALSE	NA	NA	NA	NA	NA	NA
NC_045512.2	22016	T	C	7226	1148	50	1	0	24	0.00013837	7227	1	FALSE	NA	NA	NA	NA	NA	NA
NC_045512.2	22020	T	C	7287	1163	50	1	0	36	0.000137212	7288	0.996103	FALSE	NA	NA	NA	NA	NA	NA
NC_045512.2	22021	G	T	7271	1163	50	1	0	40	0.000137514	7272	0.500034	FALSE	NA	NA	NA	NA	NA	NA
NC_045512.2	22023	A	G	7294	1164	50	1	0	40	0.00013708	7295	0.500034	FALSE	NA	NA	NA	NA	NA	NA
NC_045512.2	22025	A	G	7299	1169	50	1	0	40	0.000136968	7301	0.5	FALSE	NA	NA	NA	NA	NA	NA
NC_045512.2	22025	A	C	7299	1169	50	1	0	24	0.000136968	7301	1	FALSE	NA	NA	NA	NA	NA	NA
NC_045512.2	22027	T	G	7259	1159	50	1	1	24	0.000137741	7260	1	FALSE	NA	NA	NA	NA	NA	NA
NC_045512.2	22029	A	G	7152	1190	50	3	0	53	0.000419287	7155	0.125	FALSE	NA	NA	NA	NA	NA	NA
NC_045512.2	22029	A	-G	7152	1190	50	5	0	20	0.000698812	7155	1	FALSE	NA	NA	NA	NA	NA	NA
NC_045512.2	22030	G	-T	7149	1194	50	24	0	20	0.00335664	7150	1	FALSE	NA	NA	NA	NA	NA	NA
NC_045512.2	22032	T	C	209	186	36	5493	1415	48	0.963346	5702	0	TRUE	NA	NA	NA	NA	NA	NA
NC_045512.2	22033	C	A	207	186	36	5503	1422	48	0.963748	5710	0	TRUE	NA	NA	NA	NA	NA	NA
NC_045512.2	22034	A	T	205	183	36	3	3	37	0.000526778	5695	0.00211913	TRUE	NA	NA	NA	NA	NA	NA
NC_045512.2	22034	A	G	205	183	36	5487	1363	47	0.963477	5695	0	TRUE	NA	NA	NA	NA	NA	NA
NC_045512.2	22034	A	+T	205	183	36	5	0	20	0.000877963	5695	0.0647585	FALSE	NA	NA	NA	NA	NA	NA
NC_045512.2	22034	A	+G	205	183	36	174	0	20	0.0305531	5695	1.27695e-176	TRUE	NA	NA	NA	NA	NA	NA
NC_045512.2	22035	G	+T	5968	1759	50	2	0	20	0.000335121	5968	1	FALSE	NA	NA	NA	NA	NA	NA
NC_045512.2	22035	G	+A	5968	1759	50	1	0	20	0.00016756	5968	1	FALSE	NA	NA	NA	NA	NA	NA
NC_045512.2	22036	A	C	5971	1775	50	1	0	24	0.000167448	5972	1	FALSE	NA	NA	NA	NA	NA	NA
NC_045512.2	22040	T	C	6241	1907	50	1	1	40	0.000160205	6242	0.50004	FALSE	NA	NA	NA	NA	NA	NA
NC_045512.2	22042	T	G	6310	1930	51	1	1	24	0.000158453	6311	1	FALSE	NA	NA	NA	NA	NA	NA
NC_045512.2	22043	T	G	6408	2130	52	1	1	24	0.000156031	6409	1	FALSE	NA	NA	NA	NA	NA	NA
NC_045512.2	22045	T	G	6557	2533	54	1	1	40	0.000152486	6558	0.500038	FALSE	NA	NA	NA	NA	NA	NA
NC_045512.2	22047	G	C	6409	2455	54	1	0	24	0.000156006	6410	1	FALSE	NA	NA	NA	NA	NA	NA
NC_045512.2	22048	T	G	6786	3318	57	1	1	24	0.000147319	6788	1	FALSE	NA	NA	NA	NA	NA	NA
NC_045512.2	22048	T	C	6786	3318	57	1	0	40	0.000147319	6788	0.5	FALSE	NA	NA	NA	NA	NA	NA
NC_045512.2	22049	G	T	6792	3417	58	1	1	32	0.00014721	6793	0.992204	FALSE	NA	NA	NA	NA	NA	NA
NC_045512.2	22050	C	T	6690	3441	56	2	2	80	0.000298864	6692	0.250019	FALSE	NA	NA	NA	NA	NA	NA
NC_045512.2	22051	G	T	6723	3445	57	1	0	24	0.000148721	6724	1	FALSE	NA	NA	NA	NA	NA	NA
NC_045512.2	22054	T	G	6743	3477	56	1	0	36	0.000148258	6745	0.9922	FALSE	NA	NA	NA	NA	NA	NA
NC_045512.2	22054	T	C	6743	3477	56	1	0	80	0.000148258	6745	0.5	FALSE	NA	NA	NA	NA	NA	NA
NC_045512.2	22055	A	G	6729	3573	57	1	0	64	0.000148544	6732	0.499963	FALSE	NA	NA	NA	NA	NA	NA
NC_045512.2	22055	A	C	6729	3573	57	2	0	24	0.000297089	6732	1	FALSE	NA	NA	NA	NA	NA	NA
NC_045512.2	22057	T	C	6581	3752	55	1	0	24	0.00015193	6582	1	FALSE	NA	NA	NA	NA	NA	NA
NC_045512.2	22058	T	G	6587	3734	55	1	1	32	0.000151768	6589	0.9922	FALSE	NA	NA	NA	NA	NA	NA
NC_045512.2	22058	T	C	6587	3734	55	1	1	80	0.000151768	6589	0.5	FALSE	NA	NA	NA	NA	NA	NA
NC_045512.2	22060	C	G	6323	4123	52	1	1	40	0.000158103	6325	0.5	FALSE	NA	NA	NA	NA	NA	NA
NC_045512.2	22060	C	A	6323	4123	52	1	0	24	0.000158103	6325	1	FALSE	NA	NA	NA	NA	NA	NA
NC_045512.2	22061	A	C	6366	4205	52	1	0	24	0.00015706	6367	1	FALSE	NA	NA	NA	NA	NA	NA
NC_045512.2	22062	C	G	6439	4246	52	1	1	32	0.00015528	6440	0.992204	FALSE	NA	NA	NA	NA	NA	NA
NC_045512.2	22063	T	G	6383	4207	52	4	4	24	0.000626174	6388	1	FALSE	NA	NA	NA	NA	NA	NA
NC_045512.2	22063	T	C	6383	4207	52	1	0	24	0.000156544	6388	1	FALSE	NA	NA	NA	NA	NA	NA
NC_045512.2	22064	T	G	6408	4196	52	1	1	24	0.000156031	6409	1	FALSE	NA	NA	NA	NA	NA	NA
NC_045512.2	22065	T	G	6416	4250	51	2	2	24	0.000311575	6419	1	FALSE	NA	NA	NA	NA	NA	NA
NC_045512.2	22065	T	C	6416	4250	51	1	0	40	0.000155788	6419	0.499961	FALSE	NA	NA	NA	NA	NA	NA
NC_045512.2	22066	T	G	6452	4372	52	3	3	29	0.000464612	6457	1	FALSE	NA	NA	NA	NA	NA	NA
NC_045512.2	22066	T	C	6452	4372	52	2	1	36	0.000309741	6457	0.964852	FALSE	NA	NA	NA	NA	NA	NA
NC_045512.2	22068	A	C	6461	4557	51	1	0	40	0.000154751	6462	0.500039	FALSE	NA	NA	NA	NA	NA	NA
NC_045512.2	22069	A	G	6473	4560	51	1	1	52	0.000154464	6474	0.500039	FALSE	NA	NA	NA	NA	NA	NA
NC_045512.2	22070	T	G	6463	4545	51	1	1	40	0.000154703	6464	0.500039	FALSE	NA	NA	NA	NA	NA	NA
NC_045512.2	22071	A	G	6465	4654	51	1	1	52	0.000154631	6467	0.5	FALSE	NA	NA	NA	NA	NA	NA
NC_045512.2	22071	A	C	6465	4654	51	1	0	24	0.000154631	6467	1	FALSE	NA	NA	NA	NA	NA	NA
NC_045512.2	22072	T	G	6476	4681	51	1	1	24	0.000154321	6480	1	FALSE	NA	NA	NA	NA	NA	NA
NC_045512.2	22072	T	C	6476	4681	51	3	2	53	0.000462963	6480	0.124971	FALSE	NA	NA	NA	NA	NA	NA
NC_045512.2	22074	T	C	6481	4805	50	1	1	40	0.000154273	6482	0.500039	FALSE	NA	NA	NA	NA	NA	NA
NC_045512.2	22075	C	G	6559	4899	50	1	1	32	0.000152439	6560	0.992204	FALSE	NA	NA	NA	NA	NA	NA
NC_045512.2	22076	T	G	6483	4830	50	1	1	24	0.000154226	6484	1	FALSE	NA	NA	NA	NA	NA	NA
NC_045512.2	22077	C	A	6279	4977	44	9	0	26	0.0014313	6288	1	FALSE	NA	NA	NA	NA	NA	NA
NC_045512.2	22078	T	G	6502	4859	50	1	1	40	0.000153775	6503	0.500038	FALSE	NA	NA	NA	NA	NA	NA
NC_045512.2	22079	C	G	6477	4877	49	1	1	40	0.000154369	6478	0.500039	FALSE	NA	NA	NA	NA	NA	NA
NC_045512.2	22080	A	C	6493	4864	50	1	0	40	0.000153988	6494	0.500039	FALSE	NA	NA	NA	NA	NA	NA
NC_045512.2	22084	T	C	6607	5339	48	3	3	34	0.000453858	6610	0.910268	FALSE	NA	NA	NA	NA	NA	NA
NC_045512.2	22085	T	C	6617	5347	48	2	2	40	0.00030216	6619	0.250019	FALSE	NA	NA	NA	NA	NA	NA
NC_045512.2	22086	T	C	6619	5378	48	1	0	40	0.000151057	6620	0.500038	FALSE	NA	NA	NA	NA	NA	NA
NC_045512.2	22089	T	G	6743	5470	48	2	2	24	0.000296472	6746	1	FALSE	NA	NA	NA	NA	NA	NA
NC_045512.2	22089	T	C	6743	5470	48	1	1	80	0.000148236	6746	0.499963	FALSE	NA	NA	NA	NA	NA	NA
NC_045512.2	22091	A	G	6800	5605	48	1	1	80	0.000147016	6802	0.5	FALSE	NA	NA	NA	NA	NA	NA
NC_045512.2	22091	A	C	6800	5605	48	1	0	32	0.000147016	6802	0.9922	FALSE	NA	NA	NA	NA	NA	NA
NC_045512.2	22092	T	G	6797	5606	48	3	2	28	0.000441112	6801	1	FALSE	NA	NA	NA	NA	NA	NA
NC_045512.2	22092	T	C	6797	5606	48	1	1	40	0.000147037	6801	0.499926	FALSE	NA	NA	NA	NA	NA	NA
NC_045512.2	22098	T	G	6833	5788	48	1	1	24	0.000146306	6835	1	FALSE	NA	NA	NA	NA	NA	NA
NC_045512.2	22098	T	C	6833	5788	48	1	1	40	0.000146306	6835	0.5	FALSE	NA	NA	NA	NA	NA	NA
NC_045512.2	22099	T	G	6837	5797	48	3	3	29	0.000438468	6842	1	FALSE	NA	NA	NA	NA	NA	NA
NC_045512.2	22099	T	C	6837	5797	48	2	1	32	0.000292312	6842	0.964852	FALSE	NA	NA	NA	NA	NA	NA
NC_045512.2	22100	G	T	6467	5416	44	20	20	28	0.00308309	6487	1	FALSE	NA	NA	NA	NA	NA	NA
NC_045512.2	22101	A	G	6933	5891	48	1	1	40	0.000144217	6934	0.500036	FALSE	NA	NA	NA	NA	NA	NA
NC_045512.2	22102	A	G	6930	5892	48	1	1	40	0.000144279	6931	0.500036	FALSE	NA	NA	NA	NA	NA	NA
NC_045512.2	22103	G	T	6854	5841	47	1	1	40	0.000145879	6855	0.500036	FALSE	NA	NA	NA	NA	NA	NA
NC_045512.2	22104	G	-A	6957	5983	48	2	0	20	0.00028748	6957	1	FALSE	NA	NA	NA	NA	NA	NA
NC_045512.2	22106	A	G	7118	6211	49	3	2	32	0.000421171	7123	0.94535	FALSE	NA	NA	NA	NA	NA	NA
NC_045512.2	22106	A	C	7118	6211	49	2	2	24	0.000280781	7123	1	FALSE	NA	NA	NA	NA	NA	NA
NC_045512.2	22108	A	G	7132	6229	49	3	3	57	0.000420463	7135	0.125	FALSE	NA	NA	NA	NA	NA	NA
NC_045512.2	22109	C	G	7115	6226	48	1	1	40	0.000140528	7116	0.500035	FALSE	NA	NA	NA	NA	NA	NA
NC_045512.2	22110	A	G	7038	6147	48	1	1	40	0.000142066	7039	0.500036	FALSE	NA	NA	NA	NA	NA	NA
NC_045512.2	22111	G	T	5047	4424	48	2023	1749	48	0.286139	7070	0	TRUE	NA	NA	NA	NA	NA	NA
NC_045512.2	22113	G	T	6936	6035	46	2	2	24	0.000288268	6938	1	FALSE	NA	NA	NA	NA	NA	NA
NC_045512.2	22114	T	G	6970	6085	48	3	3	24	0.000430108	6975	1	FALSE	NA	NA	NA	NA	NA	NA
NC_045512.2	22114	T	C	6970	6085	48	2	2	32	0.000286738	6975	0.964852	FALSE	NA	NA	NA	NA	NA	NA
NC_045512.2	22114	T	-A	6970	6085	48	1	0	20	0.000143369	6975	1	FALSE	NA	NA	NA	NA	NA	NA
NC_045512.2	22115	A	G	5040	4400	49	1966	1733	48	0.280617	7006	0	TRUE	NA	NA	NA	NA	NA	NA
NC_045512.2	22116	A	G	6981	6106	49	2	2	40	0.00028641	6983	0.250018	FALSE	NA	NA	NA	NA	NA	NA
NC_045512.2	22117	T	G	6943	6070	49	2	2	24	0.000287894	6947	1	FALSE	NA	NA	NA	NA	NA	NA
NC_045512.2	22117	T	C	6943	6070	49	2	2	32	0.000287894	6947	0.964867	FALSE	NA	NA	NA	NA	NA	NA
NC_045512.2	22118	T	G	6928	6096	48	4	4	30	0.000577034	6932	0.828273	FALSE	NA	NA	NA	NA	NA	NA
NC_045512.2	22119	T	G	6926	6094	48	1	1	24	0.000144363	6927	1	FALSE	NA	NA	NA	NA	NA	NA
NC_045512.2	22120	C	G	6835	6009	48	1	1	24	0.000146263	6837	1	FALSE	NA	NA	NA	NA	NA	NA
NC_045512.2	22120	C	A	6835	6009	48	1	1	40	0.000146263	6837	0.5	FALSE	NA	NA	NA	NA	NA	NA
NC_045512.2	22120	C	-A	6835	6009	48	1	0	20	0.000146263	6837	1	FALSE	NA	NA	NA	NA	NA	NA
NC_045512.2	22123	A	T	6852	6051	48	1	1	40	0.000145921	6853	0.500036	FALSE	NA	NA	NA	NA	NA	NA
NC_045512.2	22126	T	G	6708	5910	46	2	2	32	0.000298063	6710	0.964901	FALSE	NA	NA	NA	NA	NA	NA
NC_045512.2	22127	C	A	6843	6058	48	1	1	24	0.000146113	6844	1	FALSE	NA	NA	NA	NA	NA	NA
NC_045512.2	22128	T	G	6804	6019	48	1	1	40	0.000146951	6805	0.500037	FALSE	NA	NA	NA	NA	NA	NA
NC_045512.2	22129	T	G	6743	5959	47	1	1	24	0.000148258	6745	1	FALSE	NA	NA	NA	NA	NA	NA
NC_045512.2	22129	T	C	6743	5959	47	1	1	64	0.000148258	6745	0.5	FALSE	NA	NA	NA	NA	NA	NA
NC_045512.2	22130	A	G	6827	6051	47	1	1	40	0.000146456	6828	0.500037	FALSE	NA	NA	NA	NA	NA	NA
NC_045512.2	22131	G	T	6443	5652	44	17	17	24	0.00263158	6460	1	FALSE	NA	NA	NA	NA	NA	NA
NC_045512.2	22132	G	T	6652	5863	46	5	5	24	0.000751089	6657	1	FALSE	NA	NA	NA	NA	NA	NA
NC_045512.2	22135	A	G	6756	6023	47	1	1	40	0.000147995	6757	0.500037	FALSE	NA	NA	NA	NA	NA	NA
NC_045512.2	22136	T	G	6753	6031	47	1	1	24	0.00014806	6754	1	FALSE	NA	NA	NA	NA	NA	NA
NC_045512.2	22137	T	G	6739	6015	47	1	1	40	0.000148368	6740	0.500037	FALSE	NA	NA	NA	NA	NA	NA
NC_045512.2	22138	T	G	6719	5994	47	2	2	32	0.000297575	6721	0.964901	FALSE	NA	NA	NA	NA	NA	NA
NC_045512.2	22140	T	G	6702	5982	47	1	1	24	0.000149187	6703	1	FALSE	NA	NA	NA	NA	NA	NA
NC_045512.2	22143	T	G	6624	5950	47	1	1	24	0.000150921	6626	1	FALSE	NA	NA	NA	NA	NA	NA
NC_045512.2	22143	T	C	6624	5950	47	1	1	40	0.000150921	6626	0.5	FALSE	NA	NA	NA	NA	NA	NA
NC_045512.2	22144	T	G	6522	5848	45	5	5	24	0.000766049	6527	1	FALSE	NA	NA	NA	NA	NA	NA
NC_045512.2	22145	A	C	6656	5993	46	1	0	32	0.000150218	6657	0.992204	FALSE	NA	NA	NA	NA	NA	NA
NC_045512.2	22146	A	G	6655	5984	47	1	1	40	0.000150195	6658	0.499962	FALSE	NA	NA	NA	NA	NA	NA
NC_045512.2	22146	A	C	6655	5984	47	2	2	24	0.000300391	6658	1	FALSE	NA	NA	NA	NA	NA	NA
NC_045512.2	22148	A	G	6597	5969	46	1	1	40	0.000151561	6598	0.500038	FALSE	NA	NA	NA	NA	NA	NA
NC_045512.2	22149	A	G	6576	5949	46	2	1	52	0.000304044	6578	0.250019	FALSE	NA	NA	NA	NA	NA	NA
NC_045512.2	22150	T	G	6537	5912	46	1	1	24	0.000152952	6538	1	FALSE	NA	NA	NA	NA	NA	NA
NC_045512.2	22152	T	G	6539	5913	46	2	2	24	0.000305717	6542	1	FALSE	NA	NA	NA	NA	NA	NA
NC_045512.2	22152	T	C	6539	5913	46	1	1	40	0.000152858	6542	0.499962	FALSE	NA	NA	NA	NA	NA	NA
NC_045512.2	22153	T	G	6492	5868	46	2	2	24	0.000307977	6494	1	FALSE	NA	NA	NA	NA	NA	NA
NC_045512.2	22155	A	G	6512	5894	46	1	1	40	0.000153539	6513	0.500038	FALSE	NA	NA	NA	NA	NA	NA
NC_045512.2	22156	T	G	6392	5778	46	4	4	34	0.000625293	6397	0.828221	FALSE	NA	NA	NA	NA	NA	NA
NC_045512.2	22156	T	C	6392	5778	46	1	1	40	0.000156323	6397	0.499883	FALSE	NA	NA	NA	NA	NA	NA
NC_045512.2	22158	G	T	6296	5697	46	2	2	24	0.000317561	6298	1	FALSE	NA	NA	NA	NA	NA	NA
NC_045512.2	22159	T	G	6185	5594	46	3	3	34	0.000484809	6188	0.910276	FALSE	NA	NA	NA	NA	NA	NA
NC_045512.2	22160	T	C	6075	5487	46	1	1	40	0.000164582	6076	0.500041	FALSE	NA	NA	NA	NA	NA	NA
NC_045512.2	22160	T	+ATTTTA	6075	5487	46	2	0	20	0.000329164	6076	1	FALSE	NA	NA	NA	NA	NA	NA
NC_045512.2	22161	A	G	6109	5522	46	2	2	40	0.000327279	6111	0.25002	FALSE	NA	NA	NA	NA	NA	NA
NC_045512.2	22161	A	-T	6109	5522	46	1	0	20	0.000163639	6111	1	FALSE	NA	NA	NA	NA	NA	NA
NC_045512.2	22162	T	G	6081	5495	47	1	1	24	0.00016442	6082	1	FALSE	NA	NA	NA	NA	NA	NA
NC_045512.2	22163	T	C	6075	5494	47	1	1	24	0.000164582	6076	1	FALSE	NA	NA	NA	NA	NA	NA
NC_045512.2	22164	T	G	6066	5487	47	1	1	24	0.000164826	6067	1	FALSE	NA	NA	NA	NA	NA	NA
NC_045512.2	22165	T	G	5978	5401	45	3	3	29	0.000501588	5981	1	FALSE	NA	NA	NA	NA	NA	NA
NC_045512.2	22165	T	-A	5978	5401	45	1	0	20	0.000167196	5981	1	FALSE	NA	NA	NA	NA	NA	NA
NC_045512.2	22166	A	G	6089	5519	46	1	1	24	0.000164204	6090	1	FALSE	NA	NA	NA	NA	NA	NA
NC_045512.2	22167	A	G	6073	5503	47	2	2	36	0.000329218	6075	0.964907	FALSE	NA	NA	NA	NA	NA	NA
NC_045512.2	22168	A	G	6076	5510	46	2	2	40	0.000329056	6078	0.250021	FALSE	NA	NA	NA	NA	NA	NA
NC_045512.2	22169	A	G	6071	5530	46	4	4	32	0.000658436	6075	0.828294	FALSE	NA	NA	NA	NA	NA	NA
NC_045512.2	22170	T	G	6042	5501	46	1	1	24	0.000165453	6044	1	FALSE	NA	NA	NA	NA	NA	NA
NC_045512.2	22170	T	C	6042	5501	46	1	1	40	0.000165453	6044	0.5	FALSE	NA	NA	NA	NA	NA	NA
NC_045512.2	22172	T	G	6003	5461	46	1	1	24	0.000166556	6004	1	FALSE	NA	NA	NA	NA	NA	NA
NC_045512.2	22175	T	G	5998	5491	46	3	3	29	0.000499833	6002	1	FALSE	NA	NA	NA	NA	NA	NA
NC_045512.2	22175	T	C	5998	5491	46	1	1	24	0.000166611	6002	1	FALSE	NA	NA	NA	NA	NA	NA
NC_045512.2	22177	T	G	5766	5277	45	3	3	24	0.000519931	5770	1	FALSE	NA	NA	NA	NA	NA	NA
NC_045512.2	22177	T	C	5766	5277	45	1	1	40	0.00017331	5770	0.499913	FALSE	NA	NA	NA	NA	NA	NA
NC_045512.2	22180	G	C	5789	5335	45	1	1	40	0.000172682	5791	0.5	FALSE	NA	NA	NA	NA	NA	NA
NC_045512.2	22180	G	A	5789	5335	45	1	1	24	0.000172682	5791	1	FALSE	NA	NA	NA	NA	NA	NA
NC_045512.2	22181	C	T	5780	5334	45	1	1	24	0.00017298	5781	1	FALSE	NA	NA	NA	NA	NA	NA
NC_045512.2	22183	C	G	5489	5052	45	2	2	40	0.000364232	5491	0.250023	FALSE	NA	NA	NA	NA	NA	NA
NC_045512.2	22184	A	G	5476	5047	45	1	1	40	0.000182582	5477	0.500046	FALSE	NA	NA	NA	NA	NA	NA
NC_045512.2	22185	C	G	5458	5042	45	5	5	36	0.000915248	5463	0.623216	FALSE	NA	NA	NA	NA	NA	NA
NC_045512.2	22186	G	T	5478	5062	45	1	1	40	0.000182515	5479	0.500046	FALSE	NA	NA	NA	NA	NA	NA
NC_045512.2	22192	T	G	5170	4897	43	1	1	40	0.000193386	5171	0.499758	FALSE	NA	NA	NA	NA	NA	NA
NC_045512.2	22193	A	-ATT	10033	5214	41	7341	0	20	0.731248	10039	0	TRUE	NA	NA	NA	NA	NA	NA
NC_045512.2	22194	A	T	0	0	0	708	688	41	1	708	0	TRUE	NA	NA	NA	NA	NA	NA
NC_045512.2	22196	T	C	1	1	24	1	0	24	0.2	5	0.0199739	FALSE	NA	NA	NA	NA	NA	NA
NC_045512.2	22196	T	A	1	1	24	3	0	53	0.6	5	5.98552e-11	TRUE	NA	NA	NA	NA	NA	NA
NC_045512.2	22200	T	G	2	2	32	7379	2550	40	0.999729	7381	0	TRUE	NA	NA	NA	NA	NA	NA
NC_045512.2	22206	A	G	8554	2691	41	1	1	40	0.000116891	8555	0.500029	FALSE	NA	NA	NA	NA	NA	NA
NC_045512.2	22208	C	T	1	0	40	8585	2672	42	0.999884	8586	0	TRUE	NA	NA	NA	NA	NA	NA
NC_045512.2	22212	C	T	7963	2753	37	1	0	40	0.000125094	7994	0.499091	FALSE	NA	NA	NA	NA	NA	NA
NC_045512.2	22212	C	A	7963	2753	37	30	0	27	0.00375281	7994	1	FALSE	NA	NA	NA	NA	NA	NA
NC_045512.2	22214	C	A	8264	2674	39	17	0	24	0.00205289	8281	1	FALSE	NA	NA	NA	NA	NA	NA
NC_045512.2	22215	A	G	8575	2585	42	1	0	40	0.000116604	8576	0.500029	FALSE	NA	NA	NA	NA	NA	NA
NC_045512.2	22215	A	+T	8575	2585	42	2	0	20	0.000233209	8576	1	FALSE	NA	NA	NA	NA	NA	NA
NC_045512.2	22215	A	+G	8575	2585	42	1	0	20	0.000116604	8576	1	FALSE	NA	NA	NA	NA	NA	NA
NC_045512.2	22216	G	T	8605	2527	41	5	5	33	0.00058072	8610	0.866714	FALSE	NA	NA	NA	NA	NA	NA
NC_045512.2	22217	G	T	8633	2595	42	1	0	40	0.000115754	8639	0.499884	FALSE	NA	NA	NA	NA	NA	NA
NC_045512.2	22217	G	C	8633	2595	42	5	2	33	0.000578771	8639	0.866668	FALSE	NA	NA	NA	NA	NA	NA
NC_045512.2	22218	G	T	8718	2629	42	3	2	40	0.000343958	8722	0.124978	FALSE	NA	NA	NA	NA	NA	NA
NC_045512.2	22218	G	C	8718	2629	42	1	0	24	0.000114653	8722	1	FALSE	NA	NA	NA	NA	NA	NA
NC_045512.2	22218	G	-T	8718	2629	42	3	0	20	0.000343958	8722	1	FALSE	NA	NA	NA	NA	NA	NA
NC_045512.2	22218	G	+T	8718	2629	42	178	0	20	0.0204082	8722	2.34648e-08	TRUE	NA	NA	NA	NA	NA	NA
NC_045512.2	22219	T	G	8598	2512	42	1	1	24	0.000116266	8601	1	FALSE	NA	NA	NA	NA	NA	NA
NC_045512.2	22219	T	C	8598	2512	42	2	0	40	0.000232531	8601	0.249898	FALSE	NA	NA	NA	NA	NA	NA
NC_045512.2	22220	T	+G	8517	2422	42	1	0	20	0.000117412	8517	1	FALSE	NA	NA	NA	NA	NA	NA
NC_045512.2	22221	T	G	8524	2456	43	1	1	40	0.000117288	8526	0.5	FALSE	NA	NA	NA	NA	NA	NA
NC_045512.2	22221	T	C	8524	2456	43	1	1	80	0.000117288	8526	0.5	FALSE	NA	NA	NA	NA	NA	NA
NC_045512.2	22221	T	+G	8524	2456	43	1	0	20	0.000117288	8526	1	FALSE	NA	NA	NA	NA	NA	NA
NC_045512.2	22221	T	+C	8524	2456	43	1	0	20	0.000117288	8526	1	FALSE	NA	NA	NA	NA	NA	NA
NC_045512.2	22222	T	C	8499	2452	43	2	1	32	0.000235266	8501	0.989281	FALSE	NA	NA	NA	NA	NA	NA
NC_045512.2	22223	T	G	8506	2451	42	1	1	24	0.000117536	8508	1	FALSE	NA	NA	NA	NA	NA	NA
NC_045512.2	22223	T	C	8506	2451	42	1	0	24	0.000117536	8508	1	FALSE	NA	NA	NA	NA	NA	NA
NC_045512.2	22224	C	T	8387	2400	42	3	3	40	0.000357526	8391	0.124978	FALSE	NA	NA	NA	NA	NA	NA
NC_045512.2	22224	C	G	8387	2400	42	1	1	24	0.000119175	8391	1	FALSE	NA	NA	NA	NA	NA	NA
NC_045512.2	22226	G	C	8462	2271	42	1	1	24	0.000118161	8463	1	FALSE	NA	NA	NA	NA	NA	NA
NC_045512.2	22227	C	G	8508	2330	43	1	1	40	0.000117523	8509	0.500029	FALSE	NA	NA	NA	NA	NA	NA
NC_045512.2	22228	T	G	8429	2277	43	1	1	24	0.000118554	8435	1	FALSE	NA	NA	NA	NA	NA	NA
NC_045512.2	22228	T	C	8429	2277	43	5	2	36	0.000592768	8435	0.86667	FALSE	NA	NA	NA	NA	NA	NA
NC_045512.2	22230	T	G	8464	2280	43	3	3	29	0.000354275	8468	1	FALSE	NA	NA	NA	NA	NA	NA
NC_045512.2	22230	T	C	8464	2280	43	1	1	80	0.000118092	8468	0.499941	FALSE	NA	NA	NA	NA	NA	NA
NC_045512.2	22231	A	G	8381	2290	42	3	0	40	0.000357739	8386	0.124955	FALSE	NA	NA	NA	NA	NA	NA
NC_045512.2	22231	A	C	8381	2290	42	2	0	24	0.000238493	8386	1	FALSE	NA	NA	NA	NA	NA	NA
NC_045512.2	22232	G	A	8489	2297	43	1	1	40	0.000117786	8490	0.500029	FALSE	NA	NA	NA	NA	NA	NA
NC_045512.2	22233	A	G	8449	2400	44	1	1	24	0.000118329	8451	1	FALSE	NA	NA	NA	NA	NA	NA
NC_045512.2	22233	A	C	8449	2400	44	1	0	24	0.000118329	8451	1	FALSE	NA	NA	NA	NA	NA	NA
NC_045512.2	22234	A	C	8462	2406	44	2	1	32	0.000236295	8464	0.989281	FALSE	NA	NA	NA	NA	NA	NA
NC_045512.2	22237	A	C	6893	750	44	1	0	40	0.000145054	6894	0.500036	FALSE	NA	NA	NA	NA	NA	NA
NC_045512.2	22243	A	G	6973	783	43	2	0	40	0.000286697	6976	0.249982	FALSE	NA	NA	NA	NA	NA	NA
NC_045512.2	22243	A	C	6973	783	43	1	0	24	0.000143349	6976	1	FALSE	NA	NA	NA	NA	NA	NA
NC_045512.2	22244	G	A	7088	781	45	2	0	32	0.000282087	7090	0.980508	FALSE	NA	NA	NA	NA	NA	NA
NC_045512.2	22246	T	C	7105	783	45	1	0	24	0.000140726	7106	1	FALSE	NA	NA	NA	NA	NA	NA
NC_045512.2	22248	T	C	7119	792	45	1	0	40	0.000140449	7120	0.500035	FALSE	NA	NA	NA	NA	NA	NA
NC_045512.2	22251	C	A	7046	813	42	4	0	24	0.000567376	7050	1	FALSE	NA	NA	NA	NA	NA	NA
NC_045512.2	22253	A	C	7176	818	45	1	0	24	0.000139334	7177	1	FALSE	NA	NA	NA	NA	NA	NA
NC_045512.2	22255	A	C	7243	832	45	2	0	24	0.000276052	7245	1	FALSE	NA	NA	NA	NA	NA	NA
NC_045512.2	22257	G	T	7983	860	45	1	0	24	0.000125251	7984	1	FALSE	NA	NA	NA	NA	NA	NA
NC_045512.2	22259	A	G	7953	870	44	1	0	40	0.000125723	7954	0.500031	FALSE	NA	NA	NA	NA	NA	NA
NC_045512.2	22260	T	C	8006	866	45	1	0	40	0.000124891	8007	0.500031	FALSE	NA	NA	NA	NA	NA	NA
NC_045512.2	22261	T	C	8028	871	45	3	0	53	0.000373552	8031	0.125	FALSE	NA	NA	NA	NA	NA	NA
NC_045512.2	22262	A	C	7945	873	44	5	0	24	0.000628931	7950	1	FALSE	NA	NA	NA	NA	NA	NA
NC_045512.2	22263	A	C	8017	888	44	4	0	24	0.000498691	8021	1	FALSE	NA	NA	NA	NA	NA	NA
NC_045512.2	22265	A	G	8234	908	45	1	0	80	0.000121418	8236	0.5	FALSE	NA	NA	NA	NA	NA	NA
NC_045512.2	22265	A	C	8234	908	45	1	0	24	0.000121418	8236	1	FALSE	NA	NA	NA	NA	NA	NA
NC_045512.2	22268	A	G	8292	911	45	3	0	34	0.00036162	8296	0.967329	FALSE	NA	NA	NA	NA	NA	NA
NC_045512.2	22268	A	C	8292	911	45	1	0	40	0.00012054	8296	0.49994	FALSE	NA	NA	NA	NA	NA	NA
NC_045512.2	22269	C	A	8078	937	43	10	0	25	0.0012364	8088	1	FALSE	NA	NA	NA	NA	NA	NA
NC_045512.2	22270	T	G	8349	931	45	1	0	24	0.000119732	8352	1	FALSE	NA	NA	NA	NA	NA	NA
NC_045512.2	22270	T	C	8349	931	45	2	0	52	0.000239464	8352	0.249985	FALSE	NA	NA	NA	NA	NA	NA
NC_045512.2	22275	T	C	8590	1076	46	1	0	40	0.000116401	8591	0.500029	FALSE	NA	NA	NA	NA	NA	NA
NC_045512.2	22277	C	T	8575	1083	46	1	0	40	0.000116604	8576	0.500029	FALSE	NA	NA	NA	NA	NA	NA
NC_045512.2	22278	A	G	8543	1082	46	1	1	80	0.000117041	8544	0.500029	FALSE	NA	NA	NA	NA	NA	NA
NC_045512.2	22279	A	G	8559	1085	46	1	0	24	0.000116795	8562	1	FALSE	NA	NA	NA	NA	NA	NA
NC_045512.2	22279	A	C	8559	1085	46	2	0	24	0.00023359	8562	1	FALSE	NA	NA	NA	NA	NA	NA
NC_045512.2	22282	T	G	8659	1983	55	1	1	24	0.000115473	8660	1	FALSE	NA	NA	NA	NA	NA	NA
NC_045512.2	22284	T	C	8666	1981	54	2	1	52	0.000230734	8668	0.250014	FALSE	NA	NA	NA	NA	NA	NA
NC_045512.2	22285	A	C	8626	2001	54	3	0	24	0.000347665	8629	1	FALSE	NA	NA	NA	NA	NA	NA
NC_045512.2	22286	C	G	8508	2007	53	1	1	64	0.000117426	8516	0.499824	FALSE	NA	NA	NA	NA	NA	NA
NC_045512.2	22286	C	A	8508	2007	53	7	0	30	0.000821982	8516	0.696461	FALSE	NA	NA	NA	NA	NA	NA
NC_045512.2	22287	T	C	8669	2032	55	2	0	52	0.000230654	8671	0.250014	FALSE	NA	NA	NA	NA	NA	NA
NC_045512.2	22288	T	C	8664	2031	55	4	2	39	0.000461467	8668	0.9271	FALSE	NA	NA	NA	NA	NA	NA
NC_045512.2	22290	C	A	8800	2128	56	1	0	40	0.000113623	8801	0.500028	FALSE	NA	NA	NA	NA	NA	NA
NC_045512.2	22291	T	G	8792	2119	55	2	2	24	0.000227402	8795	1	FALSE	NA	NA	NA	NA	NA	NA
NC_045512.2	22291	T	C	8792	2119	55	1	0	40	0.000113701	8795	0.499972	FALSE	NA	NA	NA	NA	NA	NA
NC_045512.2	22292	T	C	8787	2184	56	2	0	50	0.000227557	8789	0.250014	FALSE	NA	NA	NA	NA	NA	NA
NC_045512.2	22294	A	G	8885	2242	56	1	1	40	0.000112524	8887	0.5	FALSE	NA	NA	NA	NA	NA	NA
NC_045512.2	22294	A	C	8885	2242	56	1	0	24	0.000112524	8887	1	FALSE	NA	NA	NA	NA	NA	NA
NC_045512.2	22295	C	G	0	0	0	1	0	80	0.000112587	8882	0.000112587	TRUE	NA	NA	NA	NA	NA	NA
NC_045512.2	22295	C	A	0	0	0	8881	2294	57	0.999887	8882	0	TRUE	NA	NA	NA	NA	NA	NA
NC_045512.2	22296	A	G	8911	2315	57	1	0	40	0.000112196	8913	0.5	FALSE	NA	NA	NA	NA	NA	NA
NC_045512.2	22296	A	C	8911	2315	57	1	0	24	0.000112196	8913	1	FALSE	NA	NA	NA	NA	NA	NA
NC_045512.2	22297	T	G	8931	2311	57	1	1	24	0.000111957	8932	1	FALSE	NA	NA	NA	NA	NA	NA
NC_045512.2	22298	A	G	8857	2300	57	1	0	80	0.000112892	8858	0.500028	FALSE	NA	NA	NA	NA	NA	NA
NC_045512.2	22300	A	G	8886	2313	57	2	0	32	0.000225023	8888	0.98928	FALSE	NA	NA	NA	NA	NA	NA
NC_045512.2	22301	A	G	8882	2318	57	1	0	40	0.000112575	8883	0.500028	FALSE	NA	NA	NA	NA	NA	NA
NC_045512.2	22307	T	G	8941	2324	57	1	1	24	0.000111794	8945	1	FALSE	NA	NA	NA	NA	NA	NA
NC_045512.2	22307	T	C	8941	2324	57	3	2	53	0.000335383	8945	0.124979	FALSE	NA	NA	NA	NA	NA	NA
NC_045512.2	22308	T	C	8921	2405	59	1	0	40	0.000112082	8922	0.500028	FALSE	NA	NA	NA	NA	NA	NA
NC_045512.2	22309	G	C	8933	2411	59	1	0	40	0.000111932	8934	0.500028	FALSE	NA	NA	NA	NA	NA	NA
NC_045512.2	22310	A	G	8865	2433	59	2	1	56	0.000225454	8871	0.249901	FALSE	NA	NA	NA	NA	NA	NA
NC_045512.2	22310	A	C	8865	2433	59	4	0	24	0.000450907	8871	1	FALSE	NA	NA	NA	NA	NA	NA
NC_045512.2	22313	C	A	8867	2496	58	1	0	24	0.000112765	8868	1	FALSE	NA	NA	NA	NA	NA	NA
NC_045512.2	22314	C	A	8825	2484	58	2	0	32	0.000226578	8827	0.98928	FALSE	NA	NA	NA	NA	NA	NA
NC_045512.2	22315	T	C	8943	2488	59	1	1	80	0.000111794	8945	0.5	FALSE	NA	NA	NA	NA	NA	NA
NC_045512.2	22315	T	A	8943	2488	59	1	0	36	0.000111794	8945	0.998051	FALSE	NA	NA	NA	NA	NA	NA
NC_045512.2	22323	C	T	8675	2817	59	4	2	80	0.000460883	8679	0.0624928	FALSE	NA	NA	NA	NA	NA	NA
NC_045512.2	22324	T	C	8668	2820	59	2	0	38	0.000230681	8670	0.989281	FALSE	NA	NA	NA	NA	NA	NA
NC_045512.2	22325	T	G	8693	2833	59	1	0	32	0.000114969	8698	0.998048	FALSE	NA	NA	NA	NA	NA	NA
NC_045512.2	22325	T	C	8693	2833	59	4	0	36	0.000459876	8698	0.927071	FALSE	NA	NA	NA	NA	NA	NA
NC_045512.2	22327	T	C	8472	3125	59	1	0	80	0.000118022	8473	0.50003	FALSE	NA	NA	NA	NA	NA	NA
NC_045512.2	22328	T	C	8467	3122	58	3	1	34	0.000354191	8470	0.967342	FALSE	NA	NA	NA	NA	NA	NA
NC_045512.2	22329	C	A	8285	3152	54	2	0	28	0.000241342	8287	1	FALSE	NA	NA	NA	NA	NA	NA
NC_045512.2	22330	A	G	8450	3141	58	1	0	40	0.000118315	8452	0.5	FALSE	NA	NA	NA	NA	NA	NA
NC_045512.2	22330	A	C	8450	3141	58	1	0	32	0.000118315	8452	0.998051	FALSE	NA	NA	NA	NA	NA	NA
NC_045512.2	22332	G	T	8427	3097	56	1	1	24	0.000118652	8428	1	FALSE	NA	NA	NA	NA	NA	NA
NC_045512.2	22333	T	G	8515	3279	59	1	1	24	0.000117426	8516	1	FALSE	NA	NA	NA	NA	NA	NA
NC_045512.2	22334	T	C	8426	3423	59	1	0	80	0.000118666	8427	0.50003	FALSE	NA	NA	NA	NA	NA	NA
NC_045512.2	22337	A	C	8406	3467	58	1	0	24	0.000118948	8407	1	FALSE	NA	NA	NA	NA	NA	NA
NC_045512.2	22339	A	T	8118	3596	57	1	0	40	0.000123153	8120	0.5	FALSE	NA	NA	NA	NA	NA	NA
NC_045512.2	22339	A	C	8118	3596	57	1	0	24	0.000123153	8120	1	FALSE	NA	NA	NA	NA	NA	NA
NC_045512.2	22342	T	C	7357	4721	50	2	0	32	0.000271776	7359	0.980507	FALSE	NA	NA	NA	NA	NA	NA
NC_045512.2	22343	G	T	7359	4724	50	1	1	40	0.000135851	7361	0.5	FALSE	NA	NA	NA	NA	NA	NA
NC_045512.2	22343	G	A	7359	4724	50	1	1	40	0.000135851	7361	0.5	FALSE	NA	NA	NA	NA	NA	NA
NC_045512.2	22344	G	T	7433	4782	50	1	1	24	0.000134499	7435	1	FALSE	NA	NA	NA	NA	NA	NA
NC_045512.2	22344	G	A	7433	4782	50	1	0	80	0.000134499	7435	0.5	FALSE	NA	NA	NA	NA	NA	NA
NC_045512.2	22348	T	C	7387	4810	50	1	1	40	0.000135355	7388	0.500034	FALSE	NA	NA	NA	NA	NA	NA
NC_045512.2	22349	G	T	7448	4849	50	1	1	40	0.000134228	7450	0.5	FALSE	NA	NA	NA	NA	NA	NA
NC_045512.2	22349	G	A	7448	4849	50	1	1	80	0.000134228	7450	0.5	FALSE	NA	NA	NA	NA	NA	NA
NC_045512.2	22350	C	T	7432	4858	50	2	2	32	0.000269034	7434	0.980507	FALSE	NA	NA	NA	NA	NA	NA
NC_045512.2	22351	A	G	7454	4868	50	1	1	24	0.00013412	7456	1	FALSE	NA	NA	NA	NA	NA	NA
NC_045512.2	22351	A	C	7454	4868	50	1	1	40	0.00013412	7456	0.5	FALSE	NA	NA	NA	NA	NA	NA
NC_045512.2	22352	G	C	7496	4883	50	2	1	24	0.000266738	7498	1	FALSE	NA	NA	NA	NA	NA	NA
NC_045512.2	22353	C	A	0	0	0	7477	4900	50	1	7477	0	TRUE	NA	NA	NA	NA	NA	NA
NC_045512.2	22355	T	G	7468	4931	50	1	1	40	0.000133887	7469	0.500033	FALSE	NA	NA	NA	NA	NA	NA
NC_045512.2	22357	T	C	7606	5144	50	1	0	32	0.000131458	7607	0.996103	FALSE	NA	NA	NA	NA	NA	NA
NC_045512.2	22359	A	G	7588	5138	50	1	1	24	0.00013177	7589	1	FALSE	NA	NA	NA	NA	NA	NA
NC_045512.2	22361	G	T	7515	5124	50	1	1	24	0.000133049	7516	1	FALSE	NA	NA	NA	NA	NA	NA
NC_045512.2	22362	T	G	7418	5076	49	1	1	24	0.000134789	7419	1	FALSE	NA	NA	NA	NA	NA	NA
NC_045512.2	22363	G	T	7331	4971	49	3	3	32	0.000408998	7335	0.945372	FALSE	NA	NA	NA	NA	NA	NA
NC_045512.2	22363	G	A	7331	4971	49	1	0	40	0.000136333	7335	0.499932	FALSE	NA	NA	NA	NA	NA	NA
NC_045512.2	22364	G	T	7436	5094	50	1	1	40	0.000134445	7438	0.5	FALSE	NA	NA	NA	NA	NA	NA
NC_045512.2	22364	G	A	7436	5094	50	1	0	40	0.000134445	7438	0.5	FALSE	NA	NA	NA	NA	NA	NA
NC_045512.2	22365	G	T	7517	5227	49	3	3	29	0.000398883	7521	1	FALSE	NA	NA	NA	NA	NA	NA
NC_045512.2	22365	G	A	7517	5227	49	1	1	80	0.000132961	7521	0.499934	FALSE	NA	NA	NA	NA	NA	NA
NC_045512.2	22368	A	G	7647	5376	50	2	1	60	0.000261438	7650	0.249984	FALSE	NA	NA	NA	NA	NA	NA
NC_045512.2	22368	A	C	7647	5376	50	1	1	40	0.000130719	7650	0.499967	FALSE	NA	NA	NA	NA	NA	NA
NC_045512.2	22369	T	C	7635	5372	49	1	1	80	0.000130959	7636	0.500033	FALSE	NA	NA	NA	NA	NA	NA
NC_045512.2	22370	C	T	7705	5463	50	1	0	40	0.000129769	7706	0.500032	FALSE	NA	NA	NA	NA	NA	NA
NC_045512.2	22373	C	A	7871	5792	50	1	0	24	0.000127033	7872	1	FALSE	NA	NA	NA	NA	NA	NA
NC_045512.2	22375	A	G	7923	5812	50	1	1	40	0.000126183	7925	0.5	FALSE	NA	NA	NA	NA	NA	NA
NC_045512.2	22375	A	C	7923	5812	50	1	0	24	0.000126183	7925	1	FALSE	NA	NA	NA	NA	NA	NA
NC_045512.2	22377	C	T	7806	5835	51	1	1	80	0.00012809	7807	0.500032	FALSE	NA	NA	NA	NA	NA	NA
NC_045512.2	22378	T	G	7836	5905	51	1	1	40	0.000127567	7839	0.499968	FALSE	NA	NA	NA	NA	NA	NA
NC_045512.2	22378	T	C	7836	5905	51	1	1	80	0.000127567	7839	0.499968	FALSE	NA	NA	NA	NA	NA	NA
NC_045512.2	22378	T	A	7836	5905	51	1	1	40	0.000127567	7839	0.499968	FALSE	NA	NA	NA	NA	NA	NA
NC_045512.2	22379	A	C	7826	5911	51	1	0	24	0.000127763	7827	1	FALSE	NA	NA	NA	NA	NA	NA
NC_045512.2	22382	A	C	8071	6267	51	1	0	24	0.000123885	8072	1	FALSE	NA	NA	NA	NA	NA	NA
NC_045512.2	22384	T	G	7817	6078	51	1	1	24	0.000127894	7819	1	FALSE	NA	NA	NA	NA	NA	NA
NC_045512.2	22384	T	C	7817	6078	51	1	1	40	0.000127894	7819	0.5	FALSE	NA	NA	NA	NA	NA	NA
NC_045512.2	22386	T	C	8030	6453	52	1	0	24	0.000124517	8031	1	FALSE	NA	NA	NA	NA	NA	NA
NC_045512.2	22392	T	G	8155	6772	50	1	1	24	0.000122594	8157	1	FALSE	NA	NA	NA	NA	NA	NA
NC_045512.2	22392	T	A	8155	6772	50	1	1	40	0.000122594	8157	0.5	FALSE	NA	NA	NA	NA	NA	NA
NC_045512.2	22395	A	G	8262	6907	52	1	1	40	0.000121007	8264	0.5	FALSE	NA	NA	NA	NA	NA	NA
NC_045512.2	22395	A	C	8262	6907	52	1	0	32	0.000121007	8264	0.998051	FALSE	NA	NA	NA	NA	NA	NA
NC_045512.2	22397	T	G	8250	6898	52	1	1	24	0.000121197	8251	1	FALSE	NA	NA	NA	NA	NA	NA
NC_045512.2	22399	T	G	8217	6871	52	1	1	24	0.000121684	8218	1	FALSE	NA	NA	NA	NA	NA	NA
NC_045512.2	22402	T	G	8197	6894	51	1	1	24	0.000121981	8198	1	FALSE	NA	NA	NA	NA	NA	NA
NC_045512.2	22403	G	C	8206	6903	51	1	1	24	0.000121847	8207	1	FALSE	NA	NA	NA	NA	NA	NA
NC_045512.2	22404	A	G	8228	6928	51	1	1	80	0.000121521	8229	0.50003	FALSE	NA	NA	NA	NA	NA	NA
NC_045512.2	22405	A	G	8214	6922	51	1	0	80	0.000121729	8215	0.50003	FALSE	NA	NA	NA	NA	NA	NA
NC_045512.2	22407	A	G	8230	7098	50	1	1	24	0.000121492	8231	1	FALSE	NA	NA	NA	NA	NA	NA
NC_045512.2	22408	T	G	8181	7222	48	1	1	24	0.00012219	8184	1	FALSE	NA	NA	NA	NA	NA	NA
NC_045512.2	22408	T	C	8181	7222	48	2	2	40	0.000244379	8184	0.249985	FALSE	NA	NA	NA	NA	NA	NA
NC_045512.2	22409	G	C	8196	7238	47	1	1	40	0.000121996	8197	0.500031	FALSE	NA	NA	NA	NA	NA	NA
NC_045512.2	22410	G	T	8215	7264	48	1	1	24	0.000121699	8217	1	FALSE	NA	NA	NA	NA	NA	NA
NC_045512.2	22410	G	A	8215	7264	48	1	1	52	0.000121699	8217	0.5	FALSE	NA	NA	NA	NA	NA	NA
NC_045512.2	22411	A	G	8201	7250	48	3	3	34	0.000365675	8204	0.967344	FALSE	NA	NA	NA	NA	NA	NA
NC_045512.2	22413	C	T	8216	7292	48	2	1	80	0.000243339	8219	0.249985	FALSE	NA	NA	NA	NA	NA	NA
NC_045512.2	22413	C	A	8216	7292	48	1	0	24	0.000121669	8219	1	FALSE	NA	NA	NA	NA	NA	NA
NC_045512.2	22416	T	C	8118	7275	47	1	1	80	0.000123168	8119	0.500031	FALSE	NA	NA	NA	NA	NA	NA
NC_045512.2	22417	T	G	8112	7301	46	2	2	32	0.000246488	8114	0.989282	FALSE	NA	NA	NA	NA	NA	NA
NC_045512.2	22419	C	G	8121	7316	46	3	3	24	0.000369231	8125	1	FALSE	NA	NA	NA	NA	NA	NA
NC_045512.2	22419	C	A	8121	7316	46	1	0	24	0.000123077	8125	1	FALSE	NA	NA	NA	NA	NA	NA
NC_045512.2	22421	G	A	8112	7309	47	1	1	40	0.000123259	8113	0.500031	FALSE	NA	NA	NA	NA	NA	NA
NC_045512.2	22426	T	G	7761	7082	46	3	3	29	0.00038625	7767	1	FALSE	NA	NA	NA	NA	NA	NA
NC_045512.2	22426	T	C	7761	7082	46	3	3	40	0.00038625	7767	0.124928	FALSE	NA	NA	NA	NA	NA	NA
NC_045512.2	22427	G	T	7489	6807	43	10	10	28	0.00133333	7500	1	FALSE	NA	NA	NA	NA	NA	NA
NC_045512.2	22427	G	A	7489	6807	43	1	1	80	0.000133333	7500	0.4997	FALSE	NA	NA	NA	NA	NA	NA
NC_045512.2	22428	T	G	7740	7059	45	4	4	28	0.000516529	7744	1	FALSE	NA	NA	NA	NA	NA	NA
NC_045512.2	22429	A	C	7803	7125	46	1	0	24	0.000128139	7804	1	FALSE	NA	NA	NA	NA	NA	NA
NC_045512.2	22430	G	A	7807	7138	46	2	2	40	0.000256115	7809	0.250016	FALSE	NA	NA	NA	NA	NA	NA
NC_045512.2	22431	A	G	7711	7047	46	2	1	60	0.000259302	7713	0.250016	FALSE	NA	NA	NA	NA	NA	NA
NC_045512.2	22432	C	T	7700	7060	45	1	0	80	0.000129836	7702	0.5	FALSE	NA	NA	NA	NA	NA	NA
NC_045512.2	22432	C	A	7700	7060	45	1	1	24	0.000129836	7702	1	FALSE	NA	NA	NA	NA	NA	NA
NC_045512.2	22433	T	G	5830	5243	47	1	1	24	0.000171497	5831	1	FALSE	NA	NA	NA	NA	NA	NA
NC_045512.2	22440	T	C	5592	5068	45	1	1	40	0.000178795	5593	0.500045	FALSE	NA	NA	NA	NA	NA	NA
NC_045512.2	22441	T	G	5545	5022	46	2	2	32	0.00036049	5548	0.937559	FALSE	NA	NA	NA	NA	NA	NA
NC_045512.2	22441	T	C	5545	5022	46	1	1	40	0.000180245	5548	0.499955	FALSE	NA	NA	NA	NA	NA	NA
NC_045512.2	22444	C	T	5404	4942	45	2	2	38	0.000369959	5406	0.937591	FALSE	NA	NA	NA	NA	NA	NA
NC_045512.2	22445	C	T	5336	4868	46	2	2	40	0.000374672	5338	0.250023	FALSE	NA	NA	NA	NA	NA	NA
NC_045512.2	22449	T	G	5056	4610	44	1	1	24	0.000197668	5059	1	FALSE	NA	NA	NA	NA	NA	NA
NC_045512.2	22449	T	C	5056	4610	44	2	2	40	0.000395335	5059	0.249975	FALSE	NA	NA	NA	NA	NA	NA
NC_045512.2	22452	C	A	5092	4659	45	1	0	32	0.000196348	5093	0.984407	FALSE	NA	NA	NA	NA	NA	NA
NC_045512.2	22453	A	G	5093	4658	46	1	1	24	0.000196309	5094	1	FALSE	NA	NA	NA	NA	NA	NA
NC_045512.2	22454	G	T	4793	4366	42	13	11	34	0.00270495	4806	0.0244472	FALSE	NA	NA	NA	NA	NA	NA
NC_045512.2	22456	A	G	5069	4666	45	1	1	40	0.0001972	5071	0.5	FALSE	NA	NA	NA	NA	NA	NA
NC_045512.2	22456	A	C	5069	4666	45	1	1	40	0.0001972	5071	0.5	FALSE	NA	NA	NA	NA	NA	NA
NC_045512.2	22457	A	G	5037	4637	45	1	1	40	0.000198491	5038	0.50005	FALSE	NA	NA	NA	NA	NA	NA
NC_045512.2	22459	A	G	4854	4461	45	1	1	24	0.000205973	4855	1	FALSE	NA	NA	NA	NA	NA	NA
NC_045512.2	22460	A	G	4849	4461	45	1	1	40	0.000206186	4850	0.500052	FALSE	NA	NA	NA	NA	NA	NA
NC_045512.2	22463	T	A	4642	4276	45	1	0	40	0.000215378	4643	0.500054	FALSE	NA	NA	NA	NA	NA	NA
NC_045512.2	22465	T	G	4594	4238	44	1	1	24	0.000217628	4595	1	FALSE	NA	NA	NA	NA	NA	NA
NC_045512.2	22466	A	G	4636	4288	45	1	1	24	0.000215657	4637	1	FALSE	NA	NA	NA	NA	NA	NA
NC_045512.2	22469	T	G	4535	4193	44	1	1	24	0.000220361	4538	1	FALSE	NA	NA	NA	NA	NA	NA
NC_045512.2	22469	T	C	4535	4193	44	2	2	40	0.000440723	4538	0.249972	FALSE	NA	NA	NA	NA	NA	NA
NC_045512.2	22471	G	T	4409	4072	41	1	1	40	0.000226757	4410	0.500057	FALSE	NA	NA	NA	NA	NA	NA
NC_045512.2	22473	A	G	4409	4090	45	1	1	40	0.000226757	4410	0.500057	FALSE	NA	NA	NA	NA	NA	NA
NC_045512.2	22475	T	G	4379	4071	44	1	1	24	0.000228311	4380	1	FALSE	NA	NA	NA	NA	NA	NA
NC_045512.2	22477	C	-T	4342	4051	44	1	0	20	0.000230309	4342	1	FALSE	NA	NA	NA	NA	NA	NA
NC_045512.2	22478	T	G	4130	3848	44	3	3	24	0.000725689	4134	1	FALSE	NA	NA	NA	NA	NA	NA
NC_045512.2	22478	T	C	4130	3848	44	1	0	80	0.000241896	4134	0.499819	FALSE	NA	NA	NA	NA	NA	NA
NC_045512.2	22479	T	G	4130	3848	44	2	2	32	0.00048391	4133	0.89071	FALSE	NA	NA	NA	NA	NA	NA
NC_045512.2	22479	T	C	4130	3848	44	1	1	24	0.000241955	4133	1	FALSE	NA	NA	NA	NA	NA	NA
NC_045512.2	22480	C	A	4147	3906	43	1	1	24	0.00024108	4148	1	FALSE	NA	NA	NA	NA	NA	NA
NC_045512.2	22481	A	G	4137	3888	44	1	1	24	0.000241663	4138	1	FALSE	NA	NA	NA	NA	NA	NA
NC_045512.2	22482	C	G	4124	3898	43	1	1	40	0.000242424	4125	0.500061	FALSE	NA	NA	NA	NA	NA	NA
NC_045512.2	22483	T	G	3827	3604	43	1	1	40	0.000261233	3828	0.500065	FALSE	NA	NA	NA	NA	NA	NA
NC_045512.2	22484	G	T	3502	3282	38	8	8	24	0.0022792	3510	0.999996	FALSE	NA	NA	NA	NA	NA	NA
NC_045512.2	22487	G	-A	3743	3527	43	2	0	20	0.000534331	3743	1	FALSE	NA	NA	NA	NA	NA	NA
NC_045512.2	22490	A	G	3727	3516	44	1	1	40	0.00026824	3728	0.500067	FALSE	NA	NA	NA	NA	NA	NA
NC_045512.2	22492	A	G	3532	3334	43	2	2	40	0.000565771	3535	0.249965	FALSE	NA	NA	NA	NA	NA	NA
NC_045512.2	22492	A	C	3532	3334	43	1	1	24	0.000282885	3535	1	FALSE	NA	NA	NA	NA	NA	NA
NC_045512.2	22493	G	T	3449	3256	44	1	1	24	0.000289687	3452	1	FALSE	NA	NA	NA	NA	NA	NA
NC_045512.2	22493	G	C	3449	3256	44	2	2	40	0.000579374	3452	0.249964	FALSE	NA	NA	NA	NA	NA	NA
NC_045512.2	22499	T	G	3799	3113	42	1	1	24	0.000263158	3800	1	FALSE	NA	NA	NA	NA	NA	NA
NC_045512.2	22500	A	G	3813	3126	43	1	1	40	0.000262055	3816	0.499934	FALSE	NA	NA	NA	NA	NA	NA
NC_045512.2	22500	A	C	3813	3126	43	2	1	24	0.000524109	3816	1	FALSE	NA	NA	NA	NA	NA	NA
NC_045512.2	22501	T	G	3810	3116	42	1	1	24	0.000262398	3811	1	FALSE	NA	NA	NA	NA	NA	NA
NC_045512.2	22503	A	G	3741	3080	42	2	2	32	0.000534045	3745	0.8125	FALSE	NA	NA	NA	NA	NA	NA
NC_045512.2	22503	A	C	3741	3080	42	2	1	40	0.000534045	3745	0.2499	FALSE	NA	NA	NA	NA	NA	NA
NC_045512.2	22507	T	G	3582	2876	42	2	2	32	0.00055788	3585	0.812587	FALSE	NA	NA	NA	NA	NA	NA
NC_045512.2	22507	T	C	3582	2876	42	1	0	40	0.00027894	3585	0.49993	FALSE	NA	NA	NA	NA	NA	NA
NC_045512.2	22508	T	G	3583	2868	41	2	2	32	0.00055788	3585	0.812674	FALSE	NA	NA	NA	NA	NA	NA
NC_045512.2	22509	C	T	3568	2868	41	1	1	24	0.000280191	3569	1	FALSE	NA	NA	NA	NA	NA	NA
NC_045512.2	22510	T	C	3561	2843	42	1	1	40	0.000280741	3562	0.50007	FALSE	NA	NA	NA	NA	NA	NA
NC_045512.2	22512	A	C	3600	2863	42	1	0	24	0.000277701	3601	1	FALSE	NA	NA	NA	NA	NA	NA
NC_045512.2	22513	C	A	3679	2877	41	1	1	40	0.000271739	3680	0.500068	FALSE	NA	NA	NA	NA	NA	NA
NC_045512.2	22514	T	C	3522	2782	41	75	8	42	0.0208507	3597	1.81143e-23	TRUE	NA	NA	NA	NA	NA	NA
NC_045512.2	22517	A	C	779	62	40	2	0	24	0.00256082	781	0.980828	FALSE	NA	NA	NA	NA	NA	NA
NC_045512.2	22518	G	C	799	62	41	1	0	40	0.00125	800	0.500313	FALSE	NA	NA	NA	NA	NA	NA
NC_045512.2	22519	A	G	803	63	40	2	0	40	0.00248447	805	0.250155	FALSE	NA	NA	NA	NA	NA	NA
NC_045512.2	22540	T	C	996	98	44	1	0	40	0.00100301	997	0.500251	FALSE	NA	NA	NA	NA	NA	NA
NC_045512.2	22553	A	C	1029	107	44	2	0	24	0.00193986	1031	0.996911	FALSE	NA	NA	NA	NA	NA	NA
NC_045512.2	22556	A	G	0	0	0	1104	126	45	1	1104	0	TRUE	NA	NA	NA	NA	NA	NA
NC_045512.2	22562	A	G	1136	156	48	1	0	24	0.000879507	1137	0.999764	FALSE	NA	NA	NA	NA	NA	NA
NC_045512.2	22571	C	A	1179	183	48	1	0	24	0.000847458	1180	0.999764	FALSE	NA	NA	NA	NA	NA	NA
NC_045512.2	22577	G	C	0	0	0	1181	184	47	0.999154	1182	0	TRUE	NA	NA	NA	NA	NA	NA
NC_045512.2	22577	G	A	0	0	0	1	0	24	0.000846024	1182	0.0101523	FALSE	NA	NA	NA	NA	NA	NA
NC_045512.2	22578	G	A	0	0	0	1193	187	48	1	1193	0	TRUE	NA	NA	NA	NA	NA	NA
NC_045512.2	22581	A	G	1198	195	49	1	1	80	0.000834028	1199	0.500209	FALSE	NA	NA	NA	NA	NA	NA
NC_045512.2	22582	A	C	1203	196	49	1	0	24	0.000830565	1204	0.999882	FALSE	NA	NA	NA	NA	NA	NA
NC_045512.2	22585	T	C	1240	205	49	1	0	40	0.000805802	1241	0.500202	FALSE	NA	NA	NA	NA	NA	NA
NC_045512.2	22586	T	C	1244	204	50	1	0	32	0.000803213	1245	0.750301	FALSE	NA	NA	NA	NA	NA	NA
NC_045512.2	22589	A	C	1191	206	46	1	0	24	0.000838926	1192	0.999764	FALSE	NA	NA	NA	NA	NA	NA
NC_045512.2	22596	C	A	1282	250	50	1	0	24	0.000779423	1283	0.999882	FALSE	NA	NA	NA	NA	NA	NA
NC_045512.2	22599	G	C	468	104	52	874	160	50	0.650782	1343	0	TRUE	NA	NA	NA	NA	NA	NA
NC_045512.2	22599	G	A	468	104	52	1	0	24	0.000744602	1343	0.985209	FALSE	NA	NA	NA	NA	NA	NA
NC_045512.2	22611	T	C	1414	324	55	1	0	24	0.000706714	1415	0.999971	FALSE	NA	NA	NA	NA	NA	NA
NC_045512.2	22614	A	C	1398	330	54	3	0	29	0.00214133	1401	0.998864	FALSE	NA	NA	NA	NA	NA	NA
NC_045512.2	22617	C	T	1430	334	55	2	0	80	0.00139665	1432	0.250087	FALSE	NA	NA	NA	NA	NA	NA
NC_045512.2	22618	T	C	1414	326	55	1	0	40	0.000706714	1415	0.500177	FALSE	NA	NA	NA	NA	NA	NA
NC_045512.2	22619	T	C	1406	319	55	1	0	40	0.000710732	1407	0.500178	FALSE	NA	NA	NA	NA	NA	NA
NC_045512.2	22622	A	C	1419	323	55	1	0	24	0.000704225	1420	0.999971	FALSE	NA	NA	NA	NA	NA	NA
NC_045512.2	22629	A	C	0	0	0	1335	391	54	1	1335	0	TRUE	NA	NA	NA	NA	NA	NA
NC_045512.2	22632	G	A	1257	369	53	72	22	56	0.0541761	1329	8.101e-23	TRUE	NA	NA	NA	NA	NA	NA
NC_045512.2	22660	T	G	1245	624	51	2	2	24	0.00160385	1247	0.999113	FALSE	NA	NA	NA	NA	NA	NA
NC_045512.2	22674	C	T	0	0	0	1311	710	51	1	1311	0	TRUE	NA	NA	NA	NA	NA	NA
NC_045512.2	22679	T	C	0	0	0	1276	747	51	1	1276	0	TRUE	NA	NA	NA	NA	NA	NA
NC_045512.2	22685	T	-C	1265	759	51	2	0	20	0.00158103	1265	0.999121	FALSE	NA	NA	NA	NA	NA	NA
NC_045512.2	22686	C	T	0	0	0	1254	766	51	1	1254	0	TRUE	NA	NA	NA	NA	NA	NA
NC_045512.2	22688	A	T	0	0	0	408	245	50	0.326139	1251	0	TRUE	NA	NA	NA	NA	NA	NA
NC_045512.2	22688	A	G	0	0	0	843	522	51	0.673861	1251	0	TRUE	NA	NA	NA	NA	NA	NA
NC_045512.2	22690	T	C	1276	795	51	1	0	24	0.000783085	1277	0.999882	FALSE	NA	NA	NA	NA	NA	NA
NC_045512.2	22695	A	G	1261	792	51	1	1	40	0.000792393	1262	0.500198	FALSE	NA	NA	NA	NA	NA	NA
NC_045512.2	22698	G	T	1292	791	51	1	1	24	0.000773395	1293	0.999882	FALSE	NA	NA	NA	NA	NA	NA
NC_045512.2	22703	G	T	1320	854	51	1	1	24	0.000757002	1321	0.999941	FALSE	NA	NA	NA	NA	NA	NA
NC_045512.2	22709	T	C	1424	1089	56	1	1	40	0.000701754	1425	0.500176	FALSE	NA	NA	NA	NA	NA	NA
NC_045512.2	22712	C	A	1419	1129	48	1	0	24	0.000704225	1420	0.999971	FALSE	NA	NA	NA	NA	NA	NA
NC_045512.2	22715	A	C	1410	1117	52	1	0	32	0.000708717	1411	0.750266	FALSE	NA	NA	NA	NA	NA	NA
NC_045512.2	22723	A	T	1377	1089	53	1	1	80	0.000724638	1380	0.499819	FALSE	NA	NA	NA	NA	NA	NA
NC_045512.2	22723	A	G	1377	1089	53	1	1	24	0.000724638	1380	0.999941	FALSE	NA	NA	NA	NA	NA	NA
NC_045512.2	22723	A	C	1377	1089	53	1	0	24	0.000724638	1380	0.999941	FALSE	NA	NA	NA	NA	NA	NA
NC_045512.2	22731	T	C	1371	1078	54	1	0	48	0.000728863	1372	0.500182	FALSE	NA	NA	NA	NA	NA	NA
NC_045512.2	22736	T	C	1360	1082	54	1	1	40	0.000734754	1361	0.500184	FALSE	NA	NA	NA	NA	NA	NA
NC_045512.2	22738	T	G	1362	1083	54	1	1	24	0.000733676	1363	0.999941	FALSE	NA	NA	NA	NA	NA	NA
NC_045512.2	22739	A	C	1366	1091	53	2	2	32	0.00146199	1368	0.500274	FALSE	NA	NA	NA	NA	NA	NA
NC_045512.2	22742	A	G	1337	1068	53	1	0	80	0.000747384	1338	0.500187	FALSE	NA	NA	NA	NA	NA	NA
NC_045512.2	22745	G	T	1313	1042	53	1	1	24	0.000760456	1315	0.999941	FALSE	NA	NA	NA	NA	NA	NA
NC_045512.2	22745	G	A	1313	1042	53	1	1	80	0.000760456	1315	0.5	FALSE	NA	NA	NA	NA	NA	NA
NC_045512.2	22754	G	A	1144	928	53	1	1	40	0.000873362	1145	0.500218	FALSE	NA	NA	NA	NA	NA	NA
NC_045512.2	22761	T	C	1106	926	50	5	5	48	0.00450045	1111	0.0311796	FALSE	NA	NA	NA	NA	NA	NA
NC_045512.2	22768	T	G	1074	904	49	1	1	40	0.000930233	1075	0.500233	FALSE	NA	NA	NA	NA	NA	NA
NC_045512.2	22770	G	A	6	3	41	1090	931	50	0.994526	1096	0	TRUE	NA	NA	NA	NA	NA	NA
NC_045512.2	22771	A	T	1095	932	50	1	1	40	0.000912409	1096	0.500228	FALSE	NA	NA	NA	NA	NA	NA
NC_045512.2	22773	G	T	1061	905	46	2	2	24	0.00188147	1063	0.996909	FALSE	NA	NA	NA	NA	NA	NA
NC_045512.2	22775	G	A	3	2	66	1067	918	49	0.997196	1070	0	TRUE	NA	NA	NA	NA	NA	NA
NC_045512.2	22778	G	C	4831	1278	41	2	1	24	0.000413822	4833	1	FALSE	NA	NA	NA	NA	NA	NA
NC_045512.2	22779	A	G	4865	1289	41	2	0	24	0.000410931	4867	1	FALSE	NA	NA	NA	NA	NA	NA
NC_045512.2	22780	A	G	4857	1280	40	1	1	40	0.000205846	4858	0.500051	FALSE	NA	NA	NA	NA	NA	NA
NC_045512.2	22782	T	C	4841	1210	41	1	0	40	0.000206526	4842	0.500052	FALSE	NA	NA	NA	NA	NA	NA
NC_045512.2	22783	C	T	4980	1222	41	1	0	40	0.000200763	4981	0.50005	FALSE	NA	NA	NA	NA	NA	NA
NC_045512.2	22784	A	G	4986	1217	41	2	0	32	0.000400882	4989	0.890695	FALSE	NA	NA	NA	NA	NA	NA
NC_045512.2	22784	A	C	4986	1217	41	1	0	24	0.000200441	4989	1	FALSE	NA	NA	NA	NA	NA	NA
NC_045512.2	22786	A	C	1	0	24	5115	1251	42	0.999805	5116	0	TRUE	NA	NA	NA	NA	NA	NA
NC_045512.2	22789	A	G	5210	1243	41	1	1	24	0.000191865	5212	1	FALSE	NA	NA	NA	NA	NA	NA
NC_045512.2	22789	A	C	5210	1243	41	1	0	24	0.000191865	5212	1	FALSE	NA	NA	NA	NA	NA	NA
NC_045512.2	22790	A	G	5227	1250	41	1	1	24	0.000191278	5228	1	FALSE	NA	NA	NA	NA	NA	NA
NC_045512.2	22792	C	G	5243	1246	42	1	0	24	0.000190694	5244	1	FALSE	NA	NA	NA	NA	NA	NA
NC_045512.2	22793	G	T	5259	1233	41	3	0	40	0.000570125	5262	0.125	FALSE	NA	NA	NA	NA	NA	NA
NC_045512.2	22794	C	A	5761	1284	42	1	1	40	0.000173551	5762	0.500043	FALSE	NA	NA	NA	NA	NA	NA
NC_045512.2	22796	C	T	5760	1297	41	1	1	40	0.000173491	5764	0.499913	FALSE	NA	NA	NA	NA	NA	NA
NC_045512.2	22796	C	G	5760	1297	41	3	0	34	0.000520472	5764	0.855554	FALSE	NA	NA	NA	NA	NA	NA
NC_045512.2	22797	C	A	5553	1293	40	3	0	24	0.000539957	5556	1	FALSE	NA	NA	NA	NA	NA	NA
NC_045512.2	22798	A	G	5756	1278	42	2	0	50	0.000347283	5759	0.249978	FALSE	NA	NA	NA	NA	NA	NA
NC_045512.2	22798	A	C	5756	1278	42	1	0	24	0.000173641	5759	1	FALSE	NA	NA	NA	NA	NA	NA
NC_045512.2	22800	G	T	5820	1185	40	4	4	24	0.000686813	5824	1	FALSE	NA	NA	NA	NA	NA	NA
NC_045512.2	22804	A	C	5866	1266	42	1	0	40	0.000170445	5867	0.500043	FALSE	NA	NA	NA	NA	NA	NA
NC_045512.2	22807	T	C	6167	1294	42	8	0	32	0.00129555	6175	0.395323	FALSE	NA	NA	NA	NA	NA	NA
NC_045512.2	22809	G	T	6136	1213	41	2	2	32	0.000325839	6138	0.964906	FALSE	NA	NA	NA	NA	NA	NA
NC_045512.2	22811	A	G	6274	1309	43	1	0	40	0.000159363	6275	0.50004	FALSE	NA	NA	NA	NA	NA	NA
NC_045512.2	22813	G	T	0	0	0	6349	1309	42	1	6349	0	TRUE	NA	NA	NA	NA	NA	NA
NC_045512.2	22816	T	C	6288	1247	43	2	1	40	0.000317965	6290	0.25002	FALSE	NA	NA	NA	NA	NA	NA
NC_045512.2	22819	T	C	6274	1259	43	1	0	40	0.000159363	6275	0.50004	FALSE	NA	NA	NA	NA	NA	NA
NC_045512.2	22821	A	G	6461	1265	43	1	0	24	0.000154727	6463	1	FALSE	NA	NA	NA	NA	NA	NA
NC_045512.2	22821	A	C	6461	1265	43	1	0	24	0.000154727	6463	1	FALSE	NA	NA	NA	NA	NA	NA
NC_045512.2	22822	T	G	6509	1257	43	1	1	40	0.000153563	6512	0.499962	FALSE	NA	NA	NA	NA	NA	NA
NC_045512.2	22822	T	C	6509	1257	43	2	0	32	0.000307125	6512	0.964886	FALSE	NA	NA	NA	NA	NA	NA
NC_045512.2	22824	A	C	6500	1262	43	1	0	24	0.000153822	6501	1	FALSE	NA	NA	NA	NA	NA	NA
NC_045512.2	22825	T	G	6519	1251	43	1	0	24	0.000153374	6520	1	FALSE	NA	NA	NA	NA	NA	NA
NC_045512.2	22830	A	C	6475	1202	42	1	0	24	0.000154416	6476	1	FALSE	NA	NA	NA	NA	NA	NA
NC_045512.2	22835	T	C	6505	1192	43	1	0	24	0.000153704	6506	1	FALSE	NA	NA	NA	NA	NA	NA
NC_045512.2	22836	T	C	6493	1226	44	1	0	24	0.000153988	6494	1	FALSE	NA	NA	NA	NA	NA	NA
NC_045512.2	22843	T	C	6067	731	44	1	0	40	0.000164799	6068	0.500041	FALSE	NA	NA	NA	NA	NA	NA
NC_045512.2	22845	A	C	6367	746	43	1	0	24	0.000157035	6368	1	FALSE	NA	NA	NA	NA	NA	NA
NC_045512.2	22849	T	C	6455	827	45	1	0	40	0.000154895	6456	0.500039	FALSE	NA	NA	NA	NA	NA	NA
NC_045512.2	22851	C	T	6387	830	44	1	0	40	0.000156519	6389	0.5	FALSE	NA	NA	NA	NA	NA	NA
NC_045512.2	22851	C	A	6387	830	44	1	0	24	0.000156519	6389	1	FALSE	NA	NA	NA	NA	NA	NA
NC_045512.2	22852	A	G	6421	832	45	4	1	40	0.000622471	6426	0.0624708	FALSE	NA	NA	NA	NA	NA	NA
NC_045512.2	22852	A	C	6421	832	45	1	0	24	0.000155618	6426	1	FALSE	NA	NA	NA	NA	NA	NA
NC_045512.2	22857	G	C	7424	885	45	1	0	24	0.00013468	7425	1	FALSE	NA	NA	NA	NA	NA	NA
NC_045512.2	22858	C	T	7426	918	45	1	0	80	0.000134626	7428	0.5	FALSE	NA	NA	NA	NA	NA	NA
NC_045512.2	22858	C	G	7426	918	45	1	0	24	0.000134626	7428	1	FALSE	NA	NA	NA	NA	NA	NA
NC_045512.2	22859	G	A	7449	919	45	1	0	40	0.000134228	7450	0.500034	FALSE	NA	NA	NA	NA	NA	NA
NC_045512.2	22860	T	C	7462	924	45	1	0	40	0.000133994	7463	0.500034	FALSE	NA	NA	NA	NA	NA	NA
NC_045512.2	22861	T	C	7469	917	45	3	1	40	0.000401499	7472	0.125	FALSE	NA	NA	NA	NA	NA	NA
NC_045512.2	22862	A	C	7439	924	45	1	0	24	0.000134409	7440	1	FALSE	NA	NA	NA	NA	NA	NA
NC_045512.2	22863	T	C	7490	977	45	1	0	24	0.000133494	7491	1	FALSE	NA	NA	NA	NA	NA	NA
NC_045512.2	22867	T	C	7536	1040	46	3	1	24	0.000397931	7539	1	FALSE	NA	NA	NA	NA	NA	NA
NC_045512.2	22868	T	C	7544	1046	46	2	0	40	0.000265041	7546	0.250017	FALSE	NA	NA	NA	NA	NA	NA
NC_045512.2	22870	G	C	7553	1050	46	3	0	37	0.000396983	7557	0.945371	FALSE	NA	NA	NA	NA	NA	NA
NC_045512.2	22870	G	A	7553	1050	46	1	0	24	0.000132328	7557	1	FALSE	NA	NA	NA	NA	NA	NA
NC_045512.2	22871	A	G	7530	1118	47	1	0	40	0.000132749	7533	0.499967	FALSE	NA	NA	NA	NA	NA	NA
NC_045512.2	22871	A	C	7530	1118	47	2	0	24	0.000265498	7533	1	FALSE	NA	NA	NA	NA	NA	NA
NC_045512.2	22872	A	C	7612	1184	47	1	0	24	0.000131354	7613	1	FALSE	NA	NA	NA	NA	NA	NA
NC_045512.2	22876	T	-A	7664	1215	48	1	0	20	0.00013048	7664	1	FALSE	NA	NA	NA	NA	NA	NA
NC_045512.2	22877	A	T	7560	1221	46	1	1	64	0.000132223	7563	0.499934	FALSE	NA	NA	NA	NA	NA	NA
NC_045512.2	22877	A	C	7560	1221	46	2	0	24	0.000264445	7563	1	FALSE	NA	NA	NA	NA	NA	NA
NC_045512.2	22878	A	G	7572	1226	46	1	0	80	0.000132031	7574	0.5	FALSE	NA	NA	NA	NA	NA	NA
NC_045512.2	22878	A	C	7572	1226	46	1	0	24	0.000132031	7574	1	FALSE	NA	NA	NA	NA	NA	NA
NC_045512.2	22879	C	A	7609	1225	47	2	0	32	0.000262778	7611	0.980506	FALSE	NA	NA	NA	NA	NA	NA
NC_045512.2	22882	T	G	0	0	0	7764	1232	47	0.999871	7765	0	TRUE	NA	NA	NA	NA	NA	NA
NC_045512.2	22882	T	C	0	0	0	1	0	24	0.000128783	7765	0.0100451	FALSE	NA	NA	NA	NA	NA	NA
NC_045512.2	22884	T	C	7755	1245	48	3	2	34	0.000386698	7758	0.945392	FALSE	NA	NA	NA	NA	NA	NA
NC_045512.2	22886	G	A	7752	1250	48	1	0	40	0.000128982	7753	0.500032	FALSE	NA	NA	NA	NA	NA	NA
NC_045512.2	22887	A	C	7926	1266	47	1	0	24	0.000126151	7927	1	FALSE	NA	NA	NA	NA	NA	NA
NC_045512.2	22888	T	G	7987	1311	48	9	2	56	0.00112556	7996	0.00194983	TRUE	NA	NA	NA	NA	NA	NA
NC_045512.2	22889	T	C	7982	1311	48	2	1	40	0.000250501	7984	0.250016	FALSE	NA	NA	NA	NA	NA	NA
NC_045512.2	22890	C	A	7991	1312	49	1	0	40	0.000125125	7992	0.500031	FALSE	NA	NA	NA	NA	NA	NA
NC_045512.2	22892	A	G	7877	1282	48	1	0	40	0.000126936	7878	0.500032	FALSE	NA	NA	NA	NA	NA	NA
NC_045512.2	22893	A	G	7864	1280	48	1	0	64	0.000127146	7865	0.500032	FALSE	NA	NA	NA	NA	NA	NA
NC_045512.2	22894	G	C	7911	1281	48	1	0	24	0.00012639	7912	1	FALSE	NA	NA	NA	NA	NA	NA
NC_045512.2	22895	G	C	0	0	0	7423	1306	48	1	7423	0	TRUE	NA	NA	NA	NA	NA	NA
NC_045512.2	22896	T	G	1	1	40	2822	489	47	0.385309	7324	0	TRUE	NA	NA	NA	NA	NA	NA
NC_045512.2	22896	T	A	1	1	40	4501	755	48	0.614555	7324	0	TRUE	NA	NA	NA	NA	NA	NA
NC_045512.2	22898	G	C	0	0	0	5	0	33	0.000680921	7343	4.44577e-15	TRUE	NA	NA	NA	NA	NA	NA
NC_045512.2	22898	G	A	0	0	0	7338	1330	49	0.999319	7343	0	TRUE	NA	NA	NA	NA	NA	NA
NC_045512.2	22900	T	G	7637	1472	50	1	0	40	0.000130924	7638	0.500033	FALSE	NA	NA	NA	NA	NA	NA
NC_045512.2	22901	G	A	7653	1475	50	1	0	80	0.000130651	7654	0.500033	FALSE	NA	NA	NA	NA	NA	NA
NC_045512.2	22905	A	T	7670	1565	50	4	2	70	0.000521173	7675	0.0624756	FALSE	NA	NA	NA	NA	NA	NA
NC_045512.2	22905	A	G	7670	1565	50	1	0	80	0.000130293	7675	0.499902	FALSE	NA	NA	NA	NA	NA	NA
NC_045512.2	22906	T	C	7646	1567	50	1	0	40	0.00013077	7647	0.500033	FALSE	NA	NA	NA	NA	NA	NA
NC_045512.2	22907	T	C	7644	1573	51	1	0	40	0.000130804	7645	0.500033	FALSE	NA	NA	NA	NA	NA	NA
NC_045512.2	22908	A	C	7568	1572	50	1	0	24	0.000132118	7569	1	FALSE	NA	NA	NA	NA	NA	NA
NC_045512.2	22910	A	G	4	2	70	7282	1617	50	0.999451	7286	0	TRUE	NA	NA	NA	NA	NA	NA
NC_045512.2	22911	A	G	7165	1647	50	2	0	32	0.000279057	7167	0.980508	FALSE	NA	NA	NA	NA	NA	NA
NC_045512.2	22912	T	C	7173	1627	50	2	1	28	0.000278746	7175	1	FALSE	NA	NA	NA	NA	NA	NA
NC_045512.2	22914	A	G	7075	1661	49	1	1	24	0.000141283	7078	1	FALSE	NA	NA	NA	NA	NA	NA
NC_045512.2	22914	A	C	7075	1661	49	2	0	24	0.000282566	7078	1	FALSE	NA	NA	NA	NA	NA	NA
NC_045512.2	22916	C	T	0	0	0	6634	1741	49	1	6634	0	TRUE	NA	NA	NA	NA	NA	NA
NC_045512.2	22917	T	G	0	0	0	6967	1782	49	0.999856	6968	0	TRUE	NA	NA	NA	NA	NA	NA
NC_045512.2	22917	T	C	0	0	0	1	0	40	0.000143513	6968	0.000143513	TRUE	NA	NA	NA	NA	NA	NA
NC_045512.2	22921	T	G	7424	2341	52	1	1	24	0.00013468	7425	1	FALSE	NA	NA	NA	NA	NA	NA
NC_045512.2	22922	A	C	7364	2345	52	1	0	24	0.000135777	7365	1	FALSE	NA	NA	NA	NA	NA	NA
NC_045512.2	22925	T	C	6714	2498	50	1	0	40	0.00014892	6715	0.500037	FALSE	NA	NA	NA	NA	NA	NA
NC_045512.2	22926	T	C	0	0	0	6484	2402	50	1	6484	0	TRUE	NA	NA	NA	NA	NA	NA
NC_045512.2	22927	G	A	6478	2390	50	2	2	40	0.000308642	6480	0.250019	FALSE	NA	NA	NA	NA	NA	NA
NC_045512.2	22928	T	C	0	0	0	6543	2533	50	1	6543	0	TRUE	NA	NA	NA	NA	NA	NA
NC_045512.2	22929	T	C	6676	2677	51	1	0	32	0.000149768	6677	0.992204	FALSE	NA	NA	NA	NA	NA	NA
NC_045512.2	22931	A	C	6655	2713	50	1	0	24	0.00015024	6656	1	FALSE	NA	NA	NA	NA	NA	NA
NC_045512.2	22932	G	T	6722	2715	51	1	1	24	0.000148743	6723	1	FALSE	NA	NA	NA	NA	NA	NA
NC_045512.2	22934	A	G	6825	3044	52	1	1	40	0.000146499	6826	0.500037	FALSE	NA	NA	NA	NA	NA	NA
NC_045512.2	22935	A	G	6817	3042	52	1	1	40	0.000146671	6818	0.500037	FALSE	NA	NA	NA	NA	NA	NA
NC_045512.2	22936	G	A	6881	3088	52	1	0	40	0.000145307	6882	0.500036	FALSE	NA	NA	NA	NA	NA	NA
NC_045512.2	22937	T	G	7107	3471	53	1	1	24	0.000140647	7110	1	FALSE	NA	NA	NA	NA	NA	NA
NC_045512.2	22937	T	C	7107	3471	53	2	2	46	0.000281294	7110	0.249982	FALSE	NA	NA	NA	NA	NA	NA
NC_045512.2	22939	T	G	7195	3773	53	2	2	32	0.000277894	7197	0.980508	FALSE	NA	NA	NA	NA	NA	NA
NC_045512.2	22940	A	G	7183	3832	51	1	1	80	0.000139198	7184	0.500035	FALSE	NA	NA	NA	NA	NA	NA
NC_045512.2	22942	T	C	0	0	0	1	1	40	0.000137874	7253	0.000137874	TRUE	NA	NA	NA	NA	NA	NA
NC_045512.2	22942	T	A	0	0	0	7252	3870	52	0.999862	7253	0	TRUE	NA	NA	NA	NA	NA	NA
NC_045512.2	22944	T	C	7450	4537	54	1	1	80	0.00013421	7451	0.500034	FALSE	NA	NA	NA	NA	NA	NA
NC_045512.2	22947	A	C	7605	4841	55	1	0	24	0.000131475	7606	1	FALSE	NA	NA	NA	NA	NA	NA
NC_045512.2	22948	A	T	7670	4963	55	1	1	40	0.000130361	7671	0.500033	FALSE	NA	NA	NA	NA	NA	NA
NC_045512.2	22950	C	A	7712	5054	54	1	0	24	0.000129651	7713	1	FALSE	NA	NA	NA	NA	NA	NA
NC_045512.2	22953	T	G	7705	5036	55	1	1	32	0.000129752	7707	0.996101	FALSE	NA	NA	NA	NA	NA	NA
NC_045512.2	22953	T	C	7705	5036	55	1	1	40	0.000129752	7707	0.5	FALSE	NA	NA	NA	NA	NA	NA
NC_045512.2	22954	T	G	7685	5017	55	1	1	24	0.000130107	7686	1	FALSE	NA	NA	NA	NA	NA	NA
NC_045512.2	22955	G	T	7247	4563	51	25	25	27	0.00343737	7273	1	FALSE	NA	NA	NA	NA	NA	NA
NC_045512.2	22955	G	A	7247	4563	51	1	1	80	0.000137495	7273	0.499174	FALSE	NA	NA	NA	NA	NA	NA
NC_045512.2	22956	A	G	7708	5122	55	1	0	64	0.000129702	7710	0.5	FALSE	NA	NA	NA	NA	NA	NA
NC_045512.2	22956	A	C	7708	5122	55	1	0	24	0.000129702	7710	1	FALSE	NA	NA	NA	NA	NA	NA
NC_045512.2	22957	G	T	6723	4186	45	17	17	25	0.00252226	6740	1	FALSE	NA	NA	NA	NA	NA	NA
NC_045512.2	22958	A	G	7611	5158	54	1	1	80	0.000131372	7612	0.500033	FALSE	NA	NA	NA	NA	NA	NA
NC_045512.2	22959	G	T	6381	3776	45	80	80	25	0.012382	6461	0.104468	FALSE	NA	NA	NA	NA	NA	NA
NC_045512.2	22960	A	G	7689	5279	54	1	1	80	0.000130039	7690	0.500033	FALSE	NA	NA	NA	NA	NA	NA
NC_045512.2	22962	A	G	7682	5313	54	1	1	40	0.000130157	7683	0.500033	FALSE	NA	NA	NA	NA	NA	NA
NC_045512.2	22963	T	G	7665	5320	54	1	1	24	0.000130446	7666	1	FALSE	NA	NA	NA	NA	NA	NA
NC_045512.2	22967	T	C	7852	5671	55	2	1	80	0.000254647	7854	0.250016	FALSE	NA	NA	NA	NA	NA	NA
NC_045512.2	22968	C	A	7848	5771	52	1	0	24	0.000127405	7849	1	FALSE	NA	NA	NA	NA	NA	NA
NC_045512.2	22972	T	G	7838	5864	54	2	2	32	0.00025507	7841	0.980496	FALSE	NA	NA	NA	NA	NA	NA
NC_045512.2	22972	T	C	7838	5864	54	1	1	40	0.000127535	7841	0.499968	FALSE	NA	NA	NA	NA	NA	NA
NC_045512.2	22973	G	C	7893	5923	54	2	2	32	0.000253325	7895	0.980504	FALSE	NA	NA	NA	NA	NA	NA
NC_045512.2	22974	A	G	7932	5965	55	1	1	48	0.000126056	7933	0.500032	FALSE	NA	NA	NA	NA	NA	NA
NC_045512.2	22975	A	G	7928	5964	55	1	0	80	0.000126119	7929	0.500032	FALSE	NA	NA	NA	NA	NA	NA
NC_045512.2	22975	A	+ATCT	7928	5964	55	1	0	20	0.000126119	7929	1	FALSE	NA	NA	NA	NA	NA	NA
NC_045512.2	22976	A	G	7945	5996	55	2	2	52	0.000251636	7948	0.249984	FALSE	NA	NA	NA	NA	NA	NA
NC_045512.2	22976	A	C	7945	5996	55	1	0	64	0.000125818	7948	0.499969	FALSE	NA	NA	NA	NA	NA	NA
NC_045512.2	22977	T	G	7996	6101	55	1	1	32	0.000125047	7997	0.996103	FALSE	NA	NA	NA	NA	NA	NA
NC_045512.2	22978	C	T	8027	6121	55	1	0	40	0.000124564	8028	0.500031	FALSE	NA	NA	NA	NA	NA	NA
NC_045512.2	22979	T	C	8149	6357	56	2	2	60	0.000245369	8151	0.250015	FALSE	NA	NA	NA	NA	NA	NA
NC_045512.2	22981	T	G	8160	6393	56	1	1	24	0.000122534	8161	1	FALSE	NA	NA	NA	NA	NA	NA
NC_045512.2	22983	A	G	8147	6392	56	1	1	40	0.00012273	8148	0.500031	FALSE	NA	NA	NA	NA	NA	NA
NC_045512.2	22984	G	T	8093	6332	55	2	2	24	0.000247066	8095	1	FALSE	NA	NA	NA	NA	NA	NA
NC_045512.2	22985	G	-C	8141	6384	56	1	0	20	0.000122835	8141	1	FALSE	NA	NA	NA	NA	NA	NA
NC_045512.2	22988	G	A	7976	6238	55	1	1	40	0.00012536	7977	0.500031	FALSE	NA	NA	NA	NA	NA	NA
NC_045512.2	22989	G	T	7953	6223	55	3	3	24	0.000377074	7956	1	FALSE	NA	NA	NA	NA	NA	NA
NC_045512.2	22990	T	-AG	8004	6275	56	1	0	20	0.000124938	8004	1	FALSE	NA	NA	NA	NA	NA	NA
NC_045512.2	22991	A	G	8031	6308	56	1	0	40	0.000124502	8032	0.5	FALSE	NA	NA	NA	NA	NA	NA
NC_045512.2	22992	G	A	0	0	0	8019	6469	54	1	8019	0	TRUE	NA	NA	NA	NA	NA	NA
NC_045512.2	22993	C	G	7973	6474	54	1	1	40	0.000125408	7974	0.500031	FALSE	NA	NA	NA	NA	NA	NA
NC_045512.2	22994	A	G	7962	6469	54	1	1	40	0.000125581	7963	0.500031	FALSE	NA	NA	NA	NA	NA	NA
NC_045512.2	22995	C	G	1	0	32	2	2	40	0.000251193	7962	9.46114e-08	TRUE	NA	NA	NA	NA	NA	NA
NC_045512.2	22995	C	A	1	0	32	7959	6474	53	0.999623	7962	0	TRUE	NA	NA	NA	NA	NA	NA
NC_045512.2	22996	A	G	7963	6478	54	1	1	40	0.000125565	7964	0.500031	FALSE	NA	NA	NA	NA	NA	NA
NC_045512.2	23000	T	G	7719	6255	54	1	1	24	0.000129534	7720	1	FALSE	NA	NA	NA	NA	NA	NA
NC_045512.2	23001	G	T	7445	5961	50	14	14	24	0.00187693	7459	1	FALSE	NA	NA	NA	NA	NA	NA
NC_045512.2	23002	T	+A	7641	6176	50	1	0	20	0.000130873	7641	1	FALSE	NA	NA	NA	NA	NA	NA
NC_045512.2	23003	A	G	7740	6291	53	2	2	24	0.000258331	7742	1	FALSE	NA	NA	NA	NA	NA	NA
NC_045512.2	23003	A	-ATG	7740	6291	53	1	0	20	0.000129166	7742	1	FALSE	NA	NA	NA	NA	NA	NA
NC_045512.2	23004	A	-TGG	7739	6311	53	59	0	20	0.00762274	7740	0.95377	FALSE	NA	NA	NA	NA	NA	NA
NC_045512.2	23005	T	A	0	0	0	7116	5755	53	1	7116	0	TRUE	NA	NA	NA	NA	NA	NA
NC_045512.2	23006	G	-GTGT	7091	5777	53	2	0	20	0.000279447	7157	1	FALSE	NA	NA	NA	NA	NA	NA
NC_045512.2	23007	G	-TGTT	6960	5644	51	6	0	20	0.000853971	7026	1	FALSE	NA	NA	NA	NA	NA	NA
NC_045512.2	23007	G	-TGT	6960	5644	51	6494	0	20	0.924281	7026	0	TRUE	NA	NA	NA	NA	NA	NA
NC_045512.2	23008	T	A	27	15	38	67	67	39	0.712766	94	2.44253e-132	TRUE	NA	NA	NA	NA	NA	NA
NC_045512.2	23008	T	-GTTG	27	15	38	6	0	20	0.000858246	6991	1.0673e-06	TRUE	NA	NA	NA	NA	NA	NA
NC_045512.2	23008	T	+A	27	15	38	2	0	20	0.000286082	6991	0.0343563	FALSE	NA	NA	NA	NA	NA	NA
NC_045512.2	23009	G	-TTGA	69	69	38	2	0	20	0.000286821	6973	0.160259	FALSE	NA	NA	NA	NA	NA	NA
NC_045512.2	23010	T	G	15	15	28	2	2	32	0.117647	17	0.000156833	TRUE	NA	NA	NA	NA	NA	NA
NC_045512.2	23011	T	C	6955	6038	47	1	1	40	0.000143761	6956	0.499677	FALSE	NA	NA	NA	NA	NA	NA
NC_045512.2	23012	G	A	3	2	34	6998	6085	49	0.999571	7001	0	TRUE	NA	NA	NA	NA	NA	NA
NC_045512.2	23012	G	+A	3	2	34	1	0	20	0.000142653	7010	0.0398938	FALSE	NA	NA	NA	NA	NA	NA
NC_045512.2	23014	A	+G	7011	6098	49	1	0	20	0.000142633	7011	1	FALSE	NA	NA	NA	NA	NA	NA
NC_045512.2	23015	G	A	7002	6087	49	5	5	40	0.000713572	7007	0.0312388	FALSE	NA	NA	NA	NA	NA	NA
NC_045512.2	23018	T	G	4	4	40	1	1	24	0.000142796	7003	0.0496611	FALSE	NA	NA	NA	NA	NA	NA
NC_045512.2	23018	T	C	4	4	40	6997	6085	48	0.999143	7003	0	TRUE	NA	NA	NA	NA	NA	NA
NC_045512.2	23018	T	A	4	4	40	1	0	32	0.000142796	7003	0.00569718	TRUE	NA	NA	NA	NA	NA	NA
NC_045512.2	23018	T	+C	4	4	40	4	0	20	0.000571184	7003	7.75901e-07	TRUE	NA	NA	NA	NA	NA	NA
NC_045512.2	23019	T	C	0	0	0	7003	6089	49	1	7003	0	TRUE	NA	NA	NA	NA	NA	NA
NC_045512.2	23022	A	G	7015	6102	49	2	1	36	0.000285022	7017	0.980509	FALSE	NA	NA	NA	NA	NA	NA
NC_045512.2	23024	T	C	6999	6083	49	1	1	40	0.000142857	7000	0.500036	FALSE	NA	NA	NA	NA	NA	NA
NC_045512.2	23027	T	C	6982	6068	49	2	2	40	0.000286369	6984	0.250018	FALSE	NA	NA	NA	NA	NA	NA
NC_045512.2	23028	A	G	7008	6094	49	1	1	40	0.000142674	7009	0.500036	FALSE	NA	NA	NA	NA	NA	NA
NC_045512.2	23030	T	C	6991	6077	49	1	1	40	0.000143021	6992	0.500036	FALSE	NA	NA	NA	NA	NA	NA
NC_045512.2	23031	T	G	6993	6079	49	1	1	24	0.000142939	6996	1	FALSE	NA	NA	NA	NA	NA	NA
NC_045512.2	23031	T	C	6993	6079	49	2	2	40	0.000285878	6996	0.249982	FALSE	NA	NA	NA	NA	NA	NA
NC_045512.2	23032	T	G	7001	6085	49	1	1	24	0.000142796	7003	1	FALSE	NA	NA	NA	NA	NA	NA
NC_045512.2	23032	T	C	7001	6085	49	1	1	40	0.000142796	7003	0.5	FALSE	NA	NA	NA	NA	NA	NA
NC_045512.2	23035	T	G	6944	6094	48	1	1	32	0.000143988	6945	0.992203	FALSE	NA	NA	NA	NA	NA	NA
NC_045512.2	23036	T	C	6926	6078	48	1	1	40	0.000144363	6927	0.500036	FALSE	NA	NA	NA	NA	NA	NA
NC_045512.2	23037	T	G	6938	6090	48	2	2	24	0.000288184	6940	1	FALSE	NA	NA	NA	NA	NA	NA
NC_045512.2	23038	A	G	6954	6113	48	3	3	32	0.00043122	6957	0.910262	FALSE	NA	NA	NA	NA	NA	NA
NC_045512.2	23039	C	G	2604	2301	47	4356	3817	49	0.625862	6960	0	TRUE	NA	NA	NA	NA	NA	NA
NC_045512.2	23041	A	G	6945	6205	47	1	1	40	0.000143947	6947	0.5	FALSE	NA	NA	NA	NA	NA	NA
NC_045512.2	23041	A	C	6945	6205	47	1	0	24	0.000143947	6947	1	FALSE	NA	NA	NA	NA	NA	NA
NC_045512.2	23045	T	G	6730	6012	47	1	1	32	0.000148544	6732	0.9922	FALSE	NA	NA	NA	NA	NA	NA
NC_045512.2	23045	T	C	6730	6012	47	1	0	40	0.000148544	6732	0.5	FALSE	NA	NA	NA	NA	NA	NA
NC_045512.2	23046	A	G	6755	6053	47	2	2	40	0.000295989	6757	0.250019	FALSE	NA	NA	NA	NA	NA	NA
NC_045512.2	23048	G	T	6709	6073	46	1	1	24	0.000149031	6710	1	FALSE	NA	NA	NA	NA	NA	NA
NC_045512.2	23050	T	G	6433	5807	46	1	1	40	0.000155424	6434	0.500039	FALSE	NA	NA	NA	NA	NA	NA
NC_045512.2	23054	C	A	6386	5822	46	1	1	40	0.000156568	6387	0.500039	FALSE	NA	NA	NA	NA	NA	NA
NC_045512.2	23055	A	T	0	0	0	1	1	24	0.000157654	6343	0.0100899	FALSE	NA	NA	NA	NA	NA	NA
NC_045512.2	23055	A	G	0	0	0	6342	5780	45	0.999842	6343	0	TRUE	NA	NA	NA	NA	NA	NA
NC_045512.2	23056	A	G	6389	5831	46	2	2	40	0.00031294	6391	0.25002	FALSE	NA	NA	NA	NA	NA	NA
NC_045512.2	23057	C	T	6375	5820	45	1	1	40	0.000156838	6376	0.500039	FALSE	NA	NA	NA	NA	NA	NA
NC_045512.2	23059	C	T	6208	5670	46	1	0	80	0.000161057	6209	0.50004	FALSE	NA	NA	NA	NA	NA	NA
NC_045512.2	23060	A	C	6210	5671	46	1	1	40	0.000161005	6211	0.50004	FALSE	NA	NA	NA	NA	NA	NA
NC_045512.2	23061	C	T	6205	5664	46	1	1	40	0.000161134	6206	0.50004	FALSE	NA	NA	NA	NA	NA	NA
NC_045512.2	23062	T	C	6175	5635	45	1	1	40	0.000161917	6176	0.50004	FALSE	NA	NA	NA	NA	NA	NA
NC_045512.2	23062	T	-A	6175	5635	45	1	0	20	0.000161917	6176	1	FALSE	NA	NA	NA	NA	NA	NA
NC_045512.2	23063	A	T	0	0	0	6169	5630	46	0.999514	6172	0	TRUE	NA	NA	NA	NA	NA	NA
NC_045512.2	23063	A	G	0	0	0	3	3	24	0.000486066	6172	1.06221e-06	TRUE	NA	NA	NA	NA	NA	NA
NC_045512.2	23064	A	C	6193	5668	45	1	0	24	0.000161447	6194	1	FALSE	NA	NA	NA	NA	NA	NA
NC_045512.2	23067	G	A	6082	5582	44	2	2	60	0.000328731	6084	0.250021	FALSE	NA	NA	NA	NA	NA	NA
NC_045512.2	23068	T	G	5691	5216	45	3	3	29	0.00052687	5694	1	FALSE	NA	NA	NA	NA	NA	NA
NC_045512.2	23069	G	A	5710	5278	45	1	1	40	0.000175101	5711	0.500044	FALSE	NA	NA	NA	NA	NA	NA
NC_045512.2	23070	T	G	5259	4845	44	1	1	24	0.000190078	5261	1	FALSE	NA	NA	NA	NA	NA	NA
NC_045512.2	23070	T	C	5259	4845	44	1	0	80	0.000190078	5261	0.5	FALSE	NA	NA	NA	NA	NA	NA
NC_045512.2	23071	T	C	5266	4990	43	1	1	24	0.000189861	5267	1	FALSE	NA	NA	NA	NA	NA	NA
NC_045512.2	23073	G	T	5243	4970	42	1	1	40	0.000190621	5246	0.499952	FALSE	NA	NA	NA	NA	NA	NA
NC_045512.2	23073	G	C	5243	4970	42	1	1	40	0.000190621	5246	0.499952	FALSE	NA	NA	NA	NA	NA	NA
NC_045512.2	23073	G	A	5243	4970	42	1	1	40	0.000190621	5246	0.499952	FALSE	NA	NA	NA	NA	NA	NA
NC_045512.2	23075	T	G	0	0	0	1	1	40	0.000191168	5231	0.000191168	TRUE	NA	NA	NA	NA	NA	NA
NC_045512.2	23075	T	C	0	0	0	5230	4964	43	0.999809	5231	0	TRUE	NA	NA	NA	NA	NA	NA
NC_045512.2	23076	A	G	5094	4835	43	1	1	24	0.000196271	5095	1	FALSE	NA	NA	NA	NA	NA	NA
NC_045512.2	23082	C	G	4824	4611	42	1	1	40	0.000207254	4825	0.500052	FALSE	NA	NA	NA	NA	NA	NA
NC_045512.2	23084	T	G	4792	4580	42	2	2	24	0.000417188	4794	1	FALSE	NA	NA	NA	NA	NA	NA
NC_045512.2	23085	A	G	4817	4608	42	1	1	24	0.000207512	4819	1	FALSE	NA	NA	NA	NA	NA	NA
NC_045512.2	23085	A	C	4817	4608	42	1	1	40	0.000207512	4819	0.5	FALSE	NA	NA	NA	NA	NA	NA
NC_045512.2	23086	C	T	4803	4597	42	1	1	24	0.00020816	4804	1	FALSE	NA	NA	NA	NA	NA	NA
NC_045512.2	23087	A	G	4359	4171	42	2	2	40	0.00045861	4361	0.250029	FALSE	NA	NA	NA	NA	NA	NA
NC_045512.2	23088	G	C	4352	4164	42	2	2	40	0.000459348	4354	0.250029	FALSE	NA	NA	NA	NA	NA	NA
NC_045512.2	23090	G	T	3662	3540	40	2	2	24	0.000545852	3664	1	FALSE	NA	NA	NA	NA	NA	NA
NC_045512.2	23091	T	C	3685	3565	41	1	1	40	0.000271297	3686	0.500068	FALSE	NA	NA	NA	NA	NA	NA
NC_045512.2	23092	A	C	3279	3168	41	1	1	40	0.000304878	3280	0.500076	FALSE	NA	NA	NA	NA	NA	NA
NC_045512.2	23093	G	T	3256	3144	40	2	2	24	0.000613874	3258	1	FALSE	NA	NA	NA	NA	NA	NA
NC_045512.2	23094	T	G	3252	3140	41	2	2	32	0.000614628	3254	0.812692	FALSE	NA	NA	NA	NA	NA	NA
NC_045512.2	23096	G	A	3237	3146	41	1	1	40	0.000308833	3238	0.500077	FALSE	NA	NA	NA	NA	NA	NA
NC_045512.2	23097	T	C	2398	2326	41	1	1	40	0.00041684	2399	0.500104	FALSE	NA	NA	NA	NA	NA	NA
NC_045512.2	23098	A	G	2402	2331	41	2	2	40	0.000831947	2404	0.250052	FALSE	NA	NA	NA	NA	NA	NA
NC_045512.2	23100	T	G	1905	1841	41	4	4	36	0.00209424	1910	0.187336	FALSE	NA	NA	NA	NA	NA	NA
NC_045512.2	23100	T	C	1905	1841	41	1	1	40	0.00052356	1910	0.499607	FALSE	NA	NA	NA	NA	NA	NA
NC_045512.2	23103	C	G	1725	1676	40	2	2	40	0.00115808	1727	0.250072	FALSE	NA	NA	NA	NA	NA	NA
NC_045512.2	23106	T	G	1647	1600	40	2	2	32	0.00121286	1649	0.500228	FALSE	NA	NA	NA	NA	NA	NA
NC_045512.2	23108	G	C	1646	1599	40	1	1	24	0.000607165	1647	0.999993	FALSE	NA	NA	NA	NA	NA	NA
NC_045512.2	23109	A	G	1644	1601	40	1	1	40	0.000607903	1645	0.500152	FALSE	NA	NA	NA	NA	NA	NA
NC_045512.2	23113	T	C	29466	2877	39	2	0	32	6.78702e-05	29468	1	FALSE	NA	NA	NA	NA	NA	NA
NC_045512.2	23114	C	A	29691	2890	39	5	0	27	0.000168373	29696	1	FALSE	NA	NA	NA	NA	NA	NA
NC_045512.2	23115	T	C	29781	2879	39	3	0	40	0.000100725	29784	0.500016	FALSE	NA	NA	NA	NA	NA	NA
NC_045512.2	23116	A	G	29668	2945	39	9	1	33	0.000303081	29695	0.999763	FALSE	NA	NA	NA	NA	NA	NA
NC_045512.2	23116	A	C	29668	2945	39	18	0	26	0.000606163	29695	1	FALSE	NA	NA	NA	NA	NA	NA
NC_045512.2	23117	C	T	27281	1529	36	2	0	40	7.32091e-05	27319	0.687026	FALSE	NA	NA	NA	NA	NA	NA
NC_045512.2	23117	C	G	27281	1529	36	3	0	34	0.000109814	27319	1	FALSE	NA	NA	NA	NA	NA	NA
NC_045512.2	23117	C	A	27281	1529	36	33	0	24	0.00120795	27319	1	FALSE	NA	NA	NA	NA	NA	NA
NC_045512.2	23118	A	C	28551	1532	39	2	0	24	7.00452e-05	28553	1	FALSE	NA	NA	NA	NA	NA	NA
NC_045512.2	23119	T	C	28780	1533	40	7	0	35	0.000243165	28787	0.999942	FALSE	NA	NA	NA	NA	NA	NA
NC_045512.2	23120	G	C	28823	1532	39	3	0	29	0.000104069	28827	1	FALSE	NA	NA	NA	NA	NA	NA
NC_045512.2	23120	G	A	28823	1532	39	1	0	40	3.46897e-05	28827	0.874993	FALSE	NA	NA	NA	NA	NA	NA
NC_045512.2	23121	C	T	29322	1616	39	1	0	40	3.41029e-05	29323	0.875013	FALSE	NA	NA	NA	NA	NA	NA
NC_045512.2	23122	A	G	28901	1623	39	4	0	40	0.000138317	28919	0.343531	FALSE	NA	NA	NA	NA	NA	NA
NC_045512.2	23122	A	C	28901	1623	39	14	0	27	0.000484111	28919	1	FALSE	NA	NA	NA	NA	NA	NA
NC_045512.2	23124	C	T	30599	1674	40	1	0	40	3.26765e-05	30603	0.937498	FALSE	NA	NA	NA	NA	NA	NA
NC_045512.2	23124	C	G	30599	1674	40	3	0	29	9.80296e-05	30603	1	FALSE	NA	NA	NA	NA	NA	NA
NC_045512.2	23125	A	G	30399	1675	39	2	0	40	6.57635e-05	30412	0.812407	FALSE	NA	NA	NA	NA	NA	NA
NC_045512.2	23125	A	C	30399	1675	39	11	0	26	0.000361699	30412	1	FALSE	NA	NA	NA	NA	NA	NA
NC_045512.2	23126	G	T	30859	1679	40	1	0	40	3.24002e-05	30864	0.937494	FALSE	NA	NA	NA	NA	NA	NA
NC_045512.2	23126	G	C	30859	1679	40	1	0	24	3.24002e-05	30864	1	FALSE	NA	NA	NA	NA	NA	NA
NC_045512.2	23126	G	A	30859	1679	40	3	1	40	9.72006e-05	30864	0.656242	FALSE	NA	NA	NA	NA	NA	NA
NC_045512.2	23127	C	G	31009	1760	40	3	0	32	9.67367e-05	31012	1	FALSE	NA	NA	NA	NA	NA	NA
NC_045512.2	23128	A	G	30845	1800	40	1	0	40	3.24149e-05	30850	0.937494	FALSE	NA	NA	NA	NA	NA	NA
NC_045512.2	23128	A	C	30845	1800	40	4	0	24	0.00012966	30850	1	FALSE	NA	NA	NA	NA	NA	NA
NC_045512.2	23129	A	G	30941	1806	40	3	0	34	9.69337e-05	30949	1	FALSE	NA	NA	NA	NA	NA	NA
NC_045512.2	23129	A	C	30941	1806	40	5	0	27	0.000161556	30949	1	FALSE	NA	NA	NA	NA	NA	NA
NC_045512.2	23130	C	T	31734	2017	41	3	0	34	9.45269e-05	31737	1	FALSE	NA	NA	NA	NA	NA	NA
NC_045512.2	23131	T	C	31854	2081	41	2	0	32	6.27825e-05	31856	1	FALSE	NA	NA	NA	NA	NA	NA
NC_045512.2	23132	G	C	32251	2090	41	4	0	36	0.000124012	32255	1	FALSE	NA	NA	NA	NA	NA	NA
NC_045512.2	23133	T	C	32397	2253	41	3	0	40	9.25926e-05	32400	0.656272	FALSE	NA	NA	NA	NA	NA	NA
NC_045512.2	23134	T	G	32487	2250	41	2	0	24	6.15536e-05	32492	1	FALSE	NA	NA	NA	NA	NA	NA
NC_045512.2	23134	T	C	32487	2250	41	3	0	40	9.23304e-05	32492	0.656243	FALSE	NA	NA	NA	NA	NA	NA
NC_045512.2	23135	T	C	32506	2650	42	3	0	34	9.22793e-05	32510	1	FALSE	NA	NA	NA	NA	NA	NA
NC_045512.2	23135	T	A	32506	2650	42	1	0	40	3.07598e-05	32510	0.937498	FALSE	NA	NA	NA	NA	NA	NA
NC_045512.2	23136	G	T	32448	2662	42	1	0	40	3.08138e-05	32453	0.937494	FALSE	NA	NA	NA	NA	NA	NA
NC_045512.2	23136	G	C	32448	2662	42	3	0	34	9.24414e-05	32453	1	FALSE	NA	NA	NA	NA	NA	NA
NC_045512.2	23136	G	A	32448	2662	42	1	1	80	3.08138e-05	32453	0.499977	FALSE	NA	NA	NA	NA	NA	NA
NC_045512.2	23137	T	G	32510	2828	43	3	1	24	9.22651e-05	32515	1	FALSE	NA	NA	NA	NA	NA	NA
NC_045512.2	23137	T	C	32510	2828	43	2	0	40	6.15101e-05	32515	0.81249	FALSE	NA	NA	NA	NA	NA	NA
NC_045512.2	23138	G	T	32486	2854	43	1	0	40	3.07806e-05	32488	0.937506	FALSE	NA	NA	NA	NA	NA	NA
NC_045512.2	23138	G	A	32486	2854	43	1	0	40	3.07806e-05	32488	0.937506	FALSE	NA	NA	NA	NA	NA	NA
NC_045512.2	23139	G	T	32761	2972	43	1	0	40	3.05204e-05	32765	0.937498	FALSE	NA	NA	NA	NA	NA	NA
NC_045512.2	23139	G	C	32761	2972	43	1	1	80	3.05204e-05	32765	0.499985	FALSE	NA	NA	NA	NA	NA	NA
NC_045512.2	23139	G	A	32761	2972	43	2	0	24	6.10407e-05	32765	1	FALSE	NA	NA	NA	NA	NA	NA
NC_045512.2	23140	A	G	32580	3017	43	6	1	29	0.000184111	32589	1	FALSE	NA	NA	NA	NA	NA	NA
NC_045512.2	23140	A	C	32580	3017	43	3	0	29	9.20556e-05	32589	1	FALSE	NA	NA	NA	NA	NA	NA
NC_045512.2	23141	C	T	34542	3116	43	1	0	40	2.89486e-05	34544	0.937505	FALSE	NA	NA	NA	NA	NA	NA
NC_045512.2	23141	C	G	34542	3116	43	1	0	24	2.89486e-05	34544	1	FALSE	NA	NA	NA	NA	NA	NA
NC_045512.2	23142	C	G	34547	3132	43	1	0	24	2.89436e-05	34550	1	FALSE	NA	NA	NA	NA	NA	NA
NC_045512.2	23142	C	A	34547	3132	43	2	0	32	5.78871e-05	34550	1	FALSE	NA	NA	NA	NA	NA	NA
NC_045512.2	23143	T	G	34597	3108	43	3	0	34	8.66952e-05	34604	1	FALSE	NA	NA	NA	NA	NA	NA
NC_045512.2	23143	T	C	34597	3108	43	4	0	32	0.000115594	34604	1	FALSE	NA	NA	NA	NA	NA	NA
NC_045512.2	23143	T	-A	34597	3108	43	4	0	20	0.000115594	34604	1	FALSE	NA	NA	NA	NA	NA	NA
NC_045512.2	23144	A	G	34438	3139	43	3	0	40	8.70903e-05	34447	0.656134	FALSE	NA	NA	NA	NA	NA	NA
NC_045512.2	23144	A	C	34438	3139	43	6	0	32	0.000174181	34447	0.999999	FALSE	NA	NA	NA	NA	NA	NA
NC_045512.2	23145	A	G	34432	3146	43	5	0	48	0.00014518	34440	0.363242	FALSE	NA	NA	NA	NA	NA	NA
NC_045512.2	23145	A	C	34432	3146	43	3	0	29	8.7108e-05	34440	1	FALSE	NA	NA	NA	NA	NA	NA
NC_045512.2	23146	A	G	34530	3228	43	2	0	44	5.79089e-05	34537	0.812473	FALSE	NA	NA	NA	NA	NA	NA
NC_045512.2	23146	A	C	34530	3228	43	5	0	24	0.000144772	34537	1	FALSE	NA	NA	NA	NA	NA	NA
NC_045512.2	23147	A	G	34554	3262	43	2	0	24	5.78687e-05	34561	1	FALSE	NA	NA	NA	NA	NA	NA
NC_045512.2	23147	A	C	34554	3262	43	5	0	27	0.000144672	34561	1	FALSE	NA	NA	NA	NA	NA	NA
NC_045512.2	23148	A	C	34636	3267	43	4	0	24	0.000115473	34640	1	FALSE	NA	NA	NA	NA	NA	NA
NC_045512.2	23150	T	G	35396	3370	44	1	0	40	2.82486e-05	35400	0.937498	FALSE	NA	NA	NA	NA	NA	NA
NC_045512.2	23150	T	C	35396	3370	44	3	0	40	8.47458e-05	35400	0.656257	FALSE	NA	NA	NA	NA	NA	NA
NC_045512.2	23151	C	T	35809	3399	44	1	0	40	2.79228e-05	35813	0.937498	FALSE	NA	NA	NA	NA	NA	NA
NC_045512.2	23151	C	A	35809	3399	44	3	1	34	8.37685e-05	35813	1	FALSE	NA	NA	NA	NA	NA	NA
NC_045512.2	23152	T	G	35756	3445	44	4	0	36	0.000111822	35771	1	FALSE	NA	NA	NA	NA	NA	NA
NC_045512.2	23152	T	C	35756	3445	44	11	0	38	0.000307512	35771	0.999922	FALSE	NA	NA	NA	NA	NA	NA
NC_045512.2	23153	A	G	35403	3496	43	2	0	32	5.64717e-05	35416	1	FALSE	NA	NA	NA	NA	NA	NA
NC_045512.2	23153	A	C	35403	3496	43	11	0	26	0.000310594	35416	1	FALSE	NA	NA	NA	NA	NA	NA
NC_045512.2	23154	C	G	35741	3537	44	1	0	40	2.79752e-05	35746	0.937495	FALSE	NA	NA	NA	NA	NA	NA
NC_045512.2	23154	C	A	35741	3537	44	4	0	28	0.000111901	35746	1	FALSE	NA	NA	NA	NA	NA	NA
NC_045512.2	23155	T	C	35845	3567	44	1	0	40	2.78971e-05	35846	0.937509	FALSE	NA	NA	NA	NA	NA	NA
NC_045512.2	23155	T	-A	35845	3567	44	1	0	20	2.78971e-05	35846	1	FALSE	NA	NA	NA	NA	NA	NA
NC_045512.2	23156	A	G	35749	3617	44	2	0	60	5.59362e-05	35755	0.249969	FALSE	NA	NA	NA	NA	NA	NA
NC_045512.2	23156	A	C	35749	3617	44	4	0	28	0.000111872	35755	1	FALSE	NA	NA	NA	NA	NA	NA
NC_045512.2	23157	A	G	35785	3626	44	3	0	29	8.38246e-05	35789	1	FALSE	NA	NA	NA	NA	NA	NA
NC_045512.2	23157	A	C	35785	3626	44	1	0	40	2.79415e-05	35789	0.937498	FALSE	NA	NA	NA	NA	NA	NA
NC_045512.2	23157	A	+T	35785	3626	44	1	0	20	2.79415e-05	35789	1	FALSE	NA	NA	NA	NA	NA	NA
NC_045512.2	23158	T	G	35988	3617	44	1	0	24	2.77863e-05	35989	1	FALSE	NA	NA	NA	NA	NA	NA
NC_045512.2	23159	T	G	35976	3627	44	1	0	24	2.77924e-05	35981	1	FALSE	NA	NA	NA	NA	NA	NA
NC_045512.2	23159	T	C	35976	3627	44	4	0	36	0.00011117	35981	1	FALSE	NA	NA	NA	NA	NA	NA
NC_045512.2	23160	T	G	36008	3627	44	1	0	40	2.77701e-05	36010	0.937505	FALSE	NA	NA	NA	NA	NA	NA
NC_045512.2	23160	T	C	36008	3627	44	1	0	24	2.77701e-05	36010	1	FALSE	NA	NA	NA	NA	NA	NA
NC_045512.2	23161	G	C	36056	3650	44	1	0	32	2.77339e-05	36057	1	FALSE	NA	NA	NA	NA	NA	NA
NC_045512.2	23162	G	C	36247	3645	44	4	0	36	0.000110339	36252	1	FALSE	NA	NA	NA	NA	NA	NA
NC_045512.2	23162	G	A	36247	3645	44	1	0	40	2.75847e-05	36252	0.937495	FALSE	NA	NA	NA	NA	NA	NA
NC_045512.2	23163	T	C	36316	3928	45	4	0	36	0.000110129	36321	1	FALSE	NA	NA	NA	NA	NA	NA
NC_045512.2	23163	T	A	36316	3928	45	1	0	40	2.75323e-05	36321	0.937495	FALSE	NA	NA	NA	NA	NA	NA
NC_045512.2	23164	T	C	36331	4043	45	4	0	32	0.000110087	36335	1	FALSE	NA	NA	NA	NA	NA	NA
NC_045512.2	23165	A	G	36170	4104	45	2	0	40	5.52883e-05	36174	0.8125	FALSE	NA	NA	NA	NA	NA	NA
NC_045512.2	23165	A	C	36170	4104	45	2	0	24	5.52883e-05	36174	1	FALSE	NA	NA	NA	NA	NA	NA
NC_045512.2	23166	A	T	36138	4106	45	1	0	40	2.76656e-05	36146	0.937484	FALSE	NA	NA	NA	NA	NA	NA
NC_045512.2	23166	A	G	36138	4106	45	2	0	32	5.53312e-05	36146	1	FALSE	NA	NA	NA	NA	NA	NA
NC_045512.2	23166	A	C	36138	4106	45	5	0	24	0.000138328	36146	1	FALSE	NA	NA	NA	NA	NA	NA
NC_045512.2	23167	A	G	37154	4159	45	2	0	52	5.38257e-05	37157	0.249997	FALSE	NA	NA	NA	NA	NA	NA
NC_045512.2	23167	A	C	37154	4159	45	1	0	40	2.69128e-05	37157	0.937502	FALSE	NA	NA	NA	NA	NA	NA
NC_045512.2	23168	A	G	37165	4173	45	1	0	24	2.69012e-05	37173	1	FALSE	NA	NA	NA	NA	NA	NA
NC_045512.2	23168	A	C	37165	4173	45	7	0	29	0.000188309	37173	1	FALSE	NA	NA	NA	NA	NA	NA
NC_045512.2	23169	A	G	37172	4169	45	3	0	37	8.06929e-05	37178	1	FALSE	NA	NA	NA	NA	NA	NA
NC_045512.2	23169	A	C	37172	4169	45	3	0	24	8.06929e-05	37178	1	FALSE	NA	NA	NA	NA	NA	NA
NC_045512.2	23170	C	T	37434	4271	45	2	1	36	5.34245e-05	37436	1	FALSE	NA	NA	NA	NA	NA	NA
NC_045512.2	23171	A	G	37272	4291	45	1	0	40	2.68269e-05	37276	0.937498	FALSE	NA	NA	NA	NA	NA	NA
NC_045512.2	23171	A	C	37272	4291	45	3	0	29	8.04807e-05	37276	1	FALSE	NA	NA	NA	NA	NA	NA
NC_045512.2	23172	A	G	37278	4303	45	3	0	34	8.04613e-05	37285	1	FALSE	NA	NA	NA	NA	NA	NA
NC_045512.2	23172	A	C	37278	4303	45	4	0	24	0.000107282	37285	1	FALSE	NA	NA	NA	NA	NA	NA
NC_045512.2	23173	A	G	37360	4336	45	2	1	44	5.35275e-05	37364	0.8125	FALSE	NA	NA	NA	NA	NA	NA
NC_045512.2	23173	A	C	37360	4336	45	2	0	32	5.35275e-05	37364	1	FALSE	NA	NA	NA	NA	NA	NA
NC_045512.2	23176	T	G	37586	4349	45	3	2	48	7.98042e-05	37592	0.656231	FALSE	NA	NA	NA	NA	NA	NA
NC_045512.2	23176	T	C	37586	4349	45	2	1	32	5.32028e-05	37592	1	FALSE	NA	NA	NA	NA	NA	NA
NC_045512.2	23176	T	A	37586	4349	45	1	0	40	2.66014e-05	37592	0.937492	FALSE	NA	NA	NA	NA	NA	NA
NC_045512.2	23177	G	T	37683	4360	45	1	0	24	2.65358e-05	37685	1	FALSE	NA	NA	NA	NA	NA	NA
NC_045512.2	23177	G	A	37683	4360	45	1	0	40	2.65358e-05	37685	0.937505	FALSE	NA	NA	NA	NA	NA	NA
NC_045512.2	23178	T	G	37680	5186	47	3	1	24	7.96052e-05	37686	1	FALSE	NA	NA	NA	NA	NA	NA
NC_045512.2	23178	T	C	37680	5186	47	3	1	53	7.96052e-05	37686	0.124985	FALSE	NA	NA	NA	NA	NA	NA
NC_045512.2	23179	C	T	37578	5219	47	3	1	34	7.98063e-05	37591	1	FALSE	NA	NA	NA	NA	NA	NA
NC_045512.2	23179	C	A	37578	5219	47	10	1	44	0.000266021	37591	0.0461194	FALSE	NA	NA	NA	NA	NA	NA
NC_045512.2	23180	A	G	37541	5253	47	7	1	33	0.000186393	37555	1	FALSE	NA	NA	NA	NA	NA	NA
NC_045512.2	23180	A	C	37541	5253	47	7	0	27	0.000186393	37555	1	FALSE	NA	NA	NA	NA	NA	NA
NC_045512.2	23181	A	G	37707	5267	47	1	1	24	2.65161e-05	37713	1	FALSE	NA	NA	NA	NA	NA	NA
NC_045512.2	23181	A	C	37707	5267	47	5	0	24	0.00013258	37713	1	FALSE	NA	NA	NA	NA	NA	NA
NC_045512.2	23182	T	C	37947	5319	47	3	1	42	7.90514e-05	37950	0.656269	FALSE	NA	NA	NA	NA	NA	NA
NC_045512.2	23183	T	C	37932	5321	47	3	0	34	7.90806e-05	37936	1	FALSE	NA	NA	NA	NA	NA	NA
NC_045512.2	23183	T	A	37932	5321	47	1	0	40	2.63602e-05	37936	0.937498	FALSE	NA	NA	NA	NA	NA	NA
NC_045512.2	23184	T	C	37986	5417	48	5	1	54	0.00013161	37991	0.0312479	FALSE	NA	NA	NA	NA	NA	NA
NC_045512.2	23185	C	A	37951	5454	47	1	0	40	2.63491e-05	37952	0.937508	FALSE	NA	NA	NA	NA	NA	NA
NC_045512.2	23186	A	G	37813	5462	47	2	1	60	5.28821e-05	37820	0.24997	FALSE	NA	NA	NA	NA	NA	NA
NC_045512.2	23186	A	C	37813	5462	47	5	0	24	0.000132205	37820	1	FALSE	NA	NA	NA	NA	NA	NA
NC_045512.2	23187	A	G	37681	5593	47	4	1	50	0.000106109	37697	0.0624586	FALSE	NA	NA	NA	NA	NA	NA
NC_045512.2	23187	A	C	37681	5593	47	12	0	25	0.000318328	37697	1	FALSE	NA	NA	NA	NA	NA	NA
NC_045512.2	23188	C	A	38026	5611	47	12	0	28	0.000315474	38038	1	FALSE	NA	NA	NA	NA	NA	NA
NC_045512.2	23189	T	C	38475	5619	48	4	0	40	0.000103953	38479	0.500014	FALSE	NA	NA	NA	NA	NA	NA
NC_045512.2	23190	T	G	38485	5685	48	1	1	32	2.59801e-05	38491	1	FALSE	NA	NA	NA	NA	NA	NA
NC_045512.2	23190	T	C	38485	5685	48	5	0	33	0.0001299	38491	1	FALSE	NA	NA	NA	NA	NA	NA
NC_045512.2	23191	C	T	38232	5739	48	1	0	40	2.61465e-05	38246	0.937466	FALSE	NA	NA	NA	NA	NA	NA
NC_045512.2	23191	C	A	38232	5739	48	13	0	26	0.000339905	38246	1	FALSE	NA	NA	NA	NA	NA	NA
NC_045512.2	23191	C	-A	38232	5739	48	1	0	20	2.61465e-05	38246	1	FALSE	NA	NA	NA	NA	NA	NA
NC_045512.2	23192	A	G	38295	5819	48	7	1	34	0.000182725	38309	1	FALSE	NA	NA	NA	NA	NA	NA
NC_045512.2	23192	A	C	38295	5819	48	7	0	33	0.000182725	38309	1	FALSE	NA	NA	NA	NA	NA	NA
NC_045512.2	23193	A	T	38338	5907	48	1	1	80	2.6077e-05	38348	0.499948	FALSE	NA	NA	NA	NA	NA	NA
NC_045512.2	23193	A	G	38338	5907	48	5	2	49	0.000130385	38348	0.363217	FALSE	NA	NA	NA	NA	NA	NA
NC_045512.2	23193	A	C	38338	5907	48	4	0	24	0.000104308	38348	1	FALSE	NA	NA	NA	NA	NA	NA
NC_045512.2	23194	T	C	38556	5907	48	4	1	42	0.000103732	38561	0.5	FALSE	NA	NA	NA	NA	NA	NA
NC_045512.2	23194	T	A	38556	5907	48	1	0	40	2.59329e-05	38561	0.937495	FALSE	NA	NA	NA	NA	NA	NA
NC_045512.2	23195	G	T	39304	5953	48	1	0	40	2.54421e-05	39305	0.937508	FALSE	NA	NA	NA	NA	NA	NA
NC_045512.2	23196	G	T	39704	5966	48	2	2	32	5.03677e-05	39708	1	FALSE	NA	NA	NA	NA	NA	NA
NC_045512.2	23196	G	C	39704	5966	48	2	0	24	5.03677e-05	39708	1	FALSE	NA	NA	NA	NA	NA	NA
NC_045512.2	23197	T	G	39770	6031	48	1	0	40	2.51433e-05	39772	0.937505	FALSE	NA	NA	NA	NA	NA	NA
NC_045512.2	23197	T	C	39770	6031	48	1	0	24	2.51433e-05	39772	1	FALSE	NA	NA	NA	NA	NA	NA
NC_045512.2	23198	T	G	39767	6028	48	1	0	40	2.51452e-05	39769	0.937505	FALSE	NA	NA	NA	NA	NA	NA
NC_045512.2	23198	T	C	39767	6028	48	1	0	40	2.51452e-05	39769	0.937505	FALSE	NA	NA	NA	NA	NA	NA
NC_045512.2	23199	T	G	39799	6038	48	1	0	24	2.51237e-05	39803	1	FALSE	NA	NA	NA	NA	NA	NA
NC_045512.2	23199	T	C	39799	6038	48	1	0	40	2.51237e-05	39803	0.937498	FALSE	NA	NA	NA	NA	NA	NA
NC_045512.2	23199	T	A	39799	6038	48	2	1	52	5.02475e-05	39803	0.249991	FALSE	NA	NA	NA	NA	NA	NA
NC_045512.2	23200	A	G	39444	6080	46	3	0	34	7.60206e-05	39463	1	FALSE	NA	NA	NA	NA	NA	NA
NC_045512.2	23200	A	C	39444	6080	46	16	0	25	0.000405443	39463	1	FALSE	NA	NA	NA	NA	NA	NA
NC_045512.2	23201	A	G	39688	6079	48	5	2	57	0.000125916	39709	0.0312166	FALSE	NA	NA	NA	NA	NA	NA
NC_045512.2	23201	A	C	39688	6079	48	16	0	25	0.000402931	39709	1	FALSE	NA	NA	NA	NA	NA	NA
NC_045512.2	23202	C	T	39991	6082	48	6	1	37	0.00015	40000	1	FALSE	NA	NA	NA	NA	NA	NA
NC_045512.2	23202	C	A	39991	6082	48	3	0	24	7.5e-05	40000	1	FALSE	NA	NA	NA	NA	NA	NA
NC_045512.2	23203	A	G	40218	6098	48	7	4	44	0.000173987	40233	0.274302	FALSE	NA	NA	NA	NA	NA	NA
NC_045512.2	23203	A	C	40218	6098	48	8	2	32	0.000198842	40233	1	FALSE	NA	NA	NA	NA	NA	NA
NC_045512.2	23204	G	T	40757	6094	48	1	1	32	2.45339e-05	40760	1	FALSE	NA	NA	NA	NA	NA	NA
NC_045512.2	23204	G	C	40757	6094	48	1	0	40	2.45339e-05	40760	0.968752	FALSE	NA	NA	NA	NA	NA	NA
NC_045512.2	23204	G	A	40757	6094	48	1	0	40	2.45339e-05	40760	0.968752	FALSE	NA	NA	NA	NA	NA	NA
NC_045512.2	23205	G	T	41416	6585	49	1	0	40	2.41441e-05	41418	0.968754	FALSE	NA	NA	NA	NA	NA	NA
NC_045512.2	23205	G	A	41416	6585	49	1	0	40	2.41441e-05	41418	0.968754	FALSE	NA	NA	NA	NA	NA	NA
NC_045512.2	23206	C	T	41504	6638	49	1	0	36	2.40923e-05	41507	1	FALSE	NA	NA	NA	NA	NA	NA
NC_045512.2	23206	C	G	41504	6638	49	2	0	28	4.81846e-05	41507	1	FALSE	NA	NA	NA	NA	NA	NA
NC_045512.2	23207	A	T	41237	6639	49	3	0	40	7.2722e-05	41253	0.773328	FALSE	NA	NA	NA	NA	NA	NA
NC_045512.2	23207	A	G	41237	6639	49	5	3	44	0.000121203	41253	0.499851	FALSE	NA	NA	NA	NA	NA	NA
NC_045512.2	23207	A	C	41237	6639	49	8	0	28	0.000193925	41253	1	FALSE	NA	NA	NA	NA	NA	NA
NC_045512.2	23208	C	T	42029	6673	49	6	0	37	0.000142721	42040	1	FALSE	NA	NA	NA	NA	NA	NA
NC_045512.2	23208	C	G	42029	6673	49	2	0	32	4.75737e-05	42040	1	FALSE	NA	NA	NA	NA	NA	NA
NC_045512.2	23208	C	A	42029	6673	49	3	0	32	7.13606e-05	42040	1	FALSE	NA	NA	NA	NA	NA	NA
NC_045512.2	23209	A	G	41986	6673	49	5	2	41	0.000119048	42000	0.499883	FALSE	NA	NA	NA	NA	NA	NA
NC_045512.2	23209	A	C	41986	6673	49	9	0	27	0.000214286	42000	1	FALSE	NA	NA	NA	NA	NA	NA
NC_045512.2	23210	G	T	42483	6696	49	1	0	24	2.35377e-05	42485	1	FALSE	NA	NA	NA	NA	NA	NA
NC_045512.2	23210	G	A	42483	6696	49	1	0	24	2.35377e-05	42485	1	FALSE	NA	NA	NA	NA	NA	NA
NC_045512.2	23211	G	C	42766	7870	51	1	0	40	2.3382e-05	42768	0.968754	FALSE	NA	NA	NA	NA	NA	NA
NC_045512.2	23211	G	A	42766	7870	51	1	0	40	2.3382e-05	42768	0.968754	FALSE	NA	NA	NA	NA	NA	NA
NC_045512.2	23212	T	G	42866	7902	51	2	2	24	4.66548e-05	42868	1	FALSE	NA	NA	NA	NA	NA	NA
NC_045512.2	23213	G	T	43136	7897	51	1	1	40	2.31793e-05	43142	0.968746	FALSE	NA	NA	NA	NA	NA	NA
NC_045512.2	23213	G	C	43136	7897	51	1	0	80	2.31793e-05	43142	0.499977	FALSE	NA	NA	NA	NA	NA	NA
NC_045512.2	23213	G	A	43136	7897	51	4	0	36	9.27171e-05	43142	1	FALSE	NA	NA	NA	NA	NA	NA
NC_045512.2	23214	T	G	42972	7765	51	2	1	32	4.65376e-05	42976	1	FALSE	NA	NA	NA	NA	NA	NA
NC_045512.2	23214	T	C	42972	7765	51	2	2	64	4.65376e-05	42976	0.249991	FALSE	NA	NA	NA	NA	NA	NA
NC_045512.2	23215	T	G	43042	7775	51	2	1	24	4.64598e-05	43048	1	FALSE	NA	NA	NA	NA	NA	NA
NC_045512.2	23215	T	C	43042	7775	51	4	1	42	9.29195e-05	43048	0.636712	FALSE	NA	NA	NA	NA	NA	NA
NC_045512.2	23216	C	T	43125	7919	51	2	0	32	4.63725e-05	43129	1	FALSE	NA	NA	NA	NA	NA	NA
NC_045512.2	23216	C	G	43125	7919	51	1	0	40	2.31863e-05	43129	0.96875	FALSE	NA	NA	NA	NA	NA	NA
NC_045512.2	23216	C	A	43125	7919	51	1	1	80	2.31863e-05	43129	0.499988	FALSE	NA	NA	NA	NA	NA	NA
NC_045512.2	23217	T	C	42812	7818	52	1	0	40	2.33574e-05	42813	0.968755	FALSE	NA	NA	NA	NA	NA	NA
NC_045512.2	23218	T	G	43343	7854	51	1	0	40	2.30691e-05	43348	0.968748	FALSE	NA	NA	NA	NA	NA	NA
NC_045512.2	23218	T	C	43343	7854	51	4	0	46	9.22765e-05	43348	0.636725	FALSE	NA	NA	NA	NA	NA	NA
NC_045512.2	23218	T	-ACTG	43343	7854	51	2	0	20	4.61382e-05	43348	1	FALSE	NA	NA	NA	NA	NA	NA
NC_045512.2	23219	A	G	42664	7798	50	1	0	40	2.34296e-05	42681	0.968723	FALSE	NA	NA	NA	NA	NA	NA
NC_045512.2	23219	A	C	42664	7798	50	16	0	28	0.000374874	42681	1	FALSE	NA	NA	NA	NA	NA	NA
NC_045512.2	23220	C	T	43059	7788	51	1	0	24	2.32218e-05	43063	1	FALSE	NA	NA	NA	NA	NA	NA
NC_045512.2	23220	C	G	43059	7788	51	1	0	24	2.32218e-05	43063	1	FALSE	NA	NA	NA	NA	NA	NA
NC_045512.2	23220	C	A	43059	7788	51	2	0	24	4.64436e-05	43063	1	FALSE	NA	NA	NA	NA	NA	NA
NC_045512.2	23221	T	G	42919	7710	51	6	4	37	0.000139769	42928	1	FALSE	NA	NA	NA	NA	NA	NA
NC_045512.2	23221	T	C	42919	7710	51	3	0	34	6.98845e-05	42928	1	FALSE	NA	NA	NA	NA	NA	NA
NC_045512.2	23221	T	-G	42919	7710	51	1	0	20	2.32937e-05	42930	1	FALSE	NA	NA	NA	NA	NA	NA
NC_045512.2	23222	G	C	3	1	53	5	0	27	0.000117822	42437	5.62721e-09	TRUE	NA	NA	NA	NA	NA	NA
NC_045512.2	23222	G	A	3	1	53	42429	7711	52	0.999811	42437	0	TRUE	NA	NA	NA	NA	NA	NA
NC_045512.2	23223	A	G	42188	7698	51	3	0	34	7.10749e-05	42209	1	FALSE	NA	NA	NA	NA	NA	NA
NC_045512.2	23223	A	C	42188	7698	51	18	0	27	0.000426449	42209	1	FALSE	NA	NA	NA	NA	NA	NA
NC_045512.2	23224	G	C	43069	7720	52	6	0	33	0.000139292	43075	1	FALSE	NA	NA	NA	NA	NA	NA
NC_045512.2	23225	T	G	43109	8206	53	1	0	40	2.31959e-05	43111	0.968754	FALSE	NA	NA	NA	NA	NA	NA
NC_045512.2	23225	T	C	43109	8206	53	1	0	40	2.31959e-05	43111	0.968754	FALSE	NA	NA	NA	NA	NA	NA
NC_045512.2	23226	C	T	43119	8341	53	1	1	80	2.31906e-05	43121	0.5	FALSE	NA	NA	NA	NA	NA	NA
NC_045512.2	23226	C	G	43119	8341	53	1	0	40	2.31906e-05	43121	0.968754	FALSE	NA	NA	NA	NA	NA	NA
NC_045512.2	23227	T	C	42847	8178	53	2	1	44	4.66755e-05	42849	0.890639	FALSE	NA	NA	NA	NA	NA	NA
NC_045512.2	23228	A	G	42360	8217	52	4	2	60	9.43886e-05	42378	0.0624572	FALSE	NA	NA	NA	NA	NA	NA
NC_045512.2	23228	A	C	42360	8217	52	14	0	24	0.00033036	42378	1	FALSE	NA	NA	NA	NA	NA	NA
NC_045512.2	23229	A	G	42416	8227	53	3	0	48	7.07114e-05	42426	0.773389	FALSE	NA	NA	NA	NA	NA	NA
NC_045512.2	23229	A	C	42416	8227	53	7	0	29	0.000164993	42426	1	FALSE	NA	NA	NA	NA	NA	NA
NC_045512.2	23230	C	A	42717	8214	53	5	0	27	0.000117036	42722	1	FALSE	NA	NA	NA	NA	NA	NA
NC_045512.2	23231	A	G	42572	8937	54	5	0	40	0.000117418	42583	0.499928	FALSE	NA	NA	NA	NA	NA	NA
NC_045512.2	23231	A	C	42572	8937	54	6	0	29	0.000140901	42583	1	FALSE	NA	NA	NA	NA	NA	NA
NC_045512.2	23232	A	G	42516	8945	54	3	1	48	7.05484e-05	42524	0.773409	FALSE	NA	NA	NA	NA	NA	NA
NC_045512.2	23232	A	C	42516	8945	54	5	0	24	0.000117581	42524	1	FALSE	NA	NA	NA	NA	NA	NA
NC_045512.2	23233	A	G	42303	8781	54	7	1	36	0.00016543	42314	1	FALSE	NA	NA	NA	NA	NA	NA
NC_045512.2	23233	A	C	42303	8781	54	4	0	32	9.45314e-05	42314	1	FALSE	NA	NA	NA	NA	NA	NA
NC_045512.2	23234	A	G	42314	8800	54	2	0	40	4.72612e-05	42318	0.890628	FALSE	NA	NA	NA	NA	NA	NA
NC_045512.2	23234	A	C	42314	8800	54	2	0	32	4.72612e-05	42318	1	FALSE	NA	NA	NA	NA	NA	NA
NC_045512.2	23235	A	C	42315	8807	55	11	0	28	0.000259888	42326	1	FALSE	NA	NA	NA	NA	NA	NA
NC_045512.2	23236	G	T	42399	8811	54	1	0	40	2.35843e-05	42401	0.968754	FALSE	NA	NA	NA	NA	NA	NA
NC_045512.2	23236	G	A	42399	8811	54	1	0	24	2.35843e-05	42401	1	FALSE	NA	NA	NA	NA	NA	NA
NC_045512.2	23236	G	-T	42399	8811	54	1	0	20	2.35843e-05	42401	1	FALSE	NA	NA	NA	NA	NA	NA
NC_045512.2	23237	T	G	42191	8870	55	1	0	32	2.36972e-05	42199	1	FALSE	NA	NA	NA	NA	NA	NA
NC_045512.2	23237	T	C	42191	8870	55	6	1	36	0.000142183	42199	1	FALSE	NA	NA	NA	NA	NA	NA
NC_045512.2	23237	T	A	42191	8870	55	1	0	24	2.36972e-05	42199	1	FALSE	NA	NA	NA	NA	NA	NA
NC_045512.2	23238	T	G	42219	8931	55	1	1	24	2.36827e-05	42225	1	FALSE	NA	NA	NA	NA	NA	NA
NC_045512.2	23238	T	C	42219	8931	55	5	3	52	0.000118413	42225	0.0312463	FALSE	NA	NA	NA	NA	NA	NA
NC_045512.2	23239	T	C	35995	11588	52	3	0	34	8.3338e-05	35998	1	FALSE	NA	NA	NA	NA	NA	NA
NC_045512.2	23240	C	T	32547	13116	49	4	2	48	0.000122873	32554	0.499966	FALSE	NA	NA	NA	NA	NA	NA
NC_045512.2	23240	C	A	32547	13116	49	3	0	29	9.21546e-05	32554	1	FALSE	NA	NA	NA	NA	NA	NA
NC_045512.2	23241	T	G	32634	13122	49	2	2	32	6.12745e-05	32640	1	FALSE	NA	NA	NA	NA	NA	NA
NC_045512.2	23241	T	C	32634	13122	49	4	1	50	0.000122549	32640	0.0624904	FALSE	NA	NA	NA	NA	NA	NA
NC_045512.2	23242	G	T	32682	13213	49	1	1	24	3.05951e-05	32685	1	FALSE	NA	NA	NA	NA	NA	NA
NC_045512.2	23242	G	A	32682	13213	49	2	1	52	6.11901e-05	32685	0.249996	FALSE	NA	NA	NA	NA	NA	NA
NC_045512.2	23243	C	T	32086	13815	49	1	0	80	3.11594e-05	32093	0.499961	FALSE	NA	NA	NA	NA	NA	NA
NC_045512.2	23243	C	G	32086	13815	49	2	2	40	6.23189e-05	32093	0.812471	FALSE	NA	NA	NA	NA	NA	NA
NC_045512.2	23243	C	A	32086	13815	49	4	0	28	0.000124638	32093	1	FALSE	NA	NA	NA	NA	NA	NA
NC_045512.2	23244	C	T	31797	13834	48	2	0	60	6.28733e-05	31810	0.249917	FALSE	NA	NA	NA	NA	NA	NA
NC_045512.2	23244	C	A	31797	13834	48	11	0	25	0.000345803	31810	1	FALSE	NA	NA	NA	NA	NA	NA
NC_045512.2	23245	T	G	31895	13717	49	2	2	52	6.2694e-05	31901	0.249973	FALSE	NA	NA	NA	NA	NA	NA
NC_045512.2	23245	T	C	31895	13717	49	4	1	36	0.000125388	31901	1	FALSE	NA	NA	NA	NA	NA	NA
NC_045512.2	23246	T	G	31872	13708	49	3	3	24	9.41029e-05	31880	1	FALSE	NA	NA	NA	NA	NA	NA
NC_045512.2	23246	T	C	31872	13708	49	5	3	45	0.000156838	31880	0.363238	FALSE	NA	NA	NA	NA	NA	NA
NC_045512.2	23247	T	G	31636	13830	49	1	1	24	3.16026e-05	31643	1	FALSE	NA	NA	NA	NA	NA	NA
NC_045512.2	23247	T	C	31636	13830	49	6	1	34	0.000189615	31643	0.999996	FALSE	NA	NA	NA	NA	NA	NA
NC_045512.2	23248	C	T	30693	14086	46	1	1	64	3.25595e-05	30713	0.499853	FALSE	NA	NA	NA	NA	NA	NA
NC_045512.2	23248	C	A	30693	14086	46	19	0	25	0.000618631	30713	1	FALSE	NA	NA	NA	NA	NA	NA
NC_045512.2	23249	C	T	31723	14452	48	2	2	60	6.30239e-05	31734	0.249933	FALSE	NA	NA	NA	NA	NA	NA
NC_045512.2	23249	C	G	31723	14452	48	4	4	30	0.000126048	31734	1	FALSE	NA	NA	NA	NA	NA	NA
NC_045512.2	23249	C	A	31723	14452	48	5	0	27	0.00015756	31734	1	FALSE	NA	NA	NA	NA	NA	NA
NC_045512.2	23250	A	G	31810	14513	49	2	0	40	6.28674e-05	31813	0.81251	FALSE	NA	NA	NA	NA	NA	NA
NC_045512.2	23250	A	C	31810	14513	49	1	0	24	3.14337e-05	31813	1	FALSE	NA	NA	NA	NA	NA	NA
NC_045512.2	23251	A	C	31841	14589	49	4	0	32	0.000125608	31845	1	FALSE	NA	NA	NA	NA	NA	NA
NC_045512.2	23252	C	T	31564	14609	48	1	0	24	3.16666e-05	31579	1	FALSE	NA	NA	NA	NA	NA	NA
NC_045512.2	23252	C	A	31564	14609	48	14	0	26	0.000443333	31579	1	FALSE	NA	NA	NA	NA	NA	NA
NC_045512.2	23253	A	G	32196	15131	49	1	1	80	3.10559e-05	32200	0.499984	FALSE	NA	NA	NA	NA	NA	NA
NC_045512.2	23253	A	C	32196	15131	49	3	1	34	9.31677e-05	32200	1	FALSE	NA	NA	NA	NA	NA	NA
NC_045512.2	23254	A	G	31435	15344	48	3	0	48	9.54198e-05	31440	0.656243	FALSE	NA	NA	NA	NA	NA	NA
NC_045512.2	23254	A	C	31435	15344	48	2	0	24	6.36132e-05	31440	1	FALSE	NA	NA	NA	NA	NA	NA
NC_045512.2	23255	T	C	31542	15398	49	5	2	36	0.000158494	31547	0.999999	FALSE	NA	NA	NA	NA	NA	NA
NC_045512.2	23256	T	C	31556	15414	49	3	1	34	9.506e-05	31559	1	FALSE	NA	NA	NA	NA	NA	NA
NC_045512.2	23257	T	G	31471	15331	48	3	3	29	9.53168e-05	31474	1	FALSE	NA	NA	NA	NA	NA	NA
NC_045512.2	23258	G	T	30886	14745	47	23	23	24	0.000744096	30910	1	FALSE	NA	NA	NA	NA	NA	NA
NC_045512.2	23258	G	A	30886	14745	47	1	0	40	3.2352e-05	30910	0.937417	FALSE	NA	NA	NA	NA	NA	NA
NC_045512.2	23259	G	T	31392	15351	48	2	2	24	6.37044e-05	31395	1	FALSE	NA	NA	NA	NA	NA	NA
NC_045512.2	23259	G	C	31392	15351	48	1	0	40	3.18522e-05	31395	0.937502	FALSE	NA	NA	NA	NA	NA	NA
NC_045512.2	23260	C	T	31884	16119	49	1	1	80	3.13617e-05	31886	0.5	FALSE	NA	NA	NA	NA	NA	NA
NC_045512.2	23260	C	A	31884	16119	49	1	0	24	3.13617e-05	31886	1	FALSE	NA	NA	NA	NA	NA	NA
NC_045512.2	23260	C	-AG	31884	16119	49	1	0	20	3.13617e-05	31886	1	FALSE	NA	NA	NA	NA	NA	NA
NC_045512.2	23261	A	G	31662	16032	49	2	2	52	6.31632e-05	31664	0.249996	FALSE	NA	NA	NA	NA	NA	NA
NC_045512.2	23262	G	T	23927	8873	40	768	768	25	0.0310969	24697	1.41543e-64	TRUE	NA	NA	NA	NA	NA	NA
NC_045512.2	23262	G	A	23927	8873	40	2	2	60	8.09815e-05	24697	0.24216	FALSE	NA	NA	NA	NA	NA	NA
NC_045512.2	23263	A	G	33076	19310	49	1	1	40	3.02316e-05	33078	0.937506	FALSE	NA	NA	NA	NA	NA	NA
NC_045512.2	23263	A	C	33076	19310	49	1	1	40	3.02316e-05	33078	0.937506	FALSE	NA	NA	NA	NA	NA	NA
NC_045512.2	23264	G	T	32961	19468	48	1	0	40	3.03343e-05	32966	0.937494	FALSE	NA	NA	NA	NA	NA	NA
NC_045512.2	23264	G	C	32961	19468	48	1	1	40	3.03343e-05	32966	0.937494	FALSE	NA	NA	NA	NA	NA	NA
NC_045512.2	23264	G	A	32961	19468	48	3	0	40	9.10029e-05	32966	0.656243	FALSE	NA	NA	NA	NA	NA	NA
NC_045512.2	23265	A	G	33217	20102	48	1	0	40	3.01033e-05	33219	0.937506	FALSE	NA	NA	NA	NA	NA	NA
NC_045512.2	23265	A	C	33217	20102	48	1	0	24	3.01033e-05	33219	1	FALSE	NA	NA	NA	NA	NA	NA
NC_045512.2	23266	C	T	33121	20141	48	2	2	40	6.03755e-05	33126	0.812491	FALSE	NA	NA	NA	NA	NA	NA
NC_045512.2	23266	C	A	33121	20141	48	3	0	29	9.05633e-05	33126	1	FALSE	NA	NA	NA	NA	NA	NA
NC_045512.2	23267	A	G	33064	20087	48	2	0	40	6.04814e-05	33068	0.8125	FALSE	NA	NA	NA	NA	NA	NA
NC_045512.2	23267	A	C	33064	20087	48	2	2	52	6.04814e-05	33068	0.249989	FALSE	NA	NA	NA	NA	NA	NA
NC_045512.2	23268	T	G	33528	20543	48	4	4	28	0.000119289	33532	1	FALSE	NA	NA	NA	NA	NA	NA
NC_045512.2	23269	T	G	33485	20544	48	2	2	40	5.97193e-05	33490	0.812491	FALSE	NA	NA	NA	NA	NA	NA
NC_045512.2	23269	T	C	33485	20544	48	3	3	29	8.9579e-05	33490	1	FALSE	NA	NA	NA	NA	NA	NA
NC_045512.2	23270	G	A	33690	20721	48	2	0	40	5.93613e-05	33692	0.812519	FALSE	NA	NA	NA	NA	NA	NA
NC_045512.2	23271	C	T	10	3	46	34215	21585	48	0.999474	34233	0	TRUE	NA	NA	NA	NA	NA	NA
NC_045512.2	23271	C	G	10	3	46	8	8	26	0.000233693	34233	4.39505e-12	TRUE	NA	NA	NA	NA	NA	NA
NC_045512.2	23272	T	G	34476	21898	49	4	4	24	0.000115982	34488	1	FALSE	NA	NA	NA	NA	NA	NA
NC_045512.2	23272	T	C	34476	21898	49	8	7	36	0.000231965	34488	0.999992	FALSE	NA	NA	NA	NA	NA	NA
NC_045512.2	23273	G	C	34733	22042	49	3	0	37	8.63657e-05	34736	1	FALSE	NA	NA	NA	NA	NA	NA
NC_045512.2	23274	A	G	34545	22438	48	1	1	40	2.89452e-05	34548	0.937502	FALSE	NA	NA	NA	NA	NA	NA
NC_045512.2	23274	A	C	34545	22438	48	2	1	32	5.78905e-05	34548	1	FALSE	NA	NA	NA	NA	NA	NA
NC_045512.2	23275	C	T	34892	23042	48	2	1	40	5.73148e-05	34895	0.812509	FALSE	NA	NA	NA	NA	NA	NA
NC_045512.2	23275	C	A	34892	23042	48	1	0	24	2.86574e-05	34895	1	FALSE	NA	NA	NA	NA	NA	NA
NC_045512.2	23276	A	G	34951	23142	48	2	2	52	5.72197e-05	34953	0.250004	FALSE	NA	NA	NA	NA	NA	NA
NC_045512.2	23277	C	T	25879	17137	48	9835	6501	49	0.275228	35734	0	TRUE	NA	NA	NA	NA	NA	NA
NC_045512.2	23277	C	G	25879	17137	48	19	3	46	0.000531706	35734	2.34283e-05	TRUE	NA	NA	NA	NA	NA	NA
NC_045512.2	23277	C	A	25879	17137	48	1	1	24	2.79846e-05	35734	1	FALSE	NA	NA	NA	NA	NA	NA
NC_045512.2	23278	T	G	35701	23517	48	5	5	24	0.000140017	35710	1	FALSE	NA	NA	NA	NA	NA	NA
NC_045512.2	23278	T	C	35701	23517	48	4	2	49	0.000112013	35710	0.499939	FALSE	NA	NA	NA	NA	NA	NA
NC_045512.2	23279	A	G	35928	23716	48	3	1	66	8.34841e-05	35935	0.124979	FALSE	NA	NA	NA	NA	NA	NA
NC_045512.2	23279	A	C	35928	23716	48	4	0	32	0.000111312	35935	1	FALSE	NA	NA	NA	NA	NA	NA
NC_045512.2	23280	C	A	35602	24577	46	15	0	24	0.000421147	35617	1	FALSE	NA	NA	NA	NA	NA	NA
NC_045512.2	23281	T	G	35417	24035	48	5	4	27	0.000141151	35423	1	FALSE	NA	NA	NA	NA	NA	NA
NC_045512.2	23281	T	C	35417	24035	48	1	0	40	2.82302e-05	35423	0.937491	FALSE	NA	NA	NA	NA	NA	NA
NC_045512.2	23282	G	A	35381	23992	48	1	1	24	2.8263e-05	35382	1	FALSE	NA	NA	NA	NA	NA	NA
NC_045512.2	23283	A	G	35460	24254	48	4	3	38	0.000112778	35468	1	FALSE	NA	NA	NA	NA	NA	NA
NC_045512.2	23283	A	C	35460	24254	48	4	1	32	0.000112778	35468	1	FALSE	NA	NA	NA	NA	NA	NA
NC_045512.2	23284	T	G	35567	24389	48	7	7	26	0.000196745	35579	1	FALSE	NA	NA	NA	NA	NA	NA
NC_045512.2	23284	T	C	35567	24389	48	5	2	50	0.000140532	35579	0.0312324	FALSE	NA	NA	NA	NA	NA	NA
NC_045512.2	23285	G	A	35533	24443	48	1	1	40	2.81421e-05	35534	0.937509	FALSE	NA	NA	NA	NA	NA	NA
NC_045512.2	23286	C	T	34695	23848	48	3	1	66	8.64528e-05	34701	0.124984	FALSE	NA	NA	NA	NA	NA	NA
NC_045512.2	23286	C	G	34695	23848	48	1	0	40	2.88176e-05	34701	0.937491	FALSE	NA	NA	NA	NA	NA	NA
NC_045512.2	23286	C	A	34695	23848	48	2	2	32	5.76352e-05	34701	1	FALSE	NA	NA	NA	NA	NA	NA
NC_045512.2	23287	T	G	34222	23415	48	3	3	24	8.76527e-05	34226	1	FALSE	NA	NA	NA	NA	NA	NA
NC_045512.2	23287	T	C	34222	23415	48	1	1	40	2.92176e-05	34226	0.937498	FALSE	NA	NA	NA	NA	NA	NA
NC_045512.2	23289	T	G	34466	23660	48	4	4	28	0.000116019	34477	1	FALSE	NA	NA	NA	NA	NA	NA
NC_045512.2	23289	T	C	34466	23660	48	6	6	40	0.000174029	34477	0.253835	FALSE	NA	NA	NA	NA	NA	NA
NC_045512.2	23289	T	A	34466	23660	48	1	1	40	2.90048e-05	34477	0.937473	FALSE	NA	NA	NA	NA	NA	NA
NC_045512.2	23290	C	T	34666	23833	49	1	1	40	2.88442e-05	34669	0.937502	FALSE	NA	NA	NA	NA	NA	NA
NC_045512.2	23290	C	G	34666	23833	49	1	0	80	2.88442e-05	34669	0.499993	FALSE	NA	NA	NA	NA	NA	NA
NC_045512.2	23290	C	A	34666	23833	49	1	0	24	2.88442e-05	34669	1	FALSE	NA	NA	NA	NA	NA	NA
NC_045512.2	23291	C	T	34040	24330	48	4	2	66	0.000117492	34045	0.0624945	FALSE	NA	NA	NA	NA	NA	NA
NC_045512.2	23291	C	A	34040	24330	48	1	1	24	2.93729e-05	34045	1	FALSE	NA	NA	NA	NA	NA	NA
NC_045512.2	23292	G	T	33867	24169	47	4	4	24	0.000118067	33879	1	FALSE	NA	NA	NA	NA	NA	NA
NC_045512.2	23292	G	C	33867	24169	47	2	1	40	5.90336e-05	33879	0.812426	FALSE	NA	NA	NA	NA	NA	NA
NC_045512.2	23292	G	A	33867	24169	47	6	4	46	0.000177101	33879	0.253819	FALSE	NA	NA	NA	NA	NA	NA
NC_045512.2	23293	T	G	33884	24163	47	3	3	24	8.85191e-05	33891	1	FALSE	NA	NA	NA	NA	NA	NA
NC_045512.2	23293	T	C	33884	24163	47	4	3	56	0.000118025	33891	0.0624871	FALSE	NA	NA	NA	NA	NA	NA
NC_045512.2	23293	T	-G	33884	24163	47	1	0	20	2.95064e-05	33891	1	FALSE	NA	NA	NA	NA	NA	NA
NC_045512.2	23294	G	A	34098	24368	48	3	3	40	8.7974e-05	34101	0.656257	FALSE	NA	NA	NA	NA	NA	NA
NC_045512.2	23295	A	G	34320	24668	48	5	4	41	0.000145662	34326	0.363273	FALSE	NA	NA	NA	NA	NA	NA
NC_045512.2	23295	A	C	34320	24668	48	1	0	24	2.91324e-05	34326	1	FALSE	NA	NA	NA	NA	NA	NA
NC_045512.2	23296	T	G	34219	24485	48	4	4	24	0.00011687	34226	1	FALSE	NA	NA	NA	NA	NA	NA
NC_045512.2	23296	T	C	34219	24485	48	3	3	44	8.76527e-05	34226	0.656216	FALSE	NA	NA	NA	NA	NA	NA
NC_045512.2	23298	C	G	34252	24578	48	1	1	40	2.91937e-05	34254	0.937505	FALSE	NA	NA	NA	NA	NA	NA
NC_045512.2	23298	C	A	34252	24578	48	1	0	24	2.91937e-05	34254	1	FALSE	NA	NA	NA	NA	NA	NA
NC_045512.2	23299	A	T	34168	24567	48	1	1	40	2.9262e-05	34174	0.937491	FALSE	NA	NA	NA	NA	NA	NA
NC_045512.2	23299	A	G	34168	24567	48	2	1	36	5.8524e-05	34174	1	FALSE	NA	NA	NA	NA	NA	NA
NC_045512.2	23299	A	C	34168	24567	48	3	2	29	8.7786e-05	34174	1	FALSE	NA	NA	NA	NA	NA	NA
NC_045512.2	23300	C	T	34025	24718	47	1	1	40	2.93893e-05	34026	0.937509	FALSE	NA	NA	NA	NA	NA	NA
NC_045512.2	23301	A	G	33954	24707	47	1	1	40	2.94499e-05	33956	0.937506	FALSE	NA	NA	NA	NA	NA	NA
NC_045512.2	23301	A	C	33954	24707	47	1	1	40	2.94499e-05	33956	0.937506	FALSE	NA	NA	NA	NA	NA	NA
NC_045512.2	23302	G	T	33826	24757	47	3	3	24	8.86813e-05	33829	1	FALSE	NA	NA	NA	NA	NA	NA
NC_045512.2	23303	A	G	35294	26686	48	3	2	66	8.49931e-05	35297	0.125	FALSE	NA	NA	NA	NA	NA	NA
NC_045512.2	23304	C	T	37232	29116	49	1	0	24	2.68572e-05	37234	1	FALSE	NA	NA	NA	NA	NA	NA
NC_045512.2	23304	C	A	37232	29116	49	1	0	24	2.68572e-05	37234	1	FALSE	NA	NA	NA	NA	NA	NA
NC_045512.2	23305	A	G	37146	29060	49	5	4	38	0.000134586	37151	1	FALSE	NA	NA	NA	NA	NA	NA
NC_045512.2	23307	T	G	37105	29232	48	6	6	24	0.00016166	37115	1	FALSE	NA	NA	NA	NA	NA	NA
NC_045512.2	23307	T	C	37105	29232	48	3	2	44	8.08299e-05	37115	0.656181	FALSE	NA	NA	NA	NA	NA	NA
NC_045512.2	23307	T	A	37105	29232	48	1	1	40	2.69433e-05	37115	0.937478	FALSE	NA	NA	NA	NA	NA	NA
NC_045512.2	23308	T	G	37239	29358	48	10	9	28	0.000268449	37251	1	FALSE	NA	NA	NA	NA	NA	NA
NC_045512.2	23308	T	C	37239	29358	48	2	1	40	5.36898e-05	37251	0.812433	FALSE	NA	NA	NA	NA	NA	NA
NC_045512.2	23309	G	T	35178	27274	43	34	34	24	0.000965525	35214	1	FALSE	NA	NA	NA	NA	NA	NA
NC_045512.2	23309	G	C	35178	27274	43	1	1	24	2.83978e-05	35214	1	FALSE	NA	NA	NA	NA	NA	NA
NC_045512.2	23309	G	A	35178	27274	43	1	0	80	2.83978e-05	35214	0.499758	FALSE	NA	NA	NA	NA	NA	NA
NC_045512.2	23310	A	G	39328	32074	50	4	3	46	0.000101698	39332	0.500014	FALSE	NA	NA	NA	NA	NA	NA
NC_045512.2	23311	G	C	39369	32097	50	1	1	24	2.53994e-05	39371	1	FALSE	NA	NA	NA	NA	NA	NA
NC_045512.2	23311	G	A	39369	32097	50	1	1	40	2.53994e-05	39371	0.937505	FALSE	NA	NA	NA	NA	NA	NA
NC_045512.2	23312	A	G	39561	32385	50	2	2	40	5.05497e-05	39565	0.8125	FALSE	NA	NA	NA	NA	NA	NA
NC_045512.2	23312	A	C	39561	32385	50	2	0	24	5.05497e-05	39565	1	FALSE	NA	NA	NA	NA	NA	NA
NC_045512.2	23313	T	G	39836	33178	50	9	9	26	0.000225858	39848	1	FALSE	NA	NA	NA	NA	NA	NA
NC_045512.2	23313	T	C	39836	33178	50	3	1	56	7.52861e-05	39848	0.124958	FALSE	NA	NA	NA	NA	NA	NA
NC_045512.2	23314	T	G	39827	33162	50	8	8	25	0.000200783	39844	1	FALSE	NA	NA	NA	NA	NA	NA
NC_045512.2	23314	T	C	39827	33162	50	9	9	42	0.000225881	39844	0.0729404	FALSE	NA	NA	NA	NA	NA	NA
NC_045512.2	23316	T	G	39374	32758	50	8	8	30	0.000203113	39387	0.999999	FALSE	NA	NA	NA	NA	NA	NA
NC_045512.2	23316	T	C	39374	32758	50	5	3	32	0.000126945	39387	1	FALSE	NA	NA	NA	NA	NA	NA
NC_045512.2	23317	T	G	39509	32902	50	4	4	34	0.000101222	39517	1	FALSE	NA	NA	NA	NA	NA	NA
NC_045512.2	23317	T	C	39509	32902	50	4	4	50	0.000101222	39517	0.0624858	FALSE	NA	NA	NA	NA	NA	NA
NC_045512.2	23318	G	T	39407	33215	49	9	9	24	0.000228328	39417	1	FALSE	NA	NA	NA	NA	NA	NA
NC_045512.2	23318	G	A	39407	33215	49	1	1	64	2.53698e-05	39417	0.499949	FALSE	NA	NA	NA	NA	NA	NA
NC_045512.2	23319	A	G	40327	34002	50	3	3	40	7.43845e-05	40331	0.773448	FALSE	NA	NA	NA	NA	NA	NA
NC_045512.2	23319	A	C	40327	34002	50	1	1	40	2.47948e-05	40331	0.96875	FALSE	NA	NA	NA	NA	NA	NA
NC_045512.2	23320	C	T	40354	34058	50	3	2	53	7.43329e-05	40359	0.124991	FALSE	NA	NA	NA	NA	NA	NA
NC_045512.2	23320	C	A	40354	34058	50	2	0	32	4.95552e-05	40359	1	FALSE	NA	NA	NA	NA	NA	NA
NC_045512.2	23321	A	G	40198	33930	50	3	2	48	7.46213e-05	40203	0.773438	FALSE	NA	NA	NA	NA	NA	NA
NC_045512.2	23321	A	C	40198	33930	50	2	2	32	4.97475e-05	40203	1	FALSE	NA	NA	NA	NA	NA	NA
NC_045512.2	23322	T	G	40216	34101	49	2	2	28	4.97265e-05	40220	1	FALSE	NA	NA	NA	NA	NA	NA
NC_045512.2	23322	T	C	40216	34101	49	2	2	24	4.97265e-05	40220	1	FALSE	NA	NA	NA	NA	NA	NA
NC_045512.2	23323	T	G	40120	34018	49	15	15	26	0.000373711	40138	1	FALSE	NA	NA	NA	NA	NA	NA
NC_045512.2	23323	T	C	40120	34018	49	3	2	53	7.47421e-05	40138	0.12493	FALSE	NA	NA	NA	NA	NA	NA
NC_045512.2	23324	A	G	40577	34506	50	7	5	50	0.000172473	40586	0.00780981	TRUE	NA	NA	NA	NA	NA	NA
NC_045512.2	23324	A	C	40577	34506	50	2	1	38	4.92781e-05	40586	1	FALSE	NA	NA	NA	NA	NA	NA
NC_045512.2	23325	C	T	40515	34596	49	2	2	80	4.93596e-05	40519	0.249991	FALSE	NA	NA	NA	NA	NA	NA
NC_045512.2	23325	C	A	40515	34596	49	2	0	28	4.93596e-05	40519	1	FALSE	NA	NA	NA	NA	NA	NA
NC_045512.2	23326	A	G	40549	34504	50	1	1	40	2.46609e-05	40550	0.968756	FALSE	NA	NA	NA	NA	NA	NA
NC_045512.2	23327	C	T	40534	34525	50	4	2	70	9.8668e-05	40540	0.0624923	FALSE	NA	NA	NA	NA	NA	NA
NC_045512.2	23327	C	G	40534	34525	50	2	2	36	4.9334e-05	40540	1	FALSE	NA	NA	NA	NA	NA	NA
NC_045512.2	23328	C	A	38811	32894	50	2	2	40	5.15291e-05	38813	0.812516	FALSE	NA	NA	NA	NA	NA	NA
NC_045512.2	23328	C	-A	38811	32894	50	1	0	20	2.57646e-05	38813	1	FALSE	NA	NA	NA	NA	NA	NA
NC_045512.2	23329	A	G	38491	32573	50	1	1	24	2.59781e-05	38494	1	FALSE	NA	NA	NA	NA	NA	NA
NC_045512.2	23329	A	C	38491	32573	50	2	2	40	5.19561e-05	38494	0.8125	FALSE	NA	NA	NA	NA	NA	NA
NC_045512.2	23330	T	G	38572	32651	50	5	4	35	0.000129597	38581	1	FALSE	NA	NA	NA	NA	NA	NA
NC_045512.2	23330	T	C	38572	32651	50	4	3	40	0.000103678	38581	0.499943	FALSE	NA	NA	NA	NA	NA	NA
NC_045512.2	23331	G	T	38216	32312	49	3	3	24	7.84929e-05	38220	1	FALSE	NA	NA	NA	NA	NA	NA
NC_045512.2	23331	G	A	38216	32312	49	1	1	40	2.61643e-05	38220	0.937498	FALSE	NA	NA	NA	NA	NA	NA
NC_045512.2	23332	T	G	38511	32691	50	1	1	24	2.59612e-05	38519	1	FALSE	NA	NA	NA	NA	NA	NA
NC_045512.2	23332	T	C	38511	32691	50	7	5	35	0.000181728	38519	1	FALSE	NA	NA	NA	NA	NA	NA
NC_045512.2	23333	T	G	38418	32605	50	4	4	28	0.000104099	38425	1	FALSE	NA	NA	NA	NA	NA	NA
NC_045512.2	23333	T	C	38418	32605	50	3	1	66	7.80742e-05	38425	0.12498	FALSE	NA	NA	NA	NA	NA	NA
NC_045512.2	23334	C	T	38558	32729	50	3	3	48	7.77968e-05	38562	0.656256	FALSE	NA	NA	NA	NA	NA	NA
NC_045512.2	23334	C	G	38558	32729	50	1	1	40	2.59323e-05	38562	0.937498	FALSE	NA	NA	NA	NA	NA	NA
NC_045512.2	23335	T	G	38250	32421	50	4	4	30	0.000104559	38256	1	FALSE	NA	NA	NA	NA	NA	NA
NC_045512.2	23335	T	C	38250	32421	50	2	2	60	5.22794e-05	38256	0.249977	FALSE	NA	NA	NA	NA	NA	NA
NC_045512.2	23336	T	G	38178	32358	50	6	6	24	0.000157117	38188	1	FALSE	NA	NA	NA	NA	NA	NA
NC_045512.2	23336	T	C	38178	32358	50	4	3	34	0.000104745	38188	1	FALSE	NA	NA	NA	NA	NA	NA
NC_045512.2	23337	T	G	38047	32223	50	7	7	30	0.00018392	38060	1	FALSE	NA	NA	NA	NA	NA	NA
NC_045512.2	23337	T	C	38047	32223	50	6	6	36	0.000157646	38060	1	FALSE	NA	NA	NA	NA	NA	NA
NC_045512.2	23338	T	G	37848	32049	50	6	6	30	0.000158474	37861	1	FALSE	NA	NA	NA	NA	NA	NA
NC_045512.2	23338	T	C	37848	32049	50	7	7	42	0.000184887	37861	0.171805	FALSE	NA	NA	NA	NA	NA	NA
NC_045512.2	23338	T	-G	37848	32049	50	1	0	20	2.64124e-05	37861	1	FALSE	NA	NA	NA	NA	NA	NA
NC_045512.2	23340	G	T	34675	28989	44	148	148	25	0.00424982	34825	1	FALSE	NA	NA	NA	NA	NA	NA
NC_045512.2	23340	G	C	34675	28989	44	1	1	40	2.8715e-05	34825	0.936971	FALSE	NA	NA	NA	NA	NA	NA
NC_045512.2	23340	G	A	34675	28989	44	1	0	80	2.8715e-05	34825	0.498935	FALSE	NA	NA	NA	NA	NA	NA
NC_045512.2	23341	T	G	37664	32097	50	7	7	26	0.000185805	37674	1	FALSE	NA	NA	NA	NA	NA	NA
NC_045512.2	23341	T	C	37664	32097	50	3	3	53	7.96305e-05	37674	0.124965	FALSE	NA	NA	NA	NA	NA	NA
NC_045512.2	23342	G	T	37823	32298	50	1	1	40	2.64354e-05	37828	0.937495	FALSE	NA	NA	NA	NA	NA	NA
NC_045512.2	23342	G	C	37823	32298	50	2	1	52	5.28709e-05	37828	0.249983	FALSE	NA	NA	NA	NA	NA	NA
NC_045512.2	23342	G	A	37823	32298	50	2	1	60	5.28709e-05	37828	0.249983	FALSE	NA	NA	NA	NA	NA	NA
NC_045512.2	23343	G	T	37526	31968	50	7	7	28	0.000186498	37534	1	FALSE	NA	NA	NA	NA	NA	NA
NC_045512.2	23343	G	A	37526	31968	50	1	1	40	2.66425e-05	37534	0.937485	FALSE	NA	NA	NA	NA	NA	NA
NC_045512.2	23344	T	G	37214	31643	49	8	8	28	0.000214892	37228	1	FALSE	NA	NA	NA	NA	NA	NA
NC_045512.2	23344	T	C	37214	31643	49	6	6	50	0.000161169	37228	0.015613	FALSE	NA	NA	NA	NA	NA	NA
NC_045512.2	23345	G	T	37472	31945	50	1	1	24	2.66845e-05	37475	1	FALSE	NA	NA	NA	NA	NA	NA
NC_045512.2	23345	G	C	37472	31945	50	2	2	40	5.33689e-05	37475	0.812508	FALSE	NA	NA	NA	NA	NA	NA
NC_045512.2	23346	T	G	37145	31948	49	16	16	25	0.000430501	37166	1	FALSE	NA	NA	NA	NA	NA	NA
NC_045512.2	23346	T	C	37145	31948	49	4	4	40	0.000107625	37166	0.499765	FALSE	NA	NA	NA	NA	NA	NA
NC_045512.2	23346	T	A	37145	31948	49	1	1	80	2.69063e-05	37166	0.499872	FALSE	NA	NA	NA	NA	NA	NA
NC_045512.2	23347	C	T	37382	32387	49	26	23	51	0.000694964	37412	1.48211e-08	TRUE	NA	NA	NA	NA	NA	NA
NC_045512.2	23347	C	G	37382	32387	49	2	2	32	5.34588e-05	37412	1	FALSE	NA	NA	NA	NA	NA	NA
NC_045512.2	23347	C	A	37382	32387	49	2	2	32	5.34588e-05	37412	1	FALSE	NA	NA	NA	NA	NA	NA
NC_045512.2	23348	A	G	37362	32389	49	2	2	52	5.35275e-05	37364	0.250003	FALSE	NA	NA	NA	NA	NA	NA
NC_045512.2	23349	G	T	37544	32465	49	1	1	24	2.6634e-05	37546	1	FALSE	NA	NA	NA	NA	NA	NA
NC_045512.2	23349	G	C	37544	32465	49	1	1	24	2.6634e-05	37546	1	FALSE	NA	NA	NA	NA	NA	NA
NC_045512.2	23350	T	G	37266	32179	48	5	5	25	0.000134138	37275	1	FALSE	NA	NA	NA	NA	NA	NA
NC_045512.2	23350	T	C	37266	32179	48	4	4	66	0.000107311	37275	0.0624816	FALSE	NA	NA	NA	NA	NA	NA
NC_045512.2	23351	G	A	37500	32541	49	1	1	40	2.6666e-05	37501	0.937508	FALSE	NA	NA	NA	NA	NA	NA
NC_045512.2	23352	T	G	36488	31553	48	17	17	26	0.000465651	36508	1	FALSE	NA	NA	NA	NA	NA	NA
NC_045512.2	23352	T	C	36488	31553	48	3	3	37	8.21738e-05	36508	1	FALSE	NA	NA	NA	NA	NA	NA
NC_045512.2	23353	T	G	36348	31432	48	6	6	24	0.000165044	36354	1	FALSE	NA	NA	NA	NA	NA	NA
NC_045512.2	23354	A	G	36648	31889	48	2	1	60	5.45703e-05	36650	0.250003	FALSE	NA	NA	NA	NA	NA	NA
NC_045512.2	23355	T	G	36407	31814	48	6	6	25	0.000164767	36415	1	FALSE	NA	NA	NA	NA	NA	NA
NC_045512.2	23355	T	C	36407	31814	48	2	1	52	5.49224e-05	36415	0.249962	FALSE	NA	NA	NA	NA	NA	NA
NC_045512.2	23356	A	G	36528	32232	47	6	5	38	0.000164226	36535	1	FALSE	NA	NA	NA	NA	NA	NA
NC_045512.2	23356	A	C	36528	32232	47	1	1	40	2.7371e-05	36535	0.937488	FALSE	NA	NA	NA	NA	NA	NA
NC_045512.2	23357	A	G	36519	32229	47	2	2	24	5.47615e-05	36522	1	FALSE	NA	NA	NA	NA	NA	NA
NC_045512.2	23357	A	C	36519	32229	47	1	1	40	2.73808e-05	36522	0.937502	FALSE	NA	NA	NA	NA	NA	NA
NC_045512.2	23358	C	T	35852	31884	47	2	1	60	5.57818e-05	35854	0.250003	FALSE	NA	NA	NA	NA	NA	NA
NC_045512.2	23359	A	T	34972	31036	47	1	1	40	2.85919e-05	34975	0.937502	FALSE	NA	NA	NA	NA	NA	NA
NC_045512.2	23359	A	G	34972	31036	47	1	1	40	2.85919e-05	34975	0.937502	FALSE	NA	NA	NA	NA	NA	NA
NC_045512.2	23359	A	C	34972	31036	47	1	0	24	2.85919e-05	34975	1	FALSE	NA	NA	NA	NA	NA	NA
NC_045512.2	23359	A	-C	34972	31036	47	1	0	20	2.85919e-05	34975	1	FALSE	NA	NA	NA	NA	NA	NA
NC_045512.2	23360	C	T	34775	30978	46	1	1	24	2.87522e-05	34780	1	FALSE	NA	NA	NA	NA	NA	NA
NC_045512.2	23360	C	G	34775	30978	46	2	1	28	5.75043e-05	34780	1	FALSE	NA	NA	NA	NA	NA	NA
NC_045512.2	23360	C	A	34775	30978	46	2	2	40	5.75043e-05	34780	0.812482	FALSE	NA	NA	NA	NA	NA	NA
NC_045512.2	23361	C	A	33935	30258	47	2	2	32	5.89327e-05	33937	1	FALSE	NA	NA	NA	NA	NA	NA
NC_045512.2	23362	A	G	33917	30268	47	4	3	66	0.000117918	33922	0.0624945	FALSE	NA	NA	NA	NA	NA	NA
NC_045512.2	23362	A	C	33917	30268	47	1	0	32	2.94794e-05	33922	1	FALSE	NA	NA	NA	NA	NA	NA
NC_045512.2	23363	G	T	33759	30111	46	3	3	29	8.88547e-05	33763	1	FALSE	NA	NA	NA	NA	NA	NA
NC_045512.2	23363	G	C	33759	30111	46	1	1	40	2.96182e-05	33763	0.937498	FALSE	NA	NA	NA	NA	NA	NA
NC_045512.2	23364	G	T	33969	30492	46	1	1	24	2.94377e-05	33970	1	FALSE	NA	NA	NA	NA	NA	NA
NC_045512.2	23365	A	G	33899	30492	46	4	4	36	0.000117984	33903	1	FALSE	NA	NA	NA	NA	NA	NA
NC_045512.2	23366	A	G	33895	30497	46	7	5	36	0.000206477	33902	0.999996	FALSE	NA	NA	NA	NA	NA	NA
NC_045512.2	23367	C	T	33550	30198	46	1	1	24	2.98036e-05	33553	1	FALSE	NA	NA	NA	NA	NA	NA
NC_045512.2	23367	C	A	33550	30198	46	2	2	32	5.96072e-05	33553	1	FALSE	NA	NA	NA	NA	NA	NA
NC_045512.2	23368	A	G	33440	30105	46	12	11	34	0.000358669	33457	0.999589	FALSE	NA	NA	NA	NA	NA	NA
NC_045512.2	23368	A	C	33440	30105	46	5	5	36	0.000149446	33457	1	FALSE	NA	NA	NA	NA	NA	NA
NC_045512.2	23369	A	G	33118	30002	45	269	256	42	0.00805703	33387	2.612e-76	TRUE	NA	NA	NA	NA	NA	NA
NC_045512.2	23370	A	T	33369	30249	45	1	1	40	2.99625e-05	33375	0.937491	FALSE	NA	NA	NA	NA	NA	NA
NC_045512.2	23370	A	G	33369	30249	45	3	3	29	8.98876e-05	33375	1	FALSE	NA	NA	NA	NA	NA	NA
NC_045512.2	23370	A	C	33369	30249	45	2	2	32	5.99251e-05	33375	1	FALSE	NA	NA	NA	NA	NA	NA
NC_045512.2	23371	T	G	33257	30129	45	5	5	27	0.000150295	33268	1	FALSE	NA	NA	NA	NA	NA	NA
NC_045512.2	23371	T	C	33257	30129	45	6	5	46	0.000180353	33268	0.253832	FALSE	NA	NA	NA	NA	NA	NA
NC_045512.2	23372	A	G	33216	30106	45	1	1	40	3.01042e-05	33218	0.937506	FALSE	NA	NA	NA	NA	NA	NA
NC_045512.2	23372	A	C	33216	30106	45	1	1	40	3.01042e-05	33218	0.937506	FALSE	NA	NA	NA	NA	NA	NA
NC_045512.2	23373	C	T	33133	30229	45	2	2	40	6.03591e-05	33135	0.812519	FALSE	NA	NA	NA	NA	NA	NA
NC_045512.2	23374	T	G	32077	29201	45	2	2	24	6.23344e-05	32085	1	FALSE	NA	NA	NA	NA	NA	NA
NC_045512.2	23374	T	C	32077	29201	45	6	6	34	0.000187003	32085	0.999998	FALSE	NA	NA	NA	NA	NA	NA
NC_045512.2	23375	T	G	32041	29162	45	1	1	40	3.12003e-05	32051	0.937475	FALSE	NA	NA	NA	NA	NA	NA
NC_045512.2	23375	T	C	32041	29162	45	9	8	48	0.000280802	32051	0.0729792	FALSE	NA	NA	NA	NA	NA	NA
NC_045512.2	23376	C	G	32034	29176	45	3	3	34	9.36417e-05	32037	1	FALSE	NA	NA	NA	NA	NA	NA
NC_045512.2	23377	T	G	31673	28812	45	6	6	26	0.000189388	31681	1	FALSE	NA	NA	NA	NA	NA	NA
NC_045512.2	23377	T	C	31673	28812	45	2	1	60	6.31293e-05	31681	0.249957	FALSE	NA	NA	NA	NA	NA	NA
NC_045512.2	23379	A	T	31716	28933	45	1	1	80	3.15249e-05	31721	0.499976	FALSE	NA	NA	NA	NA	NA	NA
NC_045512.2	23379	A	G	31716	28933	45	4	4	32	0.000126099	31721	1	FALSE	NA	NA	NA	NA	NA	NA
NC_045512.2	23379	A	-C	31716	28933	45	1	0	20	3.15249e-05	31721	1	FALSE	NA	NA	NA	NA	NA	NA
NC_045512.2	23380	C	G	31713	28974	45	4	4	32	0.000126099	31721	1	FALSE	NA	NA	NA	NA	NA	NA
NC_045512.2	23380	C	A	31713	28974	45	4	0	26	0.000126099	31721	1	FALSE	NA	NA	NA	NA	NA	NA
NC_045512.2	23381	C	T	31649	28875	45	1	1	24	3.15896e-05	31656	1	FALSE	NA	NA	NA	NA	NA	NA
NC_045512.2	23381	C	G	31649	28875	45	6	6	34	0.000189538	31656	0.999996	FALSE	NA	NA	NA	NA	NA	NA
NC_045512.2	23382	A	G	29888	27177	45	2	2	52	6.6912e-05	29890	0.250004	FALSE	NA	NA	NA	NA	NA	NA
NC_045512.2	23383	G	T	29383	26663	43	11	11	26	0.000374201	29396	1	FALSE	NA	NA	NA	NA	NA	NA
NC_045512.2	23383	G	A	29383	26663	43	2	2	32	6.80365e-05	29396	1	FALSE	NA	NA	NA	NA	NA	NA
NC_045512.2	23384	G	T	28674	25937	42	59	59	26	0.00205339	28733	1	FALSE	NA	NA	NA	NA	NA	NA
NC_045512.2	23385	T	C	29888	27173	45	3	3	40	0.000100365	29891	0.500016	FALSE	NA	NA	NA	NA	NA	NA
NC_045512.2	23386	T	G	29855	27145	45	5	5	33	0.000167426	29864	0.999997	FALSE	NA	NA	NA	NA	NA	NA
NC_045512.2	23386	T	C	29855	27145	45	4	4	42	0.000133941	29864	0.343679	FALSE	NA	NA	NA	NA	NA	NA
NC_045512.2	23387	G	A	29805	27209	45	1	1	40	3.35503e-05	29806	0.875013	FALSE	NA	NA	NA	NA	NA	NA
NC_045512.2	23388	C	T	29756	27181	45	2	2	40	6.72066e-05	29759	0.687506	FALSE	NA	NA	NA	NA	NA	NA
NC_045512.2	23388	C	G	29756	27181	45	1	1	40	3.36033e-05	29759	0.875	FALSE	NA	NA	NA	NA	NA	NA
NC_045512.2	23389	T	G	29598	27013	45	1	1	24	3.37826e-05	29601	1	FALSE	NA	NA	NA	NA	NA	NA
NC_045512.2	23389	T	C	29598	27013	45	2	2	40	6.75653e-05	29601	0.687506	FALSE	NA	NA	NA	NA	NA	NA
NC_045512.2	23390	G	C	29657	27072	45	3	3	40	0.00010114	29662	0.499984	FALSE	NA	NA	NA	NA	NA	NA
NC_045512.2	23390	G	A	29657	27072	45	2	1	32	6.74263e-05	29662	1	FALSE	NA	NA	NA	NA	NA	NA
NC_045512.2	23391	T	G	29376	26785	45	5	5	27	0.000170161	29384	1	FALSE	NA	NA	NA	NA	NA	NA
NC_045512.2	23391	T	C	29376	26785	45	3	3	34	0.000102096	29384	1	FALSE	NA	NA	NA	NA	NA	NA
NC_045512.2	23392	T	G	29304	26724	45	4	4	28	0.000136477	29309	1	FALSE	NA	NA	NA	NA	NA	NA
NC_045512.2	23392	T	C	29304	26724	45	1	1	40	3.41192e-05	29309	0.874987	FALSE	NA	NA	NA	NA	NA	NA
NC_045512.2	23393	C	T	29358	26833	45	1	1	40	3.40599e-05	29360	0.875006	FALSE	NA	NA	NA	NA	NA	NA
NC_045512.2	23393	C	G	29358	26833	45	1	1	24	3.40599e-05	29360	1	FALSE	NA	NA	NA	NA	NA	NA
NC_045512.2	23394	T	G	28840	26324	45	5	4	35	0.000173334	28846	0.999995	FALSE	NA	NA	NA	NA	NA	NA
NC_045512.2	23394	T	C	28840	26324	45	1	1	40	3.46669e-05	28846	0.87498	FALSE	NA	NA	NA	NA	NA	NA
NC_045512.2	23395	T	C	28806	26294	45	4	4	43	0.000138841	28810	0.343758	FALSE	NA	NA	NA	NA	NA	NA
NC_045512.2	23396	T	G	28722	26209	45	2	2	28	6.96209e-05	28727	1	FALSE	NA	NA	NA	NA	NA	NA
NC_045512.2	23396	T	C	28722	26209	45	2	2	60	6.96209e-05	28727	0.249978	FALSE	NA	NA	NA	NA	NA	NA
NC_045512.2	23396	T	A	28722	26209	45	1	1	40	3.48105e-05	28727	0.874987	FALSE	NA	NA	NA	NA	NA	NA
NC_045512.2	23397	A	G	28711	26240	45	9	8	37	0.000313316	28725	0.999624	FALSE	NA	NA	NA	NA	NA	NA
NC_045512.2	23397	A	C	28711	26240	45	5	4	30	0.000174064	28725	0.999995	FALSE	NA	NA	NA	NA	NA	NA
NC_045512.2	23398	T	G	28632	26160	45	3	2	29	0.000104756	28638	1	FALSE	NA	NA	NA	NA	NA	NA
NC_045512.2	23398	T	C	28632	26160	45	3	3	34	0.000104756	28638	1	FALSE	NA	NA	NA	NA	NA	NA
NC_045512.2	23399	C	T	28574	26115	45	1	1	24	3.49907e-05	28579	1	FALSE	NA	NA	NA	NA	NA	NA
NC_045512.2	23399	C	G	28574	26115	45	3	3	40	0.000104972	28579	0.499984	FALSE	NA	NA	NA	NA	NA	NA
NC_045512.2	23399	C	A	28574	26115	45	1	1	40	3.49907e-05	28579	0.874987	FALSE	NA	NA	NA	NA	NA	NA
NC_045512.2	23400	A	G	27900	25476	45	4	4	38	0.000143323	27909	0.999998	FALSE	NA	NA	NA	NA	NA	NA
NC_045512.2	23400	A	C	27900	25476	45	5	5	40	0.000179154	27909	0.226504	FALSE	NA	NA	NA	NA	NA	NA
NC_045512.2	23400	A	+G	27900	25476	45	1	0	20	3.58307e-05	27909	1	FALSE	NA	NA	NA	NA	NA	NA
NC_045512.2	23401	G	T	27853	25423	45	1	0	80	3.59002e-05	27855	0.5	FALSE	NA	NA	NA	NA	NA	NA
NC_045512.2	23401	G	A	27853	25423	45	1	1	40	3.59002e-05	27855	0.875007	FALSE	NA	NA	NA	NA	NA	NA
NC_045512.2	23402	G	T	27601	25180	45	2	2	40	7.24559e-05	27603	0.68752	FALSE	NA	NA	NA	NA	NA	NA
NC_045512.2	23403	A	T	0	0	0	1	1	24	3.63597e-05	27503	0.0100353	FALSE	NA	NA	NA	NA	NA	NA
NC_045512.2	23403	A	G	0	0	0	27502	25149	45	0.999964	27503	0	TRUE	NA	NA	NA	NA	NA	NA
NC_045512.2	23404	T	C	26811	24496	45	2	2	40	7.45907e-05	26813	0.687521	FALSE	NA	NA	NA	NA	NA	NA
NC_045512.2	23405	G	T	26686	24409	45	1	1	24	3.74686e-05	26689	1	FALSE	NA	NA	NA	NA	NA	NA
NC_045512.2	23405	G	C	26686	24409	45	1	1	40	3.74686e-05	26689	0.875	FALSE	NA	NA	NA	NA	NA	NA
NC_045512.2	23405	G	A	26686	24409	45	1	1	40	3.74686e-05	26689	0.875	FALSE	NA	NA	NA	NA	NA	NA
NC_045512.2	23406	T	G	26676	24412	45	4	4	24	0.000149897	26685	1	FALSE	NA	NA	NA	NA	NA	NA
NC_045512.2	23406	T	C	26676	24412	45	5	5	48	0.000187371	26685	0.226501	FALSE	NA	NA	NA	NA	NA	NA
NC_045512.2	23407	T	G	26629	24375	45	6	6	26	0.000225217	26641	1	FALSE	NA	NA	NA	NA	NA	NA
NC_045512.2	23407	T	C	26629	24375	45	4	4	40	0.000150145	26641	0.343618	FALSE	NA	NA	NA	NA	NA	NA
NC_045512.2	23407	T	A	26629	24375	45	2	2	40	7.50723e-05	26641	0.68738	FALSE	NA	NA	NA	NA	NA	NA
NC_045512.2	23409	A	G	26734	24523	45	7	7	35	0.000261731	26745	0.999838	FALSE	NA	NA	NA	NA	NA	NA
NC_045512.2	23409	A	C	26734	24523	45	4	4	32	0.000149561	26745	0.999996	FALSE	NA	NA	NA	NA	NA	NA
NC_045512.2	23410	C	T	26702	24540	45	2	2	60	7.48895e-05	26706	0.249986	FALSE	NA	NA	NA	NA	NA	NA
NC_045512.2	23410	C	G	26702	24540	45	2	2	32	7.48895e-05	26706	1	FALSE	NA	NA	NA	NA	NA	NA
NC_045512.2	23411	T	G	22891	20887	45	2	2	32	8.73477e-05	22897	0.999999	FALSE	NA	NA	NA	NA	NA	NA
NC_045512.2	23411	T	C	22891	20887	45	4	4	36	0.000174695	22897	0.999956	FALSE	NA	NA	NA	NA	NA	NA
NC_045512.2	23412	G	C	22974	20972	45	2	2	32	8.70474e-05	22976	0.999999	FALSE	NA	NA	NA	NA	NA	NA
NC_045512.2	23413	C	T	22815	20859	45	3	3	40	0.000131469	22819	0.5	FALSE	NA	NA	NA	NA	NA	NA
NC_045512.2	23413	C	G	22815	20859	45	1	1	24	4.38231e-05	22819	1	FALSE	NA	NA	NA	NA	NA	NA
NC_045512.2	23414	A	T	22590	20644	45	1	1	24	4.42537e-05	22597	1	FALSE	NA	NA	NA	NA	NA	NA
NC_045512.2	23414	A	G	22590	20644	45	3	3	34	0.000132761	22597	0.99999	FALSE	NA	NA	NA	NA	NA	NA
NC_045512.2	23414	A	C	22590	20644	45	3	3	34	0.000132761	22597	0.99999	FALSE	NA	NA	NA	NA	NA	NA
NC_045512.2	23415	C	T	22550	20652	45	1	1	40	4.43439e-05	22551	0.875017	FALSE	NA	NA	NA	NA	NA	NA
NC_045512.2	23416	A	T	22110	20242	45	1	1	40	4.52161e-05	22116	0.874975	FALSE	NA	NA	NA	NA	NA	NA
NC_045512.2	23416	A	G	22110	20242	45	3	3	34	0.000135648	22116	0.99999	FALSE	NA	NA	NA	NA	NA	NA
NC_045512.2	23416	A	C	22110	20242	45	2	1	36	9.04323e-05	22116	0.999999	FALSE	NA	NA	NA	NA	NA	NA
NC_045512.2	23418	A	G	22088	20252	45	3	3	34	0.000135802	22091	0.99999	FALSE	NA	NA	NA	NA	NA	NA
NC_045512.2	23419	A	T	21294	19527	45	1	1	40	4.69506e-05	21299	0.874982	FALSE	NA	NA	NA	NA	NA	NA
NC_045512.2	23419	A	G	21294	19527	45	3	3	29	0.000140852	21299	1	FALSE	NA	NA	NA	NA	NA	NA
NC_045512.2	23419	A	C	21294	19527	45	1	1	40	4.69506e-05	21299	0.874982	FALSE	NA	NA	NA	NA	NA	NA
NC_045512.2	23421	T	G	19512	17888	45	2	2	24	0.000102475	19517	1	FALSE	NA	NA	NA	NA	NA	NA
NC_045512.2	23421	T	C	19512	17888	45	3	3	29	0.000153712	19517	1	FALSE	NA	NA	NA	NA	NA	NA
NC_045512.2	23422	C	T	19587	18139	44	1	1	24	5.10517e-05	19588	1	FALSE	NA	NA	NA	NA	NA	NA
NC_045512.2	23423	C	T	4	3	50	19406	17964	44	0.999691	19412	0	TRUE	NA	NA	NA	NA	NA	NA
NC_045512.2	23423	C	G	4	3	50	2	2	32	0.000103029	19412	1.66673e-05	TRUE	NA	NA	NA	NA	NA	NA
NC_045512.2	23424	C	A	19369	18277	43	1	1	40	5.16262e-05	19370	0.750019	FALSE	NA	NA	NA	NA	NA	NA
NC_045512.2	23425	T	G	19215	18118	43	9	9	29	0.000468165	19224	1	FALSE	NA	NA	NA	NA	NA	NA
NC_045512.2	23426	G	T	18614	17540	43	1	1	24	5.37143e-05	18617	1	FALSE	NA	NA	NA	NA	NA	NA
NC_045512.2	23426	G	C	18614	17540	43	2	1	32	0.000107429	18617	0.99998	FALSE	NA	NA	NA	NA	NA	NA
NC_045512.2	23427	T	G	18382	17321	43	5	5	25	0.000271887	18390	1	FALSE	NA	NA	NA	NA	NA	NA
NC_045512.2	23427	T	C	18382	17321	43	3	3	40	0.000163132	18390	0.312408	FALSE	NA	NA	NA	NA	NA	NA
NC_045512.2	23428	T	G	17721	16672	43	6	6	29	0.000338429	17729	1	FALSE	NA	NA	NA	NA	NA	NA
NC_045512.2	23428	T	C	17721	16672	43	2	2	40	0.00011281	17729	0.499894	FALSE	NA	NA	NA	NA	NA	NA
NC_045512.2	23429	G	A	17860	16859	43	1	1	40	5.59879e-05	17861	0.750021	FALSE	NA	NA	NA	NA	NA	NA
NC_045512.2	23430	C	T	17596	16690	43	2	2	40	0.000113617	17603	0.499915	FALSE	NA	NA	NA	NA	NA	NA
NC_045512.2	23430	C	G	17596	16690	43	5	5	33	0.000284042	17603	0.997833	FALSE	NA	NA	NA	NA	NA	NA
NC_045512.2	23431	T	G	16984	16094	43	3	3	24	0.000176564	16991	1	FALSE	NA	NA	NA	NA	NA	NA
NC_045512.2	23431	T	C	16984	16094	43	2	2	40	0.000117709	16991	0.499912	FALSE	NA	NA	NA	NA	NA	NA
NC_045512.2	23431	T	A	16984	16094	43	2	2	40	0.000117709	16991	0.499912	FALSE	NA	NA	NA	NA	NA	NA
NC_045512.2	23432	A	G	17083	16198	43	3	3	34	0.000175572	17087	0.999799	FALSE	NA	NA	NA	NA	NA	NA
NC_045512.2	23432	A	C	17083	16198	43	1	0	24	5.8524e-05	17087	1	FALSE	NA	NA	NA	NA	NA	NA
NC_045512.2	23433	T	G	16309	15452	43	5	5	24	0.000306485	16314	1	FALSE	NA	NA	NA	NA	NA	NA
NC_045512.2	23434	T	G	16291	15440	43	4	4	32	0.000245414	16299	0.998714	FALSE	NA	NA	NA	NA	NA	NA
NC_045512.2	23434	T	C	16291	15440	43	4	4	28	0.000245414	16299	1	FALSE	NA	NA	NA	NA	NA	NA
NC_045512.2	23435	C	T	15926	15093	43	1	1	40	6.27865e-05	15927	0.750024	FALSE	NA	NA	NA	NA	NA	NA
NC_045512.2	23436	A	G	15739	14908	43	9	9	36	0.000571392	15751	0.924239	FALSE	NA	NA	NA	NA	NA	NA
NC_045512.2	23436	A	C	15739	14908	43	3	3	29	0.000190464	15751	1	FALSE	NA	NA	NA	NA	NA	NA
NC_045512.2	23437	T	G	15700	14873	43	1	1	24	6.36902e-05	15701	1	FALSE	NA	NA	NA	NA	NA	NA
NC_045512.2	23438	G	C	15785	14959	43	2	2	40	0.000126678	15788	0.5	FALSE	NA	NA	NA	NA	NA	NA
NC_045512.2	23438	G	A	15785	14959	43	1	1	40	6.33392e-05	15788	0.749992	FALSE	NA	NA	NA	NA	NA	NA
NC_045512.2	23439	C	G	15665	14902	43	2	2	40	0.000127649	15668	0.5	FALSE	NA	NA	NA	NA	NA	NA
NC_045512.2	23439	C	A	15665	14902	43	1	1	40	6.38244e-05	15668	0.749992	FALSE	NA	NA	NA	NA	NA	NA
NC_045512.2	23440	A	G	15050	14311	43	3	3	29	0.000199296	15053	1	FALSE	NA	NA	NA	NA	NA	NA
NC_045512.2	23441	G	T	14994	14262	43	1	1	24	6.66578e-05	15002	1	FALSE	NA	NA	NA	NA	NA	NA
NC_045512.2	23441	G	C	14994	14262	43	7	7	35	0.000466604	15002	0.973803	FALSE	NA	NA	NA	NA	NA	NA
NC_045512.2	23442	A	G	14984	14253	43	1	1	24	6.67289e-05	14986	1	FALSE	NA	NA	NA	NA	NA	NA
NC_045512.2	23442	A	C	14984	14253	43	1	1	40	6.67289e-05	14986	0.750008	FALSE	NA	NA	NA	NA	NA	NA
NC_045512.2	23443	T	G	14874	14152	42	11	11	29	0.0007388	14889	1	FALSE	NA	NA	NA	NA	NA	NA
NC_045512.2	23443	T	C	14874	14152	42	4	4	36	0.000268655	14889	0.996224	FALSE	NA	NA	NA	NA	NA	NA
NC_045512.2	23444	C	T	14877	14166	43	1	1	40	6.72043e-05	14880	0.749992	FALSE	NA	NA	NA	NA	NA	NA
NC_045512.2	23444	C	G	14877	14166	43	1	1	24	6.72043e-05	14880	1	FALSE	NA	NA	NA	NA	NA	NA
NC_045512.2	23444	C	A	14877	14166	43	1	1	24	6.72043e-05	14880	1	FALSE	NA	NA	NA	NA	NA	NA
NC_045512.2	23445	A	T	14549	13852	43	1	1	40	6.87144e-05	14553	0.749974	FALSE	NA	NA	NA	NA	NA	NA
NC_045512.2	23445	A	G	14549	13852	43	3	3	24	0.000206143	14553	1	FALSE	NA	NA	NA	NA	NA	NA
NC_045512.2	23446	A	T	14452	13766	42	1	1	40	6.91085e-05	14470	0.749732	FALSE	NA	NA	NA	NA	NA	NA
NC_045512.2	23446	A	G	14452	13766	42	11	11	27	0.000760194	14470	1	FALSE	NA	NA	NA	NA	NA	NA
NC_045512.2	23446	A	C	14452	13766	42	6	6	28	0.000414651	14470	1	FALSE	NA	NA	NA	NA	NA	NA
NC_045512.2	23448	T	G	14159	13516	42	7	7	30	0.000493967	14171	0.960823	FALSE	NA	NA	NA	NA	NA	NA
NC_045512.2	23448	T	C	14159	13516	42	5	5	33	0.000352833	14171	0.990391	FALSE	NA	NA	NA	NA	NA	NA
NC_045512.2	23449	T	G	14239	13599	42	2	2	24	0.00014044	14241	1	FALSE	NA	NA	NA	NA	NA	NA
NC_045512.2	23457	C	A	343	276	47	1	0	24	0.00290698	344	0.938408	FALSE	NA	NA	NA	NA	NA	NA
NC_045512.2	23461	G	T	342	273	48	1	1	24	0.00291545	343	0.93841	FALSE	NA	NA	NA	NA	NA	NA
NC_045512.2	23466	T	G	346	283	48	1	1	24	0.00288184	347	0.9384	FALSE	NA	NA	NA	NA	NA	NA
NC_045512.2	23475	C	A	347	304	44	2	0	28	0.00573066	349	0.814295	FALSE	NA	NA	NA	NA	NA	NA
NC_045512.2	23483	A	T	360	319	47	1	0	80	0.00277008	361	0.500693	FALSE	NA	NA	NA	NA	NA	NA
NC_045512.2	23487	T	C	355	315	47	1	1	40	0.00280899	356	0.500703	FALSE	NA	NA	NA	NA	NA	NA
NC_045512.2	23504	G	T	356	323	43	1	1	24	0.00280112	357	0.938375	FALSE	NA	NA	NA	NA	NA	NA
NC_045512.2	23507	T	C	349	321	44	1	1	40	0.00285714	350	0.500715	FALSE	NA	NA	NA	NA	NA	NA
NC_045512.2	23516	G	T	292	266	36	1	1	24	0.00341297	293	0.876281	FALSE	NA	NA	NA	NA	NA	NA
NC_045512.2	23517	G	T	325	300	44	1	1	24	0.00306748	326	0.938458	FALSE	NA	NA	NA	NA	NA	NA
NC_045512.2	23525	C	T	0	0	0	319	298	43	1	319	5.55307e-191	TRUE	NA	NA	NA	NA	NA	NA
NC_045512.2	23528	G	T	300	280	43	1	1	24	0.00332226	301	0.938537	FALSE	NA	NA	NA	NA	NA	NA
NC_045512.2	23530	C	T	295	276	44	1	1	40	0.00337838	296	0.500846	FALSE	NA	NA	NA	NA	NA	NA
NC_045512.2	23545	G	A	264	249	43	1	1	24	0.00377358	265	0.876416	FALSE	NA	NA	NA	NA	NA	NA
NC_045512.2	23570	A	G	190	182	41	1	1	40	0.0052356	191	0.501312	FALSE	NA	NA	NA	NA	NA	NA
NC_045512.2	23586	A	T	121	119	41	1	1	40	0.00819672	122	0.502058	FALSE	NA	NA	NA	NA	NA	NA
NC_045512.2	23587	G	C	102	100	40	18	18	41	0.15	120	2.07192e-06	TRUE	NA	NA	NA	NA	NA	NA
NC_045512.2	23594	A	G	5922	508	40	3	0	40	0.000505817	5931	0.12481	FALSE	NA	NA	NA	NA	NA	NA
NC_045512.2	23594	A	C	5922	508	40	6	0	24	0.00101163	5931	1	FALSE	NA	NA	NA	NA	NA	NA
NC_045512.2	23596	T	G	5934	504	40	2	0	40	0.000336814	5938	0.249937	FALSE	NA	NA	NA	NA	NA	NA
NC_045512.2	23596	T	C	5934	504	40	2	0	40	0.000336814	5938	0.249937	FALSE	NA	NA	NA	NA	NA	NA
NC_045512.2	23597	A	C	5943	537	40	5	0	24	0.000840619	5948	1	FALSE	NA	NA	NA	NA	NA	NA
NC_045512.2	23598	A	G	6011	523	41	5	3	40	0.000830841	6018	0.0312111	FALSE	NA	NA	NA	NA	NA	NA
NC_045512.2	23598	A	C	6011	523	41	2	0	40	0.000332336	6018	0.249813	FALSE	NA	NA	NA	NA	NA	NA
NC_045512.2	23599	T	G	0	0	0	6084	523	41	1	6084	0	TRUE	NA	NA	NA	NA	NA	NA
NC_045512.2	23600	T	C	6071	523	40	2	0	24	0.000329327	6073	1	FALSE	NA	NA	NA	NA	NA	NA
NC_045512.2	23602	T	-C	6106	519	41	4	0	20	0.000655093	6106	1	FALSE	NA	NA	NA	NA	NA	NA
NC_045512.2	23603	C	A	5955	513	39	4	0	24	0.000671254	5959	1	FALSE	NA	NA	NA	NA	NA	NA
NC_045512.2	23604	C	G	7	4	37	6097	508	41	0.998199	6108	0	TRUE	NA	NA	NA	NA	NA	NA
NC_045512.2	23604	C	A	7	4	37	4	3	36	0.000654879	6108	1.1818e-09	TRUE	NA	NA	NA	NA	NA	NA
NC_045512.2	23606	C	G	6073	531	41	2	0	24	0.000329056	6078	1	FALSE	NA	NA	NA	NA	NA	NA
NC_045512.2	23606	C	A	6073	531	41	3	0	29	0.000493583	6078	1	FALSE	NA	NA	NA	NA	NA	NA
NC_045512.2	23608	G	T	6124	583	42	1	1	24	0.000163212	6127	1	FALSE	NA	NA	NA	NA	NA	NA
NC_045512.2	23608	G	A	6124	583	42	2	0	32	0.000326424	6127	0.964888	FALSE	NA	NA	NA	NA	NA	NA
NC_045512.2	23609	C	T	6152	587	42	1	0	40	0.000162522	6153	0.500041	FALSE	NA	NA	NA	NA	NA	NA
NC_045512.2	23611	G	T	6574	591	42	1	1	24	0.000152068	6576	1	FALSE	NA	NA	NA	NA	NA	NA
NC_045512.2	23611	G	A	6574	591	42	1	0	40	0.000152068	6576	0.5	FALSE	NA	NA	NA	NA	NA	NA
NC_045512.2	23614	A	G	6819	672	43	2	0	40	0.000293126	6823	0.249945	FALSE	NA	NA	NA	NA	NA	NA
NC_045512.2	23614	A	C	6819	672	43	2	0	32	0.000293126	6823	0.964868	FALSE	NA	NA	NA	NA	NA	NA
NC_045512.2	23615	C	T	6905	667	43	1	0	40	0.000144802	6906	0.500036	FALSE	NA	NA	NA	NA	NA	NA
NC_045512.2	23616	G	T	7015	653	42	2	1	32	0.000284819	7022	0.980459	FALSE	NA	NA	NA	NA	NA	NA
NC_045512.2	23616	G	C	7015	653	42	3	0	29	0.000427229	7022	1	FALSE	NA	NA	NA	NA	NA	NA
NC_045512.2	23616	G	A	7015	653	42	2	0	40	0.000284819	7022	0.24984	FALSE	NA	NA	NA	NA	NA	NA
NC_045512.2	23618	A	G	7515	736	43	1	0	24	0.000133014	7518	1	FALSE	NA	NA	NA	NA	NA	NA
NC_045512.2	23618	A	C	7515	736	43	2	0	24	0.000266028	7518	1	FALSE	NA	NA	NA	NA	NA	NA
NC_045512.2	23620	T	C	7964	770	43	4	0	36	0.000502008	7968	0.88684	FALSE	NA	NA	NA	NA	NA	NA
NC_045512.2	23621	G	T	8009	772	43	1	1	32	0.000124828	8011	0.998051	FALSE	NA	NA	NA	NA	NA	NA
NC_045512.2	23621	G	A	8009	772	43	1	0	40	0.000124828	8011	0.5	FALSE	NA	NA	NA	NA	NA	NA
NC_045512.2	23622	T	G	8136	840	44	1	1	24	0.00012285	8140	1	FALSE	NA	NA	NA	NA	NA	NA
NC_045512.2	23622	T	C	8136	840	44	3	0	40	0.00036855	8140	0.124977	FALSE	NA	NA	NA	NA	NA	NA
NC_045512.2	23623	A	G	7988	850	43	1	0	40	0.000125063	7996	0.499812	FALSE	NA	NA	NA	NA	NA	NA
NC_045512.2	23623	A	C	7988	850	43	7	0	28	0.000875438	7996	1	FALSE	NA	NA	NA	NA	NA	NA
NC_045512.2	23624	G	C	8126	854	43	1	0	40	0.000123047	8127	0.500031	FALSE	NA	NA	NA	NA	NA	NA
NC_045512.2	23626	T	C	8153	910	44	4	0	50	0.000490316	8158	0.062477	FALSE	NA	NA	NA	NA	NA	NA
NC_045512.2	23626	T	A	8153	910	44	1	0	40	0.000122579	8158	0.499908	FALSE	NA	NA	NA	NA	NA	NA
NC_045512.2	23627	A	C	8225	955	44	21	0	27	0.00254669	8246	1	FALSE	NA	NA	NA	NA	NA	NA
NC_045512.2	23629	T	C	8460	1067	46	1	0	40	0.000118189	8461	0.50003	FALSE	NA	NA	NA	NA	NA	NA
NC_045512.2	23630	C	T	8496	1096	46	2	1	40	0.000235322	8499	0.249985	FALSE	NA	NA	NA	NA	NA	NA
NC_045512.2	23630	C	G	8496	1096	46	1	0	40	0.000117661	8499	0.499971	FALSE	NA	NA	NA	NA	NA	NA
NC_045512.2	23631	A	C	8361	1116	45	3	0	29	0.00035868	8364	1	FALSE	NA	NA	NA	NA	NA	NA
NC_045512.2	23632	A	G	8756	1128	46	2	0	32	0.000228337	8759	0.989275	FALSE	NA	NA	NA	NA	NA	NA
NC_045512.2	23632	A	C	8756	1128	46	1	0	24	0.000114168	8759	1	FALSE	NA	NA	NA	NA	NA	NA
NC_045512.2	23633	T	C	8740	1197	46	2	0	24	0.000228781	8742	1	FALSE	NA	NA	NA	NA	NA	NA
NC_045512.2	23634	C	T	8887	1199	46	1	0	24	0.000112511	8888	1	FALSE	NA	NA	NA	NA	NA	NA
NC_045512.2	23636	A	C	8922	1239	46	12	0	24	0.00134318	8934	1	FALSE	NA	NA	NA	NA	NA	NA
NC_045512.2	23637	T	C	9061	1242	46	1	0	24	0.000110351	9062	1	FALSE	NA	NA	NA	NA	NA	NA
NC_045512.2	23638	C	T	9164	1404	48	3	1	53	0.000327261	9167	0.125	FALSE	NA	NA	NA	NA	NA	NA
NC_045512.2	23639	A	C	9007	1407	47	8	0	24	0.00088741	9015	1	FALSE	NA	NA	NA	NA	NA	NA
NC_045512.2	23640	T	C	9303	1518	48	1	0	40	0.000107481	9304	0.500027	FALSE	NA	NA	NA	NA	NA	NA
NC_045512.2	23641	T	G	10021	1577	48	1	1	24	9.97606e-05	10024	1	FALSE	NA	NA	NA	NA	NA	NA
NC_045512.2	23641	T	C	10021	1577	48	2	0	40	0.000199521	10024	0.5	FALSE	NA	NA	NA	NA	NA	NA
NC_045512.2	23642	G	T	10545	1649	48	2	0	32	0.000189591	10549	0.996832	FALSE	NA	NA	NA	NA	NA	NA
NC_045512.2	23642	G	C	10545	1649	48	2	0	32	0.000189591	10549	0.996832	FALSE	NA	NA	NA	NA	NA	NA
NC_045512.2	23643	C	T	10608	1739	48	1	0	40	9.42507e-05	10610	0.750012	FALSE	NA	NA	NA	NA	NA	NA
NC_045512.2	23643	C	A	10608	1739	48	1	0	32	9.42507e-05	10610	0.999513	FALSE	NA	NA	NA	NA	NA	NA
NC_045512.2	23644	C	A	10583	1736	48	1	0	24	9.44822e-05	10584	1	FALSE	NA	NA	NA	NA	NA	NA
NC_045512.2	23645	T	C	10555	1738	48	3	0	29	0.000284145	10558	1	FALSE	NA	NA	NA	NA	NA	NA
NC_045512.2	23646	A	G	10872	1801	48	1	0	40	9.18611e-05	10886	0.749736	FALSE	NA	NA	NA	NA	NA	NA
NC_045512.2	23646	A	C	10872	1801	48	13	0	24	0.00119419	10886	1	FALSE	NA	NA	NA	NA	NA	NA
NC_045512.2	23647	C	A	11093	1808	47	4	0	32	0.000360458	11097	0.982459	FALSE	NA	NA	NA	NA	NA	NA
NC_045512.2	23648	A	G	11199	1818	48	1	0	24	8.92698e-05	11202	1	FALSE	NA	NA	NA	NA	NA	NA
NC_045512.2	23648	A	C	11199	1818	48	2	0	40	0.00017854	11202	0.5	FALSE	NA	NA	NA	NA	NA	NA
NC_045512.2	23649	C	T	11783	1865	48	1	0	40	8.48536e-05	11785	0.750011	FALSE	NA	NA	NA	NA	NA	NA
NC_045512.2	23649	C	G	11783	1865	48	1	0	40	8.48536e-05	11785	0.750011	FALSE	NA	NA	NA	NA	NA	NA
NC_045512.2	23650	T	G	11768	1867	49	1	1	24	8.49473e-05	11772	1	FALSE	NA	NA	NA	NA	NA	NA
NC_045512.2	23650	T	C	11768	1867	49	3	0	40	0.000254842	11772	0.312484	FALSE	NA	NA	NA	NA	NA	NA
NC_045512.2	23651	A	C	12260	1917	48	6	0	24	0.000489157	12266	1	FALSE	NA	NA	NA	NA	NA	NA
NC_045512.2	23652	T	G	12373	1925	48	1	0	32	8.08081e-05	12375	0.999878	FALSE	NA	NA	NA	NA	NA	NA
NC_045512.2	23652	T	C	12373	1925	48	1	0	24	8.08081e-05	12375	1	FALSE	NA	NA	NA	NA	NA	NA
NC_045512.2	23653	G	T	12466	1939	48	1	0	24	8.01925e-05	12470	1	FALSE	NA	NA	NA	NA	NA	NA
NC_045512.2	23653	G	A	12466	1939	48	3	0	34	0.000240577	12470	0.996316	FALSE	NA	NA	NA	NA	NA	NA
NC_045512.2	23654	T	G	12536	1998	49	1	0	40	7.97575e-05	12538	0.75001	FALSE	NA	NA	NA	NA	NA	NA
NC_045512.2	23654	T	C	12536	1998	49	1	0	40	7.97575e-05	12538	0.75001	FALSE	NA	NA	NA	NA	NA	NA
NC_045512.2	23655	C	G	12426	1997	48	1	0	40	8.04376e-05	12432	0.74993	FALSE	NA	NA	NA	NA	NA	NA
NC_045512.2	23655	C	A	12426	1997	48	5	0	33	0.000402188	12432	0.975517	FALSE	NA	NA	NA	NA	NA	NA
NC_045512.2	23656	A	G	12439	2008	49	1	0	24	8.03794e-05	12441	1	FALSE	NA	NA	NA	NA	NA	NA
NC_045512.2	23656	A	C	12439	2008	49	1	0	24	8.03794e-05	12441	1	FALSE	NA	NA	NA	NA	NA	NA
NC_045512.2	23657	C	A	10069	2191	39	117	0	25	0.0114864	10186	0.1537	FALSE	NA	NA	NA	NA	NA	NA
NC_045512.2	23658	T	C	12439	2027	49	2	0	32	0.000160759	12441	0.999087	FALSE	NA	NA	NA	NA	NA	NA
NC_045512.2	23659	T	G	12570	2076	49	3	0	29	0.00023855	12576	1	FALSE	NA	NA	NA	NA	NA	NA
NC_045512.2	23659	T	C	12570	2076	49	2	0	32	0.000159033	12576	0.999086	FALSE	NA	NA	NA	NA	NA	NA
NC_045512.2	23659	T	A	12570	2076	49	1	0	40	7.95165e-05	12576	0.74993	FALSE	NA	NA	NA	NA	NA	NA
NC_045512.2	23660	G	T	12488	2081	49	1	1	32	8.00705e-05	12489	0.999878	FALSE	NA	NA	NA	NA	NA	NA
NC_045512.2	23661	G	C	12634	2087	49	2	0	32	0.000158278	12636	0.999087	FALSE	NA	NA	NA	NA	NA	NA
NC_045512.2	23662	T	G	12640	2116	49	1	0	24	7.91014e-05	12642	1	FALSE	NA	NA	NA	NA	NA	NA
NC_045512.2	23662	T	C	12640	2116	49	1	0	32	7.91014e-05	12642	0.999878	FALSE	NA	NA	NA	NA	NA	NA
NC_045512.2	23663	G	A	12616	2133	50	2	0	80	0.000158504	12618	0.25001	FALSE	NA	NA	NA	NA	NA	NA
NC_045512.2	23664	C	G	12602	2130	50	1	0	40	7.93462e-05	12603	0.75003	FALSE	NA	NA	NA	NA	NA	NA
NC_045512.2	23665	A	G	12507	2138	49	1	0	24	7.99233e-05	12512	1	FALSE	NA	NA	NA	NA	NA	NA
NC_045512.2	23665	A	C	12507	2138	49	4	0	28	0.000319693	12512	1	FALSE	NA	NA	NA	NA	NA	NA
NC_045512.2	23666	G	A	12617	2137	50	1	0	40	7.92519e-05	12618	0.75003	FALSE	NA	NA	NA	NA	NA	NA
NC_045512.2	23666	G	+A	12617	2137	50	1	0	20	7.92519e-05	12618	1	FALSE	NA	NA	NA	NA	NA	NA
NC_045512.2	23667	A	G	12668	2209	50	1	0	24	7.89328e-05	12669	1	FALSE	NA	NA	NA	NA	NA	NA
NC_045512.2	23668	A	G	12748	2215	50	1	0	40	7.84375e-05	12749	0.750029	FALSE	NA	NA	NA	NA	NA	NA
NC_045512.2	23669	A	G	12727	2229	50	2	1	44	0.000157109	12730	0.5	FALSE	NA	NA	NA	NA	NA	NA
NC_045512.2	23669	A	C	12727	2229	50	1	0	40	7.85546e-05	12730	0.74999	FALSE	NA	NA	NA	NA	NA	NA
NC_045512.2	23671	T	C	12753	2229	50	2	1	60	0.000156801	12755	0.25001	FALSE	NA	NA	NA	NA	NA	NA
NC_045512.2	23672	T	G	12842	2264	50	1	1	24	7.78513e-05	12845	1	FALSE	NA	NA	NA	NA	NA	NA
NC_045512.2	23672	T	C	12842	2264	50	2	0	40	0.000155703	12845	0.5	FALSE	NA	NA	NA	NA	NA	NA
NC_045512.2	23674	A	G	12648	2284	50	2	0	40	0.000157965	12661	0.499704	FALSE	NA	NA	NA	NA	NA	NA
NC_045512.2	23674	A	C	12648	2284	50	11	0	24	0.00086881	12661	1	FALSE	NA	NA	NA	NA	NA	NA
NC_045512.2	23676	T	C	12832	2281	50	3	0	34	0.000233736	12835	0.996317	FALSE	NA	NA	NA	NA	NA	NA
NC_045512.2	23677	T	G	12997	2299	51	1	1	32	7.69231e-05	13000	0.999939	FALSE	NA	NA	NA	NA	NA	NA
NC_045512.2	23677	T	C	12997	2299	51	2	0	60	0.000153846	13000	0.24999	FALSE	NA	NA	NA	NA	NA	NA
NC_045512.2	23678	G	T	13002	2319	50	1	0	40	7.68935e-05	13005	0.74999	FALSE	NA	NA	NA	NA	NA	NA
NC_045512.2	23678	G	C	13002	2319	50	1	0	40	7.68935e-05	13005	0.74999	FALSE	NA	NA	NA	NA	NA	NA
NC_045512.2	23678	G	A	13002	2319	50	1	0	24	7.68935e-05	13005	1	FALSE	NA	NA	NA	NA	NA	NA
NC_045512.2	23678	G	-CTTACT	13002	2319	50	1	0	20	7.68935e-05	13005	1	FALSE	NA	NA	NA	NA	NA	NA
NC_045512.2	23679	C	T	12838	2320	50	1	0	40	7.78877e-05	12839	0.75001	FALSE	NA	NA	NA	NA	NA	NA
NC_045512.2	23680	T	G	13028	2317	50	1	1	24	7.67401e-05	13031	1	FALSE	NA	NA	NA	NA	NA	NA
NC_045512.2	23680	T	C	13028	2317	50	2	2	58	0.00015348	13031	0.249971	FALSE	NA	NA	NA	NA	NA	NA
NC_045512.2	23682	A	T	12881	2347	50	1	0	80	7.75615e-05	12893	0.499787	FALSE	NA	NA	NA	NA	NA	NA
NC_045512.2	23682	A	G	12881	2347	50	2	0	40	0.000155123	12893	0.499709	FALSE	NA	NA	NA	NA	NA	NA
NC_045512.2	23682	A	C	12881	2347	50	9	0	26	0.000698053	12893	1	FALSE	NA	NA	NA	NA	NA	NA
NC_045512.2	23683	C	A	13272	2425	51	2	0	40	0.00015067	13274	0.5	FALSE	NA	NA	NA	NA	NA	NA
NC_045512.2	23684	T	C	13260	2416	51	3	0	34	0.000226193	13263	0.997915	FALSE	NA	NA	NA	NA	NA	NA
NC_045512.2	23685	C	T	13554	2503	51	2	0	60	0.000147536	13556	0.250009	FALSE	NA	NA	NA	NA	NA	NA
NC_045512.2	23686	T	-A	13571	2494	51	1	0	20	7.36865e-05	13571	1	FALSE	NA	NA	NA	NA	NA	NA
NC_045512.2	23687	A	C	13332	2555	50	22	0	25	0.00164745	13354	1	FALSE	NA	NA	NA	NA	NA	NA
NC_045512.2	23688	A	G	13551	2542	51	1	0	40	7.37681e-05	13556	0.749954	FALSE	NA	NA	NA	NA	NA	NA
NC_045512.2	23688	A	C	13551	2542	51	4	0	24	0.000295072	13556	1	FALSE	NA	NA	NA	NA	NA	NA
NC_045512.2	23689	T	G	13544	2536	51	1	0	24	7.3828e-05	13545	1	FALSE	NA	NA	NA	NA	NA	NA
NC_045512.2	23690	A	T	13513	2547	51	1	0	24	7.397e-05	13519	1	FALSE	NA	NA	NA	NA	NA	NA
NC_045512.2	23690	A	C	13513	2547	51	5	0	27	0.00036985	13519	1	FALSE	NA	NA	NA	NA	NA	NA
NC_045512.2	23691	A	C	13596	2553	51	1	0	24	7.35456e-05	13597	1	FALSE	NA	NA	NA	NA	NA	NA
NC_045512.2	23692	C	T	14032	2573	51	2	0	40	0.000142491	14036	0.499973	FALSE	NA	NA	NA	NA	NA	NA
NC_045512.2	23692	C	A	14032	2573	51	2	0	24	0.000142491	14036	1	FALSE	NA	NA	NA	NA	NA	NA
NC_045512.2	23693	T	G	13980	2554	51	1	1	24	7.15205e-05	13982	1	FALSE	NA	NA	NA	NA	NA	NA
NC_045512.2	23693	T	C	13980	2554	51	1	0	40	7.15205e-05	13982	0.750009	FALSE	NA	NA	NA	NA	NA	NA
NC_045512.2	23694	C	A	14186	2643	51	1	1	24	7.04871e-05	14187	1	FALSE	NA	NA	NA	NA	NA	NA
NC_045512.2	23695	T	C	14073	2613	51	1	0	40	7.1053e-05	14074	0.750027	FALSE	NA	NA	NA	NA	NA	NA
NC_045512.2	23696	A	G	13795	2702	51	3	0	50	0.000217171	13814	0.124783	FALSE	NA	NA	NA	NA	NA	NA
NC_045512.2	23696	A	C	13795	2702	51	16	0	25	0.00115825	13814	1	FALSE	NA	NA	NA	NA	NA	NA
NC_045512.2	23697	T	C	14085	2676	52	3	0	37	0.000212947	14088	0.998829	FALSE	NA	NA	NA	NA	NA	NA
NC_045512.2	23698	T	C	14138	2674	52	1	0	40	7.07264e-05	14139	0.750027	FALSE	NA	NA	NA	NA	NA	NA
NC_045512.2	23699	G	T	14167	2690	52	1	0	24	7.05816e-05	14168	1	FALSE	NA	NA	NA	NA	NA	NA
NC_045512.2	23700	C	T	14234	2697	52	3	0	40	0.000210689	14239	0.31246	FALSE	NA	NA	NA	NA	NA	NA
NC_045512.2	23700	C	G	14234	2697	52	1	0	80	7.02297e-05	14239	0.499947	FALSE	NA	NA	NA	NA	NA	NA
NC_045512.2	23700	C	A	14234	2697	52	1	1	80	7.02297e-05	14239	0.499947	FALSE	NA	NA	NA	NA	NA	NA
NC_045512.2	23701	C	A	13968	2628	51	2	0	32	0.000143164	13970	0.999513	FALSE	NA	NA	NA	NA	NA	NA
NC_045512.2	23702	A	C	13944	2616	52	1	0	24	7.17103e-05	13945	1	FALSE	NA	NA	NA	NA	NA	NA
NC_045512.2	23703	T	C	13918	2562	52	1	0	40	7.18391e-05	13920	0.750009	FALSE	NA	NA	NA	NA	NA	NA
NC_045512.2	23703	T	A	13918	2562	52	1	0	40	7.18391e-05	13920	0.750009	FALSE	NA	NA	NA	NA	NA	NA
NC_045512.2	23704	A	C	13876	3130	55	5	0	24	0.000360205	13881	1	FALSE	NA	NA	NA	NA	NA	NA
NC_045512.2	23705	C	T	14020	3137	55	1	1	80	7.13165e-05	14022	0.5	FALSE	NA	NA	NA	NA	NA	NA
NC_045512.2	23705	C	G	14020	3137	55	1	0	40	7.13165e-05	14022	0.750009	FALSE	NA	NA	NA	NA	NA	NA
NC_045512.2	23706	C	G	14068	3447	57	1	1	40	7.10783e-05	14069	0.750027	FALSE	NA	NA	NA	NA	NA	NA
NC_045512.2	23708	A	C	13883	3441	56	3	0	29	0.000216045	13886	1	FALSE	NA	NA	NA	NA	NA	NA
NC_045512.2	23710	A	G	13938	3441	57	4	4	68	0.000286882	13943	0.0624866	FALSE	NA	NA	NA	NA	NA	NA
NC_045512.2	23710	A	C	13938	3441	57	1	0	24	7.17206e-05	13943	1	FALSE	NA	NA	NA	NA	NA	NA
NC_045512.2	23711	A	G	13992	3449	57	1	0	40	7.1449e-05	13996	0.749973	FALSE	NA	NA	NA	NA	NA	NA
NC_045512.2	23711	A	C	13992	3449	57	3	0	24	0.000214347	13996	1	FALSE	NA	NA	NA	NA	NA	NA
NC_045512.2	23713	T	C	13936	3431	56	2	1	36	0.000143493	13938	0.999513	FALSE	NA	NA	NA	NA	NA	NA
NC_045512.2	23715	T	G	14039	3494	56	1	1	24	7.12251e-05	14040	1	FALSE	NA	NA	NA	NA	NA	NA
NC_045512.2	23716	T	C	14051	3554	58	1	0	36	7.11642e-05	14052	0.99997	FALSE	NA	NA	NA	NA	NA	NA
NC_045512.2	23717	A	C	13825	3602	57	11	0	26	0.000795027	13836	1	FALSE	NA	NA	NA	NA	NA	NA
NC_045512.2	23718	C	A	13867	3644	56	17	0	29	0.00122443	13884	1	FALSE	NA	NA	NA	NA	NA	NA
NC_045512.2	23719	T	C	14170	3600	57	2	0	40	0.000141123	14172	0.500026	FALSE	NA	NA	NA	NA	NA	NA
NC_045512.2	23720	A	G	14111	3622	57	4	1	46	0.000283366	14116	0.187478	FALSE	NA	NA	NA	NA	NA	NA
NC_045512.2	23720	A	C	14111	3622	57	1	0	24	7.08416e-05	14116	1	FALSE	NA	NA	NA	NA	NA	NA
NC_045512.2	23720	A	-T	14111	3622	57	1	0	20	7.08416e-05	14116	1	FALSE	NA	NA	NA	NA	NA	NA
NC_045512.2	23721	T	G	14161	3764	58	1	1	32	7.06015e-05	14164	0.99997	FALSE	NA	NA	NA	NA	NA	NA
NC_045512.2	23721	T	C	14161	3764	58	2	1	52	0.000141203	14164	0.249974	FALSE	NA	NA	NA	NA	NA	NA
NC_045512.2	23722	T	C	14191	3767	58	2	1	32	0.000140915	14193	0.999742	FALSE	NA	NA	NA	NA	NA	NA
NC_045512.2	23723	A	G	13871	3909	57	1	0	24	7.20617e-05	13877	1	FALSE	NA	NA	NA	NA	NA	NA
NC_045512.2	23723	A	C	13871	3909	57	5	0	28	0.000360308	13877	1	FALSE	NA	NA	NA	NA	NA	NA
NC_045512.2	23726	G	A	14082	4111	58	1	0	80	7.10076e-05	14083	0.500018	FALSE	NA	NA	NA	NA	NA	NA
NC_045512.2	23728	T	G	13833	4412	59	3	3	26	0.000216747	13841	1	FALSE	NA	NA	NA	NA	NA	NA
NC_045512.2	23728	T	C	13833	4412	59	5	3	56	0.000361246	13841	0.0312274	FALSE	NA	NA	NA	NA	NA	NA
NC_045512.2	23729	A	G	13675	4513	58	1	0	80	7.3078e-05	13684	0.499872	FALSE	NA	NA	NA	NA	NA	NA
NC_045512.2	23729	A	C	13675	4513	58	8	0	31	0.000584624	13684	0.905462	FALSE	NA	NA	NA	NA	NA	NA
NC_045512.2	23729	A	-C	13675	4513	58	1	0	20	7.3078e-05	13684	1	FALSE	NA	NA	NA	NA	NA	NA
NC_045512.2	23730	C	A	13215	4860	55	22	0	26	0.00166201	13237	1	FALSE	NA	NA	NA	NA	NA	NA
NC_045512.2	23731	C	G	13446	4887	57	1	0	40	7.4366e-05	13447	0.750028	FALSE	NA	NA	NA	NA	NA	NA
NC_045512.2	23732	A	C	13340	4900	57	4	0	26	0.00029976	13344	1	FALSE	NA	NA	NA	NA	NA	NA
NC_045512.2	23733	C	T	13167	5000	55	2	0	80	0.000151791	13176	0.249877	FALSE	NA	NA	NA	NA	NA	NA
NC_045512.2	23733	C	A	13167	5000	55	7	0	24	0.000531269	13176	1	FALSE	NA	NA	NA	NA	NA	NA
NC_045512.2	23734	A	C	13257	4942	56	2	0	24	0.000150841	13259	1	FALSE	NA	NA	NA	NA	NA	NA
NC_045512.2	23736	A	C	13435	5444	58	1	0	24	7.44269e-05	13436	1	FALSE	NA	NA	NA	NA	NA	NA
NC_045512.2	23737	A	G	13559	5630	59	1	1	40	7.37463e-05	13560	0.750028	FALSE	NA	NA	NA	NA	NA	NA
NC_045512.2	23738	A	G	13312	5933	57	1	0	40	7.51145e-05	13313	0.750028	FALSE	NA	NA	NA	NA	NA	NA
NC_045512.2	23739	T	C	13279	5942	57	1	0	52	7.53012e-05	13280	0.500019	FALSE	NA	NA	NA	NA	NA	NA
NC_045512.2	23740	T	G	13322	5961	57	1	1	32	7.50525e-05	13324	0.999939	FALSE	NA	NA	NA	NA	NA	NA
NC_045512.2	23740	T	C	13322	5961	57	1	1	40	7.50525e-05	13324	0.750009	FALSE	NA	NA	NA	NA	NA	NA
NC_045512.2	23741	C	G	13344	6026	57	1	0	24	7.49344e-05	13345	1	FALSE	NA	NA	NA	NA	NA	NA
NC_045512.2	23742	T	G	13318	6083	57	1	1	24	7.50807e-05	13319	1	FALSE	NA	NA	NA	NA	NA	NA
NC_045512.2	23743	A	C	13273	6593	57	10	0	28	0.000752842	13283	1	FALSE	NA	NA	NA	NA	NA	NA
NC_045512.2	23743	A	-C	13273	6593	57	1	0	20	7.52842e-05	13283	1	FALSE	NA	NA	NA	NA	NA	NA
NC_045512.2	23744	C	G	12605	7050	51	1	1	40	7.9164e-05	12632	0.749495	FALSE	NA	NA	NA	NA	NA	NA
NC_045512.2	23744	C	A	12605	7050	51	26	0	27	0.00205826	12632	1	FALSE	NA	NA	NA	NA	NA	NA
NC_045512.2	23745	C	T	13134	6979	56	1	0	24	7.61325e-05	13135	1	FALSE	NA	NA	NA	NA	NA	NA
NC_045512.2	23746	A	G	12979	6918	56	2	1	80	0.000154059	12982	0.24999	FALSE	NA	NA	NA	NA	NA	NA
NC_045512.2	23746	A	C	12979	6918	56	1	0	24	7.70297e-05	12982	1	FALSE	NA	NA	NA	NA	NA	NA
NC_045512.2	23748	T	G	13056	6981	56	2	2	24	0.000153163	13058	1	FALSE	NA	NA	NA	NA	NA	NA
NC_045512.2	23749	G	C	13334	7101	56	1	0	40	7.4985e-05	13336	0.750009	FALSE	NA	NA	NA	NA	NA	NA
NC_045512.2	23749	G	A	13334	7101	56	1	1	36	7.4985e-05	13336	0.999939	FALSE	NA	NA	NA	NA	NA	NA
NC_045512.2	23750	T	G	13296	7079	56	1	1	24	7.51936e-05	13299	1	FALSE	NA	NA	NA	NA	NA	NA
NC_045512.2	23750	T	C	13296	7079	56	2	2	48	0.000150387	13299	0.5	FALSE	NA	NA	NA	NA	NA	NA
NC_045512.2	23752	T	C	13322	7148	56	1	0	40	7.50582e-05	13323	0.750028	FALSE	NA	NA	NA	NA	NA	NA
NC_045512.2	23753	A	G	13395	7488	56	1	1	32	7.46269e-05	13400	0.999939	FALSE	NA	NA	NA	NA	NA	NA
NC_045512.2	23753	A	C	13395	7488	56	4	0	24	0.000298507	13400	1	FALSE	NA	NA	NA	NA	NA	NA
NC_045512.2	23754	T	G	13437	7424	57	2	2	24	0.000148821	13439	1	FALSE	NA	NA	NA	NA	NA	NA
NC_045512.2	23755	G	T	13510	7467	57	1	1	40	7.40138e-05	13511	0.750028	FALSE	NA	NA	NA	NA	NA	NA
NC_045512.2	23756	A	G	13497	7530	57	3	0	42	0.000222189	13502	0.312458	FALSE	NA	NA	NA	NA	NA	NA
NC_045512.2	23756	A	C	13497	7530	57	2	0	44	0.000148126	13502	0.499944	FALSE	NA	NA	NA	NA	NA	NA
NC_045512.2	23757	C	A	13325	7567	55	4	0	24	0.000300098	13329	1	FALSE	NA	NA	NA	NA	NA	NA
NC_045512.2	23758	C	G	13140	7258	57	2	2	36	0.000152184	13142	0.999513	FALSE	NA	NA	NA	NA	NA	NA
NC_045512.2	23759	A	C	13081	7263	57	1	0	24	7.64409e-05	13082	1	FALSE	NA	NA	NA	NA	NA	NA
NC_045512.2	23760	A	G	13097	7258	57	1	1	80	7.63417e-05	13099	0.5	FALSE	NA	NA	NA	NA	NA	NA
NC_045512.2	23760	A	C	13097	7258	57	1	0	24	7.63417e-05	13099	1	FALSE	NA	NA	NA	NA	NA	NA
NC_045512.2	23761	G	T	13039	7208	56	2	2	24	0.000153339	13043	1	FALSE	NA	NA	NA	NA	NA	NA
NC_045512.2	23761	G	A	13039	7208	56	2	2	40	0.000153339	13043	0.499971	FALSE	NA	NA	NA	NA	NA	NA
NC_045512.2	23762	A	G	13305	8016	58	3	2	48	0.000225411	13309	0.312486	FALSE	NA	NA	NA	NA	NA	NA
NC_045512.2	23762	A	C	13305	8016	58	1	0	40	7.51371e-05	13309	0.749972	FALSE	NA	NA	NA	NA	NA	NA
NC_045512.2	23763	C	A	13318	8117	57	5	0	27	0.000375291	13323	1	FALSE	NA	NA	NA	NA	NA	NA
NC_045512.2	23764	A	C	13318	8051	58	1	0	24	7.50807e-05	13319	1	FALSE	NA	NA	NA	NA	NA	NA
NC_045512.2	23765	T	G	13349	8069	57	1	1	24	7.49064e-05	13350	1	FALSE	NA	NA	NA	NA	NA	NA
NC_045512.2	23767	A	G	13312	8177	57	1	1	24	7.50976e-05	13316	1	FALSE	NA	NA	NA	NA	NA	NA
NC_045512.2	23767	A	C	13312	8177	57	3	1	29	0.000225293	13316	1	FALSE	NA	NA	NA	NA	NA	NA
NC_045512.2	23768	G	T	13202	8070	56	3	3	29	0.000227187	13205	1	FALSE	NA	NA	NA	NA	NA	NA
NC_045512.2	23769	T	G	13266	8365	56	2	2	24	0.000150739	13268	1	FALSE	NA	NA	NA	NA	NA	NA
NC_045512.2	23771	G	A	13278	8542	56	1	1	80	7.53069e-05	13279	0.500019	FALSE	NA	NA	NA	NA	NA	NA
NC_045512.2	23772	A	G	13681	9440	58	2	1	60	0.000146167	13683	0.250009	FALSE	NA	NA	NA	NA	NA	NA
NC_045512.2	23773	T	G	13631	9502	58	1	1	32	7.33514e-05	13633	0.999939	FALSE	NA	NA	NA	NA	NA	NA
NC_045512.2	23773	T	C	13631	9502	58	1	0	80	7.33514e-05	13633	0.5	FALSE	NA	NA	NA	NA	NA	NA
NC_045512.2	23774	T	G	13435	9340	58	1	1	24	7.44214e-05	13437	1	FALSE	NA	NA	NA	NA	NA	NA
NC_045512.2	23774	T	C	13435	9340	58	1	1	40	7.44214e-05	13437	0.750009	FALSE	NA	NA	NA	NA	NA	NA
NC_045512.2	23775	G	T	13566	9428	58	2	2	32	0.000147395	13569	0.999513	FALSE	NA	NA	NA	NA	NA	NA
NC_045512.2	23775	G	A	13566	9428	58	1	1	40	7.36974e-05	13569	0.749991	FALSE	NA	NA	NA	NA	NA	NA
NC_045512.2	23776	T	G	13494	9366	58	1	1	32	7.40905e-05	13497	0.999939	FALSE	NA	NA	NA	NA	NA	NA
NC_045512.2	23776	T	C	13494	9366	58	2	1	44	0.000148181	13497	0.5	FALSE	NA	NA	NA	NA	NA	NA
NC_045512.2	23777	A	C	13551	9456	58	4	3	38	0.000295094	13555	0.993653	FALSE	NA	NA	NA	NA	NA	NA
NC_045512.2	23778	C	T	13551	9557	58	1	0	40	7.37844e-05	13553	0.750009	FALSE	NA	NA	NA	NA	NA	NA
NC_045512.2	23778	C	G	13551	9557	58	1	0	40	7.37844e-05	13553	0.750009	FALSE	NA	NA	NA	NA	NA	NA
NC_045512.2	23778	C	-A	13551	9557	58	1	0	20	7.37844e-05	13553	1	FALSE	NA	NA	NA	NA	NA	NA
NC_045512.2	23779	A	G	13281	9408	58	1	0	80	7.52899e-05	13282	0.500019	FALSE	NA	NA	NA	NA	NA	NA
NC_045512.2	23780	A	T	13358	9414	58	1	1	40	7.48391e-05	13362	0.749972	FALSE	NA	NA	NA	NA	NA	NA
NC_045512.2	23780	A	G	13358	9414	58	3	2	48	0.000224517	13362	0.312486	FALSE	NA	NA	NA	NA	NA	NA
NC_045512.2	23781	T	G	13401	9624	59	1	1	24	7.46157e-05	13402	1	FALSE	NA	NA	NA	NA	NA	NA
NC_045512.2	23782	G	A	13443	9631	58	3	0	40	0.000223115	13446	0.312514	FALSE	NA	NA	NA	NA	NA	NA
NC_045512.2	23783	T	C	13460	9802	58	1	1	40	7.42887e-05	13461	0.750028	FALSE	NA	NA	NA	NA	NA	NA
NC_045512.2	23784	A	C	13447	9963	59	1	0	24	7.43605e-05	13448	1	FALSE	NA	NA	NA	NA	NA	NA
NC_045512.2	23785	C	T	13489	9999	58	3	2	40	0.000222354	13492	0.312514	FALSE	NA	NA	NA	NA	NA	NA
NC_045512.2	23786	A	G	13550	10135	59	1	1	36	7.37953e-05	13551	0.999939	FALSE	NA	NA	NA	NA	NA	NA
NC_045512.2	23787	T	G	13492	10167	58	3	3	24	0.000222305	13495	1	FALSE	NA	NA	NA	NA	NA	NA
NC_045512.2	23788	T	G	13437	10128	58	2	2	24	0.000148765	13444	1	FALSE	NA	NA	NA	NA	NA	NA
NC_045512.2	23788	T	C	13437	10128	58	5	3	36	0.000371913	13444	0.984579	FALSE	NA	NA	NA	NA	NA	NA
NC_045512.2	23789	T	G	13120	9878	59	6	6	26	0.000457108	13126	1	FALSE	NA	NA	NA	NA	NA	NA
NC_045512.2	23790	G	T	12914	9676	55	9	9	27	0.000696433	12923	1	FALSE	NA	NA	NA	NA	NA	NA
NC_045512.2	23793	G	T	12695	10072	54	6	5	41	0.000472404	12701	0.0624871	FALSE	NA	NA	NA	NA	NA	NA
NC_045512.2	23795	G	T	12782	10178	56	1	1	40	7.82289e-05	12783	0.750029	FALSE	NA	NA	NA	NA	NA	NA
NC_045512.2	23796	A	G	12784	10170	56	1	1	24	7.82167e-05	12785	1	FALSE	NA	NA	NA	NA	NA	NA
NC_045512.2	23798	T	G	12713	10346	54	1	1	24	7.86225e-05	12719	1	FALSE	NA	NA	NA	NA	NA	NA
NC_045512.2	23798	T	C	12713	10346	54	3	2	53	0.000235868	12719	0.124956	FALSE	NA	NA	NA	NA	NA	NA
NC_045512.2	23798	T	A	12713	10346	54	2	2	40	0.000157245	12719	0.499912	FALSE	NA	NA	NA	NA	NA	NA
NC_045512.2	23800	A	G	12770	10588	53	4	4	56	0.000313136	12774	0.0624951	FALSE	NA	NA	NA	NA	NA	NA
NC_045512.2	23801	A	G	12772	10588	52	1	1	40	7.82901e-05	12773	0.750029	FALSE	NA	NA	NA	NA	NA	NA
NC_045512.2	23803	T	G	12693	10790	51	2	2	24	0.000157493	12699	1	FALSE	NA	NA	NA	NA	NA	NA
NC_045512.2	23803	T	C	12693	10790	51	3	2	52	0.000236239	12699	0.124956	FALSE	NA	NA	NA	NA	NA	NA
NC_045512.2	23803	T	A	12693	10790	51	1	1	40	7.87464e-05	12699	0.749931	FALSE	NA	NA	NA	NA	NA	NA
NC_045512.2	23804	G	T	12778	10867	51	1	0	80	7.82473e-05	12780	0.5	FALSE	NA	NA	NA	NA	NA	NA
NC_045512.2	23804	G	C	12778	10867	51	1	1	24	7.82473e-05	12780	1	FALSE	NA	NA	NA	NA	NA	NA
NC_045512.2	23805	A	G	12616	10717	51	1	1	40	7.92581e-05	12617	0.75003	FALSE	NA	NA	NA	NA	NA	NA
NC_045512.2	23806	A	G	12612	10707	51	2	2	40	0.000158554	12614	0.50003	FALSE	NA	NA	NA	NA	NA	NA
NC_045512.2	23807	T	G	12579	10684	51	1	1	24	7.94913e-05	12580	1	FALSE	NA	NA	NA	NA	NA	NA
NC_045512.2	23808	G	A	12540	10652	51	1	1	40	7.97385e-05	12541	0.75003	FALSE	NA	NA	NA	NA	NA	NA
NC_045512.2	23809	C	T	12524	10632	51	1	1	40	7.98403e-05	12525	0.75003	FALSE	NA	NA	NA	NA	NA	NA
NC_045512.2	23810	A	G	12435	10560	51	1	1	40	8.04117e-05	12436	0.75003	FALSE	NA	NA	NA	NA	NA	NA
NC_045512.2	23811	G	A	12458	10577	51	1	1	80	8.02633e-05	12459	0.50002	FALSE	NA	NA	NA	NA	NA	NA
NC_045512.2	23813	A	G	12339	10487	51	3	3	29	0.000243072	12342	1	FALSE	NA	NA	NA	NA	NA	NA
NC_045512.2	23814	A	G	12341	10496	51	1	1	80	8.10241e-05	12342	0.50002	FALSE	NA	NA	NA	NA	NA	NA
NC_045512.2	23817	T	C	12249	10412	51	4	4	70	0.000326451	12253	0.0624949	FALSE	NA	NA	NA	NA	NA	NA
NC_045512.2	23819	T	G	12080	10283	51	2	2	24	0.000165508	12084	1	FALSE	NA	NA	NA	NA	NA	NA
NC_045512.2	23819	T	C	12080	10283	51	2	2	40	0.000165508	12084	0.499969	FALSE	NA	NA	NA	NA	NA	NA
NC_045512.2	23820	T	G	12055	10261	51	2	2	32	0.000165879	12057	0.999087	FALSE	NA	NA	NA	NA	NA	NA
NC_045512.2	23821	G	T	11966	10193	50	2	2	32	0.000167112	11968	0.998296	FALSE	NA	NA	NA	NA	NA	NA
NC_045512.2	23822	T	G	12055	10288	51	1	1	24	8.29325e-05	12058	1	FALSE	NA	NA	NA	NA	NA	NA
NC_045512.2	23822	T	C	12055	10288	51	2	2	40	0.000165865	12058	0.5	FALSE	NA	NA	NA	NA	NA	NA
NC_045512.2	23823	T	G	11947	10182	51	5	5	36	0.000418305	11953	0.961642	FALSE	NA	NA	NA	NA	NA	NA
NC_045512.2	23823	T	C	11947	10182	51	1	1	40	8.3661e-05	11953	0.749927	FALSE	NA	NA	NA	NA	NA	NA
NC_045512.2	23824	G	A	12012	10256	51	2	2	40	0.000166472	12014	0.500031	FALSE	NA	NA	NA	NA	NA	NA
NC_045512.2	23825	C	T	11950	10213	51	2	2	40	0.000167294	11955	0.499937	FALSE	NA	NA	NA	NA	NA	NA
NC_045512.2	23825	C	G	11950	10213	51	3	3	40	0.000250941	11955	0.312453	FALSE	NA	NA	NA	NA	NA	NA
NC_045512.2	23826	A	G	11974	10242	50	1	1	40	8.35073e-05	11975	0.750031	FALSE	NA	NA	NA	NA	NA	NA
NC_045512.2	23827	A	G	11964	10232	51	7	6	41	0.000584746	11971	0.0351425	FALSE	NA	NA	NA	NA	NA	NA
NC_045512.2	23828	T	G	11938	10246	50	1	1	40	8.37591e-05	11939	0.750031	FALSE	NA	NA	NA	NA	NA	NA
NC_045512.2	23829	A	G	11965	10314	50	1	1	24	8.35701e-05	11966	1	FALSE	NA	NA	NA	NA	NA	NA
NC_045512.2	23830	T	C	11882	10225	50	2	1	60	0.000168294	11884	0.250011	FALSE	NA	NA	NA	NA	NA	NA
NC_045512.2	23831	G	T	11863	10210	50	1	1	24	8.42815e-05	11865	1	FALSE	NA	NA	NA	NA	NA	NA
NC_045512.2	23831	G	C	11863	10210	50	1	1	40	8.42815e-05	11865	0.750011	FALSE	NA	NA	NA	NA	NA	NA
NC_045512.2	23832	G	T	11926	10275	50	2	2	24	0.000167645	11930	1	FALSE	NA	NA	NA	NA	NA	NA
NC_045512.2	23832	G	A	11926	10275	50	2	2	46	0.000167645	11930	0.499969	FALSE	NA	NA	NA	NA	NA	NA
NC_045512.2	23834	A	G	11777	10225	49	1	1	40	8.49041e-05	11778	0.750032	FALSE	NA	NA	NA	NA	NA	NA
NC_045512.2	23836	T	G	11628	10198	49	1	1	40	8.59845e-05	11630	0.750011	FALSE	NA	NA	NA	NA	NA	NA
NC_045512.2	23836	T	C	11628	10198	49	1	1	40	8.59845e-05	11630	0.750011	FALSE	NA	NA	NA	NA	NA	NA
NC_045512.2	23837	T	G	11601	10188	49	1	1	24	8.61846e-05	11603	1	FALSE	NA	NA	NA	NA	NA	NA
NC_045512.2	23837	T	C	11601	10188	49	1	1	24	8.61846e-05	11603	1	FALSE	NA	NA	NA	NA	NA	NA
NC_045512.2	23838	T	G	11563	10168	48	6	6	34	0.000518583	11570	0.928342	FALSE	NA	NA	NA	NA	NA	NA
NC_045512.2	23838	T	C	11563	10168	48	1	1	40	8.64304e-05	11570	0.749903	FALSE	NA	NA	NA	NA	NA	NA
NC_045512.2	23839	T	G	11550	10158	49	1	1	24	8.65651e-05	11552	1	FALSE	NA	NA	NA	NA	NA	NA
NC_045512.2	23839	T	C	11550	10158	49	1	1	40	8.65651e-05	11552	0.750011	FALSE	NA	NA	NA	NA	NA	NA
NC_045512.2	23840	T	G	11543	10153	49	2	2	32	0.00017322	11546	0.998295	FALSE	NA	NA	NA	NA	NA	NA
NC_045512.2	23840	T	C	11543	10153	49	1	1	40	8.66101e-05	11546	0.749989	FALSE	NA	NA	NA	NA	NA	NA
NC_045512.2	23841	G	T	11580	10192	49	1	1	24	8.63483e-05	11581	1	FALSE	NA	NA	NA	NA	NA	NA
NC_045512.2	23842	T	G	11463	10080	48	3	3	29	0.000261643	11466	1	FALSE	NA	NA	NA	NA	NA	NA
NC_045512.2	23843	A	G	11553	10369	47	5	5	36	0.000432526	11560	0.96163	FALSE	NA	NA	NA	NA	NA	NA
NC_045512.2	23843	A	C	11553	10369	47	2	2	40	0.00017301	11560	0.49987	FALSE	NA	NA	NA	NA	NA	NA
NC_045512.2	23844	C	T	11546	10424	47	1	1	40	8.65951e-05	11548	0.750011	FALSE	NA	NA	NA	NA	NA	NA
NC_045512.2	23844	C	G	11546	10424	47	1	1	40	8.65951e-05	11548	0.750011	FALSE	NA	NA	NA	NA	NA	NA
NC_045512.2	23845	A	G	11358	10245	47	3	3	42	0.000264038	11362	0.312483	FALSE	NA	NA	NA	NA	NA	NA
NC_045512.2	23845	A	C	11358	10245	47	1	1	24	8.80127e-05	11362	1	FALSE	NA	NA	NA	NA	NA	NA
NC_045512.2	23846	C	T	11331	10222	47	1	1	40	8.82379e-05	11333	0.750011	FALSE	NA	NA	NA	NA	NA	NA
NC_045512.2	23846	C	A	11331	10222	47	1	1	24	8.82379e-05	11333	1	FALSE	NA	NA	NA	NA	NA	NA
NC_045512.2	23847	A	G	11227	10126	47	2	2	32	0.00017811	11229	0.998296	FALSE	NA	NA	NA	NA	NA	NA
NC_045512.2	23848	A	T	11222	10124	47	1	1	40	8.90948e-05	11224	0.750011	FALSE	NA	NA	NA	NA	NA	NA
NC_045512.2	23848	A	G	11222	10124	47	1	1	40	8.90948e-05	11224	0.750011	FALSE	NA	NA	NA	NA	NA	NA
NC_045512.2	23849	T	G	11139	10042	47	1	1	24	8.97666e-05	11140	1	FALSE	NA	NA	NA	NA	NA	NA
NC_045512.2	23850	T	G	11039	9995	46	2	2	32	0.000181143	11041	0.998296	FALSE	NA	NA	NA	NA	NA	NA
NC_045512.2	23851	A	T	11174	10133	46	1	1	40	8.94855e-05	11175	0.750034	FALSE	NA	NA	NA	NA	NA	NA
NC_045512.2	23853	A	G	11150	10110	47	4	4	36	0.000358616	11154	0.982459	FALSE	NA	NA	NA	NA	NA	NA
NC_045512.2	23854	C	A	0	0	0	11157	10117	47	1	11157	0	TRUE	NA	NA	NA	NA	NA	NA
NC_045512.2	23855	C	T	9912	8949	47	1	1	24	0.000100878	9913	1	FALSE	NA	NA	NA	NA	NA	NA
NC_045512.2	23856	G	T	9887	8926	47	2	0	60	0.000202245	9889	0.250013	FALSE	NA	NA	NA	NA	NA	NA
NC_045512.2	23857	T	G	12572	8420	45	3	1	29	0.00023855	12576	1	FALSE	NA	NA	NA	NA	NA	NA
NC_045512.2	23857	T	C	12572	8420	45	1	0	24	7.95165e-05	12576	1	FALSE	NA	NA	NA	NA	NA	NA
NC_045512.2	23858	G	A	12709	8466	45	1	0	40	7.86782e-05	12710	0.75003	FALSE	NA	NA	NA	NA	NA	NA
NC_045512.2	23859	C	G	12690	8480	45	1	0	40	7.87898e-05	12692	0.75001	FALSE	NA	NA	NA	NA	NA	NA
NC_045512.2	23859	C	A	12690	8480	45	1	0	40	7.87898e-05	12692	0.75001	FALSE	NA	NA	NA	NA	NA	NA
NC_045512.2	23860	T	G	12670	8418	45	1	1	40	7.89141e-05	12672	0.75001	FALSE	NA	NA	NA	NA	NA	NA
NC_045512.2	23860	T	C	12670	8418	45	1	0	40	7.89141e-05	12672	0.75001	FALSE	NA	NA	NA	NA	NA	NA
NC_045512.2	23861	T	G	12623	8384	45	2	1	24	0.000158391	12627	1	FALSE	NA	NA	NA	NA	NA	NA
NC_045512.2	23861	T	C	12623	8384	45	2	1	40	0.000158391	12627	0.49997	FALSE	NA	NA	NA	NA	NA	NA
NC_045512.2	23862	T	G	12629	8380	45	1	1	24	7.91766e-05	12630	1	FALSE	NA	NA	NA	NA	NA	NA
NC_045512.2	23863	A	G	12825	8451	45	3	3	29	0.000233863	12828	1	FALSE	NA	NA	NA	NA	NA	NA
NC_045512.2	23864	A	G	12842	8469	45	3	3	40	0.000233518	12847	0.312456	FALSE	NA	NA	NA	NA	NA	NA
NC_045512.2	23864	A	C	12842	8469	45	2	0	24	0.000155678	12847	1	FALSE	NA	NA	NA	NA	NA	NA
NC_045512.2	23864	A	-CT	12842	8469	45	2	0	20	0.000155678	12847	1	FALSE	NA	NA	NA	NA	NA	NA
NC_045512.2	23865	C	G	12916	8471	45	1	0	24	7.74174e-05	12917	1	FALSE	NA	NA	NA	NA	NA	NA
NC_045512.2	23866	T	G	12730	8267	45	3	3	29	0.000235608	12733	1	FALSE	NA	NA	NA	NA	NA	NA
NC_045512.2	23869	A	G	12960	8264	45	4	4	46	0.000308452	12968	0.187404	FALSE	NA	NA	NA	NA	NA	NA
NC_045512.2	23869	A	C	12960	8264	45	4	3	36	0.000308452	12968	0.989371	FALSE	NA	NA	NA	NA	NA	NA
NC_045512.2	23871	T	G	13001	8254	44	2	2	24	0.000153775	13006	1	FALSE	NA	NA	NA	NA	NA	NA
NC_045512.2	23871	T	C	13001	8254	44	3	2	34	0.000230663	13006	0.997914	FALSE	NA	NA	NA	NA	NA	NA
NC_045512.2	23872	A	G	12703	7989	45	1	0	40	7.8703e-05	12706	0.74999	FALSE	NA	NA	NA	NA	NA	NA
NC_045512.2	23872	A	C	12703	7989	45	2	0	32	0.000157406	12706	0.999087	FALSE	NA	NA	NA	NA	NA	NA
NC_045512.2	23873	G	A	12708	7965	44	3	3	40	0.000236016	12711	0.312515	FALSE	NA	NA	NA	NA	NA	NA
NC_045512.2	23874	C	T	12952	7936	44	1	1	24	7.71784e-05	12957	1	FALSE	NA	NA	NA	NA	NA	NA
NC_045512.2	23874	C	G	12952	7936	44	3	3	26	0.000231535	12957	1	FALSE	NA	NA	NA	NA	NA	NA
NC_045512.2	23874	C	A	12952	7936	44	1	1	24	7.71784e-05	12957	1	FALSE	NA	NA	NA	NA	NA	NA
NC_045512.2	23875	T	G	12796	7815	44	2	2	32	0.000156274	12798	0.999087	FALSE	NA	NA	NA	NA	NA	NA
NC_045512.2	23877	T	G	12207	7235	44	2	2	24	0.0001638	12210	1	FALSE	NA	NA	NA	NA	NA	NA
NC_045512.2	23877	T	C	12207	7235	44	1	1	40	8.19001e-05	12210	0.74999	FALSE	NA	NA	NA	NA	NA	NA
NC_045512.2	23878	T	C	12215	7241	44	1	1	80	8.18599e-05	12216	0.50002	FALSE	NA	NA	NA	NA	NA	NA
NC_045512.2	23879	G	C	12401	7313	44	1	0	24	8.06322e-05	12402	1	FALSE	NA	NA	NA	NA	NA	NA
NC_045512.2	23880	A	G	12295	7264	44	3	2	40	0.000243843	12303	0.312363	FALSE	NA	NA	NA	NA	NA	NA
NC_045512.2	23880	A	C	12295	7264	44	5	0	24	0.000406405	12303	1	FALSE	NA	NA	NA	NA	NA	NA
NC_045512.2	23881	A	G	12285	7281	44	6	5	46	0.000488083	12293	0.06246	FALSE	NA	NA	NA	NA	NA	NA
NC_045512.2	23881	A	C	12285	7281	44	2	0	32	0.000162694	12293	0.999085	FALSE	NA	NA	NA	NA	NA	NA
NC_045512.2	23882	C	T	12350	7259	44	1	1	40	8.09454e-05	12354	0.74997	FALSE	NA	NA	NA	NA	NA	NA
NC_045512.2	23882	C	G	12350	7259	44	3	1	34	0.000242836	12354	0.996316	FALSE	NA	NA	NA	NA	NA	NA
NC_045512.2	23882	C	-A	12350	7259	44	1	0	20	8.09454e-05	12354	1	FALSE	NA	NA	NA	NA	NA	NA
NC_045512.2	23883	A	C	11432	6423	44	3	0	29	0.000262352	11435	1	FALSE	NA	NA	NA	NA	NA	NA
NC_045512.2	23884	A	G	11532	6446	44	2	0	32	0.00017337	11536	0.998294	FALSE	NA	NA	NA	NA	NA	NA
NC_045512.2	23884	A	C	11532	6446	44	2	0	24	0.00017337	11536	1	FALSE	NA	NA	NA	NA	NA	NA
NC_045512.2	23885	G	T	11662	6409	44	1	1	40	8.57339e-05	11664	0.750011	FALSE	NA	NA	NA	NA	NA	NA
NC_045512.2	23885	G	A	11662	6409	44	1	0	40	8.57339e-05	11664	0.750011	FALSE	NA	NA	NA	NA	NA	NA
NC_045512.2	23886	A	G	11651	6427	44	1	1	80	8.58222e-05	11652	0.500021	FALSE	NA	NA	NA	NA	NA	NA
NC_045512.2	23887	C	-A	11697	6444	44	1	0	20	8.5492e-05	11697	1	FALSE	NA	NA	NA	NA	NA	NA
NC_045512.2	23888	A	G	11372	6151	44	5	5	40	0.000439445	11378	0.109324	FALSE	NA	NA	NA	NA	NA	NA
NC_045512.2	23888	A	C	11372	6151	44	1	0	80	8.78889e-05	11378	0.49989	FALSE	NA	NA	NA	NA	NA	NA
NC_045512.2	23889	A	G	11365	6155	44	2	1	60	0.000175932	11368	0.249989	FALSE	NA	NA	NA	NA	NA	NA
NC_045512.2	23889	A	C	11365	6155	44	1	0	24	8.79662e-05	11368	1	FALSE	NA	NA	NA	NA	NA	NA
NC_045512.2	23890	A	G	11377	6162	44	2	2	40	0.000175762	11379	0.500033	FALSE	NA	NA	NA	NA	NA	NA
NC_045512.2	23891	A	G	11373	6157	44	2	2	40	0.000175824	11375	0.500033	FALSE	NA	NA	NA	NA	NA	NA
NC_045512.2	23892	A	G	11373	6162	44	1	0	40	8.79044e-05	11376	0.749989	FALSE	NA	NA	NA	NA	NA	NA
NC_045512.2	23892	A	C	11373	6162	44	2	0	24	0.000175809	11376	1	FALSE	NA	NA	NA	NA	NA	NA
NC_045512.2	23893	C	G	11194	5940	44	1	1	40	8.93256e-05	11195	0.750033	FALSE	NA	NA	NA	NA	NA	NA
NC_045512.2	23894	A	G	10534	5354	44	2	0	32	0.000189789	10538	0.996832	FALSE	NA	NA	NA	NA	NA	NA
NC_045512.2	23894	A	C	10534	5354	44	2	0	32	0.000189789	10538	0.996832	FALSE	NA	NA	NA	NA	NA	NA
NC_045512.2	23897	C	-A	10491	5216	44	1	0	20	9.53198e-05	10491	1	FALSE	NA	NA	NA	NA	NA	NA
NC_045512.2	23898	A	G	10466	5183	44	1	0	40	9.55384e-05	10467	0.750012	FALSE	NA	NA	NA	NA	NA	NA
NC_045512.2	23899	A	G	10443	5152	44	4	4	32	0.000382848	10448	0.971354	FALSE	NA	NA	NA	NA	NA	NA
NC_045512.2	23899	A	C	10443	5152	44	1	0	24	9.57121e-05	10448	1	FALSE	NA	NA	NA	NA	NA	NA
NC_045512.2	23900	G	T	10410	5173	42	2	2	24	0.000192086	10412	1	FALSE	NA	NA	NA	NA	NA	NA
NC_045512.2	23901	A	G	10435	5264	43	2	2	40	0.000191608	10438	0.5	FALSE	NA	NA	NA	NA	NA	NA
NC_045512.2	23901	A	C	10435	5264	43	1	0	40	9.58038e-05	10438	0.749988	FALSE	NA	NA	NA	NA	NA	NA
NC_045512.2	23902	A	G	10319	5162	43	1	1	40	9.68804e-05	10322	0.749988	FALSE	NA	NA	NA	NA	NA	NA
NC_045512.2	23902	A	C	10319	5162	43	2	1	32	0.000193761	10322	0.996833	FALSE	NA	NA	NA	NA	NA	NA
NC_045512.2	23903	G	+T	10506	5142	43	1	0	20	9.51837e-05	10506	1	FALSE	NA	NA	NA	NA	NA	NA
NC_045512.2	23904	T	G	10053	4735	44	1	1	32	9.9453e-05	10055	0.999513	FALSE	NA	NA	NA	NA	NA	NA
NC_045512.2	23904	T	C	10053	4735	44	1	0	24	9.9453e-05	10055	1	FALSE	NA	NA	NA	NA	NA	NA
NC_045512.2	23905	T	G	10050	4730	43	1	1	40	9.94827e-05	10052	0.750012	FALSE	NA	NA	NA	NA	NA	NA
NC_045512.2	23905	T	C	10050	4730	43	1	1	24	9.94827e-05	10052	1	FALSE	NA	NA	NA	NA	NA	NA
NC_045512.2	23906	T	G	9920	4635	44	3	1	34	0.000302328	9923	0.980749	FALSE	NA	NA	NA	NA	NA	NA
NC_045512.2	23907	T	C	9929	4633	43	1	0	24	0.000100705	9930	1	FALSE	NA	NA	NA	NA	NA	NA
NC_045512.2	23909	G	T	9937	4622	44	1	1	40	0.000100594	9941	0.49995	FALSE	NA	NA	NA	NA	NA	NA
NC_045512.2	23909	G	C	9937	4622	44	3	3	34	0.000301781	9941	0.980741	FALSE	NA	NA	NA	NA	NA	NA
NC_045512.2	23910	C	T	9974	4669	44	1	0	40	0.000100251	9975	0.500025	FALSE	NA	NA	NA	NA	NA	NA
NC_045512.2	23911	A	G	9906	4674	43	3	2	34	0.000302694	9911	0.980733	FALSE	NA	NA	NA	NA	NA	NA
NC_045512.2	23911	A	C	9906	4674	43	2	1	32	0.000201796	9911	0.994146	FALSE	NA	NA	NA	NA	NA	NA
NC_045512.2	23911	A	-C	9906	4674	43	1	0	20	0.000100898	9911	1	FALSE	NA	NA	NA	NA	NA	NA
NC_045512.2	23912	C	T	5426	421	43	2	0	40	0.00036846	5428	0.249977	FALSE	NA	NA	NA	NA	NA	NA
NC_045512.2	23914	A	G	5535	429	43	1	0	40	0.000180636	5536	0.500045	FALSE	NA	NA	NA	NA	NA	NA
NC_045512.2	23916	T	C	5577	445	43	1	0	24	0.000179276	5578	1	FALSE	NA	NA	NA	NA	NA	NA
NC_045512.2	23919	A	C	5543	466	43	1	0	24	0.000180375	5544	1	FALSE	NA	NA	NA	NA	NA	NA
NC_045512.2	23922	A	G	5585	472	44	1	0	40	0.000178987	5587	0.5	FALSE	NA	NA	NA	NA	NA	NA
NC_045512.2	23922	A	C	5585	472	44	1	0	24	0.000178987	5587	1	FALSE	NA	NA	NA	NA	NA	NA
NC_045512.2	23923	A	G	5613	475	44	1	0	24	0.000178126	5614	1	FALSE	NA	NA	NA	NA	NA	NA
NC_045512.2	23925	T	G	5632	517	44	1	0	24	0.000177525	5633	1	FALSE	NA	NA	NA	NA	NA	NA
NC_045512.2	23927	T	A	5666	556	45	1	0	24	0.00017646	5667	1	FALSE	NA	NA	NA	NA	NA	NA
NC_045512.2	23928	A	C	5630	591	44	2	0	24	0.000355114	5632	1	FALSE	NA	NA	NA	NA	NA	NA
NC_045512.2	23932	A	C	5718	606	45	3	0	34	0.000524384	5721	0.855612	FALSE	NA	NA	NA	NA	NA	NA
NC_045512.2	23936	C	A	5765	666	46	2	0	32	0.000346801	5767	0.937585	FALSE	NA	NA	NA	NA	NA	NA
NC_045512.2	23937	C	T	5816	668	46	1	0	40	0.00017188	5818	0.5	FALSE	NA	NA	NA	NA	NA	NA
NC_045512.2	23937	C	G	5816	668	46	1	0	40	0.00017188	5818	0.5	FALSE	NA	NA	NA	NA	NA	NA
NC_045512.2	23938	A	C	5799	669	46	1	0	24	0.000172414	5800	1	FALSE	NA	NA	NA	NA	NA	NA
NC_045512.2	23939	C	T	5449	719	43	2	0	60	0.000365698	5469	0.249199	FALSE	NA	NA	NA	NA	NA	NA
NC_045512.2	23939	C	A	5449	719	43	18	0	25	0.00329128	5469	0.999996	FALSE	NA	NA	NA	NA	NA	NA
NC_045512.2	23940	C	T	5885	716	47	1	0	40	0.000169895	5886	0.500042	FALSE	NA	NA	NA	NA	NA	NA
NC_045512.2	23941	A	C	5876	717	47	1	0	24	0.000170155	5877	1	FALSE	NA	NA	NA	NA	NA	NA
NC_045512.2	23943	T	C	5977	739	47	1	0	24	0.00016728	5978	1	FALSE	NA	NA	NA	NA	NA	NA
NC_045512.2	23944	T	C	6005	752	47	1	0	40	0.0001665	6006	0.500042	FALSE	NA	NA	NA	NA	NA	NA
NC_045512.2	23947	A	G	5992	779	47	1	0	80	0.000166834	5994	0.5	FALSE	NA	NA	NA	NA	NA	NA
NC_045512.2	23947	A	C	5992	779	47	1	0	24	0.000166834	5994	1	FALSE	NA	NA	NA	NA	NA	NA
NC_045512.2	23948	G	T	0	0	0	6012	789	47	0.999834	6013	0	TRUE	NA	NA	NA	NA	NA	NA
NC_045512.2	23948	G	C	0	0	0	1	0	40	0.000166306	6013	0.000166306	TRUE	NA	NA	NA	NA	NA	NA
NC_045512.2	23949	A	G	6025	794	47	1	0	40	0.00016592	6027	0.5	FALSE	NA	NA	NA	NA	NA	NA
NC_045512.2	23949	A	C	6025	794	47	1	0	40	0.00016592	6027	0.5	FALSE	NA	NA	NA	NA	NA	NA
NC_045512.2	23951	T	G	6050	795	47	1	0	24	0.000165262	6051	1	FALSE	NA	NA	NA	NA	NA	NA
NC_045512.2	23952	T	C	6050	797	47	1	0	40	0.000165262	6051	0.500041	FALSE	NA	NA	NA	NA	NA	NA
NC_045512.2	23953	T	G	6069	798	48	1	0	40	0.000164745	6070	0.500041	FALSE	NA	NA	NA	NA	NA	NA
NC_045512.2	23954	G	C	6063	798	48	1	1	40	0.000164908	6064	0.500041	FALSE	NA	NA	NA	NA	NA	NA
NC_045512.2	23956	T	A	6074	884	49	1	1	80	0.000164609	6075	0.500041	FALSE	NA	NA	NA	NA	NA	NA
NC_045512.2	23957	G	T	6108	892	49	1	0	40	0.000163693	6109	0.500041	FALSE	NA	NA	NA	NA	NA	NA
NC_045512.2	23960	T	C	6128	913	49	2	0	60	0.000326264	6130	0.25002	FALSE	NA	NA	NA	NA	NA	NA
NC_045512.2	23963	A	C	6065	971	49	5	0	27	0.000823723	6070	1	FALSE	NA	NA	NA	NA	NA	NA
NC_045512.2	23964	A	C	6085	1040	51	1	0	24	0.000164312	6086	1	FALSE	NA	NA	NA	NA	NA	NA
NC_045512.2	23964	A	+T	6085	1040	51	1	0	20	0.000164312	6086	1	FALSE	NA	NA	NA	NA	NA	NA
NC_045512.2	23966	T	C	6115	1038	51	1	1	52	0.000163506	6116	0.500041	FALSE	NA	NA	NA	NA	NA	NA
NC_045512.2	23970	C	A	5902	1076	48	9	0	26	0.00152259	5911	1	FALSE	NA	NA	NA	NA	NA	NA
NC_045512.2	23971	A	C	6028	1074	51	2	0	24	0.000331675	6030	1	FALSE	NA	NA	NA	NA	NA	NA
NC_045512.2	23972	C	T	6071	1090	50	2	0	32	0.000329218	6075	0.964871	FALSE	NA	NA	NA	NA	NA	NA
NC_045512.2	23972	C	A	6071	1090	50	2	0	24	0.000329218	6075	1	FALSE	NA	NA	NA	NA	NA	NA
NC_045512.2	23973	A	C	6042	1085	51	4	0	24	0.000661594	6046	1	FALSE	NA	NA	NA	NA	NA	NA
NC_045512.2	23974	A	C	6225	1104	51	2	0	32	0.000321182	6227	0.964905	FALSE	NA	NA	NA	NA	NA	NA
NC_045512.2	23977	A	T	6288	1113	51	1	0	40	0.000159008	6289	0.50004	FALSE	NA	NA	NA	NA	NA	NA
NC_045512.2	23980	A	C	6325	1121	51	1	0	24	0.000158078	6326	1	FALSE	NA	NA	NA	NA	NA	NA
NC_045512.2	23981	C	A	6107	1144	49	7	0	28	0.00114491	6114	1	FALSE	NA	NA	NA	NA	NA	NA
NC_045512.2	23983	A	G	6175	1077	51	1	0	80	0.000161891	6177	0.5	FALSE	NA	NA	NA	NA	NA	NA
NC_045512.2	23983	A	C	6175	1077	51	1	0	32	0.000161891	6177	0.992201	FALSE	NA	NA	NA	NA	NA	NA
NC_045512.2	23985	A	C	6194	1116	52	1	0	24	0.000161421	6195	1	FALSE	NA	NA	NA	NA	NA	NA
NC_045512.2	23986	T	C	6049	1171	52	1	0	40	0.000165289	6050	0.500041	FALSE	NA	NA	NA	NA	NA	NA
NC_045512.2	23989	A	C	6024	1250	51	2	0	32	0.000331895	6026	0.964907	FALSE	NA	NA	NA	NA	NA	NA
NC_045512.2	23990	T	+C	6087	1372	52	4	0	20	0.000657138	6087	1	FALSE	NA	NA	NA	NA	NA	NA
NC_045512.2	23991	C	A	6071	1388	52	1	1	32	0.00016469	6072	0.992206	FALSE	NA	NA	NA	NA	NA	NA
NC_045512.2	23991	C	+A	6071	1388	52	594	0	20	0.0978261	6072	8.68833e-106	TRUE	NA	NA	NA	NA	NA	NA
NC_045512.2	23992	A	+C	6026	1406	52	1	0	20	0.000165948	6026	1	FALSE	NA	NA	NA	NA	NA	NA
NC_045512.2	23994	A	G	6060	1411	52	2	0	40	0.00032987	6063	0.249979	FALSE	NA	NA	NA	NA	NA	NA
NC_045512.2	23994	A	C	6060	1411	52	1	0	40	0.000164935	6063	0.499959	FALSE	NA	NA	NA	NA	NA	NA
NC_045512.2	23995	A	G	6062	1410	52	1	0	40	0.000164935	6063	0.500041	FALSE	NA	NA	NA	NA	NA	NA
NC_045512.2	23995	A	+C	6062	1410	52	1	0	20	0.000164935	6063	1	FALSE	NA	NA	NA	NA	NA	NA
NC_045512.2	23996	C	A	4998	1641	48	240	20	39	0.045819	5238	8.87184e-66	TRUE	NA	NA	NA	NA	NA	NA
NC_045512.2	23998	A	C	5013	1657	50	1	0	24	0.000199442	5014	1	FALSE	NA	NA	NA	NA	NA	NA
NC_045512.2	23999	A	G	4792	1738	49	1	1	24	0.000208638	4793	1	FALSE	NA	NA	NA	NA	NA	NA
NC_045512.2	24002	A	G	4805	1777	49	1	1	40	0.000208073	4806	0.500052	FALSE	NA	NA	NA	NA	NA	NA
NC_045512.2	24004	G	T	4554	1733	46	7	7	24	0.00153475	4561	1	FALSE	NA	NA	NA	NA	NA	NA
NC_045512.2	24007	G	T	4575	1735	46	8	8	29	0.0017452	4584	1	FALSE	NA	NA	NA	NA	NA	NA
NC_045512.2	24007	G	A	4575	1735	46	1	1	40	0.00021815	4584	0.499618	FALSE	NA	NA	NA	NA	NA	NA
NC_045512.2	24017	G	A	4416	1968	47	1	0	40	0.000226398	4417	0.500057	FALSE	NA	NA	NA	NA	NA	NA
NC_045512.2	24018	A	G	4445	2136	48	1	1	40	0.000224921	4446	0.500056	FALSE	NA	NA	NA	NA	NA	NA
NC_045512.2	24023	C	A	4288	2385	47	1	1	40	0.000233155	4289	0.500058	FALSE	NA	NA	NA	NA	NA	NA
NC_045512.2	24027	T	C	4311	2413	47	1	1	24	0.000231911	4312	1	FALSE	NA	NA	NA	NA	NA	NA
NC_045512.2	24028	T	C	4305	2405	47	1	1	40	0.000232234	4306	0.500058	FALSE	NA	NA	NA	NA	NA	NA
NC_045512.2	24030	T	G	4215	2402	47	1	1	24	0.000237192	4216	1	FALSE	NA	NA	NA	NA	NA	NA
NC_045512.2	24031	C	A	4350	2728	45	2	0	24	0.000459559	4352	1	FALSE	NA	NA	NA	NA	NA	NA
NC_045512.2	24033	A	C	4474	2747	47	1	0	24	0.000223464	4475	1	FALSE	NA	NA	NA	NA	NA	NA
NC_045512.2	24034	C	T	4496	2863	47	1	1	40	0.00022237	4497	0.500056	FALSE	NA	NA	NA	NA	NA	NA
NC_045512.2	24038	G	T	4352	2881	43	13	13	27	0.00297824	4365	0.99999	FALSE	NA	NA	NA	NA	NA	NA
NC_045512.2	24039	T	G	4703	3240	47	1	1	24	0.000212585	4704	1	FALSE	NA	NA	NA	NA	NA	NA
NC_045512.2	24042	C	A	4952	3565	47	1	0	24	0.000201898	4953	1	FALSE	NA	NA	NA	NA	NA	NA
NC_045512.2	24046	T	G	4829	3500	46	3	3	24	0.000620732	4833	1	FALSE	NA	NA	NA	NA	NA	NA
NC_045512.2	24046	T	C	4829	3500	46	1	1	40	0.000206911	4833	0.499897	FALSE	NA	NA	NA	NA	NA	NA
NC_045512.2	24047	G	C	5076	3757	48	1	0	24	0.000196967	5077	1	FALSE	NA	NA	NA	NA	NA	NA
NC_045512.2	24049	A	C	5007	3727	46	1	0	24	0.000199681	5008	1	FALSE	NA	NA	NA	NA	NA	NA
NC_045512.2	24050	G	A	5045	3749	47	1	1	40	0.000198177	5046	0.50005	FALSE	NA	NA	NA	NA	NA	NA
NC_045512.2	24051	A	G	5221	3995	47	2	2	32	0.000382922	5223	0.937594	FALSE	NA	NA	NA	NA	NA	NA
NC_045512.2	24052	T	G	5171	3958	47	5	5	24	0.000965997	5176	1	FALSE	NA	NA	NA	NA	NA	NA
NC_045512.2	24053	G	C	5226	4044	47	1	0	40	0.000191241	5229	0.499952	FALSE	NA	NA	NA	NA	NA	NA
NC_045512.2	24053	G	A	5226	4044	47	2	2	40	0.000382482	5229	0.249976	FALSE	NA	NA	NA	NA	NA	NA
NC_045512.2	24055	T	G	5153	4090	46	1	1	24	0.000193986	5155	1	FALSE	NA	NA	NA	NA	NA	NA
NC_045512.2	24055	T	C	5153	4090	46	1	1	24	0.000193986	5155	1	FALSE	NA	NA	NA	NA	NA	NA
NC_045512.2	24056	G	T	5071	3996	45	6	6	24	0.0011818	5077	1	FALSE	NA	NA	NA	NA	NA	NA
NC_045512.2	24057	G	T	5217	4147	47	3	3	24	0.000574713	5220	1	FALSE	NA	NA	NA	NA	NA	NA
NC_045512.2	24060	T	G	5310	4288	46	1	1	24	0.000188288	5311	1	FALSE	NA	NA	NA	NA	NA	NA
NC_045512.2	24061	C	A	5173	4170	45	2	0	24	0.000386473	5175	1	FALSE	NA	NA	NA	NA	NA	NA
NC_045512.2	24062	A	G	5356	4342	47	1	1	40	0.000186672	5357	0.500047	FALSE	NA	NA	NA	NA	NA	NA
NC_045512.2	24063	T	C	5320	4309	46	3	2	29	0.000563592	5323	1	FALSE	NA	NA	NA	NA	NA	NA
NC_045512.2	24065	A	T	5430	4521	46	2	2	40	0.000368053	5434	0.249931	FALSE	NA	NA	NA	NA	NA	NA
NC_045512.2	24065	A	G	5430	4521	46	1	1	24	0.000184026	5434	1	FALSE	NA	NA	NA	NA	NA	NA
NC_045512.2	24065	A	C	5430	4521	46	1	1	40	0.000184026	5434	0.499908	FALSE	NA	NA	NA	NA	NA	NA
NC_045512.2	24066	A	G	5473	4572	45	1	1	40	0.000182682	5474	0.500046	FALSE	NA	NA	NA	NA	NA	NA
NC_045512.2	24068	C	A	5362	4441	44	1	0	24	0.000186463	5363	1	FALSE	NA	NA	NA	NA	NA	NA
NC_045512.2	24070	A	G	5302	4424	45	1	0	24	0.000188501	5305	1	FALSE	NA	NA	NA	NA	NA	NA
NC_045512.2	24070	A	C	5302	4424	45	2	2	32	0.000377003	5305	0.937562	FALSE	NA	NA	NA	NA	NA	NA
NC_045512.2	24071	T	C	5356	4477	45	1	1	52	0.000186672	5357	0.500047	FALSE	NA	NA	NA	NA	NA	NA
NC_045512.2	24072	A	G	5172	4314	44	1	1	24	0.000193311	5173	1	FALSE	NA	NA	NA	NA	NA	NA
NC_045512.2	24073	T	G	5671	4826	46	4	4	28	0.000704846	5675	1	FALSE	NA	NA	NA	NA	NA	NA
NC_045512.2	24074	G	A	5749	4935	46	1	1	40	0.000173913	5750	0.500043	FALSE	NA	NA	NA	NA	NA	NA
NC_045512.2	24075	G	T	5246	4398	43	20	20	26	0.00379795	5266	0.999964	FALSE	NA	NA	NA	NA	NA	NA
NC_045512.2	24076	T	G	5335	4484	45	16	16	25	0.0029901	5351	0.999999	FALSE	NA	NA	NA	NA	NA	NA
NC_045512.2	24077	G	A	5489	4684	45	1	1	24	0.000182149	5490	1	FALSE	NA	NA	NA	NA	NA	NA
NC_045512.2	24080	T	G	5388	4596	46	9	9	25	0.00166728	5398	1	FALSE	NA	NA	NA	NA	NA	NA
NC_045512.2	24080	T	C	5388	4596	46	1	1	80	0.000185254	5398	0.499629	FALSE	NA	NA	NA	NA	NA	NA
NC_045512.2	24081	G	T	5270	4468	45	3	3	24	0.000568828	5274	1	FALSE	NA	NA	NA	NA	NA	NA
NC_045512.2	24081	G	A	5270	4468	45	1	1	80	0.000189609	5274	0.499905	FALSE	NA	NA	NA	NA	NA	NA
NC_045512.2	24082	C	T	5736	4978	47	1	1	40	0.000174307	5737	0.500044	FALSE	NA	NA	NA	NA	NA	NA
NC_045512.2	24083	C	T	5137	4398	43	1	1	24	0.000194553	5140	1	FALSE	NA	NA	NA	NA	NA	NA
NC_045512.2	24083	C	A	5137	4398	43	2	0	24	0.000389105	5140	1	FALSE	NA	NA	NA	NA	NA	NA
NC_045512.2	24084	T	C	5485	4748	44	1	1	80	0.000182282	5486	0.500046	FALSE	NA	NA	NA	NA	NA	NA
NC_045512.2	24085	T	G	5125	4373	44	10	10	27	0.00194704	5136	1	FALSE	NA	NA	NA	NA	NA	NA
NC_045512.2	24085	T	C	5125	4373	44	1	0	32	0.000194704	5136	0.984316	FALSE	NA	NA	NA	NA	NA	NA
NC_045512.2	24087	G	T	3057	2208	38	35	35	25	0.0113195	3092	0.309606	FALSE	NA	NA	NA	NA	NA	NA
NC_045512.2	24088	T	G	4948	4180	45	32	32	26	0.0064257	4980	0.978066	FALSE	NA	NA	NA	NA	NA	NA
NC_045512.2	24091	T	G	5245	4548	45	3	3	29	0.000571429	5250	1	FALSE	NA	NA	NA	NA	NA	NA
NC_045512.2	24091	T	C	5245	4548	45	2	2	32	0.000380952	5250	0.9375	FALSE	NA	NA	NA	NA	NA	NA
NC_045512.2	24092	A	G	5326	4651	45	1	1	24	0.000187723	5327	1	FALSE	NA	NA	NA	NA	NA	NA
NC_045512.2	24093	T	G	5571	4935	46	1	1	24	0.000179437	5573	1	FALSE	NA	NA	NA	NA	NA	NA
NC_045512.2	24093	T	C	5571	4935	46	1	1	24	0.000179437	5573	1	FALSE	NA	NA	NA	NA	NA	NA
NC_045512.2	24094	T	G	5084	4442	45	8	8	26	0.00157078	5093	1	FALSE	NA	NA	NA	NA	NA	NA
NC_045512.2	24094	T	C	5084	4442	45	1	1	40	0.000196348	5093	0.499656	FALSE	NA	NA	NA	NA	NA	NA
NC_045512.2	24095	G	A	5525	4902	46	1	1	40	0.000180963	5526	0.500045	FALSE	NA	NA	NA	NA	NA	NA
NC_045512.2	24096	C	T	5062	4429	44	1	1	24	0.000197472	5064	1	FALSE	NA	NA	NA	NA	NA	NA
NC_045512.2	24096	C	A	5062	4429	44	1	1	52	0.000197472	5064	0.5	FALSE	NA	NA	NA	NA	NA	NA
NC_045512.2	24097	T	G	4974	4347	44	6	6	25	0.00120482	4980	1	FALSE	NA	NA	NA	NA	NA	NA
NC_045512.2	24098	G	T	5482	4854	46	2	2	24	0.000364697	5484	1	FALSE	NA	NA	NA	NA	NA	NA
NC_045512.2	24098	G	-CT	5482	4854	46	1	0	20	0.000182349	5484	1	FALSE	NA	NA	NA	NA	NA	NA
NC_045512.2	24099	C	T	5214	4589	44	2	2	28	0.000383436	5216	1	FALSE	NA	NA	NA	NA	NA	NA
NC_045512.2	24100	T	G	4573	3905	43	37	37	25	0.00802603	4610	0.865167	FALSE	NA	NA	NA	NA	NA	NA
NC_045512.2	24101	A	G	5157	4544	44	1	1	24	0.000193874	5158	1	FALSE	NA	NA	NA	NA	NA	NA
NC_045512.2	24102	G	T	5166	4556	43	15	15	26	0.00289464	5182	0.999999	FALSE	NA	NA	NA	NA	NA	NA
NC_045512.2	24102	G	A	5166	4556	43	1	0	80	0.000192976	5182	0.499324	FALSE	NA	NA	NA	NA	NA	NA
NC_045512.2	24104	G	T	5484	4862	46	1	1	24	0.000182315	5485	1	FALSE	NA	NA	NA	NA	NA	NA
NC_045512.2	24108	T	C	5187	4600	45	1	1	40	0.000192753	5188	0.500048	FALSE	NA	NA	NA	NA	NA	NA
NC_045512.2	24109	C	A	5139	4551	45	1	1	24	0.000194553	5140	1	FALSE	NA	NA	NA	NA	NA	NA
NC_045512.2	24111	T	G	5248	4660	46	1	1	24	0.000190512	5249	1	FALSE	NA	NA	NA	NA	NA	NA
NC_045512.2	24112	T	C	5209	4625	45	2	2	40	0.000383803	5211	0.250024	FALSE	NA	NA	NA	NA	NA	NA
NC_045512.2	24113	T	G	4581	3982	43	3	3	24	0.000654308	4585	1	FALSE	NA	NA	NA	NA	NA	NA
NC_045512.2	24113	T	C	4581	3982	43	1	1	40	0.000218103	4585	0.499891	FALSE	NA	NA	NA	NA	NA	NA
NC_045512.2	24115	T	G	4297	3701	43	22	22	26	0.00509377	4319	0.99714	FALSE	NA	NA	NA	NA	NA	NA
NC_045512.2	24116	G	T	4723	4152	44	1	1	40	0.000211595	4726	0.499947	FALSE	NA	NA	NA	NA	NA	NA
NC_045512.2	24116	G	A	4723	4152	44	2	2	40	0.000423191	4726	0.249974	FALSE	NA	NA	NA	NA	NA	NA
NC_045512.2	24119	C	G	4226	3640	42	1	1	24	0.000236351	4231	1	FALSE	NA	NA	NA	NA	NA	NA
NC_045512.2	24119	C	A	4226	3640	42	4	4	24	0.000945403	4231	1	FALSE	NA	NA	NA	NA	NA	NA
NC_045512.2	24124	G	T	4865	4313	46	1	1	24	0.000205508	4866	1	FALSE	NA	NA	NA	NA	NA	NA
NC_045512.2	24125	T	G	4809	4336	44	1	1	24	0.0002079	4810	1	FALSE	NA	NA	NA	NA	NA	NA
NC_045512.2	24126	T	G	4746	4283	44	1	1	24	0.000210615	4748	1	FALSE	NA	NA	NA	NA	NA	NA
NC_045512.2	24126	T	C	4746	4283	44	1	0	32	0.000210615	4748	0.968783	FALSE	NA	NA	NA	NA	NA	NA
NC_045512.2	24127	T	G	3870	3397	41	24	24	27	0.00616333	3894	0.972601	FALSE	NA	NA	NA	NA	NA	NA
NC_045512.2	24128	A	G	4840	4387	45	1	1	24	0.000206569	4841	1	FALSE	NA	NA	NA	NA	NA	NA
NC_045512.2	24130	C	T	4058	3622	41	4	4	24	0.000984737	4062	1	FALSE	NA	NA	NA	NA	NA	NA
NC_045512.2	24131	G	T	4088	3712	44	606	543	44	0.129101	4694	3.40944e-192	TRUE	NA	NA	NA	NA	NA	NA
NC_045512.2	24132	G	T	4418	3977	43	3	3	24	0.00067858	4421	1	FALSE	NA	NA	NA	NA	NA	NA
NC_045512.2	24133	C	T	4753	4320	45	1	0	64	0.000210349	4754	0.500053	FALSE	NA	NA	NA	NA	NA	NA
NC_045512.2	24136	T	G	4199	3770	41	2	2	24	0.000476077	4201	1	FALSE	NA	NA	NA	NA	NA	NA
NC_045512.2	24140	G	T	3827	3492	39	34	34	26	0.00880601	3861	0.723302	FALSE	NA	NA	NA	NA	NA	NA
NC_045512.2	24144	T	G	3858	3548	41	4	4	24	0.00103573	3862	1	FALSE	NA	NA	NA	NA	NA	NA
NC_045512.2	24145	G	T	4050	3738	41	5	5	30	0.00123274	4056	0.5	FALSE	NA	NA	NA	NA	NA	NA
NC_045512.2	24145	G	A	4050	3738	41	1	1	40	0.000246548	4056	0.499753	FALSE	NA	NA	NA	NA	NA	NA
NC_045512.2	24145	G	-C	4050	3738	41	1	0	20	0.000246548	4056	1	FALSE	NA	NA	NA	NA	NA	NA
NC_045512.2	24150	C	T	3753	3469	39	2	2	24	0.000532623	3755	1	FALSE	NA	NA	NA	NA	NA	NA
NC_045512.2	24151	T	G	4270	3987	43	1	1	36	0.000234137	4271	0.968805	FALSE	NA	NA	NA	NA	NA	NA
NC_045512.2	24152	T	G	4260	3978	43	1	1	24	0.000234632	4262	1	FALSE	NA	NA	NA	NA	NA	NA
NC_045512.2	24152	T	C	4260	3978	43	1	1	40	0.000234632	4262	0.5	FALSE	NA	NA	NA	NA	NA	NA
NC_045512.2	24153	T	G	3733	3440	40	9	9	27	0.00240513	3742	0.999996	FALSE	NA	NA	NA	NA	NA	NA
NC_045512.2	24155	C	T	4128	3849	41	2	2	32	0.000484262	4130	0.890767	FALSE	NA	NA	NA	NA	NA	NA
NC_045512.2	24157	C	T	4070	3803	40	1	1	24	0.000245399	4075	1	FALSE	NA	NA	NA	NA	NA	NA
NC_045512.2	24157	C	G	4070	3803	40	3	3	29	0.000736196	4075	1	FALSE	NA	NA	NA	NA	NA	NA
NC_045512.2	24157	C	A	4070	3803	40	1	1	80	0.000245399	4075	0.499816	FALSE	NA	NA	NA	NA	NA	NA
NC_045512.2	24158	A	T	4144	3883	42	1	1	40	0.000241255	4145	0.50006	FALSE	NA	NA	NA	NA	NA	NA
NC_045512.2	24160	A	C	3966	3709	41	1	1	40	0.00025208	3967	0.500063	FALSE	NA	NA	NA	NA	NA	NA
NC_045512.2	24162	A	G	3733	3479	39	4	4	28	0.00107038	3737	1	FALSE	NA	NA	NA	NA	NA	NA
NC_045512.2	24162	A	-T	3733	3479	39	1	0	20	0.000267594	3737	1	FALSE	NA	NA	NA	NA	NA	NA
NC_045512.2	24163	T	G	3584	3323	40	9	9	25	0.00250487	3593	0.999988	FALSE	NA	NA	NA	NA	NA	NA
NC_045512.2	24165	A	G	4112	3866	43	1	1	24	0.000243132	4113	1	FALSE	NA	NA	NA	NA	NA	NA
NC_045512.2	24167	A	G	3797	3552	39	2	2	32	0.000526454	3799	0.812665	FALSE	NA	NA	NA	NA	NA	NA
NC_045512.2	24168	T	G	3075	2826	38	31	31	25	0.00997747	3107	0.550716	FALSE	NA	NA	NA	NA	NA	NA
NC_045512.2	24168	T	C	3075	2826	38	1	1	40	0.000321854	3107	0.497574	FALSE	NA	NA	NA	NA	NA	NA
NC_045512.2	24169	G	A	3751	3513	40	2	2	24	0.000532907	3753	1	FALSE	NA	NA	NA	NA	NA	NA
NC_045512.2	24170	A	G	3531	3299	38	3	3	29	0.000848896	3534	1	FALSE	NA	NA	NA	NA	NA	NA
NC_045512.2	24171	T	G	3805	3581	42	2	2	32	0.000525348	3807	0.812664	FALSE	NA	NA	NA	NA	NA	NA
NC_045512.2	24172	T	G	3373	3150	39	15	15	25	0.00442608	3389	0.997323	FALSE	NA	NA	NA	NA	NA	NA
NC_045512.2	24172	T	C	3373	3150	39	1	1	40	0.000295072	3389	0.498965	FALSE	NA	NA	NA	NA	NA	NA
NC_045512.2	24173	G	A	3231	3008	35	2	2	24	0.00061862	3233	1	FALSE	NA	NA	NA	NA	NA	NA
NC_045512.2	24174	C	T	3689	3475	41	1	1	24	0.000271003	3690	1	FALSE	NA	NA	NA	NA	NA	NA
NC_045512.2	24179	T	G	3627	3422	41	3	3	29	0.000826446	3630	1	FALSE	NA	NA	NA	NA	NA	NA
NC_045512.2	24184	T	G	3317	3120	43	3	3	34	0.000903342	3321	0.656321	FALSE	NA	NA	NA	NA	NA	NA
NC_045512.2	24184	T	C	3317	3120	43	1	1	40	0.000301114	3321	0.499849	FALSE	NA	NA	NA	NA	NA	NA
NC_045512.2	24186	C	T	3175	3007	42	1	1	24	0.000314861	3176	1	FALSE	NA	NA	NA	NA	NA	NA
NC_045512.2	24189	C	G	2706	2546	43	1	1	40	0.000369413	2707	0.500092	FALSE	NA	NA	NA	NA	NA	NA
NC_045512.2	24193	G	C	3147	2105	42	1	1	48	0.000317662	3148	0.500079	FALSE	NA	NA	NA	NA	NA	NA
NC_045512.2	24194	T	G	2968	1930	41	1	0	40	0.000336814	2969	0.500084	FALSE	NA	NA	NA	NA	NA	NA
NC_045512.2	24196	A	G	2966	1943	42	1	0	40	0.0003367	2970	0.499832	FALSE	NA	NA	NA	NA	NA	NA
NC_045512.2	24196	A	C	2966	1943	42	3	0	24	0.0010101	2970	1	FALSE	NA	NA	NA	NA	NA	NA
NC_045512.2	24200	G	T	2721	1653	42	2	2	32	0.000734484	2723	0.687707	FALSE	NA	NA	NA	NA	NA	NA
NC_045512.2	24201	G	A	2740	1667	42	1	0	40	0.00036483	2741	0.500091	FALSE	NA	NA	NA	NA	NA	NA
NC_045512.2	24202	T	G	2384	1323	42	2	1	28	0.000837872	2387	0.999999	FALSE	NA	NA	NA	NA	NA	NA
NC_045512.2	24202	T	C	2384	1323	42	1	0	40	0.000418936	2387	0.499895	FALSE	NA	NA	NA	NA	NA	NA
NC_045512.2	24205	A	G	2366	1286	42	2	2	32	0.000844238	2369	0.687579	FALSE	NA	NA	NA	NA	NA	NA
NC_045512.2	24205	A	C	2366	1286	42	1	1	40	0.000422119	2369	0.499894	FALSE	NA	NA	NA	NA	NA	NA
NC_045512.2	24209	A	C	1086	70	42	1	0	40	0.000919963	1087	0.50023	FALSE	NA	NA	NA	NA	NA	NA
NC_045512.2	24211	T	C	1153	73	42	2	0	24	0.0017316	1155	0.99834	FALSE	NA	NA	NA	NA	NA	NA
NC_045512.2	24217	T	C	1182	75	42	1	0	24	0.000845309	1183	0.999764	FALSE	NA	NA	NA	NA	NA	NA
NC_045512.2	24231	C	T	1279	93	42	1	0	40	0.00078125	1280	0.500195	FALSE	NA	NA	NA	NA	NA	NA
NC_045512.2	24234	G	C	1310	97	43	1	0	32	0.000762777	1311	0.750286	FALSE	NA	NA	NA	NA	NA	NA
NC_045512.2	24250	A	C	1459	125	43	1	0	24	0.000684932	1460	0.999971	FALSE	NA	NA	NA	NA	NA	NA
NC_045512.2	24251	C	T	1473	125	44	1	0	80	0.000678426	1474	0.50017	FALSE	NA	NA	NA	NA	NA	NA
NC_045512.2	24256	T	C	1476	127	44	1	0	40	0.000677048	1477	0.500169	FALSE	NA	NA	NA	NA	NA	NA
NC_045512.2	24260	A	C	1476	131	44	1	0	24	0.000677048	1477	0.999971	FALSE	NA	NA	NA	NA	NA	NA
NC_045512.2	24263	C	A	1506	146	45	1	0	24	0.00066357	1507	0.999985	FALSE	NA	NA	NA	NA	NA	NA
NC_045512.2	24270	C	T	1566	155	43	2	0	40	0.00127551	1568	0.25008	FALSE	NA	NA	NA	NA	NA	NA
NC_045512.2	24275	A	C	1593	169	45	1	0	40	0.000627353	1594	0.500157	FALSE	NA	NA	NA	NA	NA	NA
NC_045512.2	24280	T	C	1688	213	48	1	0	40	0.000592066	1689	0.500148	FALSE	NA	NA	NA	NA	NA	NA
NC_045512.2	24281	A	C	1660	228	47	1	0	24	0.000602047	1661	0.999993	FALSE	NA	NA	NA	NA	NA	NA
NC_045512.2	24282	A	C	1676	227	47	1	0	40	0.000596303	1677	0.500149	FALSE	NA	NA	NA	NA	NA	NA
NC_045512.2	24292	A	C	1817	255	48	1	0	24	0.000550055	1818	0.999998	FALSE	NA	NA	NA	NA	NA	NA
NC_045512.2	24297	C	A	1809	314	51	1	0	24	0.000552486	1810	0.999998	FALSE	NA	NA	NA	NA	NA	NA
NC_045512.2	24300	A	C	1806	304	51	1	0	40	0.000553403	1807	0.500138	FALSE	NA	NA	NA	NA	NA	NA
NC_045512.2	24303	A	C	1827	315	51	1	0	24	0.000547046	1828	0.999998	FALSE	NA	NA	NA	NA	NA	NA
NC_045512.2	24305	G	A	1833	310	52	1	0	40	0.000545256	1834	0.500136	FALSE	NA	NA	NA	NA	NA	NA
NC_045512.2	24307	T	C	1837	323	52	1	0	40	0.00054407	1838	0.500136	FALSE	NA	NA	NA	NA	NA	NA
NC_045512.2	24309	T	C	1842	332	52	1	0	40	0.000542594	1843	0.500136	FALSE	NA	NA	NA	NA	NA	NA
NC_045512.2	24310	C	A	1766	343	48	2	0	32	0.00113122	1768	0.500212	FALSE	NA	NA	NA	NA	NA	NA
NC_045512.2	24316	G	A	1844	336	53	2	0	40	0.00108342	1846	0.250068	FALSE	NA	NA	NA	NA	NA	NA
NC_045512.2	24318	A	G	1838	350	53	1	0	40	0.000543774	1839	0.500136	FALSE	NA	NA	NA	NA	NA	NA
NC_045512.2	24321	A	C	1832	366	53	3	0	24	0.00163488	1835	0.999894	FALSE	NA	NA	NA	NA	NA	NA
NC_045512.2	24322	A	G	1808	366	52	1	0	40	0.000552792	1809	0.500138	FALSE	NA	NA	NA	NA	NA	NA
NC_045512.2	24327	T	G	1702	419	52	1	0	40	0.000587199	1703	0.500147	FALSE	NA	NA	NA	NA	NA	NA
NC_045512.2	24335	A	C	1480	511	50	1	0	24	0.000675219	1481	0.999971	FALSE	NA	NA	NA	NA	NA	NA
NC_045512.2	24341	T	C	1545	573	50	1	1	40	0.000646831	1546	0.500162	FALSE	NA	NA	NA	NA	NA	NA
NC_045512.2	24344	A	C	1453	623	48	1	0	24	0.000687758	1454	0.999971	FALSE	NA	NA	NA	NA	NA	NA
NC_045512.2	24364	T	G	1491	842	50	1	1	24	0.000670241	1492	0.999971	FALSE	NA	NA	NA	NA	NA	NA
NC_045512.2	24365	C	T	1487	856	49	1	0	40	0.000671592	1489	0.5	FALSE	NA	NA	NA	NA	NA	NA
NC_045512.2	24365	C	A	1487	856	49	1	0	24	0.000671592	1489	0.999971	FALSE	NA	NA	NA	NA	NA	NA
NC_045512.2	24369	A	C	1514	906	50	1	0	24	0.000660066	1515	0.999985	FALSE	NA	NA	NA	NA	NA	NA
NC_045512.2	24370	C	A	1505	909	49	1	1	24	0.000664011	1506	0.999985	FALSE	NA	NA	NA	NA	NA	NA
NC_045512.2	24377	T	-C	1512	939	50	1	0	20	0.000661376	1512	0.999985	FALSE	NA	NA	NA	NA	NA	NA
NC_045512.2	24378	C	T	0	0	0	1540	982	50	1	1540	0	TRUE	NA	NA	NA	NA	NA	NA
NC_045512.2	24384	C	A	1526	1036	49	1	1	24	0.000654879	1527	0.999985	FALSE	NA	NA	NA	NA	NA	NA
NC_045512.2	24396	T	G	1531	1140	49	1	1	24	0.000652742	1532	0.999985	FALSE	NA	NA	NA	NA	NA	NA
NC_045512.2	24397	T	C	1552	1167	50	1	1	40	0.000643915	1553	0.500161	FALSE	NA	NA	NA	NA	NA	NA
NC_045512.2	24400	A	G	1764	1452	52	3	3	40	0.00169779	1767	0.125	FALSE	NA	NA	NA	NA	NA	NA
NC_045512.2	24405	T	C	1788	1499	50	1	1	80	0.000558971	1789	0.50014	FALSE	NA	NA	NA	NA	NA	NA
NC_045512.2	24406	T	C	1794	1505	51	2	2	40	0.00111359	1796	0.25007	FALSE	NA	NA	NA	NA	NA	NA
NC_045512.2	24412	T	G	1791	1505	51	1	1	24	0.000558036	1792	0.999996	FALSE	NA	NA	NA	NA	NA	NA
NC_045512.2	24416	G	T	1762	1481	51	1	1	24	0.000566893	1764	0.999996	FALSE	NA	NA	NA	NA	NA	NA
NC_045512.2	24416	G	C	1762	1481	51	1	1	24	0.000566893	1764	0.999996	FALSE	NA	NA	NA	NA	NA	NA
NC_045512.2	24424	A	T	0	0	0	1756	1510	50	1	1756	0	TRUE	NA	NA	NA	NA	NA	NA
NC_045512.2	24428	G	C	1737	1529	48	1	1	40	0.000575374	1738	0.500144	FALSE	NA	NA	NA	NA	NA	NA
NC_045512.2	24437	T	C	1599	1430	47	1	1	32	0.000625	1600	0.750234	FALSE	NA	NA	NA	NA	NA	NA
NC_045512.2	24438	T	G	1595	1425	46	1	1	24	0.000626566	1596	0.999985	FALSE	NA	NA	NA	NA	NA	NA
NC_045512.2	24448	T	C	1452	1326	45	1	1	40	0.000688231	1453	0.500172	FALSE	NA	NA	NA	NA	NA	NA
NC_045512.2	24469	T	A	0	0	0	1340	1247	44	1	1340	0	TRUE	NA	NA	NA	NA	NA	NA
NC_045512.2	24471	T	C	1318	1225	44	1	1	40	0.00075815	1319	0.50019	FALSE	NA	NA	NA	NA	NA	NA
NC_045512.2	24472	T	G	3854	1434	41	1	1	24	0.000259269	3857	1	FALSE	NA	NA	NA	NA	NA	NA
NC_045512.2	24472	T	C	3854	1434	41	2	0	32	0.000518538	3857	0.812581	FALSE	NA	NA	NA	NA	NA	NA
NC_045512.2	24473	G	C	3854	1444	41	1	0	40	0.000259336	3856	0.5	FALSE	NA	NA	NA	NA	NA	NA
NC_045512.2	24473	G	A	3854	1444	41	1	1	24	0.000259336	3856	1	FALSE	NA	NA	NA	NA	NA	NA
NC_045512.2	24474	G	C	3978	1437	41	1	1	24	0.000251319	3979	1	FALSE	NA	NA	NA	NA	NA	NA
NC_045512.2	24475	T	G	3982	1441	41	1	0	24	0.000251067	3983	1	FALSE	NA	NA	NA	NA	NA	NA
NC_045512.2	24478	A	C	4109	1454	41	2	0	40	0.0004865	4111	0.25003	FALSE	NA	NA	NA	NA	NA	NA
NC_045512.2	24479	A	C	4274	1462	41	2	0	24	0.000467727	4276	1	FALSE	NA	NA	NA	NA	NA	NA
NC_045512.2	24484	A	G	4395	1460	41	1	0	24	0.000227376	4398	1	FALSE	NA	NA	NA	NA	NA	NA
NC_045512.2	24484	A	C	4395	1460	41	2	0	32	0.000454752	4398	0.890705	FALSE	NA	NA	NA	NA	NA	NA
NC_045512.2	24485	A	G	4392	1453	41	1	1	40	0.000227428	4397	0.499829	FALSE	NA	NA	NA	NA	NA	NA
NC_045512.2	24485	A	C	4392	1453	41	4	0	28	0.000909711	4397	1	FALSE	NA	NA	NA	NA	NA	NA
NC_045512.2	24487	T	G	4444	1442	41	1	1	24	0.000224972	4445	1	FALSE	NA	NA	NA	NA	NA	NA
NC_045512.2	24490	T	G	4983	1421	42	1	0	40	0.000200642	4984	0.50005	FALSE	NA	NA	NA	NA	NA	NA
NC_045512.2	24491	T	G	4979	1439	41	1	0	40	0.000200803	4980	0.50005	FALSE	NA	NA	NA	NA	NA	NA
NC_045512.2	24492	T	G	4954	1408	40	1	1	24	0.000201816	4955	1	FALSE	NA	NA	NA	NA	NA	NA
NC_045512.2	24493	A	C	5007	1449	41	5	2	30	0.000997606	5012	0.623231	FALSE	NA	NA	NA	NA	NA	NA
NC_045512.2	24495	A	C	5264	1455	41	2	0	24	0.000379795	5266	1	FALSE	NA	NA	NA	NA	NA	NA
NC_045512.2	24496	T	G	5300	1452	41	1	1	32	0.000188644	5301	0.984406	FALSE	NA	NA	NA	NA	NA	NA
NC_045512.2	24497	G	C	5228	1381	41	1	1	40	0.000191241	5229	0.500048	FALSE	NA	NA	NA	NA	NA	NA
NC_045512.2	24499	T	C	5568	1379	42	1	0	24	0.000179565	5569	1	FALSE	NA	NA	NA	NA	NA	NA
NC_045512.2	24500	A	C	5570	1389	41	1	0	24	0.000179501	5571	1	FALSE	NA	NA	NA	NA	NA	NA
NC_045512.2	24501	T	G	5615	1380	42	3	0	34	0.000533713	5621	0.85544	FALSE	NA	NA	NA	NA	NA	NA
NC_045512.2	24501	T	C	5615	1380	42	3	1	34	0.000533713	5621	0.85544	FALSE	NA	NA	NA	NA	NA	NA
NC_045512.2	24502	C	T	6004	1391	42	1	1	80	0.000166445	6008	0.499917	FALSE	NA	NA	NA	NA	NA	NA
NC_045512.2	24502	C	G	6004	1391	42	3	0	40	0.000499334	6008	0.124969	FALSE	NA	NA	NA	NA	NA	NA
NC_045512.2	24503	C	A	5381	1334	41	626	51	42	0.104212	6007	1.30212e-196	TRUE	NA	NA	NA	NA	NA	NA
NC_045512.2	24504	T	G	6041	1331	41	1	1	32	0.000165481	6043	0.992201	FALSE	NA	NA	NA	NA	NA	NA
NC_045512.2	24504	T	C	6041	1331	41	1	0	40	0.000165481	6043	0.5	FALSE	NA	NA	NA	NA	NA	NA
NC_045512.2	24505	T	C	6047	1393	42	1	0	40	0.000165344	6048	0.500041	FALSE	NA	NA	NA	NA	NA	NA
NC_045512.2	24506	T	C	6046	1391	42	1	0	32	0.000165371	6047	0.992206	FALSE	NA	NA	NA	NA	NA	NA
NC_045512.2	24508	A	C	6001	1421	42	1	0	24	0.000166611	6002	1	FALSE	NA	NA	NA	NA	NA	NA
NC_045512.2	24511	T	C	6115	1294	43	1	0	24	0.000163506	6116	1	FALSE	NA	NA	NA	NA	NA	NA
NC_045512.2	24512	C	G	6092	1327	43	3	0	34	0.000492126	6096	0.910237	FALSE	NA	NA	NA	NA	NA	NA
NC_045512.2	24512	C	A	6092	1327	43	1	0	40	0.000164042	6096	0.499918	FALSE	NA	NA	NA	NA	NA	NA
NC_045512.2	24513	T	C	6083	1341	43	2	0	32	0.000328677	6085	0.964907	FALSE	NA	NA	NA	NA	NA	NA
NC_045512.2	24516	A	T	6187	1375	44	1	0	40	0.000161525	6191	0.499919	FALSE	NA	NA	NA	NA	NA	NA
NC_045512.2	24516	A	G	6187	1375	44	1	0	24	0.000161525	6191	1	FALSE	NA	NA	NA	NA	NA	NA
NC_045512.2	24516	A	C	6187	1375	44	2	0	24	0.00032305	6191	1	FALSE	NA	NA	NA	NA	NA	NA
NC_045512.2	24518	A	T	6126	1363	44	1	1	40	0.000163185	6128	0.5	FALSE	NA	NA	NA	NA	NA	NA
NC_045512.2	24518	A	G	6126	1363	44	1	1	24	0.000163185	6128	1	FALSE	NA	NA	NA	NA	NA	NA
NC_045512.2	24519	A	G	6143	1363	44	1	1	40	0.00016276	6144	0.500041	FALSE	NA	NA	NA	NA	NA	NA
NC_045512.2	24520	A	C	6291	1377	44	2	0	32	0.000317813	6293	0.964905	FALSE	NA	NA	NA	NA	NA	NA
NC_045512.2	24522	T	G	6446	1381	44	1	1	24	0.000155087	6448	1	FALSE	NA	NA	NA	NA	NA	NA
NC_045512.2	24522	T	C	6446	1381	44	1	0	40	0.000155087	6448	0.5	FALSE	NA	NA	NA	NA	NA	NA
NC_045512.2	24523	T	G	6427	1354	44	1	1	24	0.000155545	6429	1	FALSE	NA	NA	NA	NA	NA	NA
NC_045512.2	24523	T	C	6427	1354	44	1	0	24	0.000155545	6429	1	FALSE	NA	NA	NA	NA	NA	NA
NC_045512.2	24525	A	C	6468	1348	44	1	0	24	0.000154583	6469	1	FALSE	NA	NA	NA	NA	NA	NA
NC_045512.2	24527	G	A	6510	1350	44	1	0	40	0.000153586	6511	0.500038	FALSE	NA	NA	NA	NA	NA	NA
NC_045512.2	24529	T	C	6444	1350	45	2	0	32	0.00031027	6446	0.964903	FALSE	NA	NA	NA	NA	NA	NA
NC_045512.2	24531	A	C	6376	1303	45	4	0	36	0.000626959	6380	0.828286	FALSE	NA	NA	NA	NA	NA	NA
NC_045512.2	24537	A	C	5926	720	46	1	0	40	0.000168719	5927	0.500042	FALSE	NA	NA	NA	NA	NA	NA
NC_045512.2	24539	A	C	5974	730	46	2	0	24	0.000334672	5976	1	FALSE	NA	NA	NA	NA	NA	NA
NC_045512.2	24543	A	G	6393	763	46	1	0	80	0.000156274	6399	0.499844	FALSE	NA	NA	NA	NA	NA	NA
NC_045512.2	24543	A	C	6393	763	46	5	0	24	0.000781372	6399	1	FALSE	NA	NA	NA	NA	NA	NA
NC_045512.2	24544	T	G	6443	761	46	1	1	24	0.000155183	6444	1	FALSE	NA	NA	NA	NA	NA	NA
NC_045512.2	24545	A	G	6435	762	46	2	0	40	0.000310559	6440	0.249903	FALSE	NA	NA	NA	NA	NA	NA
NC_045512.2	24545	A	C	6435	762	46	3	0	24	0.000465839	6440	1	FALSE	NA	NA	NA	NA	NA	NA
NC_045512.2	24548	T	C	6769	778	46	1	0	24	0.00014771	6770	1	FALSE	NA	NA	NA	NA	NA	NA
NC_045512.2	24551	A	G	6936	809	45	2	0	40	0.000288226	6939	0.249982	FALSE	NA	NA	NA	NA	NA	NA
NC_045512.2	24551	A	C	6936	809	45	1	0	40	0.000144113	6939	0.499964	FALSE	NA	NA	NA	NA	NA	NA
NC_045512.2	24554	A	C	6960	811	46	3	0	29	0.000430849	6963	1	FALSE	NA	NA	NA	NA	NA	NA
NC_045512.2	24555	C	A	7005	817	45	2	0	24	0.000285429	7007	1	FALSE	NA	NA	NA	NA	NA	NA
NC_045512.2	24557	G	T	7029	800	45	2	1	32	0.000284374	7033	0.980489	FALSE	NA	NA	NA	NA	NA	NA
NC_045512.2	24557	G	A	7029	800	45	2	1	44	0.000284374	7033	0.249947	FALSE	NA	NA	NA	NA	NA	NA
NC_045512.2	24558	G	A	7041	909	47	1	0	40	0.000142005	7042	0.500036	FALSE	NA	NA	NA	NA	NA	NA
NC_045512.2	24560	A	C	7020	923	47	1	0	40	0.00014243	7021	0.500036	FALSE	NA	NA	NA	NA	NA	NA
NC_045512.2	24562	A	G	7139	991	48	2	0	52	0.000280073	7141	0.250018	FALSE	NA	NA	NA	NA	NA	NA
NC_045512.2	24564	T	G	7237	1068	48	1	1	40	0.00013816	7238	0.500035	FALSE	NA	NA	NA	NA	NA	NA
NC_045512.2	24565	T	C	7235	1155	50	4	0	36	0.000552563	7239	0.886852	FALSE	NA	NA	NA	NA	NA	NA
NC_045512.2	24566	C	A	7180	1165	48	2	0	32	0.000278474	7182	0.980508	FALSE	NA	NA	NA	NA	NA	NA
NC_045512.2	24567	A	C	7211	1169	49	1	0	24	0.000138658	7212	1	FALSE	NA	NA	NA	NA	NA	NA
NC_045512.2	24568	A	C	7199	1172	49	3	0	24	0.000416551	7202	1	FALSE	NA	NA	NA	NA	NA	NA
NC_045512.2	24569	A	C	7229	1171	49	1	0	24	0.000138313	7230	1	FALSE	NA	NA	NA	NA	NA	NA
NC_045512.2	24571	T	C	7296	1218	50	1	0	24	0.000137043	7297	1	FALSE	NA	NA	NA	NA	NA	NA
NC_045512.2	24572	T	C	7312	1228	50	1	0	40	0.000136724	7314	0.5	FALSE	NA	NA	NA	NA	NA	NA
NC_045512.2	24572	T	A	7312	1228	50	1	0	40	0.000136724	7314	0.5	FALSE	NA	NA	NA	NA	NA	NA
NC_045512.2	24573	T	G	7301	1222	50	1	1	24	0.00013693	7303	1	FALSE	NA	NA	NA	NA	NA	NA
NC_045512.2	24573	T	C	7301	1222	50	1	0	40	0.00013693	7303	0.5	FALSE	NA	NA	NA	NA	NA	NA
NC_045512.2	24575	C	T	7316	1229	50	2	1	60	0.000273299	7318	0.250017	FALSE	NA	NA	NA	NA	NA	NA
NC_045512.2	24576	A	G	7302	1238	50	5	1	44	0.000684182	7308	0.0312286	FALSE	NA	NA	NA	NA	NA	NA
NC_045512.2	24576	A	C	7302	1238	50	1	0	24	0.000136836	7308	1	FALSE	NA	NA	NA	NA	NA	NA
NC_045512.2	24580	A	C	7712	1317	51	1	1	80	0.000129651	7713	0.500032	FALSE	NA	NA	NA	NA	NA	NA
NC_045512.2	24581	T	C	7766	1366	51	1	0	24	0.00012875	7767	1	FALSE	NA	NA	NA	NA	NA	NA
NC_045512.2	24582	A	C	7797	1429	52	1	0	24	0.000128238	7798	1	FALSE	NA	NA	NA	NA	NA	NA
NC_045512.2	24583	T	C	7809	1431	52	2	1	60	0.000256049	7811	0.250016	FALSE	NA	NA	NA	NA	NA	NA
NC_045512.2	24587	A	G	7725	1455	52	1	0	80	0.000129433	7726	0.500032	FALSE	NA	NA	NA	NA	NA	NA
NC_045512.2	24588	C	T	7605	1490	52	1	1	32	0.000131354	7613	0.996089	FALSE	NA	NA	NA	NA	NA	NA
NC_045512.2	24588	C	A	7605	1490	52	7	0	24	0.00091948	7613	1	FALSE	NA	NA	NA	NA	NA	NA
NC_045512.2	24590	C	G	7565	1566	53	1	1	24	0.000132083	7571	1	FALSE	NA	NA	NA	NA	NA	NA
NC_045512.2	24590	C	A	7565	1566	53	5	0	24	0.000660415	7571	1	FALSE	NA	NA	NA	NA	NA	NA
NC_045512.2	24592	A	G	7636	1604	54	1	1	36	0.000130907	7639	0.996099	FALSE	NA	NA	NA	NA	NA	NA
NC_045512.2	24592	A	C	7636	1604	54	2	0	24	0.000261814	7639	1	FALSE	NA	NA	NA	NA	NA	NA
NC_045512.2	24593	C	A	7696	1618	54	2	0	32	0.000259808	7698	0.980505	FALSE	NA	NA	NA	NA	NA	NA
NC_045512.2	24594	A	G	7721	1614	55	1	0	32	0.000129483	7723	0.996101	FALSE	NA	NA	NA	NA	NA	NA
NC_045512.2	24594	A	C	7721	1614	55	1	0	24	0.000129483	7723	1	FALSE	NA	NA	NA	NA	NA	NA
NC_045512.2	24595	A	C	7755	1698	55	2	0	32	0.000257832	7757	0.980505	FALSE	NA	NA	NA	NA	NA	NA
NC_045512.2	24597	T	G	7797	1904	57	1	1	32	0.000128222	7799	0.996101	FALSE	NA	NA	NA	NA	NA	NA
NC_045512.2	24597	T	C	7797	1904	57	1	0	40	0.000128222	7799	0.5	FALSE	NA	NA	NA	NA	NA	NA
NC_045512.2	24598	A	G	7821	1940	56	1	0	80	0.000127828	7823	0.5	FALSE	NA	NA	NA	NA	NA	NA
NC_045512.2	24598	A	C	7821	1940	56	1	0	24	0.000127828	7823	1	FALSE	NA	NA	NA	NA	NA	NA
NC_045512.2	24601	T	G	7743	2155	58	1	1	32	0.000129132	7744	0.996103	FALSE	NA	NA	NA	NA	NA	NA
NC_045512.2	24602	A	G	7680	2148	58	1	0	40	0.000130174	7682	0.5	FALSE	NA	NA	NA	NA	NA	NA
NC_045512.2	24602	A	C	7680	2148	58	1	0	24	0.000130174	7682	1	FALSE	NA	NA	NA	NA	NA	NA
NC_045512.2	24604	A	G	7532	2288	58	1	0	40	0.000132749	7533	0.500033	FALSE	NA	NA	NA	NA	NA	NA
NC_045512.2	24605	G	C	7548	2293	58	1	0	52	0.000132468	7549	0.500033	FALSE	NA	NA	NA	NA	NA	NA
NC_045512.2	24606	C	T	7131	2666	56	1	0	40	0.000140193	7133	0.5	FALSE	NA	NA	NA	NA	NA	NA
NC_045512.2	24606	C	G	7131	2666	56	1	0	40	0.000140193	7133	0.5	FALSE	NA	NA	NA	NA	NA	NA
NC_045512.2	24608	G	T	7198	2662	56	1	0	80	0.000138889	7200	0.5	FALSE	NA	NA	NA	NA	NA	NA
NC_045512.2	24608	G	C	7198	2662	56	1	0	40	0.000138889	7200	0.5	FALSE	NA	NA	NA	NA	NA	NA
NC_045512.2	24610	A	G	7180	2659	56	2	1	80	0.000278435	7183	0.249983	FALSE	NA	NA	NA	NA	NA	NA
NC_045512.2	24610	A	C	7180	2659	56	1	0	40	0.000139218	7183	0.499965	FALSE	NA	NA	NA	NA	NA	NA
NC_045512.2	24612	A	G	7212	2725	57	1	1	80	0.000138639	7213	0.500035	FALSE	NA	NA	NA	NA	NA	NA
NC_045512.2	24613	A	C	7140	2835	56	1	0	24	0.000140036	7141	1	FALSE	NA	NA	NA	NA	NA	NA
NC_045512.2	24614	A	G	7140	2873	56	1	0	32	0.000140017	7142	0.996101	FALSE	NA	NA	NA	NA	NA	NA
NC_045512.2	24614	A	C	7140	2873	56	1	0	24	0.000140017	7142	1	FALSE	NA	NA	NA	NA	NA	NA
NC_045512.2	24620	G	A	7227	3222	57	1	0	80	0.000138351	7228	0.500035	FALSE	NA	NA	NA	NA	NA	NA
NC_045512.2	24622	T	C	7169	3193	57	2	0	32	0.000278901	7171	0.980508	FALSE	NA	NA	NA	NA	NA	NA
NC_045512.2	24623	T	G	7224	3280	58	1	1	24	0.000138389	7226	1	FALSE	NA	NA	NA	NA	NA	NA
NC_045512.2	24623	T	C	7224	3280	58	1	0	24	0.000138389	7226	1	FALSE	NA	NA	NA	NA	NA	NA
NC_045512.2	24624	C	A	7153	3358	55	8	0	24	0.00111716	7161	1	FALSE	NA	NA	NA	NA	NA	NA
NC_045512.2	24625	T	C	7294	3332	57	1	0	24	0.00013708	7295	1	FALSE	NA	NA	NA	NA	NA	NA
NC_045512.2	24629	A	G	7272	3412	57	1	1	24	0.000137476	7274	1	FALSE	NA	NA	NA	NA	NA	NA
NC_045512.2	24629	A	C	7272	3412	57	1	0	24	0.000137476	7274	1	FALSE	NA	NA	NA	NA	NA	NA
NC_045512.2	24630	A	G	7264	3464	57	2	2	60	0.000275255	7266	0.250017	FALSE	NA	NA	NA	NA	NA	NA
NC_045512.2	24635	G	C	7262	3674	57	2	0	40	0.00027533	7264	0.250017	FALSE	NA	NA	NA	NA	NA	NA
NC_045512.2	24637	T	C	7098	3852	55	1	0	32	0.000140865	7099	0.996104	FALSE	NA	NA	NA	NA	NA	NA
NC_045512.2	24639	C	G	7117	3895	55	1	1	40	0.000140489	7118	0.500035	FALSE	NA	NA	NA	NA	NA	NA
NC_045512.2	24641	A	G	7145	3904	55	1	1	80	0.000139919	7147	0.5	FALSE	NA	NA	NA	NA	NA	NA
NC_045512.2	24641	A	C	7145	3904	55	1	0	24	0.000139919	7147	1	FALSE	NA	NA	NA	NA	NA	NA
NC_045512.2	24643	T	G	7240	4184	55	2	2	24	0.000276167	7242	1	FALSE	NA	NA	NA	NA	NA	NA
NC_045512.2	24646	A	G	7270	4395	56	1	0	40	0.000137533	7271	0.500034	FALSE	NA	NA	NA	NA	NA	NA
NC_045512.2	24648	T	G	7353	4499	56	1	1	24	0.00013598	7354	1	FALSE	NA	NA	NA	NA	NA	NA
NC_045512.2	24649	G	T	7348	4513	56	2	2	32	0.000272109	7350	0.980507	FALSE	NA	NA	NA	NA	NA	NA
NC_045512.2	24650	T	G	7239	4589	55	3	3	24	0.00041425	7242	1	FALSE	NA	NA	NA	NA	NA	NA
NC_045512.2	24653	G	C	7220	4805	54	1	0	40	0.000138485	7221	0.500035	FALSE	NA	NA	NA	NA	NA	NA
NC_045512.2	24654	A	G	7321	4961	54	1	1	40	0.000136575	7322	0.500034	FALSE	NA	NA	NA	NA	NA	NA
NC_045512.2	24656	T	G	7201	4873	54	1	1	24	0.00013885	7202	1	FALSE	NA	NA	NA	NA	NA	NA
NC_045512.2	24662	C	T	7322	5100	54	1	1	40	0.000136556	7323	0.500034	FALSE	NA	NA	NA	NA	NA	NA
NC_045512.2	24663	T	G	7215	4993	53	2	2	32	0.000277123	7217	0.980508	FALSE	NA	NA	NA	NA	NA	NA
NC_045512.2	24664	T	G	7084	4892	53	2	2	24	0.000282247	7086	1	FALSE	NA	NA	NA	NA	NA	NA
NC_045512.2	24666	G	T	6959	4847	51	1	1	24	0.000143678	6960	1	FALSE	NA	NA	NA	NA	NA	NA
NC_045512.2	24671	T	G	6976	4958	53	1	1	24	0.000143328	6977	1	FALSE	NA	NA	NA	NA	NA	NA
NC_045512.2	24672	C	+G	7009	5077	53	1	0	20	0.000142674	7009	1	FALSE	NA	NA	NA	NA	NA	NA
NC_045512.2	24672	C	+A	7009	5077	53	425	0	20	0.0606363	7009	1.10913e-60	TRUE	NA	NA	NA	NA	NA	NA
NC_045512.2	24673	A	G	7017	5092	53	1	0	24	0.00014247	7019	1	FALSE	NA	NA	NA	NA	NA	NA
NC_045512.2	24673	A	C	7017	5092	53	1	0	24	0.00014247	7019	1	FALSE	NA	NA	NA	NA	NA	NA
NC_045512.2	24674	A	G	7100	5254	53	2	2	52	0.000281611	7102	0.250018	FALSE	NA	NA	NA	NA	NA	NA
NC_045512.2	24677	A	G	7197	5460	53	1	1	40	0.000138927	7198	0.500035	FALSE	NA	NA	NA	NA	NA	NA
NC_045512.2	24679	A	G	7071	5368	54	1	0	80	0.000141383	7073	0.5	FALSE	NA	NA	NA	NA	NA	NA
NC_045512.2	24679	A	C	7071	5368	54	1	0	24	0.000141383	7073	1	FALSE	NA	NA	NA	NA	NA	NA
NC_045512.2	24680	G	T	7020	5308	53	1	1	24	0.00014243	7021	1	FALSE	NA	NA	NA	NA	NA	NA
NC_045512.2	24682	T	G	7347	5803	54	2	2	24	0.000272109	7350	1	FALSE	NA	NA	NA	NA	NA	NA
NC_045512.2	24682	T	C	7347	5803	54	1	1	40	0.000136054	7350	0.499966	FALSE	NA	NA	NA	NA	NA	NA
NC_045512.2	24684	A	+G	7394	5923	54	1	0	20	0.000135245	7394	1	FALSE	NA	NA	NA	NA	NA	NA
NC_045512.2	24686	T	G	7378	5911	54	1	1	24	0.00013552	7379	1	FALSE	NA	NA	NA	NA	NA	NA
NC_045512.2	24687	T	G	7335	5876	54	2	2	36	0.000272591	7337	0.980507	FALSE	NA	NA	NA	NA	NA	NA
NC_045512.2	24688	T	G	7316	5858	54	1	1	24	0.000136649	7318	1	FALSE	NA	NA	NA	NA	NA	NA
NC_045512.2	24688	T	C	7316	5858	54	1	1	40	0.000136649	7318	0.5	FALSE	NA	NA	NA	NA	NA	NA
NC_045512.2	24689	T	G	7316	5863	54	1	1	24	0.000136649	7318	1	FALSE	NA	NA	NA	NA	NA	NA
NC_045512.2	24689	T	C	7316	5863	54	1	1	40	0.000136649	7318	0.5	FALSE	NA	NA	NA	NA	NA	NA
NC_045512.2	24691	T	G	7257	5986	51	2	2	24	0.00027552	7259	1	FALSE	NA	NA	NA	NA	NA	NA
NC_045512.2	24692	G	T	7324	6057	52	1	1	40	0.000136482	7327	0.499966	FALSE	NA	NA	NA	NA	NA	NA
NC_045512.2	24692	G	C	7324	6057	52	1	1	40	0.000136482	7327	0.499966	FALSE	NA	NA	NA	NA	NA	NA
NC_045512.2	24692	G	A	7324	6057	52	1	0	80	0.000136482	7327	0.499966	FALSE	NA	NA	NA	NA	NA	NA
NC_045512.2	24693	G	T	7239	5979	50	3	3	29	0.00041425	7242	1	FALSE	NA	NA	NA	NA	NA	NA
NC_045512.2	24694	A	G	7352	6097	52	1	1	40	0.000135999	7353	0.500034	FALSE	NA	NA	NA	NA	NA	NA
NC_045512.2	24695	A	G	7349	6096	52	3	2	48	0.000408052	7352	0.125	FALSE	NA	NA	NA	NA	NA	NA
NC_045512.2	24697	G	C	7366	6147	52	1	1	32	0.000135722	7368	0.996101	FALSE	NA	NA	NA	NA	NA	NA
NC_045512.2	24697	G	A	7366	6147	52	1	1	24	0.000135722	7368	1	FALSE	NA	NA	NA	NA	NA	NA
NC_045512.2	24698	G	T	7306	6188	50	2	2	24	0.000273673	7308	1	FALSE	NA	NA	NA	NA	NA	NA
NC_045512.2	24701	T	G	7318	6294	50	2	2	24	0.000273224	7320	1	FALSE	NA	NA	NA	NA	NA	NA
NC_045512.2	24702	A	G	7354	6327	50	3	3	37	0.000407775	7357	0.945396	FALSE	NA	NA	NA	NA	NA	NA
NC_045512.2	24703	T	C	7330	6307	50	1	0	80	0.000136407	7331	0.500034	FALSE	NA	NA	NA	NA	NA	NA
NC_045512.2	24704	C	A	7358	6339	50	2	2	40	0.000271739	7360	0.250017	FALSE	NA	NA	NA	NA	NA	NA
NC_045512.2	24705	A	G	7364	6343	50	1	1	40	0.000135777	7365	0.500034	FALSE	NA	NA	NA	NA	NA	NA
NC_045512.2	24707	C	G	7204	6195	50	1	1	32	0.000138793	7205	0.996104	FALSE	NA	NA	NA	NA	NA	NA
NC_045512.2	24709	T	G	7119	6109	49	2	2	24	0.000280859	7121	1	FALSE	NA	NA	NA	NA	NA	NA
NC_045512.2	24710	A	G	7142	6136	50	2	2	24	0.000279955	7144	1	FALSE	NA	NA	NA	NA	NA	NA
NC_045512.2	24711	T	G	7051	6051	50	2	2	24	0.000283567	7053	1	FALSE	NA	NA	NA	NA	NA	NA
NC_045512.2	24713	T	C	6994	6037	49	2	2	40	0.000285878	6996	0.250018	FALSE	NA	NA	NA	NA	NA	NA
NC_045512.2	24716	T	G	6631	5727	49	1	1	24	0.000150716	6635	1	FALSE	NA	NA	NA	NA	NA	NA
NC_045512.2	24716	T	C	6631	5727	49	3	3	53	0.000452148	6635	0.124972	FALSE	NA	NA	NA	NA	NA	NA
NC_045512.2	24717	T	C	6610	5709	49	1	1	52	0.000151263	6611	0.500038	FALSE	NA	NA	NA	NA	NA	NA
NC_045512.2	24718	C	G	6627	5764	46	1	1	40	0.00015083	6630	0.499962	FALSE	NA	NA	NA	NA	NA	NA
NC_045512.2	24718	C	A	6627	5764	46	2	2	32	0.000301659	6630	0.964885	FALSE	NA	NA	NA	NA	NA	NA
NC_045512.2	24719	C	G	6622	5730	49	1	1	40	0.000150989	6623	0.500038	FALSE	NA	NA	NA	NA	NA	NA
NC_045512.2	24721	T	C	6486	5620	49	1	1	64	0.000154154	6487	0.500039	FALSE	NA	NA	NA	NA	NA	NA
NC_045512.2	24724	G	C	6440	5591	49	1	1	40	0.000155255	6441	0.500039	FALSE	NA	NA	NA	NA	NA	NA
NC_045512.2	24726	C	G	6434	5603	49	1	1	24	0.0001554	6435	1	FALSE	NA	NA	NA	NA	NA	NA
NC_045512.2	24727	A	G	6341	5522	49	1	1	40	0.000157679	6342	0.500039	FALSE	NA	NA	NA	NA	NA	NA
NC_045512.2	24728	G	T	6284	5552	47	1	1	24	0.000159109	6285	1	FALSE	NA	NA	NA	NA	NA	NA
NC_045512.2	24732	C	G	6168	5567	46	1	1	40	0.000162101	6169	0.500041	FALSE	NA	NA	NA	NA	NA	NA
NC_045512.2	24733	T	G	5998	5407	46	1	1	40	0.000166583	6003	0.499875	FALSE	NA	NA	NA	NA	NA	NA
NC_045512.2	24733	T	C	5998	5407	46	2	1	52	0.000333167	6003	0.249896	FALSE	NA	NA	NA	NA	NA	NA
NC_045512.2	24733	T	A	5998	5407	46	2	2	40	0.000333167	6003	0.249896	FALSE	NA	NA	NA	NA	NA	NA
NC_045512.2	24734	C	T	6032	5471	44	1	1	40	0.000165755	6033	0.500041	FALSE	NA	NA	NA	NA	NA	NA
NC_045512.2	24735	A	G	6014	5428	46	3	2	42	0.000498587	6017	0.125	FALSE	NA	NA	NA	NA	NA	NA
NC_045512.2	24739	T	G	5793	5222	46	2	2	24	0.000345066	5796	1	FALSE	NA	NA	NA	NA	NA	NA
NC_045512.2	24739	T	C	5793	5222	46	1	1	40	0.000172533	5796	0.499957	FALSE	NA	NA	NA	NA	NA	NA
NC_045512.2	24740	G	T	5556	4988	45	2	2	32	0.000359842	5558	0.937589	FALSE	NA	NA	NA	NA	NA	NA
NC_045512.2	24741	T	G	5541	4972	46	1	1	24	0.00018044	5542	1	FALSE	NA	NA	NA	NA	NA	NA
NC_045512.2	24743	G	A	5524	4970	47	1	1	40	0.000180995	5525	0.500045	FALSE	NA	NA	NA	NA	NA	NA
NC_045512.2	24745	C	T	5445	4950	46	1	0	80	0.000183621	5446	0.500046	FALSE	NA	NA	NA	NA	NA	NA
NC_045512.2	24746	T	G	5280	4792	46	1	1	24	0.000189358	5281	1	FALSE	NA	NA	NA	NA	NA	NA
NC_045512.2	24747	T	G	4861	4385	46	1	1	24	0.000205677	4862	1	FALSE	NA	NA	NA	NA	NA	NA
NC_045512.2	24753	A	G	4469	4034	46	1	1	24	0.000223664	4471	1	FALSE	NA	NA	NA	NA	NA	NA
NC_045512.2	24753	A	C	4469	4034	46	1	1	40	0.000223664	4471	0.5	FALSE	NA	NA	NA	NA	NA	NA
NC_045512.2	24755	G	T	4305	3884	44	1	1	24	0.00023218	4307	1	FALSE	NA	NA	NA	NA	NA	NA
NC_045512.2	24755	G	C	4305	3884	44	1	1	24	0.00023218	4307	1	FALSE	NA	NA	NA	NA	NA	NA
NC_045512.2	24756	T	C	4293	3878	46	8	7	41	0.00186003	4301	0.00389717	TRUE	NA	NA	NA	NA	NA	NA
NC_045512.2	24759	C	T	4301	3919	46	2	2	32	0.000464792	4303	0.890761	FALSE	NA	NA	NA	NA	NA	NA
NC_045512.2	24760	T	G	4232	3854	46	2	2	24	0.000472144	4236	1	FALSE	NA	NA	NA	NA	NA	NA
NC_045512.2	24760	T	C	4232	3854	46	2	2	40	0.000472144	4236	0.249911	FALSE	NA	NA	NA	NA	NA	NA
NC_045512.2	24761	T	G	4173	3795	46	1	1	24	0.000239578	4174	1	FALSE	NA	NA	NA	NA	NA	NA
NC_045512.2	24763	T	G	4184	3811	46	3	3	34	0.000716503	4187	0.773633	FALSE	NA	NA	NA	NA	NA	NA
NC_045512.2	24764	G	T	4141	3794	44	1	1	24	0.000241429	4142	1	FALSE	NA	NA	NA	NA	NA	NA
NC_045512.2	24766	C	T	4092	3752	45	1	1	40	0.00024432	4093	0.500061	FALSE	NA	NA	NA	NA	NA	NA
NC_045512.2	24767	C	T	3754	3421	46	1	1	40	0.000266312	3755	0.500067	FALSE	NA	NA	NA	NA	NA	NA
NC_045512.2	24773	C	T	3510	3193	45	3	3	34	0.000853971	3513	0.65645	FALSE	NA	NA	NA	NA	NA	NA
NC_045512.2	24778	A	G	3671	3120	45	2	2	40	0.000544514	3673	0.250034	FALSE	NA	NA	NA	NA	NA	NA
NC_045512.2	24779	A	T	3626	3080	44	1	1	40	0.000275634	3628	0.5	FALSE	NA	NA	NA	NA	NA	NA
NC_045512.2	24779	A	G	3626	3080	44	1	1	40	0.000275634	3628	0.5	FALSE	NA	NA	NA	NA	NA	NA
NC_045512.2	24780	A	-G	3633	3085	44	28	0	20	0.00770713	3633	0.877457	FALSE	NA	NA	NA	NA	NA	NA
NC_045512.2	24781	G	A	3614	3087	44	2	2	40	0.000553097	3616	0.248109	FALSE	NA	NA	NA	NA	NA	NA
NC_045512.2	24782	A	C	3591	3041	44	1	0	24	0.000278396	3592	1	FALSE	NA	NA	NA	NA	NA	NA
NC_045512.2	24783	A	G	3588	3039	44	1	0	40	0.000278629	3589	0.50007	FALSE	NA	NA	NA	NA	NA	NA
NC_045512.2	24788	A	G	3362	2729	44	1	1	24	0.000297265	3364	1	FALSE	NA	NA	NA	NA	NA	NA
NC_045512.2	24788	A	C	3362	2729	44	1	1	40	0.000297265	3364	0.5	FALSE	NA	NA	NA	NA	NA	NA
NC_045512.2	24790	A	G	3345	2687	44	1	1	80	0.000298775	3347	0.5	FALSE	NA	NA	NA	NA	NA	NA
NC_045512.2	24790	A	C	3345	2687	44	1	0	40	0.000298775	3347	0.5	FALSE	NA	NA	NA	NA	NA	NA
NC_045512.2	24792	C	G	3339	2683	44	1	1	24	0.000299401	3340	1	FALSE	NA	NA	NA	NA	NA	NA
NC_045512.2	24796	T	C	2759	2106	44	1	1	48	0.000362319	2760	0.500091	FALSE	NA	NA	NA	NA	NA	NA
NC_045512.2	24804	T	C	2339	1715	43	1	1	24	0.00042735	2340	1	FALSE	NA	NA	NA	NA	NA	NA
NC_045512.2	24806	T	G	2316	1709	43	1	1	40	0.000431593	2317	0.500108	FALSE	NA	NA	NA	NA	NA	NA
NC_045512.2	24810	A	G	2211	1622	42	1	0	40	0.00045208	2212	0.500113	FALSE	NA	NA	NA	NA	NA	NA
NC_045512.2	24811	T	G	2117	1532	42	3	3	29	0.00141509	2120	0.999983	FALSE	NA	NA	NA	NA	NA	NA
NC_045512.2	24820	A	G	607	51	43	1	0	40	0.00164474	608	0.500412	FALSE	NA	NA	NA	NA	NA	NA
NC_045512.2	24822	C	G	631	54	43	1	0	40	0.00158228	632	0.500396	FALSE	NA	NA	NA	NA	NA	NA
NC_045512.2	24833	C	A	555	81	36	1	0	24	0.00179856	556	0.984669	FALSE	NA	NA	NA	NA	NA	NA
NC_045512.2	24841	T	C	736	87	46	1	1	80	0.00135685	737	0.500339	FALSE	NA	NA	NA	NA	NA	NA
NC_045512.2	24851	T	C	750	96	47	1	0	24	0.00133156	751	0.996187	FALSE	NA	NA	NA	NA	NA	NA
NC_045512.2	24860	A	C	807	108	47	1	0	24	0.00123762	808	0.998101	FALSE	NA	NA	NA	NA	NA	NA
NC_045512.2	24872	G	T	262	31	47	622	87	48	0.70362	884	5.05751e-265	TRUE	NA	NA	NA	NA	NA	NA
NC_045512.2	24877	A	G	886	125	48	1	0	40	0.0011274	887	0.500282	FALSE	NA	NA	NA	NA	NA	NA
NC_045512.2	24879	A	C	891	126	48	1	0	32	0.00112108	892	0.50028	FALSE	NA	NA	NA	NA	NA	NA
NC_045512.2	24887	T	G	899	125	48	1	1	40	0.00111111	900	0.500278	FALSE	NA	NA	NA	NA	NA	NA
NC_045512.2	24894	A	C	899	146	50	1	0	24	0.00111111	900	0.999048	FALSE	NA	NA	NA	NA	NA	NA
NC_045512.2	24895	A	G	894	146	50	1	1	40	0.00111732	895	0.500279	FALSE	NA	NA	NA	NA	NA	NA
NC_045512.2	24908	A	C	947	176	51	1	0	24	0.00105485	948	0.999052	FALSE	NA	NA	NA	NA	NA	NA
NC_045512.2	24910	T	G	890	204	49	1	1	24	0.00112108	892	0.998086	FALSE	NA	NA	NA	NA	NA	NA
NC_045512.2	24910	T	C	890	204	49	1	0	40	0.00112108	892	0.5	FALSE	NA	NA	NA	NA	NA	NA
NC_045512.2	24912	C	A	868	207	48	1	0	40	0.00115075	869	0.500288	FALSE	NA	NA	NA	NA	NA	NA
NC_045512.2	24917	A	C	866	220	49	1	0	24	0.0011534	867	0.998097	FALSE	NA	NA	NA	NA	NA	NA
NC_045512.2	24918	A	C	880	221	49	2	0	32	0.00226757	882	0.250142	FALSE	NA	NA	NA	NA	NA	NA
NC_045512.2	24921	C	A	886	249	47	1	0	40	0.0011274	887	0.500282	FALSE	NA	NA	NA	NA	NA	NA
NC_045512.2	24928	G	T	859	282	49	1	1	24	0.00116279	860	0.998098	FALSE	NA	NA	NA	NA	NA	NA
NC_045512.2	24931	T	-GGTAACTGTGATGTTGTAATAGGAATTGTCAACAACACA	856	282	49	1	0	20	0.00116822	856	0.998108	FALSE	NA	NA	NA	NA	NA	NA
NC_045512.2	24936	A	G	855	341	48	1	1	40	0.00116822	856	0.5	FALSE	NA	NA	NA	NA	NA	NA
NC_045512.2	24939	G	T	793	303	44	2	2	24	0.00251572	795	0.980734	FALSE	NA	NA	NA	NA	NA	NA
NC_045512.2	24945	T	C	843	388	49	2	0	40	0.00236686	845	0.249852	FALSE	NA	NA	NA	NA	NA	NA
NC_045512.2	24950	A	G	877	460	51	1	0	24	0.00113895	878	0.998087	FALSE	NA	NA	NA	NA	NA	NA
NC_045512.2	24953	G	T	866	459	50	1	1	40	0.0011534	867	0.5	FALSE	NA	NA	NA	NA	NA	NA
NC_045512.2	24962	A	C	869	474	51	1	0	32	0.00114943	870	0.5	FALSE	NA	NA	NA	NA	NA	NA
NC_045512.2	24969	C	G	881	504	51	3	3	29	0.00339367	884	0.967695	FALSE	NA	NA	NA	NA	NA	NA
NC_045512.2	24970	A	G	881	502	51	1	0	40	0.00113379	882	0.5	FALSE	NA	NA	NA	NA	NA	NA
NC_045512.2	24976	T	G	995	605	52	1	1	24	0.00100402	996	0.99905	FALSE	NA	NA	NA	NA	NA	NA
NC_045512.2	24978	A	C	1027	676	54	1	0	24	0.000972763	1028	0.999527	FALSE	NA	NA	NA	NA	NA	NA
NC_045512.2	24979	T	C	1026	681	54	1	0	64	0.00097371	1027	0.500244	FALSE	NA	NA	NA	NA	NA	NA
NC_045512.2	24990	C	T	0	0	0	967	687	54	0.998967	968	0	TRUE	NA	NA	NA	NA	NA	NA
NC_045512.2	24990	C	G	0	0	0	1	1	24	0.00103306	968	0.0103306	FALSE	NA	NA	NA	NA	NA	NA
NC_045512.2	25000	C	T	1	0	80	1011	757	55	0.999012	1012	0	TRUE	NA	NA	NA	NA	NA	NA
NC_045512.2	25010	G	T	899	659	46	4	4	24	0.00442968	903	0.95463	FALSE	NA	NA	NA	NA	NA	NA
NC_045512.2	25014	A	C	999	773	53	1	0	40	0.001	1000	0.50025	FALSE	NA	NA	NA	NA	NA	NA
NC_045512.2	25031	A	G	957	762	50	1	0	80	0.00104384	958	0.500261	FALSE	NA	NA	NA	NA	NA	NA
NC_045512.2	25034	A	C	957	761	51	1	0	24	0.00104384	958	0.999051	FALSE	NA	NA	NA	NA	NA	NA
NC_045512.2	25040	A	G	960	763	51	1	1	80	0.00104058	961	0.50026	FALSE	NA	NA	NA	NA	NA	NA
NC_045512.2	25046	C	A	916	739	47	1	0	24	0.00109051	917	0.999052	FALSE	NA	NA	NA	NA	NA	NA
NC_045512.2	25048	A	G	904	715	50	1	1	24	0.00110497	905	0.999053	FALSE	NA	NA	NA	NA	NA	NA
NC_045512.2	25051	T	G	894	707	50	1	1	24	0.00111732	895	0.998096	FALSE	NA	NA	NA	NA	NA	NA
NC_045512.2	25052	G	A	889	709	50	1	1	40	0.0011236	890	0.500281	FALSE	NA	NA	NA	NA	NA	NA
NC_045512.2	25060	A	G	854	690	49	1	1	40	0.00116959	855	0.500293	FALSE	NA	NA	NA	NA	NA	NA
NC_045512.2	25061	G	A	855	691	49	2	2	40	0.00233372	857	0.250146	FALSE	NA	NA	NA	NA	NA	NA
NC_045512.2	25071	C	A	794	691	43	1	0	24	0.00125786	795	0.996182	FALSE	NA	NA	NA	NA	NA	NA
NC_045512.2	25075	C	+A	794	664	47	2	0	20	0.00251889	794	0.980995	FALSE	NA	NA	NA	NA	NA	NA
NC_045512.2	25078	T	C	750	622	46	1	0	40	0.00133156	751	0.500333	FALSE	NA	NA	NA	NA	NA	NA
NC_045512.2	25082	G	T	727	606	47	1	1	40	0.00137363	728	0.500344	FALSE	NA	NA	NA	NA	NA	NA
NC_045512.2	25083	C	A	696	583	47	1	1	40	0.00143472	697	0.500359	FALSE	NA	NA	NA	NA	NA	NA
NC_045512.2	25090	T	G	1004	577	44	1	1	24	0.000995025	1005	0.999528	FALSE	NA	NA	NA	NA	NA	NA
NC_045512.2	25091	G	A	1000	576	43	1	1	80	0.000999001	1001	0.50025	FALSE	NA	NA	NA	NA	NA	NA
NC_045512.2	25093	A	C	980	560	44	2	0	24	0.00203666	982	0.994277	FALSE	NA	NA	NA	NA	NA	NA
NC_045512.2	25101	A	G	879	468	43	1	0	24	0.00113636	880	0.998096	FALSE	NA	NA	NA	NA	NA	NA
NC_045512.2	25105	A	C	877	467	43	1	0	24	0.00113895	878	0.998097	FALSE	NA	NA	NA	NA	NA	NA
NC_045512.2	25114	C	T	871	467	44	1	0	40	0.00114548	873	0.5	FALSE	NA	NA	NA	NA	NA	NA
NC_045512.2	25114	C	G	871	467	44	1	1	40	0.00114548	873	0.5	FALSE	NA	NA	NA	NA	NA	NA
NC_045512.2	25118	C	A	471	75	42	1	0	24	0.00211864	472	0.969245	FALSE	NA	NA	NA	NA	NA	NA
NC_045512.2	25120	C	A	368	83	35	6	0	26	0.0160428	374	0.253902	FALSE	NA	NA	NA	NA	NA	NA
NC_045512.2	25134	A	-G	491	88	43	1	0	20	0.00203666	491	0.969383	FALSE	NA	NA	NA	NA	NA	NA
NC_045512.2	25153	C	A	426	106	38	6	0	24	0.0138889	432	0.377668	FALSE	NA	NA	NA	NA	NA	NA
NC_045512.2	25156	C	T	521	111	46	1	1	36	0.00191571	522	0.500479	FALSE	NA	NA	NA	NA	NA	NA
NC_045512.2	25172	G	T	528	115	48	1	1	24	0.00189036	529	0.984684	FALSE	NA	NA	NA	NA	NA	NA
NC_045512.2	25182	A	G	556	118	48	1	0	40	0.00179533	557	0.500449	FALSE	NA	NA	NA	NA	NA	NA
NC_045512.2	25186	G	A	613	117	47	1	0	24	0.00162866	614	0.992365	FALSE	NA	NA	NA	NA	NA	NA
NC_045512.2	25191	T	+A	613	116	48	1	0	20	0.00163132	613	0.992409	FALSE	NA	NA	NA	NA	NA	NA
NC_045512.2	25204	G	A	634	166	51	1	0	80	0.0015748	635	0.500394	FALSE	NA	NA	NA	NA	NA	NA
NC_045512.2	25207	C	T	0	0	0	642	178	52	1	642	0	TRUE	NA	NA	NA	NA	NA	NA
NC_045512.2	25215	T	C	608	200	54	1	0	80	0.00164204	609	0.500411	FALSE	NA	NA	NA	NA	NA	NA
NC_045512.2	25216	A	C	614	205	55	1	0	24	0.00162602	615	0.992364	FALSE	NA	NA	NA	NA	NA	NA
NC_045512.2	25225	A	C	583	238	51	1	0	32	0.00171233	584	0.500428	FALSE	NA	NA	NA	NA	NA	NA
NC_045512.2	25234	G	T	575	277	52	2	0	40	0.0034662	577	0.250217	FALSE	NA	NA	NA	NA	NA	NA
NC_045512.2	25241	A	C	560	329	49	1	0	24	0.00178253	561	0.984666	FALSE	NA	NA	NA	NA	NA	NA
NC_045512.2	25243	A	C	569	330	49	1	0	40	0.00175439	570	0.500439	FALSE	NA	NA	NA	NA	NA	NA
NC_045512.2	25250	G	T	556	309	44	3	3	24	0.00536673	559	0.856939	FALSE	NA	NA	NA	NA	NA	NA
NC_045512.2	25259	A	C	611	370	50	1	0	32	0.00163399	612	0.500409	FALSE	NA	NA	NA	NA	NA	NA
NC_045512.2	25278	G	T	580	397	49	1	1	32	0.00172117	581	0.500431	FALSE	NA	NA	NA	NA	NA	NA
NC_045512.2	25284	G	T	597	445	48	1	1	24	0.00167224	598	0.984648	FALSE	NA	NA	NA	NA	NA	NA
NC_045512.2	25294	C	A	635	521	46	1	0	24	0.00157233	636	0.992359	FALSE	NA	NA	NA	NA	NA	NA
NC_045512.2	25303	T	G	623	500	53	1	1	24	0.0016	625	0.992319	FALSE	NA	NA	NA	NA	NA	NA
NC_045512.2	25303	T	C	623	500	53	1	1	40	0.0016	625	0.5	FALSE	NA	NA	NA	NA	NA	NA
NC_045512.2	25304	T	C	629	507	53	1	0	80	0.0015873	630	0.500397	FALSE	NA	NA	NA	NA	NA	NA
NC_045512.2	25314	G	T	608	492	53	1	1	24	0.00164204	609	0.992366	FALSE	NA	NA	NA	NA	NA	NA
NC_045512.2	25315	A	G	605	488	53	2	2	40	0.00329489	607	0.250206	FALSE	NA	NA	NA	NA	NA	NA
NC_045512.2	25327	A	C	598	491	52	1	0	24	0.00166945	599	0.984648	FALSE	NA	NA	NA	NA	NA	NA
NC_045512.2	25336	A	G	596	497	51	1	0	80	0.00167504	597	0.500419	FALSE	NA	NA	NA	NA	NA	NA
NC_045512.2	25345	T	C	523	457	48	2	2	40	0.00380952	525	0.250238	FALSE	NA	NA	NA	NA	NA	NA
NC_045512.2	25367	A	G	403	362	47	1	1	24	0.00247525	404	0.969329	FALSE	NA	NA	NA	NA	NA	NA
NC_045512.2	25368	A	G	406	366	46	1	1	40	0.002457	407	0.500615	FALSE	NA	NA	NA	NA	NA	NA
NC_045512.2	25370	T	C	399	364	45	1	1	24	0.0025	400	0.96914	FALSE	NA	NA	NA	NA	NA	NA
NC_045512.2	25376	T	G	376	342	44	1	1	24	0.00265252	377	0.938328	FALSE	NA	NA	NA	NA	NA	NA
NC_045512.2	25380	C	T	376	343	45	1	0	80	0.00265252	377	0.500664	FALSE	NA	NA	NA	NA	NA	NA
NC_045512.2	25387	G	-A	329	295	46	1	0	20	0.00303951	329	0.938823	FALSE	NA	NA	NA	NA	NA	NA
NC_045512.2	25388	A	G	326	294	46	1	1	24	0.0030581	327	0.938074	FALSE	NA	NA	NA	NA	NA	NA
NC_045512.2	25406	T	G	5435	504	39	4	4	24	0.000735159	5441	1	FALSE	NA	NA	NA	NA	NA	NA
NC_045512.2	25406	T	C	5435	504	39	2	0	32	0.000367579	5441	0.93747	FALSE	NA	NA	NA	NA	NA	NA
NC_045512.2	25407	G	C	5595	671	39	1	0	40	0.000178699	5596	0.500045	FALSE	NA	NA	NA	NA	NA	NA
NC_045512.2	25408	A	T	5551	660	39	1	0	40	0.000180018	5555	0.49991	FALSE	NA	NA	NA	NA	NA	NA
NC_045512.2	25408	A	G	5551	660	39	1	0	40	0.000180018	5555	0.49991	FALSE	NA	NA	NA	NA	NA	NA
NC_045512.2	25408	A	C	5551	660	39	2	0	24	0.000360036	5555	1	FALSE	NA	NA	NA	NA	NA	NA
NC_045512.2	25411	A	C	5735	563	39	3	0	24	0.00052283	5738	1	FALSE	NA	NA	NA	NA	NA	NA
NC_045512.2	25412	T	G	5847	604	39	3	0	34	0.00051247	5854	0.855385	FALSE	NA	NA	NA	NA	NA	NA
NC_045512.2	25412	T	C	5847	604	39	4	0	24	0.000683293	5854	1	FALSE	NA	NA	NA	NA	NA	NA
NC_045512.2	25414	T	G	6046	652	40	4	0	36	0.000660829	6053	0.828091	FALSE	NA	NA	NA	NA	NA	NA
NC_045512.2	25414	T	C	6046	652	40	3	0	29	0.000495622	6053	1	FALSE	NA	NA	NA	NA	NA	NA
NC_045512.2	25416	C	G	6062	616	38	2	0	40	0.000329815	6064	0.250021	FALSE	NA	NA	NA	NA	NA	NA
NC_045512.2	25417	A	C	6122	666	39	2	0	32	0.000326584	6124	0.964906	FALSE	NA	NA	NA	NA	NA	NA
NC_045512.2	25418	C	G	6149	592	35	1	0	40	0.000162022	6172	0.499148	FALSE	NA	NA	NA	NA	NA	NA
NC_045512.2	25418	C	A	6149	592	35	22	1	26	0.00356448	6172	0.999996	FALSE	NA	NA	NA	NA	NA	NA
NC_045512.2	25419	A	G	6754	695	40	1	0	40	0.000147907	6761	0.499815	FALSE	NA	NA	NA	NA	NA	NA
NC_045512.2	25419	A	C	6754	695	40	6	0	26	0.000887443	6761	1	FALSE	NA	NA	NA	NA	NA	NA
NC_045512.2	25420	A	C	6699	551	39	2	0	24	0.000298463	6701	1	FALSE	NA	NA	NA	NA	NA	NA
NC_045512.2	25421	T	G	6684	486	40	1	0	40	0.000149566	6686	0.5	FALSE	NA	NA	NA	NA	NA	NA
NC_045512.2	25421	T	C	6684	486	40	1	0	40	0.000149566	6686	0.5	FALSE	NA	NA	NA	NA	NA	NA
NC_045512.2	25422	T	G	6592	380	40	3	3	24	0.00045489	6595	1	FALSE	NA	NA	NA	NA	NA	NA
NC_045512.2	25425	A	G	6908	512	40	1	0	32	0.000144739	6909	0.992203	FALSE	NA	NA	NA	NA	NA	NA
NC_045512.2	25426	A	C	6900	484	39	3	0	34	0.000434594	6903	0.910263	FALSE	NA	NA	NA	NA	NA	NA
NC_045512.2	25427	C	T	7173	418	40	1	1	80	0.000139392	7174	0.500035	FALSE	NA	NA	NA	NA	NA	NA
NC_045512.2	25428	T	G	7211	478	40	2	1	24	0.000277162	7216	1	FALSE	NA	NA	NA	NA	NA	NA
NC_045512.2	25428	T	C	7211	478	40	2	0	40	0.000277162	7216	0.249913	FALSE	NA	NA	NA	NA	NA	NA
NC_045512.2	25428	T	A	7211	478	40	1	0	40	0.000138581	7216	0.499896	FALSE	NA	NA	NA	NA	NA	NA
NC_045512.2	25429	G	A	7275	522	40	1	0	24	0.000137438	7276	1	FALSE	NA	NA	NA	NA	NA	NA
NC_045512.2	25430	T	G	7092	336	40	2	2	24	0.000281849	7096	1	FALSE	NA	NA	NA	NA	NA	NA
NC_045512.2	25430	T	C	7092	336	40	2	0	24	0.000281849	7096	1	FALSE	NA	NA	NA	NA	NA	NA
NC_045512.2	25431	A	C	7236	542	40	2	0	36	0.000276319	7238	0.980508	FALSE	NA	NA	NA	NA	NA	NA
NC_045512.2	25433	C	T	7717	424	39	1	0	40	0.00012955	7719	0.5	FALSE	NA	NA	NA	NA	NA	NA
NC_045512.2	25433	C	A	7717	424	39	1	0	24	0.00012955	7719	1	FALSE	NA	NA	NA	NA	NA	NA
NC_045512.2	25434	T	C	7854	562	40	2	0	32	0.000254582	7856	0.980505	FALSE	NA	NA	NA	NA	NA	NA
NC_045512.2	25436	T	G	7730	443	40	2	2	24	0.000258632	7733	1	FALSE	NA	NA	NA	NA	NA	NA
NC_045512.2	25436	T	C	7730	443	40	1	0	24	0.000129316	7733	1	FALSE	NA	NA	NA	NA	NA	NA
NC_045512.2	25436	T	+G	7730	443	40	2	0	20	0.000258632	7733	1	FALSE	NA	NA	NA	NA	NA	NA
NC_045512.2	25437	G	A	7879	574	41	1	0	24	0.000126904	7880	1	FALSE	NA	NA	NA	NA	NA	NA
NC_045512.2	25438	A	C	7826	576	40	3	0	24	0.000383191	7829	1	FALSE	NA	NA	NA	NA	NA	NA
NC_045512.2	25439	A	C	7809	564	39	1	0	24	0.000128041	7810	1	FALSE	NA	NA	NA	NA	NA	NA
NC_045512.2	25440	G	A	7869	528	40	1	0	40	0.000127065	7870	0.500032	FALSE	NA	NA	NA	NA	NA	NA
NC_045512.2	25441	C	A	7834	455	40	1	1	40	0.000127632	7835	0.500032	FALSE	NA	NA	NA	NA	NA	NA
NC_045512.2	25442	A	C	7893	587	40	1	0	24	0.000126678	7894	1	FALSE	NA	NA	NA	NA	NA	NA
NC_045512.2	25443	A	G	7968	486	40	2	0	40	0.000250941	7970	0.250016	FALSE	NA	NA	NA	NA	NA	NA
NC_045512.2	25444	G	T	8363	594	41	1	0	40	0.000119546	8365	0.5	FALSE	NA	NA	NA	NA	NA	NA
NC_045512.2	25444	G	C	8363	594	41	1	0	40	0.000119546	8365	0.5	FALSE	NA	NA	NA	NA	NA	NA
NC_045512.2	25446	T	G	8298	461	40	9	7	27	0.00108342	8307	1	FALSE	NA	NA	NA	NA	NA	NA
NC_045512.2	25448	A	C	8458	647	41	1	0	24	0.000118217	8459	1	FALSE	NA	NA	NA	NA	NA	NA
NC_045512.2	25449	A	G	8638	651	41	1	0	40	0.000115727	8641	0.499971	FALSE	NA	NA	NA	NA	NA	NA
NC_045512.2	25449	A	C	8638	651	41	2	0	24	0.000231455	8641	1	FALSE	NA	NA	NA	NA	NA	NA
NC_045512.2	25450	A	C	8713	625	40	1	0	24	0.000114758	8714	1	FALSE	NA	NA	NA	NA	NA	NA
NC_045512.2	25451	T	G	8782	655	41	1	1	40	0.000113856	8783	0.500028	FALSE	NA	NA	NA	NA	NA	NA
NC_045512.2	25452	C	A	8799	579	40	1	1	24	0.000113636	8800	1	FALSE	NA	NA	NA	NA	NA	NA
NC_045512.2	25453	A	G	8820	669	41	4	0	40	0.000453206	8826	0.0624646	FALSE	NA	NA	NA	NA	NA	NA
NC_045512.2	25453	A	C	8820	669	41	2	0	24	0.000226603	8826	1	FALSE	NA	NA	NA	NA	NA	NA
NC_045512.2	25454	A	G	8785	620	40	1	0	40	0.000113804	8787	0.5	FALSE	NA	NA	NA	NA	NA	NA
NC_045512.2	25454	A	C	8785	620	40	1	0	24	0.000113804	8787	1	FALSE	NA	NA	NA	NA	NA	NA
NC_045512.2	25456	G	A	9026	671	41	1	0	24	0.000110779	9027	1	FALSE	NA	NA	NA	NA	NA	NA
NC_045512.2	25457	A	C	9404	618	40	1	0	24	0.000106326	9405	1	FALSE	NA	NA	NA	NA	NA	NA
NC_045512.2	25458	T	C	9639	649	41	2	0	24	0.000207447	9641	1	FALSE	NA	NA	NA	NA	NA	NA
NC_045512.2	25460	C	T	9633	718	41	2	0	40	0.000207512	9638	0.249935	FALSE	NA	NA	NA	NA	NA	NA
NC_045512.2	25460	C	G	9633	718	41	1	0	40	0.000103756	9638	0.499922	FALSE	NA	NA	NA	NA	NA	NA
NC_045512.2	25460	C	A	9633	718	41	2	0	32	0.000207512	9638	0.994146	FALSE	NA	NA	NA	NA	NA	NA
NC_045512.2	25461	T	G	9609	693	41	2	2	24	0.00020803	9614	1	FALSE	NA	NA	NA	NA	NA	NA
NC_045512.2	25461	T	C	9609	693	41	3	0	48	0.000312045	9614	0.124961	FALSE	NA	NA	NA	NA	NA	NA
NC_045512.2	25462	A	C	9644	770	42	3	0	24	0.000310978	9647	1	FALSE	NA	NA	NA	NA	NA	NA
NC_045512.2	25463	C	A	9448	766	40	7	0	24	0.000740349	9455	1	FALSE	NA	NA	NA	NA	NA	NA
NC_045512.2	25464	T	C	9691	769	41	1	0	40	0.000103178	9692	0.500026	FALSE	NA	NA	NA	NA	NA	NA
NC_045512.2	25465	C	G	9997	806	42	1	0	40	0.00010001	9999	0.5	FALSE	NA	NA	NA	NA	NA	NA
NC_045512.2	25465	C	A	9997	806	42	1	0	24	0.00010001	9999	1	FALSE	NA	NA	NA	NA	NA	NA
NC_045512.2	25466	C	T	9933	738	40	2	0	40	0.000201248	9938	0.249937	FALSE	NA	NA	NA	NA	NA	NA
NC_045512.2	25466	C	G	9933	738	40	2	0	40	0.000201248	9938	0.249937	FALSE	NA	NA	NA	NA	NA	NA
NC_045512.2	25466	C	A	9933	738	40	1	0	24	0.000100624	9938	1	FALSE	NA	NA	NA	NA	NA	NA
NC_045512.2	25467	T	C	10037	859	43	1	0	40	9.96214e-05	10038	0.750037	FALSE	NA	NA	NA	NA	NA	NA
NC_045512.2	25468	T	G	10037	852	42	1	0	40	9.96214e-05	10038	0.750037	FALSE	NA	NA	NA	NA	NA	NA
NC_045512.2	25470	A	G	9955	868	42	1	0	40	0.000100422	9958	0.499975	FALSE	NA	NA	NA	NA	NA	NA
NC_045512.2	25470	A	C	9955	868	42	2	0	24	0.000200844	9958	1	FALSE	NA	NA	NA	NA	NA	NA
NC_045512.2	25471	G	C	10130	903	43	3	0	24	0.000296033	10134	1	FALSE	NA	NA	NA	NA	NA	NA
NC_045512.2	25471	G	A	10130	903	43	1	0	40	9.86777e-05	10134	0.749963	FALSE	NA	NA	NA	NA	NA	NA
NC_045512.2	25472	A	G	10049	1225	43	1	1	24	9.94827e-05	10052	1	FALSE	NA	NA	NA	NA	NA	NA
NC_045512.2	25472	A	C	10049	1225	43	2	0	32	0.000198965	10052	0.996833	FALSE	NA	NA	NA	NA	NA	NA
NC_045512.2	25473	T	C	10167	1439	47	1	0	24	9.83478e-05	10168	1	FALSE	NA	NA	NA	NA	NA	NA
NC_045512.2	25476	T	G	10087	1371	45	4	4	24	0.000396275	10094	1	FALSE	NA	NA	NA	NA	NA	NA
NC_045512.2	25476	T	C	10087	1371	45	3	0	34	0.000297206	10094	0.988775	FALSE	NA	NA	NA	NA	NA	NA
NC_045512.2	25478	T	C	10192	1505	47	1	0	40	9.81065e-05	10193	0.750037	FALSE	NA	NA	NA	NA	NA	NA
NC_045512.2	25480	C	T	10177	1488	45	2	0	40	0.000196483	10179	0.500037	FALSE	NA	NA	NA	NA	NA	NA
NC_045512.2	25481	G	T	10170	1426	44	1	1	32	9.82994e-05	10173	0.999513	FALSE	NA	NA	NA	NA	NA	NA
NC_045512.2	25481	G	A	10170	1426	44	2	0	40	0.000196599	10173	0.5	FALSE	NA	NA	NA	NA	NA	NA
NC_045512.2	25483	G	T	10324	1542	47	1	0	40	9.68523e-05	10325	0.750036	FALSE	NA	NA	NA	NA	NA	NA
NC_045512.2	25486	A	C	11055	1618	47	2	0	24	0.000180881	11057	1	FALSE	NA	NA	NA	NA	NA	NA
NC_045512.2	25487	C	T	10916	1628	46	2	0	40	0.000183133	10921	0.499931	FALSE	NA	NA	NA	NA	NA	NA
NC_045512.2	25487	C	A	10916	1628	46	3	0	24	0.0002747	10921	1	FALSE	NA	NA	NA	NA	NA	NA
NC_045512.2	25488	T	C	11151	1671	48	2	1	40	0.000179324	11153	0.500034	FALSE	NA	NA	NA	NA	NA	NA
NC_045512.2	25489	G	A	11163	1676	48	1	0	40	8.95736e-05	11164	0.750034	FALSE	NA	NA	NA	NA	NA	NA
NC_045512.2	25491	A	G	11211	1679	47	3	1	66	0.000267475	11216	0.124967	FALSE	NA	NA	NA	NA	NA	NA
NC_045512.2	25491	A	C	11211	1679	47	2	0	24	0.000178317	11216	1	FALSE	NA	NA	NA	NA	NA	NA
NC_045512.2	25492	A	G	11260	1683	48	1	1	48	8.87784e-05	11264	0.749967	FALSE	NA	NA	NA	NA	NA	NA
NC_045512.2	25492	A	C	11260	1683	48	3	0	29	0.000266335	11264	1	FALSE	NA	NA	NA	NA	NA	NA
NC_045512.2	25493	C	G	11302	1695	48	1	0	40	8.84721e-05	11303	0.750033	FALSE	NA	NA	NA	NA	NA	NA
NC_045512.2	25495	A	G	11374	1711	48	3	0	53	0.00026369	11377	0.125	FALSE	NA	NA	NA	NA	NA	NA
NC_045512.2	25497	A	C	11447	1742	48	2	0	40	0.000174688	11449	0.500033	FALSE	NA	NA	NA	NA	NA	NA
NC_045512.2	25498	C	A	11463	1746	48	1	0	24	8.72296e-05	11464	1	FALSE	NA	NA	NA	NA	NA	NA
NC_045512.2	25499	C	A	11513	1746	48	1	0	40	8.68508e-05	11514	0.750033	FALSE	NA	NA	NA	NA	NA	NA
NC_045512.2	25500	G	C	11521	1750	48	1	0	24	8.6783e-05	11523	1	FALSE	NA	NA	NA	NA	NA	NA
NC_045512.2	25500	G	A	11521	1750	48	1	0	40	8.6783e-05	11523	0.750011	FALSE	NA	NA	NA	NA	NA	NA
NC_045512.2	25501	A	T	12110	1833	48	1	0	80	8.25559e-05	12113	0.499979	FALSE	NA	NA	NA	NA	NA	NA
NC_045512.2	25501	A	G	12110	1833	48	2	0	24	0.000165112	12113	1	FALSE	NA	NA	NA	NA	NA	NA
NC_045512.2	25502	T	C	12157	1854	48	2	0	40	0.000164487	12159	0.500031	FALSE	NA	NA	NA	NA	NA	NA
NC_045512.2	25503	A	C	12122	1859	48	1	0	24	8.24878e-05	12123	1	FALSE	NA	NA	NA	NA	NA	NA
NC_045512.2	25504	C	A	12166	1868	48	2	0	32	0.000164366	12168	0.999087	FALSE	NA	NA	NA	NA	NA	NA
NC_045512.2	25505	A	C	12118	1870	48	4	0	28	0.000329979	12122	1	FALSE	NA	NA	NA	NA	NA	NA
NC_045512.2	25506	A	G	12147	1868	48	2	1	40	0.000164582	12152	0.499938	FALSE	NA	NA	NA	NA	NA	NA
NC_045512.2	25506	A	C	12147	1868	48	3	0	24	0.000246873	12152	1	FALSE	NA	NA	NA	NA	NA	NA
NC_045512.2	25509	C	A	12380	2025	47	6	0	24	0.000484418	12386	1	FALSE	NA	NA	NA	NA	NA	NA
NC_045512.2	25510	T	C	12514	1997	49	1	0	40	7.99041e-05	12515	0.75003	FALSE	NA	NA	NA	NA	NA	NA
NC_045512.2	25511	C	A	12026	2016	45	16	0	27	0.00132868	12042	1	FALSE	NA	NA	NA	NA	NA	NA
NC_045512.2	25512	A	G	12460	2002	49	2	0	32	0.000160449	12465	0.999086	FALSE	NA	NA	NA	NA	NA	NA
NC_045512.2	25512	A	C	12460	2002	49	3	0	34	0.000240674	12465	0.996314	FALSE	NA	NA	NA	NA	NA	NA
NC_045512.2	25513	C	T	12324	2025	47	1	0	40	8.10833e-05	12333	0.749868	FALSE	NA	NA	NA	NA	NA	NA
NC_045512.2	25513	C	A	12324	2025	47	8	0	26	0.000648666	12333	1	FALSE	NA	NA	NA	NA	NA	NA
NC_045512.2	25515	C	A	12691	2033	49	1	1	24	7.87898e-05	12692	1	FALSE	NA	NA	NA	NA	NA	NA
NC_045512.2	25516	C	A	12537	2026	49	5	0	24	0.000398661	12542	1	FALSE	NA	NA	NA	NA	NA	NA
NC_045512.2	25518	T	G	12718	2144	50	2	0	32	0.000157196	12723	0.999086	FALSE	NA	NA	NA	NA	NA	NA
NC_045512.2	25518	T	C	12718	2144	50	3	1	38	0.000235793	12723	0.996314	FALSE	NA	NA	NA	NA	NA	NA
NC_045512.2	25519	T	C	12721	2146	50	1	0	40	7.8604e-05	12722	0.750029	FALSE	NA	NA	NA	NA	NA	NA
NC_045512.2	25521	C	T	12328	2174	47	2	1	60	0.000161956	12349	0.249625	FALSE	NA	NA	NA	NA	NA	NA
NC_045512.2	25521	C	G	12328	2174	47	1	1	40	8.09782e-05	12349	0.749625	FALSE	NA	NA	NA	NA	NA	NA
NC_045512.2	25521	C	A	12328	2174	47	18	0	27	0.00145761	12349	1	FALSE	NA	NA	NA	NA	NA	NA
NC_045512.2	25522	G	T	12710	2151	50	1	1	40	7.86658e-05	12712	0.75001	FALSE	NA	NA	NA	NA	NA	NA
NC_045512.2	25522	G	A	12710	2151	50	1	0	24	7.86658e-05	12712	1	FALSE	NA	NA	NA	NA	NA	NA
NC_045512.2	25523	G	T	12711	2236	51	1	0	24	7.86658e-05	12712	1	FALSE	NA	NA	NA	NA	NA	NA
NC_045512.2	25524	A	G	12612	2254	51	1	0	64	7.92833e-05	12613	0.50002	FALSE	NA	NA	NA	NA	NA	NA
NC_045512.2	25525	T	C	12656	2257	51	1	1	40	7.90077e-05	12657	0.75003	FALSE	NA	NA	NA	NA	NA	NA
NC_045512.2	25526	G	C	13057	2240	50	2	0	40	0.000153139	13060	0.5	FALSE	NA	NA	NA	NA	NA	NA
NC_045512.2	25526	G	A	13057	2240	50	1	0	64	7.65697e-05	13060	0.499981	FALSE	NA	NA	NA	NA	NA	NA
NC_045512.2	25527	G	A	13117	2266	51	1	0	24	7.62311e-05	13118	1	FALSE	NA	NA	NA	NA	NA	NA
NC_045512.2	25528	C	T	12964	2325	50	1	0	24	7.71307e-05	12965	1	FALSE	NA	NA	NA	NA	NA	NA
NC_045512.2	25529	T	A	13007	2467	51	1	1	80	7.68758e-05	13008	0.500019	FALSE	NA	NA	NA	NA	NA	NA
NC_045512.2	25531	A	C	12905	2579	51	6	0	24	0.00046472	12911	1	FALSE	NA	NA	NA	NA	NA	NA
NC_045512.2	25532	T	C	12982	2573	51	1	0	40	7.70238e-05	12983	0.750029	FALSE	NA	NA	NA	NA	NA	NA
NC_045512.2	25534	G	A	12615	2749	51	1	0	40	7.92644e-05	12616	0.75003	FALSE	NA	NA	NA	NA	NA	NA
NC_045512.2	25535	T	C	12395	2644	51	1	1	40	8.06647e-05	12397	0.75001	FALSE	NA	NA	NA	NA	NA	NA
NC_045512.2	25535	T	A	12395	2644	51	1	0	80	8.06647e-05	12397	0.5	FALSE	NA	NA	NA	NA	NA	NA
NC_045512.2	25536	T	C	12381	2638	51	3	0	34	0.000242248	12384	0.996317	FALSE	NA	NA	NA	NA	NA	NA
NC_045512.2	25537	G	C	12313	2606	50	1	0	40	8.12084e-05	12314	0.75003	FALSE	NA	NA	NA	NA	NA	NA
NC_045512.2	25538	G	T	12444	2642	51	1	0	40	8.03471e-05	12446	0.75001	FALSE	NA	NA	NA	NA	NA	NA
NC_045512.2	25538	G	A	12444	2642	51	1	0	24	8.03471e-05	12446	1	FALSE	NA	NA	NA	NA	NA	NA
NC_045512.2	25539	C	G	12204	2801	50	1	0	40	8.19336e-05	12205	0.750031	FALSE	NA	NA	NA	NA	NA	NA
NC_045512.2	25540	G	T	12178	2772	51	4	2	40	0.000328353	12182	0.1875	FALSE	NA	NA	NA	NA	NA	NA
NC_045512.2	25541	T	G	11656	3055	50	1	0	40	8.57706e-05	11659	0.749989	FALSE	NA	NA	NA	NA	NA	NA
NC_045512.2	25541	T	C	11656	3055	50	2	0	32	0.000171541	11659	0.998295	FALSE	NA	NA	NA	NA	NA	NA
NC_045512.2	25542	T	C	11661	3074	50	2	0	40	0.000171482	11663	0.500032	FALSE	NA	NA	NA	NA	NA	NA
NC_045512.2	25543	G	A	11746	3086	50	3	1	40	0.000255341	11749	0.312516	FALSE	NA	NA	NA	NA	NA	NA
NC_045512.2	25544	C	A	11730	3163	50	3	0	24	0.000255689	11733	1	FALSE	NA	NA	NA	NA	NA	NA
NC_045512.2	25545	A	G	11697	3164	50	1	1	48	8.54701e-05	11700	0.749989	FALSE	NA	NA	NA	NA	NA	NA
NC_045512.2	25545	A	C	11697	3164	50	2	0	24	0.00017094	11700	1	FALSE	NA	NA	NA	NA	NA	NA
NC_045512.2	25547	T	C	11573	3164	50	2	0	40	0.000172786	11575	0.500032	FALSE	NA	NA	NA	NA	NA	NA
NC_045512.2	25549	C	T	10900	3294	46	1	0	40	9.14997e-05	10929	0.749393	FALSE	NA	NA	NA	NA	NA	NA
NC_045512.2	25549	C	A	10900	3294	46	28	0	26	0.00256199	10929	1	FALSE	NA	NA	NA	NA	NA	NA
NC_045512.2	25550	T	C	11609	3282	51	1	0	40	8.61326e-05	11610	0.750032	FALSE	NA	NA	NA	NA	NA	NA
NC_045512.2	25551	T	C	11606	3298	51	3	0	32	0.00025842	11609	0.993546	FALSE	NA	NA	NA	NA	NA	NA
NC_045512.2	25552	G	T	10992	3542	49	1	0	24	9.09587e-05	10994	1	FALSE	NA	NA	NA	NA	NA	NA
NC_045512.2	25552	G	A	10992	3542	49	1	0	80	9.09587e-05	10994	0.5	FALSE	NA	NA	NA	NA	NA	NA
NC_045512.2	25553	C	T	10854	3607	49	2	0	40	0.00018423	10856	0.500035	FALSE	NA	NA	NA	NA	NA	NA
NC_045512.2	25554	T	C	10838	3591	49	3	1	48	0.000276727	10841	0.312517	FALSE	NA	NA	NA	NA	NA	NA
NC_045512.2	25555	G	C	10913	3613	49	1	0	40	9.16254e-05	10914	0.750034	FALSE	NA	NA	NA	NA	NA	NA
NC_045512.2	25556	T	C	10912	3597	49	1	0	40	9.16338e-05	10913	0.750034	FALSE	NA	NA	NA	NA	NA	NA
NC_045512.2	25559	T	C	10949	3654	49	2	0	52	0.000182632	10951	0.250011	FALSE	NA	NA	NA	NA	NA	NA
NC_045512.2	25560	T	C	10956	3841	50	1	1	40	9.12659e-05	10957	0.750034	FALSE	NA	NA	NA	NA	NA	NA
NC_045512.2	25562	A	G	10809	3866	49	2	1	60	0.00018498	10812	0.249988	FALSE	NA	NA	NA	NA	NA	NA
NC_045512.2	25562	A	C	10809	3866	49	1	0	24	9.24898e-05	10812	1	FALSE	NA	NA	NA	NA	NA	NA
NC_045512.2	25566	C	T	10669	4047	48	2	0	32	0.000187424	10671	0.996834	FALSE	NA	NA	NA	NA	NA	NA
NC_045512.2	25567	G	C	10710	4045	50	1	0	24	9.33445e-05	10713	1	FALSE	NA	NA	NA	NA	NA	NA
NC_045512.2	25567	G	A	10710	4045	50	2	0	40	0.000186689	10713	0.5	FALSE	NA	NA	NA	NA	NA	NA
NC_045512.2	25569	T	C	10406	4203	49	1	0	24	9.60892e-05	10407	1	FALSE	NA	NA	NA	NA	NA	NA
NC_045512.2	25570	T	C	10464	4272	49	5	0	29	0.000477601	10469	1	FALSE	NA	NA	NA	NA	NA	NA
NC_045512.2	25571	C	T	9748	4639	43	1	1	52	0.000102522	9754	0.499897	FALSE	NA	NA	NA	NA	NA	NA
NC_045512.2	25571	C	A	9748	4639	43	5	0	28	0.00051261	9754	1	FALSE	NA	NA	NA	NA	NA	NA
NC_045512.2	25572	C	T	10660	4613	50	2	2	80	0.000187582	10662	0.250012	FALSE	NA	NA	NA	NA	NA	NA
NC_045512.2	25572	C	-A	10660	4613	50	2	0	20	0.000187582	10662	1	FALSE	NA	NA	NA	NA	NA	NA
NC_045512.2	25575	A	G	10565	4674	49	1	0	24	9.46342e-05	10567	1	FALSE	NA	NA	NA	NA	NA	NA
NC_045512.2	25575	A	C	10565	4674	49	1	1	80	9.46342e-05	10567	0.5	FALSE	NA	NA	NA	NA	NA	NA
NC_045512.2	25578	C	G	10515	4913	50	2	2	32	0.000190168	10517	0.996835	FALSE	NA	NA	NA	NA	NA	NA
NC_045512.2	25580	T	G	10507	4969	50	2	2	32	0.000190313	10509	0.996835	FALSE	NA	NA	NA	NA	NA	NA
NC_045512.2	25581	A	G	10567	5069	50	1	0	40	9.46163e-05	10569	0.750012	FALSE	NA	NA	NA	NA	NA	NA
NC_045512.2	25581	A	C	10567	5069	50	1	0	24	9.46163e-05	10569	1	FALSE	NA	NA	NA	NA	NA	NA
NC_045512.2	25582	A	C	10539	5067	50	3	0	29	0.000284576	10542	1	FALSE	NA	NA	NA	NA	NA	NA
NC_045512.2	25584	C	T	2	1	60	10535	5611	50	0.99981	10537	0	TRUE	NA	NA	NA	NA	NA	NA
NC_045512.2	25586	T	G	10599	5615	50	1	1	24	9.43396e-05	10600	1	FALSE	NA	NA	NA	NA	NA	NA
NC_045512.2	25587	C	-A	10642	5670	50	1	0	20	9.39673e-05	10642	1	FALSE	NA	NA	NA	NA	NA	NA
NC_045512.2	25588	A	G	10782	5925	51	4	4	36	0.000370817	10787	0.971342	FALSE	NA	NA	NA	NA	NA	NA
NC_045512.2	25588	A	C	10782	5925	51	1	0	24	9.27042e-05	10787	1	FALSE	NA	NA	NA	NA	NA	NA
NC_045512.2	25589	A	C	10766	5935	50	2	0	24	0.000185736	10768	1	FALSE	NA	NA	NA	NA	NA	NA
NC_045512.2	25590	A	G	10844	6054	51	3	3	32	0.000276549	10848	0.988789	FALSE	NA	NA	NA	NA	NA	NA
NC_045512.2	25590	A	C	10844	6054	51	1	0	40	9.21829e-05	10848	0.749965	FALSE	NA	NA	NA	NA	NA	NA
NC_045512.2	25593	G	T	10213	5358	47	52	52	28	0.00506576	10265	0.999984	FALSE	NA	NA	NA	NA	NA	NA
NC_045512.2	25594	A	G	10734	6077	51	2	2	52	0.000186289	10736	0.250012	FALSE	NA	NA	NA	NA	NA	NA
NC_045512.2	25596	A	G	10560	6133	50	2	0	40	0.00018934	10563	0.5	FALSE	NA	NA	NA	NA	NA	NA
NC_045512.2	25596	A	C	10560	6133	50	1	0	40	9.46701e-05	10563	0.749988	FALSE	NA	NA	NA	NA	NA	NA
NC_045512.2	25597	T	G	10568	6116	50	1	1	24	9.46074e-05	10570	1	FALSE	NA	NA	NA	NA	NA	NA
NC_045512.2	25597	T	A	10568	6116	50	1	0	80	9.46074e-05	10570	0.5	FALSE	NA	NA	NA	NA	NA	NA
NC_045512.2	25598	G	A	10538	6125	50	2	2	60	0.000189753	10540	0.250012	FALSE	NA	NA	NA	NA	NA	NA
NC_045512.2	25599	G	T	10571	6172	50	1	1	24	9.45716e-05	10574	1	FALSE	NA	NA	NA	NA	NA	NA
NC_045512.2	25599	G	C	10571	6172	50	1	1	40	9.45716e-05	10574	0.749988	FALSE	NA	NA	NA	NA	NA	NA
NC_045512.2	25599	G	A	10571	6172	50	1	1	80	9.45716e-05	10574	0.499976	FALSE	NA	NA	NA	NA	NA	NA
NC_045512.2	25600	C	T	11813	8224	53	1	1	40	8.46453e-05	11814	0.750032	FALSE	NA	NA	NA	NA	NA	NA
NC_045512.2	25601	A	G	11974	8414	54	1	1	40	8.35073e-05	11975	0.750031	FALSE	NA	NA	NA	NA	NA	NA
NC_045512.2	25603	C	T	11957	8442	53	3	2	48	0.000250836	11960	0.312516	FALSE	NA	NA	NA	NA	NA	NA
NC_045512.2	25604	T	G	11927	8414	54	3	3	34	0.000251383	11934	0.993534	FALSE	NA	NA	NA	NA	NA	NA
NC_045512.2	25604	T	C	11927	8414	54	4	2	36	0.000335177	11934	0.982436	FALSE	NA	NA	NA	NA	NA	NA
NC_045512.2	25605	A	G	11937	8424	53	4	4	42	0.00033498	11941	0.1875	FALSE	NA	NA	NA	NA	NA	NA
NC_045512.2	25606	G	C	11906	8460	53	1	1	40	8.39842e-05	11907	0.750031	FALSE	NA	NA	NA	NA	NA	NA
NC_045512.2	25607	C	G	11935	8789	52	1	1	40	8.37802e-05	11936	0.750031	FALSE	NA	NA	NA	NA	NA	NA
NC_045512.2	25608	A	G	11920	8788	52	1	1	40	8.38785e-05	11922	0.75001	FALSE	NA	NA	NA	NA	NA	NA
NC_045512.2	25608	A	C	11920	8788	52	1	1	40	8.38785e-05	11922	0.75001	FALSE	NA	NA	NA	NA	NA	NA
NC_045512.2	25610	T	C	11780	8711	52	3	3	53	0.000254604	11783	0.125	FALSE	NA	NA	NA	NA	NA	NA
NC_045512.2	25613	C	A	12422	8948	52	1	1	40	8.04959e-05	12423	0.75003	FALSE	NA	NA	NA	NA	NA	NA
NC_045512.2	25614	C	A	12393	8974	51	2	0	28	0.000161355	12395	1	FALSE	NA	NA	NA	NA	NA	NA
NC_045512.2	25614	C	-A	12393	8974	51	1	0	20	8.06777e-05	12395	1	FALSE	NA	NA	NA	NA	NA	NA
NC_045512.2	25615	A	G	13369	10381	54	2	2	40	0.000149577	13371	0.5	FALSE	NA	NA	NA	NA	NA	NA
NC_045512.2	25616	A	G	13339	10504	53	1	1	40	7.49625e-05	13340	0.750028	FALSE	NA	NA	NA	NA	NA	NA
NC_045512.2	25617	G	T	13322	10478	53	3	3	24	0.000225124	13326	1	FALSE	NA	NA	NA	NA	NA	NA
NC_045512.2	25617	G	C	13322	10478	53	1	1	32	7.50413e-05	13326	0.999939	FALSE	NA	NA	NA	NA	NA	NA
NC_045512.2	25618	G	T	13265	10482	53	7	7	24	0.000527426	13272	1	FALSE	NA	NA	NA	NA	NA	NA
NC_045512.2	25619	G	T	13389	10614	53	6	6	26	0.000447895	13396	1	FALSE	NA	NA	NA	NA	NA	NA
NC_045512.2	25619	G	A	13389	10614	53	1	1	40	7.46491e-05	13396	0.749916	FALSE	NA	NA	NA	NA	NA	NA
NC_045512.2	25620	T	G	12296	9688	55	2	1	28	0.000162628	12298	1	FALSE	NA	NA	NA	NA	NA	NA
NC_045512.2	25622	T	G	12336	9803	55	2	1	28	0.000162088	12339	1	FALSE	NA	NA	NA	NA	NA	NA
NC_045512.2	25622	T	C	12336	9803	55	1	0	32	8.10438e-05	12339	0.999878	FALSE	NA	NA	NA	NA	NA	NA
NC_045512.2	25623	T	G	12345	9812	55	2	2	24	0.000161956	12349	1	FALSE	NA	NA	NA	NA	NA	NA
NC_045512.2	25623	T	C	12345	9812	55	2	1	80	0.000161956	12349	0.24997	FALSE	NA	NA	NA	NA	NA	NA
NC_045512.2	25625	A	G	12349	9820	55	2	2	36	0.00016193	12351	0.999087	FALSE	NA	NA	NA	NA	NA	NA
NC_045512.2	25626	C	T	12342	9833	54	2	2	24	0.000162022	12344	1	FALSE	NA	NA	NA	NA	NA	NA
NC_045512.2	25627	T	G	12179	9686	55	2	2	32	0.000164163	12183	0.999087	FALSE	NA	NA	NA	NA	NA	NA
NC_045512.2	25627	T	C	12179	9686	55	2	1	36	0.000164163	12183	0.999087	FALSE	NA	NA	NA	NA	NA	NA
NC_045512.2	25629	T	G	12167	9671	55	1	1	40	8.21693e-05	12170	0.74999	FALSE	NA	NA	NA	NA	NA	NA
NC_045512.2	25629	T	C	12167	9671	55	2	2	40	0.000164339	12170	0.5	FALSE	NA	NA	NA	NA	NA	NA
NC_045512.2	25630	G	T	12211	9692	55	1	1	24	8.18733e-05	12214	1	FALSE	NA	NA	NA	NA	NA	NA
NC_045512.2	25630	G	C	12211	9692	55	1	0	32	8.18733e-05	12214	0.999878	FALSE	NA	NA	NA	NA	NA	NA
NC_045512.2	25630	G	A	12211	9692	55	1	1	80	8.18733e-05	12214	0.49998	FALSE	NA	NA	NA	NA	NA	NA
NC_045512.2	25631	T	G	12154	9639	55	3	3	34	0.000246771	12157	0.996318	FALSE	NA	NA	NA	NA	NA	NA
NC_045512.2	25632	T	G	12164	9651	55	3	3	29	0.000246569	12167	1	FALSE	NA	NA	NA	NA	NA	NA
NC_045512.2	25633	T	G	12122	9669	55	1	1	24	8.24674e-05	12126	1	FALSE	NA	NA	NA	NA	NA	NA
NC_045512.2	25633	T	C	12122	9669	55	3	3	40	0.000247402	12126	0.312485	FALSE	NA	NA	NA	NA	NA	NA
NC_045512.2	25633	T	-G	12122	9669	55	1	0	20	8.24674e-05	12126	1	FALSE	NA	NA	NA	NA	NA	NA
NC_045512.2	25634	G	A	12180	9737	55	2	2	72	0.000164177	12182	0.24999	FALSE	NA	NA	NA	NA	NA	NA
NC_045512.2	25637	A	G	12149	10032	53	3	3	48	0.000246853	12153	0.312485	FALSE	NA	NA	NA	NA	NA	NA
NC_045512.2	25637	A	C	12149	10032	53	1	1	24	8.22842e-05	12153	1	FALSE	NA	NA	NA	NA	NA	NA
NC_045512.2	25638	C	T	12139	10051	52	1	1	52	8.23723e-05	12140	0.500021	FALSE	NA	NA	NA	NA	NA	NA
NC_045512.2	25639	T	C	12048	9947	53	1	1	24	8.29944e-05	12049	1	FALSE	NA	NA	NA	NA	NA	NA
NC_045512.2	25640	T	G	12047	9954	53	1	1	40	8.30013e-05	12048	0.750031	FALSE	NA	NA	NA	NA	NA	NA
NC_045512.2	25641	G	A	12071	10010	53	1	1	40	8.28363e-05	12072	0.750031	FALSE	NA	NA	NA	NA	NA	NA
NC_045512.2	25642	C	T	12084	10082	52	1	1	80	8.27472e-05	12085	0.500021	FALSE	NA	NA	NA	NA	NA	NA
NC_045512.2	25642	C	-TGT	12084	10082	52	4	0	20	0.000330989	12085	1	FALSE	NA	NA	NA	NA	NA	NA
NC_045512.2	25643	T	G	12052	10055	52	1	1	24	8.29463e-05	12056	1	FALSE	NA	NA	NA	NA	NA	NA
NC_045512.2	25643	T	C	12052	10055	52	3	3	34	0.000248839	12056	0.996309	FALSE	NA	NA	NA	NA	NA	NA
NC_045512.2	25644	G	A	12055	10054	52	1	1	40	8.29463e-05	12056	0.749948	FALSE	NA	NA	NA	NA	NA	NA
NC_045512.2	25645	T	G	12003	10004	52	2	2	24	0.000166583	12006	1	FALSE	NA	NA	NA	NA	NA	NA
NC_045512.2	25645	T	C	12003	10004	52	1	1	40	8.32917e-05	12006	0.749906	FALSE	NA	NA	NA	NA	NA	NA
NC_045512.2	25646	T	G	12004	10004	52	3	3	24	0.000249833	12008	1	FALSE	NA	NA	NA	NA	NA	NA
NC_045512.2	25646	T	C	12004	10004	52	1	1	80	8.32778e-05	12008	0.499958	FALSE	NA	NA	NA	NA	NA	NA
NC_045512.2	25647	G	T	11994	10032	52	1	1	24	8.33681e-05	11995	1	FALSE	NA	NA	NA	NA	NA	NA
NC_045512.2	25648	T	G	11928	9977	52	2	2	24	0.000167631	11931	1	FALSE	NA	NA	NA	NA	NA	NA
NC_045512.2	25648	T	C	11928	9977	52	1	0	40	8.38153e-05	11931	0.74999	FALSE	NA	NA	NA	NA	NA	NA
NC_045512.2	25649	T	G	11928	9979	52	1	1	24	8.38223e-05	11930	1	FALSE	NA	NA	NA	NA	NA	NA
NC_045512.2	25649	T	C	11928	9979	52	1	1	40	8.38223e-05	11930	0.75001	FALSE	NA	NA	NA	NA	NA	NA
NC_045512.2	25650	G	T	11981	10034	52	1	0	80	8.34516e-05	11983	0.5	FALSE	NA	NA	NA	NA	NA	NA
NC_045512.2	25650	G	A	11981	10034	52	1	1	80	8.34516e-05	11983	0.5	FALSE	NA	NA	NA	NA	NA	NA
NC_045512.2	25653	T	G	11759	10095	50	1	1	24	8.50268e-05	11761	1	FALSE	NA	NA	NA	NA	NA	NA
NC_045512.2	25653	T	A	11759	10095	50	1	1	40	8.50268e-05	11761	0.750011	FALSE	NA	NA	NA	NA	NA	NA
NC_045512.2	25654	G	T	11552	9879	48	6	6	26	0.000519121	11558	1	FALSE	NA	NA	NA	NA	NA	NA
NC_045512.2	25654	G	-TAA	11552	9879	48	1	0	20	8.65202e-05	11558	1	FALSE	NA	NA	NA	NA	NA	NA
NC_045512.2	25655	T	C	11766	10103	50	2	2	52	0.000169952	11768	0.249989	FALSE	NA	NA	NA	NA	NA	NA
NC_045512.2	25657	A	G	11778	10132	50	2	2	32	0.000169779	11780	0.998295	FALSE	NA	NA	NA	NA	NA	NA
NC_045512.2	25659	A	G	11521	10052	49	1	1	24	8.67905e-05	11522	1	FALSE	NA	NA	NA	NA	NA	NA
NC_045512.2	25661	T	G	11392	9935	49	3	3	29	0.000263273	11395	1	FALSE	NA	NA	NA	NA	NA	NA
NC_045512.2	25662	T	G	11349	9894	48	1	1	40	8.81057e-05	11350	0.750033	FALSE	NA	NA	NA	NA	NA	NA
NC_045512.2	25663	T	G	11356	9900	48	2	2	24	0.000176072	11359	1	FALSE	NA	NA	NA	NA	NA	NA
NC_045512.2	25663	T	A	11356	9900	48	1	1	40	8.80359e-05	11359	0.749989	FALSE	NA	NA	NA	NA	NA	NA
NC_045512.2	25666	T	G	11358	9978	48	2	2	24	0.000176025	11362	1	FALSE	NA	NA	NA	NA	NA	NA
NC_045512.2	25666	T	C	11358	9978	48	2	2	40	0.000176025	11362	0.499967	FALSE	NA	NA	NA	NA	NA	NA
NC_045512.2	25667	C	A	11335	10011	48	1	1	24	8.82145e-05	11336	1	FALSE	NA	NA	NA	NA	NA	NA
NC_045512.2	25668	A	G	11045	9739	48	2	2	32	0.000181028	11048	0.998295	FALSE	NA	NA	NA	NA	NA	NA
NC_045512.2	25668	A	C	11045	9739	48	1	1	24	9.05141e-05	11048	1	FALSE	NA	NA	NA	NA	NA	NA
NC_045512.2	25672	C	-T	10985	9688	48	1	0	20	9.10332e-05	10985	1	FALSE	NA	NA	NA	NA	NA	NA
NC_045512.2	25673	T	C	10768	9481	48	2	1	60	0.000185701	10770	0.249988	FALSE	NA	NA	NA	NA	NA	NA
NC_045512.2	25674	T	G	10714	9428	48	1	1	24	9.33097e-05	10717	1	FALSE	NA	NA	NA	NA	NA	NA
NC_045512.2	25674	T	C	10714	9428	48	2	2	40	0.000186619	10717	0.5	FALSE	NA	NA	NA	NA	NA	NA
NC_045512.2	25675	T	C	10720	9434	48	2	1	60	0.000186532	10722	0.250012	FALSE	NA	NA	NA	NA	NA	NA
NC_045512.2	25676	T	G	10684	9399	48	2	2	24	0.000187161	10686	1	FALSE	NA	NA	NA	NA	NA	NA
NC_045512.2	25679	T	G	10580	9536	46	2	2	32	0.000189	10582	0.996835	FALSE	NA	NA	NA	NA	NA	NA
NC_045512.2	25680	C	T	10322	9296	47	1	0	80	9.68711e-05	10323	0.500024	FALSE	NA	NA	NA	NA	NA	NA
NC_045512.2	25681	G	T	10152	9129	46	2	2	24	0.000196947	10155	1	FALSE	NA	NA	NA	NA	NA	NA
NC_045512.2	25681	G	A	10152	9129	46	1	1	40	9.84737e-05	10155	0.749988	FALSE	NA	NA	NA	NA	NA	NA
NC_045512.2	25682	T	G	10196	9217	46	1	1	24	9.80681e-05	10197	1	FALSE	NA	NA	NA	NA	NA	NA
NC_045512.2	25683	T	G	10201	9237	46	1	1	24	9.80104e-05	10203	1	FALSE	NA	NA	NA	NA	NA	NA
NC_045512.2	25683	T	C	10201	9237	46	1	1	40	9.80104e-05	10203	0.750012	FALSE	NA	NA	NA	NA	NA	NA
NC_045512.2	25684	G	T	12605	9410	45	1	1	40	7.9321e-05	12607	0.75001	FALSE	NA	NA	NA	NA	NA	NA
NC_045512.2	25684	G	A	12605	9410	45	1	0	24	7.9321e-05	12607	1	FALSE	NA	NA	NA	NA	NA	NA
NC_045512.2	25685	C	T	12727	9392	45	2	1	60	0.000157122	12729	0.25001	FALSE	NA	NA	NA	NA	NA	NA
NC_045512.2	25686	T	G	12630	9297	45	4	4	28	0.000316581	12635	1	FALSE	NA	NA	NA	NA	NA	NA
NC_045512.2	25686	T	C	12630	9297	45	1	0	40	7.91452e-05	12635	0.749951	FALSE	NA	NA	NA	NA	NA	NA
NC_045512.2	25687	G	A	12702	9365	45	1	1	40	7.87216e-05	12703	0.75003	FALSE	NA	NA	NA	NA	NA	NA
NC_045512.2	25690	G	T	12561	9244	44	5	5	24	0.000397899	12566	1	FALSE	NA	NA	NA	NA	NA	NA
NC_045512.2	25691	G	A	12653	9237	44	1	0	80	7.90264e-05	12654	0.50002	FALSE	NA	NA	NA	NA	NA	NA
NC_045512.2	25692	C	G	12688	9217	44	1	1	24	7.88084e-05	12689	1	FALSE	NA	NA	NA	NA	NA	NA
NC_045512.2	25693	C	T	12665	9234	44	1	0	80	7.89453e-05	12667	0.5	FALSE	NA	NA	NA	NA	NA	NA
NC_045512.2	25693	C	A	12665	9234	44	1	0	40	7.89453e-05	12667	0.75001	FALSE	NA	NA	NA	NA	NA	NA
NC_045512.2	25695	T	G	12549	9105	44	1	0	40	7.96686e-05	12552	0.74999	FALSE	NA	NA	NA	NA	NA	NA
NC_045512.2	25695	T	C	12549	9105	44	2	2	60	0.000159337	12552	0.24999	FALSE	NA	NA	NA	NA	NA	NA
NC_045512.2	25696	G	T	12357	8897	42	8	8	26	0.000646987	12365	1	FALSE	NA	NA	NA	NA	NA	NA
NC_045512.2	25697	A	G	12598	9176	44	2	2	32	0.000158718	12601	0.999087	FALSE	NA	NA	NA	NA	NA	NA
NC_045512.2	25697	A	C	12598	9176	44	1	0	24	7.93588e-05	12601	1	FALSE	NA	NA	NA	NA	NA	NA
NC_045512.2	25698	A	G	12590	9178	44	2	1	24	0.000158818	12593	1	FALSE	NA	NA	NA	NA	NA	NA
NC_045512.2	25698	A	C	12590	9178	44	1	0	24	7.94092e-05	12593	1	FALSE	NA	NA	NA	NA	NA	NA
NC_045512.2	25700	C	T	12551	9054	44	1	1	40	7.96686e-05	12552	0.75003	FALSE	NA	NA	NA	NA	NA	NA
NC_045512.2	25701	C	T	12492	8998	43	1	1	40	8.00192e-05	12497	0.74995	FALSE	NA	NA	NA	NA	NA	NA
NC_045512.2	25701	C	A	12492	8998	43	4	0	32	0.000320077	12497	0.989385	FALSE	NA	NA	NA	NA	NA	NA
NC_045512.2	25703	C	T	12554	9000	42	2	2	40	0.000159172	12565	0.499761	FALSE	NA	NA	NA	NA	NA	NA
NC_045512.2	25703	C	A	12554	9000	42	9	1	27	0.000716275	12565	1	FALSE	NA	NA	NA	NA	NA	NA
NC_045512.2	25703	C	+T	12554	9000	42	1	0	20	7.95862e-05	12565	1	FALSE	NA	NA	NA	NA	NA	NA
NC_045512.2	25704	T	G	12671	8942	44	1	1	40	7.8883e-05	12677	0.749931	FALSE	NA	NA	NA	NA	NA	NA
NC_045512.2	25704	T	C	12671	8942	44	5	3	36	0.000394415	12677	0.975516	FALSE	NA	NA	NA	NA	NA	NA
NC_045512.2	25705	T	G	12671	8907	43	1	1	24	7.89079e-05	12673	1	FALSE	NA	NA	NA	NA	NA	NA
NC_045512.2	25705	T	C	12671	8907	43	1	1	40	7.89079e-05	12673	0.75001	FALSE	NA	NA	NA	NA	NA	NA
NC_045512.2	25706	T	G	12766	8997	43	1	1	24	7.83269e-05	12767	1	FALSE	NA	NA	NA	NA	NA	NA
NC_045512.2	25707	T	G	12861	8963	43	1	1	24	7.77303e-05	12865	1	FALSE	NA	NA	NA	NA	NA	NA
NC_045512.2	25707	T	C	12861	8963	43	3	0	28	0.000233191	12865	1	FALSE	NA	NA	NA	NA	NA	NA
NC_045512.2	25708	C	T	12907	9017	43	2	0	40	0.000154883	12913	0.499913	FALSE	NA	NA	NA	NA	NA	NA
NC_045512.2	25708	C	G	12907	9017	43	1	0	24	7.74413e-05	12913	1	FALSE	NA	NA	NA	NA	NA	NA
NC_045512.2	25708	C	A	12907	9017	43	3	2	34	0.000232324	12913	0.996312	FALSE	NA	NA	NA	NA	NA	NA
NC_045512.2	25710	C	A	12763	8916	43	1	0	24	7.83453e-05	12764	1	FALSE	NA	NA	NA	NA	NA	NA
NC_045512.2	25711	T	G	12547	8648	43	1	1	24	7.96749e-05	12551	1	FALSE	NA	NA	NA	NA	NA	NA
NC_045512.2	25711	T	C	12547	8648	43	3	2	40	0.000239025	12551	0.312485	FALSE	NA	NA	NA	NA	NA	NA
NC_045512.2	25712	A	T	12724	8714	43	1	1	80	7.85546e-05	12730	0.499921	FALSE	NA	NA	NA	NA	NA	NA
NC_045512.2	25712	A	G	12724	8714	43	3	2	40	0.000235664	12730	0.312426	FALSE	NA	NA	NA	NA	NA	NA
NC_045512.2	25712	A	C	12724	8714	43	2	0	24	0.000157109	12730	1	FALSE	NA	NA	NA	NA	NA	NA
NC_045512.2	25713	T	C	12865	8657	43	1	1	40	7.77242e-05	12866	0.750029	FALSE	NA	NA	NA	NA	NA	NA
NC_045512.2	25715	T	G	12846	8602	44	3	3	29	0.000233463	12850	1	FALSE	NA	NA	NA	NA	NA	NA
NC_045512.2	25715	T	C	12846	8602	44	1	1	40	7.7821e-05	12850	0.749971	FALSE	NA	NA	NA	NA	NA	NA
NC_045512.2	25718	A	G	12638	8533	44	1	0	24	7.90889e-05	12644	1	FALSE	NA	NA	NA	NA	NA	NA
NC_045512.2	25718	A	C	12638	8533	44	5	1	27	0.000395444	12644	1	FALSE	NA	NA	NA	NA	NA	NA
NC_045512.2	25719	T	C	12639	8484	44	3	2	34	0.000237304	12642	0.996317	FALSE	NA	NA	NA	NA	NA	NA
NC_045512.2	25720	G	T	12793	8490	44	2	2	24	0.000156311	12795	1	FALSE	NA	NA	NA	NA	NA	NA
NC_045512.2	25721	C	T	12790	8434	44	1	1	32	7.81494e-05	12796	0.999878	FALSE	NA	NA	NA	NA	NA	NA
NC_045512.2	25721	C	G	12790	8434	44	5	5	36	0.000390747	12796	0.975516	FALSE	NA	NA	NA	NA	NA	NA
NC_045512.2	25722	T	G	12352	8036	44	3	3	29	0.000242758	12358	1	FALSE	NA	NA	NA	NA	NA	NA
NC_045512.2	25722	T	C	12352	8036	44	3	1	40	0.000242758	12358	0.312424	FALSE	NA	NA	NA	NA	NA	NA
NC_045512.2	25723	T	G	12337	7969	44	1	1	24	8.10438e-05	12339	1	FALSE	NA	NA	NA	NA	NA	NA
NC_045512.2	25723	T	C	12337	7969	44	1	0	40	8.10438e-05	12339	0.75001	FALSE	NA	NA	NA	NA	NA	NA
NC_045512.2	25724	T	G	12318	7941	44	1	1	24	8.11557e-05	12322	1	FALSE	NA	NA	NA	NA	NA	NA
NC_045512.2	25724	T	C	12318	7941	44	3	0	40	0.000243467	12322	0.312485	FALSE	NA	NA	NA	NA	NA	NA
NC_045512.2	25725	A	G	12522	7991	42	2	1	32	0.000159655	12527	0.999086	FALSE	NA	NA	NA	NA	NA	NA
NC_045512.2	25725	A	C	12522	7991	42	3	0	24	0.000239483	12527	1	FALSE	NA	NA	NA	NA	NA	NA
NC_045512.2	25726	G	C	12775	7993	44	1	0	40	7.82718e-05	12776	0.750029	FALSE	NA	NA	NA	NA	NA	NA
NC_045512.2	25727	T	G	12707	8049	45	3	3	29	0.000235979	12713	1	FALSE	NA	NA	NA	NA	NA	NA
NC_045512.2	25727	T	C	12707	8049	45	3	2	48	0.000235979	12713	0.312426	FALSE	NA	NA	NA	NA	NA	NA
NC_045512.2	25729	T	G	12486	7858	45	2	2	32	0.000160064	12495	0.999084	FALSE	NA	NA	NA	NA	NA	NA
NC_045512.2	25729	T	C	12486	7858	45	2	1	32	0.000160064	12495	0.999084	FALSE	NA	NA	NA	NA	NA	NA
NC_045512.2	25729	T	A	12486	7858	45	5	5	40	0.00040016	12495	0.109291	FALSE	NA	NA	NA	NA	NA	NA
NC_045512.2	25729	T	-A	12486	7858	45	4	0	20	0.000320128	12495	1	FALSE	NA	NA	NA	NA	NA	NA
NC_045512.2	25730	A	G	12478	7807	43	1	0	40	8.01218e-05	12481	0.74991	FALSE	NA	NA	NA	NA	NA	NA
NC_045512.2	25730	A	C	12478	7807	43	2	0	32	0.000160244	12481	0.999085	FALSE	NA	NA	NA	NA	NA	NA
NC_045512.2	25731	C	A	12628	7798	45	5	5	40	0.000395789	12633	0.109366	FALSE	NA	NA	NA	NA	NA	NA
NC_045512.2	25732	T	G	12543	7671	44	1	1	24	7.97067e-05	12546	1	FALSE	NA	NA	NA	NA	NA	NA
NC_045512.2	25732	T	C	12543	7671	44	2	2	32	0.000159413	12546	0.999087	FALSE	NA	NA	NA	NA	NA	NA
NC_045512.2	25733	T	G	12520	7648	44	1	1	24	7.98276e-05	12527	1	FALSE	NA	NA	NA	NA	NA	NA
NC_045512.2	25733	T	C	12520	7648	44	4	3	46	0.00031931	12527	0.187425	FALSE	NA	NA	NA	NA	NA	NA
NC_045512.2	25733	T	A	12520	7648	44	2	2	40	0.000159655	12527	0.49988	FALSE	NA	NA	NA	NA	NA	NA
NC_045512.2	25734	C	A	11938	7316	44	7	0	26	0.000586019	11945	1	FALSE	NA	NA	NA	NA	NA	NA
NC_045512.2	25736	T	G	11739	6949	45	8	7	32	0.000680793	11751	0.820309	FALSE	NA	NA	NA	NA	NA	NA
NC_045512.2	25736	T	C	11739	6949	45	3	1	34	0.000255297	11751	0.99352	FALSE	NA	NA	NA	NA	NA	NA
NC_045512.2	25736	T	A	11739	6949	45	1	1	40	8.50991e-05	11751	0.749798	FALSE	NA	NA	NA	NA	NA	NA
NC_045512.2	25737	G	T	11806	7027	45	2	2	24	0.000169348	11810	1	FALSE	NA	NA	NA	NA	NA	NA
NC_045512.2	25737	G	A	11806	7027	45	2	2	40	0.000169348	11810	0.499968	FALSE	NA	NA	NA	NA	NA	NA
NC_045512.2	25738	C	T	11831	7054	45	2	1	32	0.000168947	11838	0.998292	FALSE	NA	NA	NA	NA	NA	NA
NC_045512.2	25738	C	G	11831	7054	45	4	4	36	0.000337895	11838	0.982436	FALSE	NA	NA	NA	NA	NA	NA
NC_045512.2	25738	C	A	11831	7054	45	1	1	24	8.44737e-05	11838	1	FALSE	NA	NA	NA	NA	NA	NA
NC_045512.2	25739	A	G	11376	6686	45	4	4	32	0.000351463	11381	0.982451	FALSE	NA	NA	NA	NA	NA	NA
NC_045512.2	25739	A	C	11376	6686	45	1	0	32	8.78657e-05	11381	0.999756	FALSE	NA	NA	NA	NA	NA	NA
NC_045512.2	25741	A	G	11422	6487	45	1	0	24	8.75427e-05	11423	1	FALSE	NA	NA	NA	NA	NA	NA
NC_045512.2	25743	T	G	5971	616	45	3	0	29	0.000502176	5974	1	FALSE	NA	NA	NA	NA	NA	NA
NC_045512.2	25746	A	G	5935	636	45	1	0	24	0.000168379	5939	1	FALSE	NA	NA	NA	NA	NA	NA
NC_045512.2	25746	A	C	5935	636	45	3	0	29	0.000505136	5939	1	FALSE	NA	NA	NA	NA	NA	NA
NC_045512.2	25748	A	G	5950	637	46	1	0	40	0.000168039	5951	0.500042	FALSE	NA	NA	NA	NA	NA	NA
NC_045512.2	25753	G	C	6013	650	45	1	0	40	0.000166279	6014	0.500042	FALSE	NA	NA	NA	NA	NA	NA
NC_045512.2	25755	A	C	5945	671	45	7	0	30	0.00117608	5952	0.387264	FALSE	NA	NA	NA	NA	NA	NA
NC_045512.2	25756	A	G	5986	670	45	1	1	64	0.000167001	5988	0.5	FALSE	NA	NA	NA	NA	NA	NA
NC_045512.2	25756	A	C	5986	670	45	1	0	40	0.000167001	5988	0.5	FALSE	NA	NA	NA	NA	NA	NA
NC_045512.2	25762	A	+T	6442	746	46	1	0	20	0.000155231	6442	1	FALSE	NA	NA	NA	NA	NA	NA
NC_045512.2	25764	A	G	6545	769	46	2	0	32	0.000305437	6548	0.964886	FALSE	NA	NA	NA	NA	NA	NA
NC_045512.2	25764	A	C	6545	769	46	1	0	24	0.000152718	6548	1	FALSE	NA	NA	NA	NA	NA	NA
NC_045512.2	25767	G	T	6548	741	45	2	2	24	0.000305344	6550	1	FALSE	NA	NA	NA	NA	NA	NA
NC_045512.2	25768	A	G	6540	771	46	1	1	80	0.000152835	6543	0.499962	FALSE	NA	NA	NA	NA	NA	NA
NC_045512.2	25768	A	C	6540	771	46	2	0	40	0.00030567	6543	0.249981	FALSE	NA	NA	NA	NA	NA	NA
NC_045512.2	25769	G	T	6780	758	45	3	3	32	0.000442282	6783	0.910265	FALSE	NA	NA	NA	NA	NA	NA
NC_045512.2	25774	T	G	6833	831	47	1	0	40	0.000146306	6835	0.5	FALSE	NA	NA	NA	NA	NA	NA
NC_045512.2	25774	T	C	6833	831	47	1	1	80	0.000146306	6835	0.5	FALSE	NA	NA	NA	NA	NA	NA
NC_045512.2	25775	G	A	6832	832	47	1	0	40	0.000146349	6833	0.500037	FALSE	NA	NA	NA	NA	NA	NA
NC_045512.2	25776	G	T	6851	840	47	1	0	40	0.0001459	6854	0.499964	FALSE	NA	NA	NA	NA	NA	NA
NC_045512.2	25776	G	C	6851	840	47	1	0	40	0.0001459	6854	0.499964	FALSE	NA	NA	NA	NA	NA	NA
NC_045512.2	25776	G	A	6851	840	47	1	0	40	0.0001459	6854	0.499964	FALSE	NA	NA	NA	NA	NA	NA
NC_045512.2	25779	T	C	6865	847	47	1	0	80	0.000145645	6866	0.500036	FALSE	NA	NA	NA	NA	NA	NA
NC_045512.2	25782	C	T	6904	894	48	1	1	64	0.000144823	6905	0.500036	FALSE	NA	NA	NA	NA	NA	NA
NC_045512.2	25783	T	C	6895	894	47	1	0	24	0.000145012	6896	1	FALSE	NA	NA	NA	NA	NA	NA
NC_045512.2	25786	A	G	6931	915	48	1	0	24	0.000144259	6932	1	FALSE	NA	NA	NA	NA	NA	NA
NC_045512.2	25788	A	C	6932	914	48	1	0	40	0.000144238	6933	0.500036	FALSE	NA	NA	NA	NA	NA	NA
NC_045512.2	25792	C	A	6910	929	47	1	0	24	0.000144697	6911	1	FALSE	NA	NA	NA	NA	NA	NA
NC_045512.2	25793	G	T	6934	922	48	2	0	32	0.000288351	6936	0.964899	FALSE	NA	NA	NA	NA	NA	NA
NC_045512.2	25794	T	C	6939	929	48	1	0	40	0.000144092	6940	0.500036	FALSE	NA	NA	NA	NA	NA	NA
NC_045512.2	25795	T	C	6956	959	48	1	0	40	0.00014374	6957	0.500036	FALSE	NA	NA	NA	NA	NA	NA
NC_045512.2	25796	C	T	6986	963	48	1	0	40	0.000143123	6987	0.500036	FALSE	NA	NA	NA	NA	NA	NA
NC_045512.2	25797	C	A	6838	976	46	3	0	29	0.000438532	6841	1	FALSE	NA	NA	NA	NA	NA	NA
NC_045512.2	25797	C	-A	6838	976	46	5	0	20	0.000730887	6841	1	FALSE	NA	NA	NA	NA	NA	NA
NC_045512.2	25798	A	G	6954	975	48	2	0	40	0.00028748	6957	0.249802	FALSE	NA	NA	NA	NA	NA	NA
NC_045512.2	25798	A	C	6954	975	48	1	0	40	0.00014374	6957	0.499784	FALSE	NA	NA	NA	NA	NA	NA
NC_045512.2	25799	A	C	6932	1025	49	3	0	29	0.000432588	6935	1	FALSE	NA	NA	NA	NA	NA	NA
NC_045512.2	25800	A	C	6954	1026	49	1	0	40	0.000143781	6955	0.500036	FALSE	NA	NA	NA	NA	NA	NA
NC_045512.2	25801	A	G	6960	1027	49	1	0	40	0.000143637	6962	0.5	FALSE	NA	NA	NA	NA	NA	NA
NC_045512.2	25801	A	C	6960	1027	49	1	0	24	0.000143637	6962	1	FALSE	NA	NA	NA	NA	NA	NA
NC_045512.2	25803	C	A	7081	1051	49	2	0	24	0.000282366	7083	1	FALSE	NA	NA	NA	NA	NA	NA
NC_045512.2	25804	C	A	7119	1053	49	1	0	24	0.000140449	7120	1	FALSE	NA	NA	NA	NA	NA	NA
NC_045512.2	25805	C	A	6980	1100	49	5	0	24	0.00071582	6985	1	FALSE	NA	NA	NA	NA	NA	NA
NC_045512.2	25806	A	C	7097	1098	50	1	0	24	0.000140885	7098	1	FALSE	NA	NA	NA	NA	NA	NA
NC_045512.2	25807	T	G	7084	1097	49	1	0	40	0.000141143	7085	0.500035	FALSE	NA	NA	NA	NA	NA	NA
NC_045512.2	25810	C	A	7029	1161	47	5	0	30	0.000710833	7034	0.806324	FALSE	NA	NA	NA	NA	NA	NA
NC_045512.2	25812	T	C	7115	1193	50	1	0	40	0.000140528	7116	0.500035	FALSE	NA	NA	NA	NA	NA	NA
NC_045512.2	25813	T	C	7112	1205	50	1	0	24	0.000140588	7113	1	FALSE	NA	NA	NA	NA	NA	NA
NC_045512.2	25814	A	C	6971	1223	49	3	0	29	0.000430169	6974	1	FALSE	NA	NA	NA	NA	NA	NA
NC_045512.2	25818	T	C	6655	1310	49	1	0	40	0.00015024	6656	0.500038	FALSE	NA	NA	NA	NA	NA	NA
NC_045512.2	25819	G	T	6659	1312	49	1	0	40	0.00015015	6660	0.500038	FALSE	NA	NA	NA	NA	NA	NA
NC_045512.2	25820	C	G	6556	1344	49	1	0	40	0.000152509	6557	0.500038	FALSE	NA	NA	NA	NA	NA	NA
NC_045512.2	25821	C	A	5700	1488	44	19	0	24	0.00332226	5719	0.999998	FALSE	NA	NA	NA	NA	NA	NA
NC_045512.2	25822	A	C	6031	1487	48	2	0	28	0.00033151	6033	1	FALSE	NA	NA	NA	NA	NA	NA
NC_045512.2	25823	A	C	6042	1484	47	1	0	24	0.000165481	6043	1	FALSE	NA	NA	NA	NA	NA	NA
NC_045512.2	25826	A	G	6087	1486	48	1	1	40	0.000164231	6089	0.5	FALSE	NA	NA	NA	NA	NA	NA
NC_045512.2	25826	A	C	6087	1486	48	1	0	24	0.000164231	6089	1	FALSE	NA	NA	NA	NA	NA	NA
NC_045512.2	25828	T	C	6072	1498	48	2	0	40	0.000329272	6074	0.250021	FALSE	NA	NA	NA	NA	NA	NA
NC_045512.2	25829	T	C	6078	1507	48	2	1	32	0.000328947	6080	0.964907	FALSE	NA	NA	NA	NA	NA	NA
NC_045512.2	25833	T	G	5915	1547	48	1	1	24	0.000169005	5917	1	FALSE	NA	NA	NA	NA	NA	NA
NC_045512.2	25833	T	C	5915	1547	48	1	0	64	0.000169005	5917	0.5	FALSE	NA	NA	NA	NA	NA	NA
NC_045512.2	25834	T	C	5914	1544	47	3	0	34	0.000507014	5917	0.855607	FALSE	NA	NA	NA	NA	NA	NA
NC_045512.2	25835	G	A	5887	1558	47	1	0	24	0.000169837	5888	1	FALSE	NA	NA	NA	NA	NA	NA
NC_045512.2	25838	G	T	5787	1539	46	3	3	24	0.000518135	5790	1	FALSE	NA	NA	NA	NA	NA	NA
NC_045512.2	25840	C	T	6036	1936	49	1	0	80	0.000165645	6037	0.500041	FALSE	NA	NA	NA	NA	NA	NA
NC_045512.2	25841	A	G	6027	1949	49	1	0	80	0.000165865	6029	0.5	FALSE	NA	NA	NA	NA	NA	NA
NC_045512.2	25841	A	C	6027	1949	49	1	0	24	0.000165865	6029	1	FALSE	NA	NA	NA	NA	NA	NA
NC_045512.2	25842	T	G	6029	1955	48	1	1	24	0.000165837	6030	1	FALSE	NA	NA	NA	NA	NA	NA
NC_045512.2	25843	A	C	5994	1998	48	1	1	40	0.000166806	5995	0.500042	FALSE	NA	NA	NA	NA	NA	NA
NC_045512.2	25845	T	G	5978	2009	48	4	4	28	0.000668673	5982	1	FALSE	NA	NA	NA	NA	NA	NA
NC_045512.2	25846	A	G	6009	2056	49	1	1	40	0.000166389	6010	0.500042	FALSE	NA	NA	NA	NA	NA	NA
NC_045512.2	25847	A	C	5978	2050	48	1	0	24	0.000167252	5979	1	FALSE	NA	NA	NA	NA	NA	NA
NC_045512.2	25849	T	G	6080	2229	49	1	1	24	0.000164447	6081	1	FALSE	NA	NA	NA	NA	NA	NA
NC_045512.2	25851	T	C	6001	2243	49	2	2	60	0.000333167	6003	0.250021	FALSE	NA	NA	NA	NA	NA	NA
NC_045512.2	25852	T	G	5954	2225	49	3	3	24	0.000503609	5957	1	FALSE	NA	NA	NA	NA	NA	NA
NC_045512.2	25853	A	G	5895	2313	49	1	0	40	0.000169578	5897	0.5	FALSE	NA	NA	NA	NA	NA	NA
NC_045512.2	25853	A	C	5895	2313	49	1	0	40	0.000169578	5897	0.5	FALSE	NA	NA	NA	NA	NA	NA
NC_045512.2	25854	C	G	6119	2664	51	2	2	32	0.000326691	6122	0.964888	FALSE	NA	NA	NA	NA	NA	NA
NC_045512.2	25854	C	A	6119	2664	51	1	0	24	0.000163345	6122	1	FALSE	NA	NA	NA	NA	NA	NA
NC_045512.2	25855	G	T	6109	2662	51	1	1	24	0.000163666	6110	1	FALSE	NA	NA	NA	NA	NA	NA
NC_045512.2	25856	A	G	6091	2719	51	1	1	24	0.000164123	6093	1	FALSE	NA	NA	NA	NA	NA	NA
NC_045512.2	25856	A	C	6091	2719	51	1	0	24	0.000164123	6093	1	FALSE	NA	NA	NA	NA	NA	NA
NC_045512.2	25858	T	G	6066	2761	51	1	1	24	0.000164826	6067	1	FALSE	NA	NA	NA	NA	NA	NA
NC_045512.2	25860	T	G	6419	2838	51	2	2	24	0.000311478	6421	1	FALSE	NA	NA	NA	NA	NA	NA
NC_045512.2	25861	T	G	6390	2819	50	6	6	26	0.000938086	6396	1	FALSE	NA	NA	NA	NA	NA	NA
NC_045512.2	25863	T	G	6358	2939	50	3	3	29	0.000471624	6361	1	FALSE	NA	NA	NA	NA	NA	NA
NC_045512.2	25864	A	G	6277	2988	50	2	1	32	0.000318471	6280	0.964887	FALSE	NA	NA	NA	NA	NA	NA
NC_045512.2	25864	A	C	6277	2988	50	1	0	24	0.000159236	6280	1	FALSE	NA	NA	NA	NA	NA	NA
NC_045512.2	25865	T	C	6292	3068	50	1	0	40	0.000158907	6293	0.50004	FALSE	NA	NA	NA	NA	NA	NA
NC_045512.2	25868	C	T	6297	2973	50	1	1	40	0.000158781	6298	0.50004	FALSE	NA	NA	NA	NA	NA	NA
NC_045512.2	25869	T	C	6284	2941	50	1	0	80	0.000159109	6285	0.50004	FALSE	NA	NA	NA	NA	NA	NA
NC_045512.2	25870	T	G	6252	2905	50	6	5	28	0.000958773	6258	1	FALSE	NA	NA	NA	NA	NA	NA
NC_045512.2	25871	A	C	6190	2988	50	4	0	32	0.000645786	6194	0.828291	FALSE	NA	NA	NA	NA	NA	NA
NC_045512.2	25872	C	A	6150	3033	49	6	0	26	0.000974659	6156	1	FALSE	NA	NA	NA	NA	NA	NA
NC_045512.2	25874	A	C	6241	3130	50	1	0	24	0.000160205	6242	1	FALSE	NA	NA	NA	NA	NA	NA
NC_045512.2	25877	G	A	5828	2992	50	1	1	80	0.000171556	5829	0.500043	FALSE	NA	NA	NA	NA	NA	NA
NC_045512.2	25878	T	G	5836	3032	50	1	0	24	0.000171321	5837	1	FALSE	NA	NA	NA	NA	NA	NA
NC_045512.2	25879	G	A	5853	3049	50	1	0	40	0.000170823	5854	0.500043	FALSE	NA	NA	NA	NA	NA	NA
NC_045512.2	25880	T	G	5819	3102	48	1	1	24	0.000171733	5823	1	FALSE	NA	NA	NA	NA	NA	NA
NC_045512.2	25880	T	C	5819	3102	48	2	0	52	0.000343466	5823	0.249936	FALSE	NA	NA	NA	NA	NA	NA
NC_045512.2	25880	T	A	5819	3102	48	1	1	40	0.000171733	5823	0.499914	FALSE	NA	NA	NA	NA	NA	NA
NC_045512.2	25881	A	G	5593	3174	46	1	1	40	0.000178476	5603	0.499643	FALSE	NA	NA	NA	NA	NA	NA
NC_045512.2	25881	A	C	5593	3174	46	9	0	26	0.00160628	5603	1	FALSE	NA	NA	NA	NA	NA	NA
NC_045512.2	25882	A	G	5982	3488	50	1	1	40	0.00016714	5983	0.500042	FALSE	NA	NA	NA	NA	NA	NA
NC_045512.2	25883	C	A	5717	3551	46	14	0	26	0.00244285	5731	1	FALSE	NA	NA	NA	NA	NA	NA
NC_045512.2	25884	T	G	5893	3534	48	2	2	24	0.000339213	5896	1	FALSE	NA	NA	NA	NA	NA	NA
NC_045512.2	25884	T	C	5893	3534	48	1	0	24	0.000169607	5896	1	FALSE	NA	NA	NA	NA	NA	NA
NC_045512.2	25887	T	C	5885	3495	49	1	1	40	0.000169895	5886	0.500042	FALSE	NA	NA	NA	NA	NA	NA
NC_045512.2	25888	T	C	5946	3506	50	1	0	40	0.000168152	5947	0.500042	FALSE	NA	NA	NA	NA	NA	NA
NC_045512.2	25889	C	T	6136	3831	51	3	1	80	0.000488599	6140	0.124969	FALSE	NA	NA	NA	NA	NA	NA
NC_045512.2	25889	C	A	6136	3831	51	1	0	24	0.000162866	6140	1	FALSE	NA	NA	NA	NA	NA	NA
NC_045512.2	25890	A	G	5933	3893	48	1	1	40	0.000168265	5943	0.499663	FALSE	NA	NA	NA	NA	NA	NA
NC_045512.2	25890	A	C	5933	3893	48	9	0	25	0.00151439	5943	1	FALSE	NA	NA	NA	NA	NA	NA
NC_045512.2	25893	T	G	5944	4305	48	3	2	29	0.000504371	5948	1	FALSE	NA	NA	NA	NA	NA	NA
NC_045512.2	25893	T	C	5944	4305	48	1	1	80	0.000168124	5948	0.499916	FALSE	NA	NA	NA	NA	NA	NA
NC_045512.2	25894	G	T	5767	4268	45	5	4	27	0.000866251	5772	1	FALSE	NA	NA	NA	NA	NA	NA
NC_045512.2	25895	T	C	5960	4338	48	1	0	40	0.000167757	5961	0.500042	FALSE	NA	NA	NA	NA	NA	NA
NC_045512.2	25897	A	G	5912	4442	46	1	0	80	0.000168919	5920	0.499746	FALSE	NA	NA	NA	NA	NA	NA
NC_045512.2	25897	A	C	5912	4442	46	7	0	32	0.00118243	5920	0.38715	FALSE	NA	NA	NA	NA	NA	NA
NC_045512.2	25898	T	G	5903	4334	45	2	2	32	0.000338639	5906	0.937556	FALSE	NA	NA	NA	NA	NA	NA
NC_045512.2	25898	T	C	5903	4334	45	1	1	24	0.000169319	5906	1	FALSE	NA	NA	NA	NA	NA	NA
NC_045512.2	25899	T	G	6177	4609	49	4	4	24	0.000647144	6181	1	FALSE	NA	NA	NA	NA	NA	NA
NC_045512.2	25900	A	C	5977	4724	45	9	0	26	0.00150351	5986	1	FALSE	NA	NA	NA	NA	NA	NA
NC_045512.2	25901	C	A	6160	4695	47	1	0	40	0.000162311	6161	0.500041	FALSE	NA	NA	NA	NA	NA	NA
NC_045512.2	25902	T	G	6179	4726	46	1	1	24	0.000161786	6181	1	FALSE	NA	NA	NA	NA	NA	NA
NC_045512.2	25902	T	C	6179	4726	46	1	1	24	0.000161786	6181	1	FALSE	NA	NA	NA	NA	NA	NA
NC_045512.2	25903	T	G	6269	4732	49	1	1	24	0.00015949	6270	1	FALSE	NA	NA	NA	NA	NA	NA
NC_045512.2	25904	C	G	6274	4752	49	1	1	24	0.000159363	6275	1	FALSE	NA	NA	NA	NA	NA	NA
NC_045512.2	25905	A	G	6172	4777	46	1	0	36	0.000161943	6175	0.992196	FALSE	NA	NA	NA	NA	NA	NA
NC_045512.2	25905	A	C	6172	4777	46	2	0	32	0.000323887	6175	0.964888	FALSE	NA	NA	NA	NA	NA	NA
NC_045512.2	25906	G	T	6139	4694	46	2	2	24	0.000325627	6142	1	FALSE	NA	NA	NA	NA	NA	NA
NC_045512.2	25906	G	A	6139	4694	46	1	0	24	0.000162813	6142	1	FALSE	NA	NA	NA	NA	NA	NA
NC_045512.2	25907	G	T	5438	3914	41	25	25	26	0.00457624	5463	0.999695	FALSE	NA	NA	NA	NA	NA	NA
NC_045512.2	25908	T	G	6395	5125	48	1	1	24	0.000156348	6396	1	FALSE	NA	NA	NA	NA	NA	NA
NC_045512.2	25910	A	G	6669	5599	48	1	1	24	0.000149925	6670	1	FALSE	NA	NA	NA	NA	NA	NA
NC_045512.2	25911	T	G	6641	5553	48	4	4	32	0.000601956	6645	0.828279	FALSE	NA	NA	NA	NA	NA	NA
NC_045512.2	25912	G	T	6596	5508	47	1	1	40	0.000151584	6597	0.500038	FALSE	NA	NA	NA	NA	NA	NA
NC_045512.2	25913	G	A	6717	5635	49	2	1	60	0.000297663	6719	0.250019	FALSE	NA	NA	NA	NA	NA	NA
NC_045512.2	25914	C	T	6894	5920	48	1	1	24	0.000145033	6895	1	FALSE	NA	NA	NA	NA	NA	NA
NC_045512.2	25915	A	G	6909	5977	48	1	0	80	0.000144697	6911	0.5	FALSE	NA	NA	NA	NA	NA	NA
NC_045512.2	25915	A	C	6909	5977	48	1	0	32	0.000144697	6911	0.992199	FALSE	NA	NA	NA	NA	NA	NA
NC_045512.2	25917	A	G	7017	6093	48	1	1	24	0.000142491	7018	1	FALSE	NA	NA	NA	NA	NA	NA
NC_045512.2	25918	A	G	7018	6078	49	2	2	24	0.0002849	7020	1	FALSE	NA	NA	NA	NA	NA	NA
NC_045512.2	25921	A	T	6909	6078	47	3	3	34	0.000433839	6915	0.910156	FALSE	NA	NA	NA	NA	NA	NA
NC_045512.2	25921	A	G	6909	6078	47	2	2	24	0.000289226	6915	1	FALSE	NA	NA	NA	NA	NA	NA
NC_045512.2	25921	A	C	6909	6078	47	1	1	40	0.000144613	6915	0.499855	FALSE	NA	NA	NA	NA	NA	NA
NC_045512.2	25922	G	T	6849	6023	46	4	4	36	0.000583686	6853	0.828275	FALSE	NA	NA	NA	NA	NA	NA
NC_045512.2	25923	T	G	6932	6091	48	3	3	29	0.000432588	6935	1	FALSE	NA	NA	NA	NA	NA	NA
NC_045512.2	25923	T	-C	6932	6091	48	1	0	20	0.000144196	6935	1	FALSE	NA	NA	NA	NA	NA	NA
NC_045512.2	25924	C	A	6966	6124	48	1	1	40	0.000143534	6967	0.5	FALSE	NA	NA	NA	NA	NA	NA
NC_045512.2	25927	A	G	6880	6092	46	1	1	40	0.000145307	6882	0.5	FALSE	NA	NA	NA	NA	NA	NA
NC_045512.2	25927	A	C	6880	6092	46	1	0	32	0.000145307	6882	0.992199	FALSE	NA	NA	NA	NA	NA	NA
NC_045512.2	25929	T	G	6885	6045	48	1	1	40	0.000145222	6886	0.500036	FALSE	NA	NA	NA	NA	NA	NA
NC_045512.2	25930	T	G	6887	6050	48	1	1	24	0.000145159	6889	1	FALSE	NA	NA	NA	NA	NA	NA
NC_045512.2	25930	T	C	6887	6050	48	1	1	40	0.000145159	6889	0.5	FALSE	NA	NA	NA	NA	NA	NA
NC_045512.2	25931	C	A	6914	6096	48	1	1	24	0.000144613	6915	1	FALSE	NA	NA	NA	NA	NA	NA
NC_045512.2	25932	T	G	6782	5965	47	2	2	24	0.000294724	6786	1	FALSE	NA	NA	NA	NA	NA	NA
NC_045512.2	25932	T	C	6782	5965	47	2	2	40	0.000294724	6786	0.249945	FALSE	NA	NA	NA	NA	NA	NA
NC_045512.2	25935	A	G	6862	6070	48	1	1	24	0.000145709	6863	1	FALSE	NA	NA	NA	NA	NA	NA
NC_045512.2	25936	C	G	6871	6082	48	1	0	32	0.000145518	6872	0.992203	FALSE	NA	NA	NA	NA	NA	NA
NC_045512.2	25937	A	C	6808	6030	47	1	1	24	0.000146864	6809	1	FALSE	NA	NA	NA	NA	NA	NA
NC_045512.2	25938	T	G	6717	5931	46	1	1	40	0.000148854	6718	0.500037	FALSE	NA	NA	NA	NA	NA	NA
NC_045512.2	25939	G	T	6765	5977	47	1	1	24	0.000147798	6766	1	FALSE	NA	NA	NA	NA	NA	NA
NC_045512.2	25942	T	G	6717	5931	47	2	2	24	0.000297575	6721	1	FALSE	NA	NA	NA	NA	NA	NA
NC_045512.2	25942	T	C	6717	5931	47	2	2	40	0.000297575	6721	0.249944	FALSE	NA	NA	NA	NA	NA	NA
NC_045512.2	25945	C	A	6807	6033	48	1	1	24	0.000146886	6808	1	FALSE	NA	NA	NA	NA	NA	NA
NC_045512.2	25946	A	C	6751	5999	47	1	0	32	0.000148104	6752	0.992204	FALSE	NA	NA	NA	NA	NA	NA
NC_045512.2	25950	T	G	6578	5822	48	1	1	24	0.000151999	6579	1	FALSE	NA	NA	NA	NA	NA	NA
NC_045512.2	25951	G	T	6593	5838	47	1	1	24	0.00015163	6595	1	FALSE	NA	NA	NA	NA	NA	NA
NC_045512.2	25951	G	A	6593	5838	47	1	1	80	0.00015163	6595	0.5	FALSE	NA	NA	NA	NA	NA	NA
NC_045512.2	25952	G	T	6217	5457	44	25	25	26	0.00400513	6242	0.999984	FALSE	NA	NA	NA	NA	NA	NA
NC_045512.2	25954	G	C	6609	5923	47	1	1	24	0.000151286	6610	1	FALSE	NA	NA	NA	NA	NA	NA
NC_045512.2	25955	G	T	6552	5869	46	1	1	24	0.000152602	6553	1	FALSE	NA	NA	NA	NA	NA	NA
NC_045512.2	25955	G	-T	6552	5869	46	1	0	20	0.000152602	6553	1	FALSE	NA	NA	NA	NA	NA	NA
NC_045512.2	25956	T	C	6442	5764	46	1	1	40	0.000155207	6443	0.5	FALSE	NA	NA	NA	NA	NA	NA
NC_045512.2	25957	T	G	6429	5749	47	1	1	24	0.000155521	6430	1	FALSE	NA	NA	NA	NA	NA	NA
NC_045512.2	25958	A	T	6455	5795	45	1	1	40	0.000154895	6456	0.500039	FALSE	NA	NA	NA	NA	NA	NA
NC_045512.2	25959	T	G	6399	5729	47	1	1	40	0.00015625	6400	0.500039	FALSE	NA	NA	NA	NA	NA	NA
NC_045512.2	25960	A	G	6420	5805	46	1	1	40	0.000155739	6421	0.500039	FALSE	NA	NA	NA	NA	NA	NA
NC_045512.2	25963	G	T	6019	5404	43	11	11	25	0.00182421	6030	1	FALSE	NA	NA	NA	NA	NA	NA
NC_045512.2	25963	G	-A	6019	5404	43	2	0	20	0.000331675	6030	1	FALSE	NA	NA	NA	NA	NA	NA
NC_045512.2	25964	A	G	6293	5679	47	1	1	40	0.000158881	6294	0.49996	FALSE	NA	NA	NA	NA	NA	NA
NC_045512.2	25966	A	G	6291	5677	47	1	1	40	0.000158932	6292	0.50004	FALSE	NA	NA	NA	NA	NA	NA
NC_045512.2	25967	A	G	6273	5661	47	1	1	40	0.000159388	6274	0.50004	FALSE	NA	NA	NA	NA	NA	NA
NC_045512.2	25968	A	C	6265	5652	47	1	1	24	0.000159591	6266	1	FALSE	NA	NA	NA	NA	NA	NA
NC_045512.2	25969	T	G	6218	5611	46	1	1	24	0.000160798	6219	1	FALSE	NA	NA	NA	NA	NA	NA
NC_045512.2	25973	A	G	6249	5651	46	3	3	53	0.000479846	6252	0.125	FALSE	NA	NA	NA	NA	NA	NA
NC_045512.2	25974	A	G	6247	5664	46	1	1	40	0.000160051	6248	0.50004	FALSE	NA	NA	NA	NA	NA	NA
NC_045512.2	25975	T	G	6203	5627	46	4	4	36	0.00064433	6208	0.828224	FALSE	NA	NA	NA	NA	NA	NA
NC_045512.2	25975	T	C	6203	5627	46	1	1	24	0.000161082	6208	1	FALSE	NA	NA	NA	NA	NA	NA
NC_045512.2	25976	C	G	6216	5646	46	3	3	29	0.000482393	6219	1	FALSE	NA	NA	NA	NA	NA	NA
NC_045512.2	25977	T	G	6182	5614	46	1	1	40	0.000161708	6184	0.5	FALSE	NA	NA	NA	NA	NA	NA
NC_045512.2	25977	T	C	6182	5614	46	1	1	24	0.000161708	6184	1	FALSE	NA	NA	NA	NA	NA	NA
NC_045512.2	25982	T	G	6122	5556	45	2	2	24	0.000326584	6124	1	FALSE	NA	NA	NA	NA	NA	NA
NC_045512.2	25985	A	G	6218	5653	46	1	1	40	0.000160798	6219	0.50004	FALSE	NA	NA	NA	NA	NA	NA
NC_045512.2	25986	A	G	6185	5620	46	1	1	40	0.000161629	6187	0.5	FALSE	NA	NA	NA	NA	NA	NA
NC_045512.2	25986	A	C	6185	5620	46	1	1	40	0.000161629	6187	0.5	FALSE	NA	NA	NA	NA	NA	NA
NC_045512.2	25988	A	G	6091	5532	46	1	1	40	0.00016415	6092	0.500041	FALSE	NA	NA	NA	NA	NA	NA
NC_045512.2	25990	T	G	5630	5120	45	2	2	24	0.000354988	5634	1	FALSE	NA	NA	NA	NA	NA	NA
NC_045512.2	25990	T	C	5630	5120	45	1	1	40	0.000177494	5634	0.499911	FALSE	NA	NA	NA	NA	NA	NA
NC_045512.2	25990	T	A	5630	5120	45	1	1	40	0.000177494	5634	0.499911	FALSE	NA	NA	NA	NA	NA	NA
NC_045512.2	25991	G	T	5652	5152	45	2	2	24	0.000353669	5655	1	FALSE	NA	NA	NA	NA	NA	NA
NC_045512.2	25991	G	C	5652	5152	45	1	0	80	0.000176835	5655	0.499956	FALSE	NA	NA	NA	NA	NA	NA
NC_045512.2	25992	T	G	5618	5110	46	2	2	32	0.000355872	5620	0.937588	FALSE	NA	NA	NA	NA	NA	NA
NC_045512.2	25993	G	T	5623	5118	45	1	1	40	0.000177778	5625	0.5	FALSE	NA	NA	NA	NA	NA	NA
NC_045512.2	25993	G	C	5623	5118	45	1	1	40	0.000177778	5625	0.5	FALSE	NA	NA	NA	NA	NA	NA
NC_045512.2	25994	T	C	5624	5119	46	1	1	40	0.000177746	5626	0.5	FALSE	NA	NA	NA	NA	NA	NA
NC_045512.2	25994	T	A	5624	5119	46	1	1	40	0.000177746	5626	0.5	FALSE	NA	NA	NA	NA	NA	NA
NC_045512.2	25995	T	G	5546	5044	46	3	3	24	0.000540638	5549	1	FALSE	NA	NA	NA	NA	NA	NA
NC_045512.2	25996	G	T	5558	5065	45	2	2	24	0.000359648	5561	1	FALSE	NA	NA	NA	NA	NA	NA
NC_045512.2	25996	G	C	5558	5065	45	1	1	40	0.000179824	5561	0.499955	FALSE	NA	NA	NA	NA	NA	NA
NC_045512.2	25997	T	C	5533	5033	46	1	0	24	0.000180701	5534	1	FALSE	NA	NA	NA	NA	NA	NA
NC_045512.2	25999	T	G	5498	5000	46	1	1	24	0.000181851	5499	1	FALSE	NA	NA	NA	NA	NA	NA
NC_045512.2	26000	T	G	5146	4664	46	3	3	24	0.000582524	5150	1	FALSE	NA	NA	NA	NA	NA	NA
NC_045512.2	26000	T	A	5146	4664	46	1	0	80	0.000194175	5150	0.499903	FALSE	NA	NA	NA	NA	NA	NA
NC_045512.2	26003	A	G	5155	4694	46	2	1	52	0.000387822	5157	0.250024	FALSE	NA	NA	NA	NA	NA	NA
NC_045512.2	26005	A	G	4524	4105	45	2	2	40	0.000441891	4526	0.250028	FALSE	NA	NA	NA	NA	NA	NA
NC_045512.2	26007	T	G	4426	4005	46	2	2	40	0.000451671	4428	0.250028	FALSE	NA	NA	NA	NA	NA	NA
NC_045512.2	26008	T	G	4403	4002	46	1	1	24	0.000227066	4404	1	FALSE	NA	NA	NA	NA	NA	NA
NC_045512.2	26010	C	G	4390	4127	44	1	1	40	0.000227739	4391	0.500057	FALSE	NA	NA	NA	NA	NA	NA
NC_045512.2	26013	C	G	4326	4076	44	1	1	32	0.000231107	4327	0.968804	FALSE	NA	NA	NA	NA	NA	NA
NC_045512.2	26016	T	G	4085	3844	42	2	2	24	0.000489356	4087	1	FALSE	NA	NA	NA	NA	NA	NA
NC_045512.2	26018	C	G	4096	3941	42	1	1	24	0.000244081	4097	1	FALSE	NA	NA	NA	NA	NA	NA
NC_045512.2	26019	A	G	3995	3847	42	2	2	40	0.000500125	3999	0.249906	FALSE	NA	NA	NA	NA	NA	NA
NC_045512.2	26019	A	C	3995	3847	42	2	2	24	0.000500125	3999	1	FALSE	NA	NA	NA	NA	NA	NA
NC_045512.2	26020	G	C	3987	3841	41	1	1	40	0.000250752	3988	0.500063	FALSE	NA	NA	NA	NA	NA	NA
NC_045512.2	26021	A	G	4005	3860	42	1	1	40	0.000249626	4006	0.500062	FALSE	NA	NA	NA	NA	NA	NA
NC_045512.2	26023	T	G	3910	3780	42	1	1	24	0.000255689	3911	1	FALSE	NA	NA	NA	NA	NA	NA
NC_045512.2	26025	T	G	3774	3646	41	1	1	40	0.000264831	3776	0.5	FALSE	NA	NA	NA	NA	NA	NA
NC_045512.2	26025	T	C	3774	3646	41	1	1	24	0.000264831	3776	1	FALSE	NA	NA	NA	NA	NA	NA
NC_045512.2	26026	T	G	3765	3637	42	4	4	32	0.00106073	3771	0.499855	FALSE	NA	NA	NA	NA	NA	NA
NC_045512.2	26026	T	C	3765	3637	42	2	2	32	0.000530363	3771	0.812334	FALSE	NA	NA	NA	NA	NA	NA
NC_045512.2	26027	A	G	3810	3697	42	1	1	24	0.000262398	3811	1	FALSE	NA	NA	NA	NA	NA	NA
NC_045512.2	26029	C	T	3680	3581	41	1	1	40	0.000271592	3682	0.5	FALSE	NA	NA	NA	NA	NA	NA
NC_045512.2	26029	C	A	3680	3581	41	1	1	24	0.000271592	3682	1	FALSE	NA	NA	NA	NA	NA	NA
NC_045512.2	26033	T	G	3062	2975	41	1	1	40	0.000326477	3063	0.500082	FALSE	NA	NA	NA	NA	NA	NA
NC_045512.2	26034	G	C	3098	3011	42	1	1	24	0.000322685	3099	1	FALSE	NA	NA	NA	NA	NA	NA
NC_045512.2	26035	T	G	2998	2913	41	6	6	24	0.00199667	3005	0.999994	FALSE	NA	NA	NA	NA	NA	NA
NC_045512.2	26035	T	A	2998	2913	41	1	1	40	0.000332779	3005	0.499584	FALSE	NA	NA	NA	NA	NA	NA
NC_045512.2	26036	A	G	3026	2942	41	4	3	46	0.0013197	3031	0.0624381	FALSE	NA	NA	NA	NA	NA	NA
NC_045512.2	26036	A	C	3026	2942	41	1	1	24	0.000329924	3031	1	FALSE	NA	NA	NA	NA	NA	NA
NC_045512.2	26041	A	G	2532	2459	41	1	1	24	0.000394633	2534	1	FALSE	NA	NA	NA	NA	NA	NA
NC_045512.2	26041	A	C	2532	2459	41	1	1	40	0.000394633	2534	0.5	FALSE	NA	NA	NA	NA	NA	NA
NC_045512.2	26043	T	C	3962	2343	40	1	0	40	0.000252334	3963	0.500063	FALSE	NA	NA	NA	NA	NA	NA
NC_045512.2	26044	C	G	4001	2353	40	1	1	24	0.000249875	4002	1	FALSE	NA	NA	NA	NA	NA	NA
NC_045512.2	26045	A	G	3931	2265	40	2	2	24	0.000508518	3933	1	FALSE	NA	NA	NA	NA	NA	NA
NC_045512.2	26047	T	G	1774	73	39	1	0	40	0.00056338	1775	0.500141	FALSE	NA	NA	NA	NA	NA	NA
NC_045512.2	26049	G	C	1819	74	39	2	0	40	0.0010983	1821	0.250069	FALSE	NA	NA	NA	NA	NA	NA
NC_045512.2	26053	A	C	1995	82	39	2	0	24	0.0010015	1997	0.99999	FALSE	NA	NA	NA	NA	NA	NA
NC_045512.2	26055	A	C	2038	83	39	1	0	40	0.000490436	2039	0.500123	FALSE	NA	NA	NA	NA	NA	NA
NC_045512.2	26058	C	T	2247	98	40	1	0	40	0.00044484	2248	0.500111	FALSE	NA	NA	NA	NA	NA	NA
NC_045512.2	26059	A	G	2234	120	40	2	0	32	0.000894454	2236	0.687752	FALSE	NA	NA	NA	NA	NA	NA
NC_045512.2	26060	C	T	2	0	40	2237	118	40	0.999107	2239	0	TRUE	NA	NA	NA	NA	NA	NA
NC_045512.2	26063	G	-T	2414	123	41	1	0	20	0.00041425	2414	1	FALSE	NA	NA	NA	NA	NA	NA
NC_045512.2	26064	T	G	2420	135	41	3	0	40	0.00123813	2423	0.124923	FALSE	NA	NA	NA	NA	NA	NA
NC_045512.2	26064	T	-G	2420	135	41	385	0	20	0.158828	2424	3.62783e-79	TRUE	NA	NA	NA	NA	NA	NA
NC_045512.2	26065	G	T	2047	122	41	1	0	40	0.000488281	2048	0.457143	FALSE	NA	NA	NA	NA	NA	NA
NC_045512.2	26067	T	G	2451	144	41	1	0	40	0.000407664	2453	0.5	FALSE	NA	NA	NA	NA	NA	NA
NC_045512.2	26067	T	C	2451	144	41	1	0	24	0.000407664	2453	1	FALSE	NA	NA	NA	NA	NA	NA
NC_045512.2	26069	A	C	2483	146	41	1	0	40	0.000402576	2484	0.500101	FALSE	NA	NA	NA	NA	NA	NA
NC_045512.2	26076	T	G	2647	159	41	1	0	40	0.000377501	2649	0.5	FALSE	NA	NA	NA	NA	NA	NA
NC_045512.2	26076	T	C	2647	159	41	1	0	40	0.000377501	2649	0.5	FALSE	NA	NA	NA	NA	NA	NA
NC_045512.2	26077	A	G	2664	159	41	1	0	24	0.000375235	2665	1	FALSE	NA	NA	NA	NA	NA	NA
NC_045512.2	26078	C	T	2634	158	39	1	0	24	0.000379507	2635	1	FALSE	NA	NA	NA	NA	NA	NA
NC_045512.2	26080	T	C	2675	166	41	2	0	40	0.000747105	2677	0.250047	FALSE	NA	NA	NA	NA	NA	NA
NC_045512.2	26083	T	C	2704	175	42	1	0	40	0.000369686	2705	0.500092	FALSE	NA	NA	NA	NA	NA	NA
NC_045512.2	26084	T	G	2706	177	42	1	0	40	0.000369413	2707	0.500092	FALSE	NA	NA	NA	NA	NA	NA
NC_045512.2	26086	A	C	2698	180	42	1	0	24	0.000370508	2699	1	FALSE	NA	NA	NA	NA	NA	NA
NC_045512.2	26090	A	C	2696	186	42	1	0	40	0.000370782	2697	0.500093	FALSE	NA	NA	NA	NA	NA	NA
NC_045512.2	26091	C	A	2705	187	41	2	0	24	0.000738825	2707	1	FALSE	NA	NA	NA	NA	NA	NA
NC_045512.2	26092	A	G	2746	188	42	1	0	40	0.000363901	2748	0.5	FALSE	NA	NA	NA	NA	NA	NA
NC_045512.2	26092	A	C	2746	188	42	1	0	24	0.000363901	2748	1	FALSE	NA	NA	NA	NA	NA	NA
NC_045512.2	26093	A	G	2764	221	43	2	0	40	0.000723066	2766	0.250045	FALSE	NA	NA	NA	NA	NA	NA
NC_045512.2	26102	T	C	2823	277	44	1	0	24	0.000354108	2824	1	FALSE	NA	NA	NA	NA	NA	NA
NC_045512.2	26103	T	A	2829	280	45	2	0	32	0.000706464	2831	0.687699	FALSE	NA	NA	NA	NA	NA	NA
NC_045512.2	26103	T	+C	2829	280	45	1	0	20	0.000353232	2831	1	FALSE	NA	NA	NA	NA	NA	NA
NC_045512.2	26105	A	G	2822	281	44	1	1	32	0.000354233	2823	0.875133	FALSE	NA	NA	NA	NA	NA	NA
NC_045512.2	26111	C	A	2834	302	40	2	0	24	0.000705219	2836	1	FALSE	NA	NA	NA	NA	NA	NA
NC_045512.2	26112	T	C	3017	301	45	1	0	40	0.000331345	3018	0.500083	FALSE	NA	NA	NA	NA	NA	NA
NC_045512.2	26114	A	G	3024	306	45	1	0	40	0.000330469	3026	0.5	FALSE	NA	NA	NA	NA	NA	NA
NC_045512.2	26114	A	C	3024	306	45	1	0	40	0.000330469	3026	0.5	FALSE	NA	NA	NA	NA	NA	NA
NC_045512.2	26115	A	C	3026	306	44	1	0	40	0.00033036	3027	0.500083	FALSE	NA	NA	NA	NA	NA	NA
NC_045512.2	26117	A	C	3054	313	45	1	0	40	0.000327332	3055	0.500082	FALSE	NA	NA	NA	NA	NA	NA
NC_045512.2	26118	A	C	3061	315	45	1	0	40	0.000326584	3062	0.500082	FALSE	NA	NA	NA	NA	NA	NA
NC_045512.2	26125	C	A	3152	340	45	1	0	24	0.000317158	3153	1	FALSE	NA	NA	NA	NA	NA	NA
NC_045512.2	26126	A	G	3125	345	45	1	0	40	0.000319898	3126	0.50008	FALSE	NA	NA	NA	NA	NA	NA
NC_045512.2	26127	A	C	3153	346	45	1	0	24	0.000317058	3154	1	FALSE	NA	NA	NA	NA	NA	NA
NC_045512.2	26128	A	T	3156	348	45	1	0	24	0.000316756	3157	1	FALSE	NA	NA	NA	NA	NA	NA
NC_045512.2	26129	T	C	3174	349	46	1	0	40	0.000314961	3175	0.500079	FALSE	NA	NA	NA	NA	NA	NA
NC_045512.2	26134	A	C	3152	410	47	2	0	32	0.000634115	3154	0.812698	FALSE	NA	NA	NA	NA	NA	NA
NC_045512.2	26136	A	C	3171	412	47	3	0	29	0.00094518	3174	1	FALSE	NA	NA	NA	NA	NA	NA
NC_045512.2	26137	A	G	3210	413	47	1	0	80	0.000311429	3211	0.500078	FALSE	NA	NA	NA	NA	NA	NA
NC_045512.2	26138	T	C	3231	412	47	1	0	40	0.000309406	3232	0.500077	FALSE	NA	NA	NA	NA	NA	NA
NC_045512.2	26143	G	A	3237	469	49	1	0	40	0.000308833	3238	0.500077	FALSE	NA	NA	NA	NA	NA	NA
NC_045512.2	26145	T	C	3248	469	49	2	0	60	0.000615385	3250	0.250038	FALSE	NA	NA	NA	NA	NA	NA
NC_045512.2	26146	T	C	3238	470	49	1	0	24	0.000308737	3239	1	FALSE	NA	NA	NA	NA	NA	NA
NC_045512.2	26148	A	C	3258	471	49	1	0	24	0.000306843	3259	1	FALSE	NA	NA	NA	NA	NA	NA
NC_045512.2	26152	G	A	3260	480	48	1	0	24	0.000306654	3261	1	FALSE	NA	NA	NA	NA	NA	NA
NC_045512.2	26154	A	G	3258	481	49	1	0	80	0.000306843	3259	0.500077	FALSE	NA	NA	NA	NA	NA	NA
NC_045512.2	26155	G	T	3271	482	49	1	1	32	0.000305623	3272	0.937596	FALSE	NA	NA	NA	NA	NA	NA
NC_045512.2	26156	T	C	3267	489	48	1	0	40	0.000305998	3268	0.500077	FALSE	NA	NA	NA	NA	NA	NA
NC_045512.2	26158	G	T	3286	497	49	1	0	24	0.000304229	3287	1	FALSE	NA	NA	NA	NA	NA	NA
NC_045512.2	26161	A	G	3269	494	49	1	0	40	0.00030553	3273	0.499847	FALSE	NA	NA	NA	NA	NA	NA
NC_045512.2	26161	A	C	3269	494	49	3	0	24	0.00091659	3273	1	FALSE	NA	NA	NA	NA	NA	NA
NC_045512.2	26162	A	C	3265	495	49	2	0	24	0.000612182	3267	1	FALSE	NA	NA	NA	NA	NA	NA
NC_045512.2	26163	T	C	3300	492	49	3	1	40	0.000908265	3303	0.125	FALSE	NA	NA	NA	NA	NA	NA
NC_045512.2	26165	C	A	3260	491	48	3	0	24	0.000919399	3263	1	FALSE	NA	NA	NA	NA	NA	NA
NC_045512.2	26167	G	A	3269	464	48	1	0	24	0.00030581	3270	1	FALSE	NA	NA	NA	NA	NA	NA
NC_045512.2	26168	T	G	3273	474	49	1	1	40	0.000305344	3275	0.5	FALSE	NA	NA	NA	NA	NA	NA
NC_045512.2	26168	T	C	3273	474	49	1	0	80	0.000305344	3275	0.5	FALSE	NA	NA	NA	NA	NA	NA
NC_045512.2	26168	T	-A	3273	474	49	1	0	20	0.000305344	3275	1	FALSE	NA	NA	NA	NA	NA	NA
NC_045512.2	26170	A	C	3249	476	49	1	0	40	0.000307692	3250	0.500077	FALSE	NA	NA	NA	NA	NA	NA
NC_045512.2	26174	A	G	3084	543	49	1	0	80	0.000324149	3085	0.500081	FALSE	NA	NA	NA	NA	NA	NA
NC_045512.2	26176	C	A	2788	626	48	1	0	24	0.000358551	2789	1	FALSE	NA	NA	NA	NA	NA	NA
NC_045512.2	26177	C	A	2835	659	49	1	0	24	0.000352609	2836	1	FALSE	NA	NA	NA	NA	NA	NA
NC_045512.2	26178	A	C	2836	660	49	1	1	32	0.000352485	2837	0.875132	FALSE	NA	NA	NA	NA	NA	NA
NC_045512.2	26179	A	C	2848	668	49	1	0	24	0.000351	2849	1	FALSE	NA	NA	NA	NA	NA	NA
NC_045512.2	26183	A	C	2654	735	48	1	1	32	0.000376648	2655	0.875141	FALSE	NA	NA	NA	NA	NA	NA
NC_045512.2	26184	T	G	2658	731	48	1	1	24	0.000376081	2659	1	FALSE	NA	NA	NA	NA	NA	NA
NC_045512.2	26189	A	G	2547	824	48	1	1	24	0.000392465	2548	1	FALSE	NA	NA	NA	NA	NA	NA
NC_045512.2	26193	G	A	2422	921	48	1	0	40	0.000412712	2423	0.500103	FALSE	NA	NA	NA	NA	NA	NA
NC_045512.2	26194	A	C	2442	959	48	1	1	40	0.000409333	2443	0.500102	FALSE	NA	NA	NA	NA	NA	NA
NC_045512.2	26197	A	G	2384	1017	48	1	1	80	0.000419287	2385	0.500105	FALSE	NA	NA	NA	NA	NA	NA
NC_045512.2	26200	A	G	2519	1238	50	1	1	40	0.000396825	2520	0.500099	FALSE	NA	NA	NA	NA	NA	NA
NC_045512.2	26201	C	T	2495	1301	49	1	1	40	0.000400641	2496	0.5001	FALSE	NA	NA	NA	NA	NA	NA
NC_045512.2	26205	T	C	2476	1319	49	1	0	80	0.000403714	2477	0.500101	FALSE	NA	NA	NA	NA	NA	NA
NC_045512.2	26206	A	C	2475	1320	49	1	1	40	0.000403877	2476	0.500101	FALSE	NA	NA	NA	NA	NA	NA
NC_045512.2	26213	C	A	2286	1484	46	3	0	29	0.00131062	2289	0.999991	FALSE	NA	NA	NA	NA	NA	NA
NC_045512.2	26214	T	G	2314	1463	48	1	1	40	0.000431965	2315	0.500108	FALSE	NA	NA	NA	NA	NA	NA
NC_045512.2	26217	G	T	2316	1480	48	1	1	24	0.000431593	2317	1	FALSE	NA	NA	NA	NA	NA	NA
NC_045512.2	26218	T	G	2319	1481	48	1	1	24	0.000431034	2320	1	FALSE	NA	NA	NA	NA	NA	NA
NC_045512.2	26219	A	G	2314	1519	48	1	0	40	0.000431779	2316	0.5	FALSE	NA	NA	NA	NA	NA	NA
NC_045512.2	26219	A	C	2314	1519	48	1	0	24	0.000431779	2316	1	FALSE	NA	NA	NA	NA	NA	NA
NC_045512.2	26220	A	G	2308	1513	48	1	1	40	0.0004329	2310	0.5	FALSE	NA	NA	NA	NA	NA	NA
NC_045512.2	26220	A	C	2308	1513	48	1	0	24	0.0004329	2310	1	FALSE	NA	NA	NA	NA	NA	NA
NC_045512.2	26229	T	G	2539	1903	47	2	2	24	0.000787092	2541	1	FALSE	NA	NA	NA	NA	NA	NA
NC_045512.2	26232	T	G	2685	2073	47	1	1	40	0.000372301	2686	0.500093	FALSE	NA	NA	NA	NA	NA	NA
NC_045512.2	26235	G	A	2789	2198	48	1	1	40	0.000358423	2790	0.50009	FALSE	NA	NA	NA	NA	NA	NA
NC_045512.2	26236	T	G	2776	2191	47	2	2	28	0.000719942	2778	1	FALSE	NA	NA	NA	NA	NA	NA
NC_045512.2	26237	A	G	2804	2219	48	1	1	24	0.000356506	2805	1	FALSE	NA	NA	NA	NA	NA	NA
NC_045512.2	26238	C	T	2809	2225	48	1	0	80	0.000355872	2810	0.500089	FALSE	NA	NA	NA	NA	NA	NA
NC_045512.2	26239	G	A	2810	2223	48	1	1	40	0.000355745	2811	0.500089	FALSE	NA	NA	NA	NA	NA	NA
NC_045512.2	26242	C	-T	3019	2484	48	1	0	20	0.000331236	3019	1	FALSE	NA	NA	NA	NA	NA	NA
NC_045512.2	26243	T	G	3006	2476	48	2	2	24	0.000664894	3008	1	FALSE	NA	NA	NA	NA	NA	NA
NC_045512.2	26244	T	G	2953	2425	48	1	1	24	0.000338524	2954	1	FALSE	NA	NA	NA	NA	NA	NA
NC_045512.2	26246	T	G	3025	2516	48	1	1	24	0.00033036	3027	1	FALSE	NA	NA	NA	NA	NA	NA
NC_045512.2	26246	T	C	3025	2516	48	1	1	24	0.00033036	3027	1	FALSE	NA	NA	NA	NA	NA	NA
NC_045512.2	26248	T	G	3012	2506	48	1	1	24	0.000331895	3013	1	FALSE	NA	NA	NA	NA	NA	NA
NC_045512.2	26253	A	C	3039	2541	49	1	0	24	0.000328947	3040	1	FALSE	NA	NA	NA	NA	NA	NA
NC_045512.2	26255	T	G	3122	2642	49	4	4	32	0.00127959	3126	0.500175	FALSE	NA	NA	NA	NA	NA	NA
NC_045512.2	26257	G	T	3135	2670	49	1	0	40	0.000318878	3136	0.50008	FALSE	NA	NA	NA	NA	NA	NA
NC_045512.2	26258	T	C	3119	2663	49	1	1	40	0.000320513	3120	0.50008	FALSE	NA	NA	NA	NA	NA	NA
NC_045512.2	26259	T	G	3112	2678	48	2	2	32	0.000642261	3114	0.812701	FALSE	NA	NA	NA	NA	NA	NA
NC_045512.2	26260	T	G	3096	2702	47	1	1	40	0.000322893	3097	0.500081	FALSE	NA	NA	NA	NA	NA	NA
NC_045512.2	26262	G	T	3101	2710	47	1	1	24	0.000322373	3102	1	FALSE	NA	NA	NA	NA	NA	NA
NC_045512.2	26263	G	T	2482	2079	39	31	31	26	0.0123359	2513	0.251479	FALSE	NA	NA	NA	NA	NA	NA
NC_045512.2	26266	G	T	2840	2454	42	14	14	28	0.0049054	2854	0.990489	FALSE	NA	NA	NA	NA	NA	NA
NC_045512.2	26269	A	G	3103	2739	47	1	1	40	0.000322165	3104	0.500081	FALSE	NA	NA	NA	NA	NA	NA
NC_045512.2	26270	C	T	0	0	0	3084	2717	46	0.999676	3085	0	TRUE	NA	NA	NA	NA	NA	NA
NC_045512.2	26270	C	G	0	0	0	1	1	24	0.000324149	3085	0.0100486	FALSE	NA	NA	NA	NA	NA	NA
NC_045512.2	26274	T	G	3064	2736	46	2	2	24	0.000652103	3067	1	FALSE	NA	NA	NA	NA	NA	NA
NC_045512.2	26274	T	C	3064	2736	46	1	1	40	0.000326052	3067	0.499918	FALSE	NA	NA	NA	NA	NA	NA
NC_045512.2	26278	T	C	3031	2707	46	1	1	24	0.000329815	3032	1	FALSE	NA	NA	NA	NA	NA	NA
NC_045512.2	26281	A	G	3044	2720	46	1	0	80	0.000328407	3045	0.500082	FALSE	NA	NA	NA	NA	NA	NA
NC_045512.2	26282	T	C	3009	2683	46	1	1	40	0.000332226	3010	0.500083	FALSE	NA	NA	NA	NA	NA	NA
NC_045512.2	26283	A	G	3036	2710	46	2	2	40	0.000658328	3038	0.250041	FALSE	NA	NA	NA	NA	NA	NA
NC_045512.2	26286	T	G	2891	2574	46	1	1	24	0.000345781	2892	1	FALSE	NA	NA	NA	NA	NA	NA
NC_045512.2	26289	T	C	2895	2595	45	1	1	40	0.000345304	2896	0.500086	FALSE	NA	NA	NA	NA	NA	NA
NC_045512.2	26294	T	G	2776	2483	46	1	1	24	0.000360101	2777	1	FALSE	NA	NA	NA	NA	NA	NA
NC_045512.2	26298	T	C	2772	2498	45	1	0	36	0.00036062	2773	0.875135	FALSE	NA	NA	NA	NA	NA	NA
NC_045512.2	26300	T	G	2738	2475	45	1	1	40	0.000364964	2740	0.5	FALSE	NA	NA	NA	NA	NA	NA
NC_045512.2	26300	T	C	2738	2475	45	1	1	24	0.000364964	2740	1	FALSE	NA	NA	NA	NA	NA	NA
NC_045512.2	26301	T	G	2732	2470	45	1	1	40	0.000365898	2733	0.500091	FALSE	NA	NA	NA	NA	NA	NA
NC_045512.2	26303	T	G	2731	2470	45	1	1	40	0.000366032	2732	0.500092	FALSE	NA	NA	NA	NA	NA	NA
NC_045512.2	26305	C	T	2713	2464	45	1	1	24	0.00036846	2714	1	FALSE	NA	NA	NA	NA	NA	NA
NC_045512.2	26306	T	G	2711	2463	45	1	1	24	0.000368732	2712	1	FALSE	NA	NA	NA	NA	NA	NA
NC_045512.2	26307	T	C	2705	2458	45	1	1	40	0.000369549	2706	0.500092	FALSE	NA	NA	NA	NA	NA	NA
NC_045512.2	26314	G	T	2602	2375	41	6	6	24	0.00230061	2608	0.999946	FALSE	NA	NA	NA	NA	NA	NA
NC_045512.2	26315	T	C	2696	2471	44	1	1	40	0.000370782	2697	0.500093	FALSE	NA	NA	NA	NA	NA	NA
NC_045512.2	26317	G	T	2705	2488	44	1	1	40	0.000369276	2708	0.499908	FALSE	NA	NA	NA	NA	NA	NA
NC_045512.2	26317	G	A	2705	2488	44	2	2	40	0.000738552	2708	0.249954	FALSE	NA	NA	NA	NA	NA	NA
NC_045512.2	26320	T	C	2693	2484	44	1	1	40	0.000371195	2694	0.500093	FALSE	NA	NA	NA	NA	NA	NA
NC_045512.2	26323	T	C	2640	2434	44	1	1	40	0.000378644	2641	0.500095	FALSE	NA	NA	NA	NA	NA	NA
NC_045512.2	26327	T	G	2605	2397	43	1	1	24	0.00038373	2606	1	FALSE	NA	NA	NA	NA	NA	NA
NC_045512.2	26328	A	G	2572	2367	44	1	1	40	0.000388651	2573	0.500097	FALSE	NA	NA	NA	NA	NA	NA
NC_045512.2	26331	T	G	2513	2324	42	1	1	24	0.000397614	2515	1	FALSE	NA	NA	NA	NA	NA	NA
NC_045512.2	26331	T	C	2513	2324	42	1	1	40	0.000397614	2515	0.5	FALSE	NA	NA	NA	NA	NA	NA
NC_045512.2	26332	A	G	2555	2369	44	1	1	24	0.000391236	2556	1	FALSE	NA	NA	NA	NA	NA	NA
NC_045512.2	26333	C	T	2548	2366	44	1	1	40	0.000392311	2549	0.500098	FALSE	NA	NA	NA	NA	NA	NA
NC_045512.2	26334	A	G	2543	2361	44	1	1	40	0.000393082	2544	0.500098	FALSE	NA	NA	NA	NA	NA	NA
NC_045512.2	26337	A	G	2440	2260	44	1	1	40	0.000409668	2441	0.500102	FALSE	NA	NA	NA	NA	NA	NA
NC_045512.2	26341	A	G	2379	2206	44	1	1	40	0.000420168	2380	0.500105	FALSE	NA	NA	NA	NA	NA	NA
NC_045512.2	26342	T	G	2340	2171	44	1	1	24	0.000427168	2341	1	FALSE	NA	NA	NA	NA	NA	NA
NC_045512.2	26344	C	A	2327	2159	44	1	1	40	0.000429553	2328	0.500107	FALSE	NA	NA	NA	NA	NA	NA
NC_045512.2	26345	T	C	2287	2119	43	1	1	40	0.000437063	2288	0.500109	FALSE	NA	NA	NA	NA	NA	NA
NC_045512.2	26349	T	G	2216	2062	43	1	1	24	0.00045106	2217	1	FALSE	NA	NA	NA	NA	NA	NA
NC_045512.2	26350	G	C	2220	2066	43	1	1	32	0.000450248	2221	0.875169	FALSE	NA	NA	NA	NA	NA	NA
NC_045512.2	26351	C	T	1942	1821	43	1	0	36	0.000514668	1943	0.750193	FALSE	NA	NA	NA	NA	NA	NA
NC_045512.2	26354	T	G	1888	1766	43	1	1	40	0.000529381	1889	0.500132	FALSE	NA	NA	NA	NA	NA	NA
NC_045512.2	26356	C	T	1891	1777	43	1	1	40	0.000528541	1892	0.500132	FALSE	NA	NA	NA	NA	NA	NA
NC_045512.2	26357	G	T	1889	1772	43	1	1	40	0.000528541	1892	0.499868	FALSE	NA	NA	NA	NA	NA	NA
NC_045512.2	26357	G	C	1889	1772	43	2	2	40	0.00105708	1892	0.249934	FALSE	NA	NA	NA	NA	NA	NA
NC_045512.2	26360	T	G	1847	1730	43	2	2	24	0.00108167	1849	0.999981	FALSE	NA	NA	NA	NA	NA	NA
NC_045512.2	26362	T	G	1747	1632	43	1	1	40	0.000572082	1748	0.500143	FALSE	NA	NA	NA	NA	NA	NA
NC_045512.2	26366	C	G	6350	1786	39	4	0	36	0.000629426	6355	0.828222	FALSE	NA	NA	NA	NA	NA	NA
NC_045512.2	26366	C	A	6350	1786	39	1	0	24	0.000157356	6355	1	FALSE	NA	NA	NA	NA	NA	NA
NC_045512.2	26367	G	T	6538	1773	40	1	1	40	0.000152905	6540	0.5	FALSE	NA	NA	NA	NA	NA	NA
NC_045512.2	26367	G	A	6538	1773	40	1	0	40	0.000152905	6540	0.5	FALSE	NA	NA	NA	NA	NA	NA
NC_045512.2	26368	T	G	6532	1772	40	3	1	34	0.000458856	6538	0.910156	FALSE	NA	NA	NA	NA	NA	NA
NC_045512.2	26368	T	C	6532	1772	40	3	0	29	0.000458856	6538	1	FALSE	NA	NA	NA	NA	NA	NA
NC_045512.2	26369	A	C	6491	1782	40	1	0	24	0.000154036	6492	1	FALSE	NA	NA	NA	NA	NA	NA
NC_045512.2	26370	C	T	7058	1784	40	1	0	40	0.000141663	7059	0.500035	FALSE	NA	NA	NA	NA	NA	NA
NC_045512.2	26371	T	C	6896	1598	40	2	0	24	0.000289939	6898	1	FALSE	NA	NA	NA	NA	NA	NA
NC_045512.2	26372	G	C	7351	1582	40	1	0	24	0.000136017	7352	1	FALSE	NA	NA	NA	NA	NA	NA
NC_045512.2	26373	C	T	7755	1598	40	3	1	40	0.000386698	7758	0.125	FALSE	NA	NA	NA	NA	NA	NA
NC_045512.2	26374	T	G	7651	1529	40	1	1	24	0.000130651	7654	1	FALSE	NA	NA	NA	NA	NA	NA
NC_045512.2	26374	T	C	7651	1529	40	2	0	40	0.000261301	7654	0.249984	FALSE	NA	NA	NA	NA	NA	NA
NC_045512.2	26375	G	A	8390	1565	40	6	0	40	0.000714626	8396	0.0156166	FALSE	NA	NA	NA	NA	NA	NA
NC_045512.2	26376	C	G	8430	1537	40	1	0	40	0.00011861	8431	0.50003	FALSE	NA	NA	NA	NA	NA	NA
NC_045512.2	26377	A	C	8334	1550	40	2	0	24	0.000239923	8336	1	FALSE	NA	NA	NA	NA	NA	NA
NC_045512.2	26380	A	G	7352	362	40	1	0	24	0.00013598	7354	1	FALSE	NA	NA	NA	NA	NA	NA
NC_045512.2	26380	A	C	7352	362	40	1	0	40	0.00013598	7354	0.5	FALSE	NA	NA	NA	NA	NA	NA
NC_045512.2	26381	T	C	7836	369	40	1	0	24	0.0001276	7837	1	FALSE	NA	NA	NA	NA	NA	NA
NC_045512.2	26382	T	C	7834	370	40	1	0	24	0.000127632	7835	1	FALSE	NA	NA	NA	NA	NA	NA
NC_045512.2	26383	G	C	8170	379	40	3	0	34	0.000367017	8174	0.96733	FALSE	NA	NA	NA	NA	NA	NA
NC_045512.2	26383	G	A	8170	379	40	1	0	40	0.000122339	8174	0.499939	FALSE	NA	NA	NA	NA	NA	NA
NC_045512.2	26384	T	C	8225	421	41	4	0	40	0.000486086	8229	0.0624924	FALSE	NA	NA	NA	NA	NA	NA
NC_045512.2	26385	T	G	8219	426	41	2	0	40	0.000243191	8224	0.249924	FALSE	NA	NA	NA	NA	NA	NA
NC_045512.2	26385	T	C	8219	426	41	3	0	34	0.000364786	8224	0.967315	FALSE	NA	NA	NA	NA	NA	NA
NC_045512.2	26386	A	C	8174	426	40	12	0	28	0.00146592	8186	1	FALSE	NA	NA	NA	NA	NA	NA
NC_045512.2	26387	A	C	8349	448	40	2	0	24	0.000239492	8351	1	FALSE	NA	NA	NA	NA	NA	NA
NC_045512.2	26388	C	T	8726	461	41	1	0	24	0.000114587	8727	1	FALSE	NA	NA	NA	NA	NA	NA
NC_045512.2	26390	T	C	8729	527	42	1	0	24	0.000114548	8730	1	FALSE	NA	NA	NA	NA	NA	NA
NC_045512.2	26392	A	G	8698	524	41	1	0	40	0.000114943	8700	0.5	FALSE	NA	NA	NA	NA	NA	NA
NC_045512.2	26392	A	C	8698	524	41	1	0	24	0.000114943	8700	1	FALSE	NA	NA	NA	NA	NA	NA
NC_045512.2	26393	G	T	8940	529	41	1	0	40	0.000111844	8941	0.500028	FALSE	NA	NA	NA	NA	NA	NA
NC_045512.2	26394	T	C	8939	548	42	5	0	38	0.000559034	8944	0.866709	FALSE	NA	NA	NA	NA	NA	NA
NC_045512.2	26395	C	A	9008	562	42	1	0	40	0.000111	9009	0.500028	FALSE	NA	NA	NA	NA	NA	NA
NC_045512.2	26396	T	C	9182	570	42	3	0	34	0.000326619	9185	0.980752	FALSE	NA	NA	NA	NA	NA	NA
NC_045512.2	26397	T	C	9544	608	42	1	0	24	0.000104767	9545	1	FALSE	NA	NA	NA	NA	NA	NA
NC_045512.2	26398	G	T	9571	598	42	2	1	24	0.000208921	9573	1	FALSE	NA	NA	NA	NA	NA	NA
NC_045512.2	26399	T	G	9598	733	42	1	0	24	0.000104167	9600	1	FALSE	NA	NA	NA	NA	NA	NA
NC_045512.2	26399	T	C	9598	733	42	1	0	40	0.000104167	9600	0.5	FALSE	NA	NA	NA	NA	NA	NA
NC_045512.2	26400	A	C	9457	802	43	6	0	26	0.000634048	9463	1	FALSE	NA	NA	NA	NA	NA	NA
NC_045512.2	26401	A	G	9521	807	43	1	0	40	0.000105009	9523	0.5	FALSE	NA	NA	NA	NA	NA	NA
NC_045512.2	26401	A	C	9521	807	43	1	0	24	0.000105009	9523	1	FALSE	NA	NA	NA	NA	NA	NA
NC_045512.2	26402	A	G	9578	809	43	1	0	32	0.000104384	9580	0.999026	FALSE	NA	NA	NA	NA	NA	NA
NC_045512.2	26402	A	C	9578	809	43	1	0	24	0.000104384	9580	1	FALSE	NA	NA	NA	NA	NA	NA
NC_045512.2	26403	A	G	9639	816	43	1	0	40	0.000103734	9640	0.500026	FALSE	NA	NA	NA	NA	NA	NA
NC_045512.2	26403	A	+C	9639	816	43	1	0	20	0.000103734	9640	1	FALSE	NA	NA	NA	NA	NA	NA
NC_045512.2	26405	C	A	9713	815	44	1	0	40	0.000102944	9714	0.500026	FALSE	NA	NA	NA	NA	NA	NA
NC_045512.2	26406	T	C	9697	890	44	3	0	34	0.000309278	9700	0.98075	FALSE	NA	NA	NA	NA	NA	NA
NC_045512.2	26407	T	C	9741	894	44	1	0	40	0.000102648	9742	0.500026	FALSE	NA	NA	NA	NA	NA	NA
NC_045512.2	26408	C	-T	10038	922	44	2	0	20	0.000199243	10038	1	FALSE	NA	NA	NA	NA	NA	NA
NC_045512.2	26409	T	C	10013	928	44	2	0	32	0.0001997	10015	0.996832	FALSE	NA	NA	NA	NA	NA	NA
NC_045512.2	26410	T	G	10015	927	44	1	0	40	9.98303e-05	10017	0.750012	FALSE	NA	NA	NA	NA	NA	NA
NC_045512.2	26410	T	C	10015	927	44	1	0	40	9.98303e-05	10017	0.750012	FALSE	NA	NA	NA	NA	NA	NA
NC_045512.2	26411	T	G	10034	929	44	1	0	32	9.96214e-05	10038	0.999513	FALSE	NA	NA	NA	NA	NA	NA
NC_045512.2	26411	T	C	10034	929	44	3	0	40	0.000298864	10038	0.312481	FALSE	NA	NA	NA	NA	NA	NA
NC_045512.2	26412	T	C	10044	930	44	1	0	24	9.9552e-05	10045	1	FALSE	NA	NA	NA	NA	NA	NA
NC_045512.2	26414	A	G	9947	936	44	1	0	32	0.000100513	9949	0.999026	FALSE	NA	NA	NA	NA	NA	NA
NC_045512.2	26414	A	C	9947	936	44	1	0	24	0.000100513	9949	1	FALSE	NA	NA	NA	NA	NA	NA
NC_045512.2	26415	C	T	10275	970	43	1	0	40	9.72763e-05	10280	0.749939	FALSE	NA	NA	NA	NA	NA	NA
NC_045512.2	26415	C	A	10275	970	43	4	0	24	0.000389105	10280	1	FALSE	NA	NA	NA	NA	NA	NA
NC_045512.2	26419	T	C	10649	1023	45	1	0	24	9.38967e-05	10650	1	FALSE	NA	NA	NA	NA	NA	NA
NC_045512.2	26420	A	G	10513	1036	44	1	0	40	9.50751e-05	10518	0.749941	FALSE	NA	NA	NA	NA	NA	NA
NC_045512.2	26420	A	C	10513	1036	44	4	0	24	0.0003803	10518	1	FALSE	NA	NA	NA	NA	NA	NA
NC_045512.2	26421	C	G	10577	1039	43	1	0	40	9.45269e-05	10579	0.750012	FALSE	NA	NA	NA	NA	NA	NA
NC_045512.2	26421	C	A	10577	1039	43	1	0	24	9.45269e-05	10579	1	FALSE	NA	NA	NA	NA	NA	NA
NC_045512.2	26422	T	C	10738	1038	45	1	0	40	9.31185e-05	10739	0.750035	FALSE	NA	NA	NA	NA	NA	NA
NC_045512.2	26423	C	T	10729	1039	45	2	1	80	0.000186376	10731	0.250012	FALSE	NA	NA	NA	NA	NA	NA
NC_045512.2	26424	T	C	10775	1040	45	1	0	24	9.27988e-05	10776	1	FALSE	NA	NA	NA	NA	NA	NA
NC_045512.2	26425	C	A	10743	1043	45	1	0	24	9.30752e-05	10744	1	FALSE	NA	NA	NA	NA	NA	NA
NC_045512.2	26427	T	C	10810	1066	45	1	0	40	9.24984e-05	10811	0.750035	FALSE	NA	NA	NA	NA	NA	NA
NC_045512.2	26428	G	T	10850	1071	45	1	0	24	9.21319e-05	10854	1	FALSE	NA	NA	NA	NA	NA	NA
NC_045512.2	26428	G	C	10850	1071	45	2	0	24	0.000184264	10854	1	FALSE	NA	NA	NA	NA	NA	NA
NC_045512.2	26428	G	A	10850	1071	45	1	0	40	9.21319e-05	10854	0.749965	FALSE	NA	NA	NA	NA	NA	NA
NC_045512.2	26429	T	C	10884	1083	45	2	0	40	0.000183722	10886	0.500034	FALSE	NA	NA	NA	NA	NA	NA
NC_045512.2	26430	T	C	10889	1086	45	2	0	40	0.000183638	10891	0.500034	FALSE	NA	NA	NA	NA	NA	NA
NC_045512.2	26431	A	G	10798	1099	45	1	0	24	9.25754e-05	10802	1	FALSE	NA	NA	NA	NA	NA	NA
NC_045512.2	26431	A	C	10798	1099	45	3	0	24	0.000277726	10802	1	FALSE	NA	NA	NA	NA	NA	NA
NC_045512.2	26432	A	G	10803	1107	45	3	1	48	0.000277572	10808	0.312448	FALSE	NA	NA	NA	NA	NA	NA
NC_045512.2	26432	A	C	10803	1107	45	2	0	32	0.000185048	10808	0.99683	FALSE	NA	NA	NA	NA	NA	NA
NC_045512.2	26434	A	G	10888	1111	45	1	0	24	9.18274e-05	10890	1	FALSE	NA	NA	NA	NA	NA	NA
NC_045512.2	26434	A	C	10888	1111	45	1	0	24	9.18274e-05	10890	1	FALSE	NA	NA	NA	NA	NA	NA
NC_045512.2	26436	T	G	10998	1208	46	1	0	32	9.09174e-05	10999	0.999513	FALSE	NA	NA	NA	NA	NA	NA
NC_045512.2	26440	A	G	10959	1260	46	1	0	40	9.12409e-05	10960	0.750034	FALSE	NA	NA	NA	NA	NA	NA
NC_045512.2	26441	A	T	10976	1259	46	1	0	40	9.10913e-05	10978	0.750011	FALSE	NA	NA	NA	NA	NA	NA
NC_045512.2	26441	A	C	10976	1259	46	1	0	24	9.10913e-05	10978	1	FALSE	NA	NA	NA	NA	NA	NA
NC_045512.2	26442	T	C	11078	1272	46	1	0	24	9.02609e-05	11079	1	FALSE	NA	NA	NA	NA	NA	NA
NC_045512.2	26444	C	T	11846	1329	46	1	0	40	8.44024e-05	11848	0.750011	FALSE	NA	NA	NA	NA	NA	NA
NC_045512.2	26444	C	A	11846	1329	46	1	0	40	8.44024e-05	11848	0.750011	FALSE	NA	NA	NA	NA	NA	NA
NC_045512.2	26445	T	G	11855	1355	46	2	2	40	0.000168663	11858	0.5	FALSE	NA	NA	NA	NA	NA	NA
NC_045512.2	26445	T	C	11855	1355	46	1	0	80	8.43313e-05	11858	0.499979	FALSE	NA	NA	NA	NA	NA	NA
NC_045512.2	26446	T	C	11860	1529	48	1	0	40	8.43099e-05	11861	0.750032	FALSE	NA	NA	NA	NA	NA	NA
NC_045512.2	26447	C	A	11230	1595	42	1	0	24	8.90393e-05	11231	1	FALSE	NA	NA	NA	NA	NA	NA
NC_045512.2	26448	T	C	11871	1587	48	2	0	40	0.000168449	11873	0.500032	FALSE	NA	NA	NA	NA	NA	NA
NC_045512.2	26449	A	C	11580	1597	46	8	0	24	0.000690369	11588	1	FALSE	NA	NA	NA	NA	NA	NA
NC_045512.2	26450	G	C	11874	1588	48	1	0	24	8.42034e-05	11876	1	FALSE	NA	NA	NA	NA	NA	NA
NC_045512.2	26450	G	A	11874	1588	48	1	0	40	8.42034e-05	11876	0.750011	FALSE	NA	NA	NA	NA	NA	NA
NC_045512.2	26451	A	G	11846	1594	48	1	0	40	8.43882e-05	11850	0.749968	FALSE	NA	NA	NA	NA	NA	NA
NC_045512.2	26451	A	C	11846	1594	48	3	0	24	0.000253165	11850	1	FALSE	NA	NA	NA	NA	NA	NA
NC_045512.2	26453	T	C	12152	1641	48	1	0	24	8.22842e-05	12153	1	FALSE	NA	NA	NA	NA	NA	NA
NC_045512.2	26454	T	G	12170	1662	48	1	1	32	8.21423e-05	12174	0.999878	FALSE	NA	NA	NA	NA	NA	NA
NC_045512.2	26454	T	C	12170	1662	48	3	0	29	0.000246427	12174	1	FALSE	NA	NA	NA	NA	NA	NA
NC_045512.2	26456	C	A	11959	1872	48	3	0	24	0.000250794	11962	1	FALSE	NA	NA	NA	NA	NA	NA
NC_045512.2	26457	T	C	12184	1888	50	5	0	44	0.000410206	12189	0.109365	FALSE	NA	NA	NA	NA	NA	NA
NC_045512.2	26459	A	G	12166	1904	49	1	0	48	8.21828e-05	12168	0.75001	FALSE	NA	NA	NA	NA	NA	NA
NC_045512.2	26459	A	C	12166	1904	49	1	0	24	8.21828e-05	12168	1	FALSE	NA	NA	NA	NA	NA	NA
NC_045512.2	26461	C	A	12427	1931	49	1	0	40	8.04635e-05	12428	0.75003	FALSE	NA	NA	NA	NA	NA	NA
NC_045512.2	26462	T	C	12458	1931	50	2	0	32	0.000160514	12460	0.999087	FALSE	NA	NA	NA	NA	NA	NA
NC_045512.2	26463	T	C	12469	1954	50	2	0	44	0.000160372	12471	0.50003	FALSE	NA	NA	NA	NA	NA	NA
NC_045512.2	26464	C	T	12439	1987	50	1	1	24	8.03794e-05	12441	1	FALSE	NA	NA	NA	NA	NA	NA
NC_045512.2	26464	C	A	12439	1987	50	1	0	24	8.03794e-05	12441	1	FALSE	NA	NA	NA	NA	NA	NA
NC_045512.2	26465	T	C	12461	1986	50	2	0	24	0.000160462	12464	1	FALSE	NA	NA	NA	NA	NA	NA
NC_045512.2	26465	T	A	12461	1986	50	1	1	80	8.02311e-05	12464	0.49998	FALSE	NA	NA	NA	NA	NA	NA
NC_045512.2	26465	T	-G	12461	1986	50	1	0	20	8.02311e-05	12464	1	FALSE	NA	NA	NA	NA	NA	NA
NC_045512.2	26467	G	C	12889	2015	50	1	0	40	7.75735e-05	12891	0.75001	FALSE	NA	NA	NA	NA	NA	NA
NC_045512.2	26467	G	A	12889	2015	50	1	0	40	7.75735e-05	12891	0.75001	FALSE	NA	NA	NA	NA	NA	NA
NC_045512.2	26470	T	G	12854	2016	50	1	1	24	7.77847e-05	12856	1	FALSE	NA	NA	NA	NA	NA	NA
NC_045512.2	26470	T	C	12854	2016	50	1	0	40	7.77847e-05	12856	0.75001	FALSE	NA	NA	NA	NA	NA	NA
NC_045512.2	26470	T	-A	12854	2016	50	1	0	20	7.77847e-05	12856	1	FALSE	NA	NA	NA	NA	NA	NA
NC_045512.2	26471	A	C	12685	2034	49	7	0	30	0.000551529	12692	0.916545	FALSE	NA	NA	NA	NA	NA	NA
NC_045512.2	26472	A	G	12805	2053	50	1	0	40	7.80823e-05	12807	0.75001	FALSE	NA	NA	NA	NA	NA	NA
NC_045512.2	26472	A	C	12805	2053	50	1	0	24	7.80823e-05	12807	1	FALSE	NA	NA	NA	NA	NA	NA
NC_045512.2	26473	A	C	12789	2253	51	1	0	40	7.81861e-05	12790	0.750029	FALSE	NA	NA	NA	NA	NA	NA
NC_045512.2	26474	C	A	12890	2249	52	1	0	24	7.75735e-05	12891	1	FALSE	NA	NA	NA	NA	NA	NA
NC_045512.2	26476	A	G	12765	2178	51	2	0	52	0.000156629	12769	0.249971	FALSE	NA	NA	NA	NA	NA	NA
NC_045512.2	26476	A	C	12765	2178	51	2	0	24	0.000156629	12769	1	FALSE	NA	NA	NA	NA	NA	NA
NC_045512.2	26477	A	G	12769	2179	51	1	0	40	7.82779e-05	12775	0.749931	FALSE	NA	NA	NA	NA	NA	NA
NC_045512.2	26477	A	C	12769	2179	51	5	0	27	0.000391389	12775	1	FALSE	NA	NA	NA	NA	NA	NA
NC_045512.2	26478	C	T	12905	2288	52	1	1	80	7.74833e-05	12906	0.500019	FALSE	NA	NA	NA	NA	NA	NA
NC_045512.2	26479	T	C	12870	2280	52	5	0	33	0.00038835	12875	0.975525	FALSE	NA	NA	NA	NA	NA	NA
NC_045512.2	26480	A	T	12950	2330	52	1	0	40	7.71903e-05	12955	0.749952	FALSE	NA	NA	NA	NA	NA	NA
NC_045512.2	26480	A	G	12950	2330	52	2	0	32	0.000154381	12955	0.999086	FALSE	NA	NA	NA	NA	NA	NA
NC_045512.2	26480	A	C	12950	2330	52	2	0	24	0.000154381	12955	1	FALSE	NA	NA	NA	NA	NA	NA
NC_045512.2	26481	A	C	12964	2335	52	1	0	24	7.71307e-05	12965	1	FALSE	NA	NA	NA	NA	NA	NA
NC_045512.2	26482	A	C	13104	2377	52	1	0	24	7.63068e-05	13105	1	FALSE	NA	NA	NA	NA	NA	NA
NC_045512.2	26484	A	C	13102	2372	52	3	0	29	0.00022892	13105	1	FALSE	NA	NA	NA	NA	NA	NA
NC_045512.2	26486	T	C	13147	2475	53	1	0	24	7.60572e-05	13148	1	FALSE	NA	NA	NA	NA	NA	NA
NC_045512.2	26487	A	C	13207	2486	53	1	0	24	7.57117e-05	13208	1	FALSE	NA	NA	NA	NA	NA	NA
NC_045512.2	26489	A	C	13133	2456	53	3	0	24	0.00022838	13136	1	FALSE	NA	NA	NA	NA	NA	NA
NC_045512.2	26492	A	C	13068	2431	53	2	0	24	0.000153022	13070	1	FALSE	NA	NA	NA	NA	NA	NA
NC_045512.2	26493	G	C	13194	2431	53	1	0	24	7.57863e-05	13195	1	FALSE	NA	NA	NA	NA	NA	NA
NC_045512.2	26495	T	G	13168	2511	54	1	0	24	7.59244e-05	13171	1	FALSE	NA	NA	NA	NA	NA	NA
NC_045512.2	26495	T	C	13168	2511	54	2	0	38	0.000151849	13171	0.999513	FALSE	NA	NA	NA	NA	NA	NA
NC_045512.2	26497	T	G	13122	2533	54	1	0	32	7.62021e-05	13123	0.999939	FALSE	NA	NA	NA	NA	NA	NA
NC_045512.2	26499	C	A	12771	2648	53	9	0	25	0.000704225	12780	1	FALSE	NA	NA	NA	NA	NA	NA
NC_045512.2	26500	T	G	12963	2636	54	1	0	24	7.71129e-05	12968	1	FALSE	NA	NA	NA	NA	NA	NA
NC_045512.2	26500	T	C	12963	2636	54	4	0	38	0.000308452	12968	0.989384	FALSE	NA	NA	NA	NA	NA	NA
NC_045512.2	26501	G	A	13055	2653	53	1	0	24	7.65931e-05	13056	1	FALSE	NA	NA	NA	NA	NA	NA
NC_045512.2	26504	T	C	12502	3001	53	2	1	60	0.000159949	12504	0.25001	FALSE	NA	NA	NA	NA	NA	NA
NC_045512.2	26505	G	T	12492	3022	52	1	0	24	8.00384e-05	12494	1	FALSE	NA	NA	NA	NA	NA	NA
NC_045512.2	26505	G	A	12492	3022	52	1	0	40	8.00384e-05	12494	0.75001	FALSE	NA	NA	NA	NA	NA	NA
NC_045512.2	26507	A	G	12248	3523	53	1	0	40	8.1626e-05	12251	0.74999	FALSE	NA	NA	NA	NA	NA	NA
NC_045512.2	26507	A	C	12248	3523	53	2	0	24	0.000163252	12251	1	FALSE	NA	NA	NA	NA	NA	NA
NC_045512.2	26508	A	G	12206	3572	53	2	1	40	0.0001638	12210	0.499969	FALSE	NA	NA	NA	NA	NA	NA
NC_045512.2	26508	A	C	12206	3572	53	2	0	24	0.0001638	12210	1	FALSE	NA	NA	NA	NA	NA	NA
NC_045512.2	26510	T	C	12140	3620	53	1	0	40	8.23655e-05	12141	0.750031	FALSE	NA	NA	NA	NA	NA	NA
NC_045512.2	26511	T	C	12158	3663	53	1	0	24	8.22436e-05	12159	1	FALSE	NA	NA	NA	NA	NA	NA
NC_045512.2	26513	A	G	11552	4046	52	1	0	24	8.65576e-05	11553	1	FALSE	NA	NA	NA	NA	NA	NA
NC_045512.2	26514	A	G	11460	4099	52	2	0	60	0.000174383	11469	0.249858	FALSE	NA	NA	NA	NA	NA	NA
NC_045512.2	26514	A	C	11460	4099	52	7	0	26	0.000610341	11469	1	FALSE	NA	NA	NA	NA	NA	NA
NC_045512.2	26516	T	C	11406	4196	51	1	0	40	8.76655e-05	11407	0.750033	FALSE	NA	NA	NA	NA	NA	NA
NC_045512.2	26518	T	C	11443	4418	52	1	0	40	8.7382e-05	11444	0.750033	FALSE	NA	NA	NA	NA	NA	NA
NC_045512.2	26519	A	G	11301	4449	49	2	1	80	0.000176897	11306	0.249945	FALSE	NA	NA	NA	NA	NA	NA
NC_045512.2	26519	A	C	11301	4449	49	3	0	24	0.000265346	11306	1	FALSE	NA	NA	NA	NA	NA	NA
NC_045512.2	26520	G	T	11463	4447	52	1	1	80	8.72296e-05	11464	0.500022	FALSE	NA	NA	NA	NA	NA	NA
NC_045512.2	26521	C	T	11300	4627	51	1	1	40	8.84877e-05	11301	0.750033	FALSE	NA	NA	NA	NA	NA	NA
NC_045512.2	26522	C	T	11039	4779	50	1	1	40	9.05797e-05	11040	0.750034	FALSE	NA	NA	NA	NA	NA	NA
NC_045512.2	26523	A	C	11034	4813	50	1	0	24	9.06208e-05	11035	1	FALSE	NA	NA	NA	NA	NA	NA
NC_045512.2	26524	T	G	10879	4885	50	1	1	24	9.1878e-05	10884	1	FALSE	NA	NA	NA	NA	NA	NA
NC_045512.2	26524	T	C	10879	4885	50	4	3	30	0.000367512	10884	0.971353	FALSE	NA	NA	NA	NA	NA	NA
NC_045512.2	26525	G	T	10747	4690	48	11	11	25	0.00102249	10758	1	FALSE	NA	NA	NA	NA	NA	NA
NC_045512.2	26526	G	A	10720	5132	49	4	2	50	0.000372995	10724	0.0624942	FALSE	NA	NA	NA	NA	NA	NA
NC_045512.2	26528	A	G	10625	5130	48	3	2	40	0.000282247	10629	0.312482	FALSE	NA	NA	NA	NA	NA	NA
NC_045512.2	26528	A	C	10625	5130	48	1	0	40	9.40822e-05	10629	0.749965	FALSE	NA	NA	NA	NA	NA	NA
NC_045512.2	26529	G	C	0	0	0	10712	5177	49	1	10712	0	TRUE	NA	NA	NA	NA	NA	NA
NC_045512.2	26531	T	G	10868	5181	49	1	0	24	9.19963e-05	10870	1	FALSE	NA	NA	NA	NA	NA	NA
NC_045512.2	26531	T	C	10868	5181	49	1	0	24	9.19963e-05	10870	1	FALSE	NA	NA	NA	NA	NA	NA
NC_045512.2	26532	T	G	10689	5304	48	1	1	24	9.35454e-05	10690	1	FALSE	NA	NA	NA	NA	NA	NA
NC_045512.2	26533	C	G	10523	5405	47	1	1	40	9.50209e-05	10524	0.750036	FALSE	NA	NA	NA	NA	NA	NA
NC_045512.2	26535	A	C	10434	5406	47	2	0	32	0.000191644	10436	0.996835	FALSE	NA	NA	NA	NA	NA	NA
NC_045512.2	26536	A	G	10401	5386	47	1	0	40	9.61261e-05	10403	0.750012	FALSE	NA	NA	NA	NA	NA	NA
NC_045512.2	26536	A	C	10401	5386	47	1	0	24	9.61261e-05	10403	1	FALSE	NA	NA	NA	NA	NA	NA
NC_045512.2	26537	C	T	10447	5467	47	1	0	40	9.57029e-05	10449	0.750012	FALSE	NA	NA	NA	NA	NA	NA
NC_045512.2	26537	C	A	10447	5467	47	1	0	32	9.57029e-05	10449	0.999513	FALSE	NA	NA	NA	NA	NA	NA
NC_045512.2	26538	G	A	10366	5383	47	1	1	40	9.64599e-05	10367	0.750036	FALSE	NA	NA	NA	NA	NA	NA
NC_045512.2	26540	T	G	10362	5386	47	1	1	24	9.64878e-05	10364	1	FALSE	NA	NA	NA	NA	NA	NA
NC_045512.2	26540	T	C	10362	5386	47	1	0	32	9.64878e-05	10364	0.999513	FALSE	NA	NA	NA	NA	NA	NA
NC_045512.2	26541	A	C	10374	5440	47	1	0	24	9.63855e-05	10375	1	FALSE	NA	NA	NA	NA	NA	NA
NC_045512.2	26542	C	A	10413	5496	46	1	0	80	9.60246e-05	10414	0.500024	FALSE	NA	NA	NA	NA	NA	NA
NC_045512.2	26543	T	G	10411	5453	47	2	2	24	0.000192068	10413	1	FALSE	NA	NA	NA	NA	NA	NA
NC_045512.2	26544	A	G	10474	5580	47	1	0	40	9.54654e-05	10475	0.750036	FALSE	NA	NA	NA	NA	NA	NA
NC_045512.2	26545	T	G	10425	5501	46	1	0	80	9.59049e-05	10427	0.5	FALSE	NA	NA	NA	NA	NA	NA
NC_045512.2	26545	T	A	10425	5501	46	1	0	40	9.59049e-05	10427	0.750012	FALSE	NA	NA	NA	NA	NA	NA
NC_045512.2	26546	T	G	10519	5685	47	1	1	24	9.5057e-05	10520	1	FALSE	NA	NA	NA	NA	NA	NA
NC_045512.2	26547	A	C	10432	5764	47	1	0	24	9.58497e-05	10433	1	FALSE	NA	NA	NA	NA	NA	NA
NC_045512.2	26547	A	-C	10432	5764	47	1	0	20	9.58497e-05	10433	1	FALSE	NA	NA	NA	NA	NA	NA
NC_045512.2	26548	C	A	10668	6682	45	6	0	29	0.000562114	10674	1	FALSE	NA	NA	NA	NA	NA	NA
NC_045512.2	26549	C	T	10678	6431	48	1	1	80	9.36417e-05	10679	0.500023	FALSE	NA	NA	NA	NA	NA	NA
NC_045512.2	26550	G	T	10576	6302	47	1	1	24	9.45001e-05	10582	1	FALSE	NA	NA	NA	NA	NA	NA
NC_045512.2	26550	G	A	10576	6302	47	5	0	40	0.0004725	10582	0.109342	FALSE	NA	NA	NA	NA	NA	NA
NC_045512.2	26551	T	G	10504	6230	48	2	2	24	0.000190367	10506	1	FALSE	NA	NA	NA	NA	NA	NA
NC_045512.2	26552	T	G	10513	6243	48	2	1	32	0.000190168	10517	0.996832	FALSE	NA	NA	NA	NA	NA	NA
NC_045512.2	26552	T	C	10513	6243	48	2	1	32	0.000190168	10517	0.996832	FALSE	NA	NA	NA	NA	NA	NA
NC_045512.2	26553	G	T	10246	5975	45	3	3	24	0.000292683	10250	1	FALSE	NA	NA	NA	NA	NA	NA
NC_045512.2	26553	G	C	10246	5975	45	1	0	32	9.7561e-05	10250	0.999513	FALSE	NA	NA	NA	NA	NA	NA
NC_045512.2	26554	A	C	10623	6533	48	1	0	24	9.41265e-05	10624	1	FALSE	NA	NA	NA	NA	NA	NA
NC_045512.2	26555	A	G	10658	6545	48	2	1	36	0.000187547	10664	0.996828	FALSE	NA	NA	NA	NA	NA	NA
NC_045512.2	26555	A	C	10658	6545	48	4	1	28	0.000375094	10664	1	FALSE	NA	NA	NA	NA	NA	NA
NC_045512.2	26557	A	G	10538	6434	48	1	1	40	9.48767e-05	10540	0.750012	FALSE	NA	NA	NA	NA	NA	NA
NC_045512.2	26557	A	C	10538	6434	48	1	0	40	9.48767e-05	10540	0.750012	FALSE	NA	NA	NA	NA	NA	NA
NC_045512.2	26560	T	C	10470	6509	48	1	1	80	9.55019e-05	10471	0.500024	FALSE	NA	NA	NA	NA	NA	NA
NC_045512.2	26561	T	C	10608	6716	48	2	1	60	0.000188466	10612	0.249965	FALSE	NA	NA	NA	NA	NA	NA
NC_045512.2	26561	T	A	10608	6716	48	2	1	32	0.000188466	10612	0.996831	FALSE	NA	NA	NA	NA	NA	NA
NC_045512.2	26561	T	-A	10608	6716	48	1	0	20	9.42329e-05	10612	1	FALSE	NA	NA	NA	NA	NA	NA
NC_045512.2	26561	T	+A	10608	6716	48	1	0	20	9.42329e-05	10612	1	FALSE	NA	NA	NA	NA	NA	NA
NC_045512.2	26562	A	G	10702	6882	48	1	1	24	9.3423e-05	10704	1	FALSE	NA	NA	NA	NA	NA	NA
NC_045512.2	26562	A	C	10702	6882	48	1	0	24	9.3423e-05	10704	1	FALSE	NA	NA	NA	NA	NA	NA
NC_045512.2	26563	A	G	10740	6898	48	1	1	40	9.31012e-05	10741	0.750035	FALSE	NA	NA	NA	NA	NA	NA
NC_045512.2	26565	A	G	10719	6900	48	3	3	40	0.000279799	10722	0.312517	FALSE	NA	NA	NA	NA	NA	NA
NC_045512.2	26567	G	A	10452	6927	47	1	1	24	9.56663e-05	10453	1	FALSE	NA	NA	NA	NA	NA	NA
NC_045512.2	26569	T	G	10501	7034	48	1	1	24	9.51837e-05	10506	1	FALSE	NA	NA	NA	NA	NA	NA
NC_045512.2	26569	T	C	10501	7034	48	4	2	36	0.000380735	10506	0.971354	FALSE	NA	NA	NA	NA	NA	NA
NC_045512.2	26570	C	T	10548	7086	48	1	1	24	9.47957e-05	10549	1	FALSE	NA	NA	NA	NA	NA	NA
NC_045512.2	26571	C	A	10764	7577	47	5	0	32	0.000464296	10769	0.94085	FALSE	NA	NA	NA	NA	NA	NA
NC_045512.2	26572	T	G	10801	7505	47	1	1	24	9.25669e-05	10803	1	FALSE	NA	NA	NA	NA	NA	NA
NC_045512.2	26572	T	C	10801	7505	47	1	1	40	9.25669e-05	10803	0.750012	FALSE	NA	NA	NA	NA	NA	NA
NC_045512.2	26573	T	G	10824	7521	48	6	6	26	0.000554017	10830	1	FALSE	NA	NA	NA	NA	NA	NA
NC_045512.2	26574	G	T	10392	7063	43	8	8	24	0.000769157	10401	1	FALSE	NA	NA	NA	NA	NA	NA
NC_045512.2	26574	G	A	10392	7063	43	1	1	40	9.61446e-05	10401	0.749844	FALSE	NA	NA	NA	NA	NA	NA
NC_045512.2	26575	A	G	10910	7629	48	3	3	29	0.000274901	10913	1	FALSE	NA	NA	NA	NA	NA	NA
NC_045512.2	26577	C	G	0	0	0	10963	7632	48	0.999818	10965	0	TRUE	NA	NA	NA	NA	NA	NA
NC_045512.2	26577	C	A	0	0	0	2	2	40	0.000182399	10965	4.98993e-08	TRUE	NA	NA	NA	NA	NA	NA
NC_045512.2	26579	A	G	11000	7786	48	1	1	64	9.09008e-05	11001	0.500023	FALSE	NA	NA	NA	NA	NA	NA
NC_045512.2	26580	T	G	11076	7876	48	1	0	32	9.0269e-05	11078	0.999757	FALSE	NA	NA	NA	NA	NA	NA
NC_045512.2	26580	T	C	11076	7876	48	1	1	40	9.0269e-05	11078	0.750011	FALSE	NA	NA	NA	NA	NA	NA
NC_045512.2	26583	A	G	11220	8067	48	2	2	40	0.000178205	11223	0.5	FALSE	NA	NA	NA	NA	NA	NA
NC_045512.2	26583	A	C	11220	8067	48	1	1	40	8.91027e-05	11223	0.749989	FALSE	NA	NA	NA	NA	NA	NA
NC_045512.2	26584	A	G	11250	8082	49	1	1	80	8.8881e-05	11251	0.500022	FALSE	NA	NA	NA	NA	NA	NA
NC_045512.2	26585	C	G	11761	8807	50	1	1	40	8.50196e-05	11762	0.750032	FALSE	NA	NA	NA	NA	NA	NA
NC_045512.2	26586	C	G	11517	8605	49	2	2	32	0.000173626	11519	0.998296	FALSE	NA	NA	NA	NA	NA	NA
NC_045512.2	26587	T	G	11546	8642	50	2	2	32	0.00017316	11550	0.998294	FALSE	NA	NA	NA	NA	NA	NA
NC_045512.2	26587	T	C	11546	8642	50	2	2	40	0.00017316	11550	0.499968	FALSE	NA	NA	NA	NA	NA	NA
NC_045512.2	26588	A	C	11686	8734	50	2	0	24	0.000171116	11688	1	FALSE	NA	NA	NA	NA	NA	NA
NC_045512.2	26589	G	T	11585	8557	49	4	4	26	0.000345155	11589	1	FALSE	NA	NA	NA	NA	NA	NA
NC_045512.2	26590	T	G	11970	9115	50	2	2	32	0.000167029	11974	0.998294	FALSE	NA	NA	NA	NA	NA	NA
NC_045512.2	26590	T	C	11970	9115	50	2	0	60	0.000167029	11974	0.249969	FALSE	NA	NA	NA	NA	NA	NA
NC_045512.2	26591	A	G	11995	9174	50	1	0	80	8.33542e-05	11997	0.5	FALSE	NA	NA	NA	NA	NA	NA
NC_045512.2	26591	A	C	11995	9174	50	1	0	24	8.33542e-05	11997	1	FALSE	NA	NA	NA	NA	NA	NA
NC_045512.2	26592	A	C	11974	9179	50	1	0	24	8.35073e-05	11975	1	FALSE	NA	NA	NA	NA	NA	NA
NC_045512.2	26593	T	G	11903	9098	50	5	5	36	0.000419851	11909	0.961643	FALSE	NA	NA	NA	NA	NA	NA
NC_045512.2	26593	T	A	11903	9098	50	1	1	40	8.39701e-05	11909	0.749927	FALSE	NA	NA	NA	NA	NA	NA
NC_045512.2	26594	A	G	11891	9108	50	1	1	24	8.40901e-05	11892	1	FALSE	NA	NA	NA	NA	NA	NA
NC_045512.2	26595	G	T	11706	9320	48	4	4	24	0.000341559	11711	1	FALSE	NA	NA	NA	NA	NA	NA
NC_045512.2	26595	G	C	11706	9320	48	1	1	40	8.53898e-05	11711	0.749947	FALSE	NA	NA	NA	NA	NA	NA
NC_045512.2	26596	G	T	12610	10501	49	1	1	24	7.92959e-05	12611	1	FALSE	NA	NA	NA	NA	NA	NA
NC_045512.2	26597	T	C	12396	10337	50	3	3	42	0.000241955	12399	0.312515	FALSE	NA	NA	NA	NA	NA	NA
NC_045512.2	26598	T	G	12260	10216	50	1	1	40	8.15528e-05	12262	0.75001	FALSE	NA	NA	NA	NA	NA	NA
NC_045512.2	26598	T	C	12260	10216	50	1	0	80	8.15528e-05	12262	0.5	FALSE	NA	NA	NA	NA	NA	NA
NC_045512.2	26599	T	G	12360	10347	50	1	1	24	8.08734e-05	12365	1	FALSE	NA	NA	NA	NA	NA	NA
NC_045512.2	26599	T	C	12360	10347	50	4	4	32	0.000323494	12365	0.989385	FALSE	NA	NA	NA	NA	NA	NA
NC_045512.2	26600	C	T	12428	10444	50	1	1	40	8.0457e-05	12429	0.75003	FALSE	NA	NA	NA	NA	NA	NA
NC_045512.2	26602	T	G	12368	10489	49	3	3	24	0.000242463	12373	1	FALSE	NA	NA	NA	NA	NA	NA
NC_045512.2	26602	T	C	12368	10489	49	1	1	40	8.08211e-05	12373	0.749949	FALSE	NA	NA	NA	NA	NA	NA
NC_045512.2	26602	T	A	12368	10489	49	1	1	40	8.08211e-05	12373	0.749949	FALSE	NA	NA	NA	NA	NA	NA
NC_045512.2	26603	A	G	12405	10532	50	1	1	40	8.05997e-05	12407	0.75001	FALSE	NA	NA	NA	NA	NA	NA
NC_045512.2	26603	A	C	12405	10532	50	1	1	40	8.05997e-05	12407	0.75001	FALSE	NA	NA	NA	NA	NA	NA
NC_045512.2	26605	T	G	12229	10376	50	1	1	24	8.17595e-05	12231	1	FALSE	NA	NA	NA	NA	NA	NA
NC_045512.2	26605	T	C	12229	10376	50	1	1	24	8.17595e-05	12231	1	FALSE	NA	NA	NA	NA	NA	NA
NC_045512.2	26607	C	G	11779	9974	50	1	1	40	8.48896e-05	11780	0.750032	FALSE	NA	NA	NA	NA	NA	NA
NC_045512.2	26608	T	G	11711	9902	50	1	1	40	8.53825e-05	11712	0.750032	FALSE	NA	NA	NA	NA	NA	NA
NC_045512.2	26610	A	G	22	7	44	11710	9944	50	0.99804	11733	0	TRUE	NA	NA	NA	NA	NA	NA
NC_045512.2	26610	A	C	22	7	44	1	1	24	8.52297e-05	11733	0.207264	FALSE	NA	NA	NA	NA	NA	NA
NC_045512.2	26612	A	G	11685	10003	49	2	2	60	0.000171116	11688	0.249989	FALSE	NA	NA	NA	NA	NA	NA
NC_045512.2	26612	A	C	11685	10003	49	1	1	40	8.55578e-05	11688	0.749989	FALSE	NA	NA	NA	NA	NA	NA
NC_045512.2	26613	T	G	11620	9939	49	3	3	24	0.000258065	11625	1	FALSE	NA	NA	NA	NA	NA	NA
NC_045512.2	26613	T	C	11620	9939	49	2	2	24	0.000172043	11625	1	FALSE	NA	NA	NA	NA	NA	NA
NC_045512.2	26614	G	T	11569	9890	49	3	3	32	0.000259246	11572	0.993546	FALSE	NA	NA	NA	NA	NA	NA
NC_045512.2	26617	T	G	11523	10038	48	3	3	24	0.000260281	11526	1	FALSE	NA	NA	NA	NA	NA	NA
NC_045512.2	26618	T	G	11480	10003	47	1	1	24	8.71004e-05	11481	1	FALSE	NA	NA	NA	NA	NA	NA
NC_045512.2	26619	T	G	11463	9993	48	1	1	24	8.72068e-05	11467	1	FALSE	NA	NA	NA	NA	NA	NA
NC_045512.2	26619	T	C	11463	9993	48	3	1	80	0.00026162	11467	0.124984	FALSE	NA	NA	NA	NA	NA	NA
NC_045512.2	26623	T	G	11394	9933	48	1	1	40	8.77578e-05	11395	0.750033	FALSE	NA	NA	NA	NA	NA	NA
NC_045512.2	26624	T	G	10948	9505	48	1	1	24	9.13159e-05	10951	1	FALSE	NA	NA	NA	NA	NA	NA
NC_045512.2	26624	T	C	10948	9505	48	1	1	24	9.13159e-05	10951	1	FALSE	NA	NA	NA	NA	NA	NA
NC_045512.2	26624	T	A	10948	9505	48	1	0	24	9.13159e-05	10951	1	FALSE	NA	NA	NA	NA	NA	NA
NC_045512.2	26626	T	G	21562	10345	44	8	5	24	0.000370731	21579	1	FALSE	NA	NA	NA	NA	NA	NA
NC_045512.2	26626	T	C	21562	10345	44	8	1	37	0.000370731	21579	0.995933	FALSE	NA	NA	NA	NA	NA	NA
NC_045512.2	26626	T	A	21562	10345	44	1	1	40	4.63414e-05	21579	0.874878	FALSE	NA	NA	NA	NA	NA	NA
NC_045512.2	26627	A	G	21583	10441	44	4	0	40	0.000185271	21590	0.343696	FALSE	NA	NA	NA	NA	NA	NA
NC_045512.2	26627	A	C	21583	10441	44	3	0	29	0.000138953	21590	1	FALSE	NA	NA	NA	NA	NA	NA
NC_045512.2	26628	C	A	21835	10482	41	51	0	25	0.00233026	21886	1	FALSE	NA	NA	NA	NA	NA	NA
NC_045512.2	26629	A	C	22419	10248	44	5	0	28	0.000222975	22424	1	FALSE	NA	NA	NA	NA	NA	NA
NC_045512.2	26630	A	G	22462	10240	44	1	0	40	4.45157e-05	22464	0.875008	FALSE	NA	NA	NA	NA	NA	NA
NC_045512.2	26630	A	C	22462	10240	44	1	0	24	4.45157e-05	22464	1	FALSE	NA	NA	NA	NA	NA	NA
NC_045512.2	26631	T	G	22385	10168	44	4	0	40	0.000178611	22395	0.343635	FALSE	NA	NA	NA	NA	NA	NA
NC_045512.2	26631	T	C	22385	10168	44	6	2	37	0.000267917	22395	0.999545	FALSE	NA	NA	NA	NA	NA	NA
NC_045512.2	26632	T	G	22408	10274	44	2	2	24	8.92419e-05	22411	1	FALSE	NA	NA	NA	NA	NA	NA
NC_045512.2	26632	T	C	22408	10274	44	1	0	40	4.46209e-05	22411	0.875	FALSE	NA	NA	NA	NA	NA	NA
NC_045512.2	26633	T	G	22412	10326	44	8	2	34	0.000356729	22426	0.997391	FALSE	NA	NA	NA	NA	NA	NA
NC_045512.2	26633	T	C	22412	10326	44	6	1	26	0.000267547	22426	1	FALSE	NA	NA	NA	NA	NA	NA
NC_045512.2	26634	G	C	23345	10399	44	1	0	40	4.28321e-05	23347	0.875008	FALSE	NA	NA	NA	NA	NA	NA
NC_045512.2	26634	G	A	23345	10399	44	1	0	24	4.28321e-05	23347	1	FALSE	NA	NA	NA	NA	NA	NA
NC_045512.2	26635	C	T	23369	10407	44	5	0	36	0.000213885	23377	0.99991	FALSE	NA	NA	NA	NA	NA	NA
NC_045512.2	26635	C	A	23369	10407	44	3	0	24	0.000128331	23377	1	FALSE	NA	NA	NA	NA	NA	NA
NC_045512.2	26636	C	A	23206	10472	42	3	1	29	0.00012926	23209	1	FALSE	NA	NA	NA	NA	NA	NA
NC_045512.2	26638	A	C	23219	10366	43	7	0	26	0.000301386	23226	1	FALSE	NA	NA	NA	NA	NA	NA
NC_045512.2	26638	A	-T	23219	10366	43	2	0	20	8.61104e-05	23226	1	FALSE	NA	NA	NA	NA	NA	NA
NC_045512.2	26639	T	C	23472	10341	44	6	1	37	0.000255548	23479	0.999728	FALSE	NA	NA	NA	NA	NA	NA
NC_045512.2	26639	T	A	23472	10341	44	1	1	40	4.25913e-05	23479	0.874952	FALSE	NA	NA	NA	NA	NA	NA
NC_045512.2	26639	T	-G	23472	10341	44	1551	0	20	0.0660534	23481	5.62253e-228	TRUE	NA	NA	NA	NA	NA	NA
NC_045512.2	26640	G	T	22122	10258	44	13	1	46	0.000587173	22140	0.00249046	TRUE	NA	NA	NA	NA	NA	NA
NC_045512.2	26640	G	C	22122	10258	44	2	1	40	9.03342e-05	22140	0.661362	FALSE	NA	NA	NA	NA	NA	NA
NC_045512.2	26640	G	A	22122	10258	44	3	1	61	0.000135501	22140	0.112578	FALSE	NA	NA	NA	NA	NA	NA
NC_045512.2	26641	C	T	23873	10407	44	1	0	40	4.18796e-05	23878	0.874984	FALSE	NA	NA	NA	NA	NA	NA
NC_045512.2	26641	C	G	23873	10407	44	3	0	53	0.000125639	23878	0.124984	FALSE	NA	NA	NA	NA	NA	NA
NC_045512.2	26641	C	A	23873	10407	44	1	0	24	4.18796e-05	23878	1	FALSE	NA	NA	NA	NA	NA	NA
NC_045512.2	26642	C	T	23560	10384	43	1	1	40	4.24232e-05	23572	0.874928	FALSE	NA	NA	NA	NA	NA	NA
NC_045512.2	26642	C	G	23560	10384	43	1	1	40	4.24232e-05	23572	0.874928	FALSE	NA	NA	NA	NA	NA	NA
NC_045512.2	26642	C	A	23560	10384	43	10	1	25	0.000424232	23572	1	FALSE	NA	NA	NA	NA	NA	NA
NC_045512.2	26643	A	G	23722	10217	44	2	1	40	8.42922e-05	23727	0.687476	FALSE	NA	NA	NA	NA	NA	NA
NC_045512.2	26643	A	C	23722	10217	44	3	0	34	0.000126438	23727	0.999995	FALSE	NA	NA	NA	NA	NA	NA
NC_045512.2	26644	A	G	23641	10235	43	1	1	24	4.22869e-05	23648	1	FALSE	NA	NA	NA	NA	NA	NA
NC_045512.2	26644	A	C	23641	10235	43	6	0	29	0.000253721	23648	1	FALSE	NA	NA	NA	NA	NA	NA
NC_045512.2	26645	C	T	23757	10225	42	1	1	24	4.20787e-05	23765	1	FALSE	NA	NA	NA	NA	NA	NA
NC_045512.2	26645	C	A	23757	10225	42	7	0	26	0.000294551	23765	1	FALSE	NA	NA	NA	NA	NA	NA
NC_045512.2	26646	A	G	24024	10226	43	2	0	40	8.32432e-05	24026	0.687523	FALSE	NA	NA	NA	NA	NA	NA
NC_045512.2	26646	A	+G	24024	10226	43	1	0	20	4.16216e-05	24026	1	FALSE	NA	NA	NA	NA	NA	NA
NC_045512.2	26647	G	T	25101	10083	43	6	6	24	0.000238901	25115	1	FALSE	NA	NA	NA	NA	NA	NA
NC_045512.2	26647	G	C	25101	10083	43	2	0	32	7.96337e-05	25115	1	FALSE	NA	NA	NA	NA	NA	NA
NC_045512.2	26647	G	A	25101	10083	43	6	2	32	0.000238901	25115	0.999904	FALSE	NA	NA	NA	NA	NA	NA
NC_045512.2	26648	G	T	26208	10294	44	1	1	24	3.81534e-05	26210	1	FALSE	NA	NA	NA	NA	NA	NA
NC_045512.2	26648	G	A	26208	10294	44	1	0	40	3.81534e-05	26210	0.875007	FALSE	NA	NA	NA	NA	NA	NA
NC_045512.2	26649	A	G	26026	10292	43	3	0	24	0.000115238	26033	1	FALSE	NA	NA	NA	NA	NA	NA
NC_045512.2	26649	A	C	26026	10292	43	4	0	28	0.000153651	26033	1	FALSE	NA	NA	NA	NA	NA	NA
NC_045512.2	26650	A	G	25970	10278	43	3	1	34	0.000115491	25976	0.999998	FALSE	NA	NA	NA	NA	NA	NA
NC_045512.2	26650	A	C	25970	10278	43	3	0	24	0.000115491	25976	1	FALSE	NA	NA	NA	NA	NA	NA
NC_045512.2	26651	T	G	26035	10243	44	2	2	32	7.68049e-05	26040	1	FALSE	NA	NA	NA	NA	NA	NA
NC_045512.2	26651	T	C	26035	10243	44	3	0	32	0.000115207	26040	0.999999	FALSE	NA	NA	NA	NA	NA	NA
NC_045512.2	26652	A	G	26174	10348	44	3	2	34	0.000114596	26179	0.999999	FALSE	NA	NA	NA	NA	NA	NA
NC_045512.2	26652	A	C	26174	10348	44	2	0	32	7.63971e-05	26179	1	FALSE	NA	NA	NA	NA	NA	NA
NC_045512.2	26653	G	T	26651	10391	44	1	0	24	3.75164e-05	26655	1	FALSE	NA	NA	NA	NA	NA	NA
NC_045512.2	26653	G	A	26651	10391	44	3	2	34	0.000112549	26655	0.999999	FALSE	NA	NA	NA	NA	NA	NA
NC_045512.2	26654	G	C	26647	10305	44	1	0	40	3.75249e-05	26649	0.875007	FALSE	NA	NA	NA	NA	NA	NA
NC_045512.2	26654	G	A	26647	10305	44	1	0	40	3.75249e-05	26649	0.875007	FALSE	NA	NA	NA	NA	NA	NA
NC_045512.2	26655	T	G	26507	10197	43	4	3	32	0.000150875	26512	0.999996	FALSE	NA	NA	NA	NA	NA	NA
NC_045512.2	26655	T	C	26507	10197	43	1	0	48	3.77188e-05	26512	0.874986	FALSE	NA	NA	NA	NA	NA	NA
NC_045512.2	26656	T	G	26204	9935	44	3	0	34	0.00011446	26210	0.999999	FALSE	NA	NA	NA	NA	NA	NA
NC_045512.2	26656	T	C	26204	9935	44	3	0	34	0.00011446	26210	0.999999	FALSE	NA	NA	NA	NA	NA	NA
NC_045512.2	26656	T	-TTTGTA	26204	9935	44	1	0	20	3.81534e-05	26210	1	FALSE	NA	NA	NA	NA	NA	NA
NC_045512.2	26657	T	G	25999	9628	44	2	2	24	7.69172e-05	26002	1	FALSE	NA	NA	NA	NA	NA	NA
NC_045512.2	26657	T	C	25999	9628	44	1	1	40	3.84586e-05	26002	0.874993	FALSE	NA	NA	NA	NA	NA	NA
NC_045512.2	26658	T	G	26025	9633	44	2	1	32	7.68344e-05	26030	1	FALSE	NA	NA	NA	NA	NA	NA
NC_045512.2	26658	T	C	26025	9633	44	3	0	29	0.000115252	26030	1	FALSE	NA	NA	NA	NA	NA	NA
NC_045512.2	26659	T	G	26046	9669	44	5	4	24	0.000191916	26053	1	FALSE	NA	NA	NA	NA	NA	NA
NC_045512.2	26659	T	C	26046	9669	44	2	1	40	7.67666e-05	26053	0.687435	FALSE	NA	NA	NA	NA	NA	NA
NC_045512.2	26660	G	T	26988	9810	44	3	0	29	0.000111132	26995	1	FALSE	NA	NA	NA	NA	NA	NA
NC_045512.2	26660	G	C	26988	9810	44	2	0	32	7.40878e-05	26995	1	FALSE	NA	NA	NA	NA	NA	NA
NC_045512.2	26660	G	A	26988	9810	44	2	0	32	7.40878e-05	26995	1	FALSE	NA	NA	NA	NA	NA	NA
NC_045512.2	26661	T	G	26904	9714	44	3	1	29	0.000111474	26912	1	FALSE	NA	NA	NA	NA	NA	NA
NC_045512.2	26661	T	C	26904	9714	44	5	1	27	0.000185791	26912	1	FALSE	NA	NA	NA	NA	NA	NA
NC_045512.2	26662	A	C	26837	9718	43	7	0	26	0.000260766	26844	1	FALSE	NA	NA	NA	NA	NA	NA
NC_045512.2	26663	T	C	27008	9645	44	1	0	40	3.70247e-05	27009	0.875014	FALSE	NA	NA	NA	NA	NA	NA
NC_045512.2	26664	A	G	26889	9693	44	1	0	52	3.71789e-05	26897	0.499944	FALSE	NA	NA	NA	NA	NA	NA
NC_045512.2	26664	A	C	26889	9693	44	7	0	28	0.000260252	26897	1	FALSE	NA	NA	NA	NA	NA	NA
NC_045512.2	26665	T	G	27256	9689	44	2	2	24	7.33676e-05	27260	1	FALSE	NA	NA	NA	NA	NA	NA
NC_045512.2	26665	T	C	27256	9689	44	1	0	40	3.66838e-05	27260	0.874993	FALSE	NA	NA	NA	NA	NA	NA
NC_045512.2	26665	T	A	27256	9689	44	1	1	80	3.66838e-05	27260	0.499982	FALSE	NA	NA	NA	NA	NA	NA
NC_045512.2	26666	A	T	27091	9720	44	1	0	40	3.69031e-05	27098	0.874972	FALSE	NA	NA	NA	NA	NA	NA
NC_045512.2	26666	A	G	27091	9720	44	1	0	40	3.69031e-05	27098	0.874972	FALSE	NA	NA	NA	NA	NA	NA
NC_045512.2	26666	A	C	27091	9720	44	5	0	27	0.000184515	27098	1	FALSE	NA	NA	NA	NA	NA	NA
NC_045512.2	26667	A	G	27060	9698	44	3	3	34	0.00011084	27066	1	FALSE	NA	NA	NA	NA	NA	NA
NC_045512.2	26667	A	C	27060	9698	44	3	0	24	0.00011084	27066	1	FALSE	NA	NA	NA	NA	NA	NA
NC_045512.2	26668	T	G	27258	9715	44	2	1	32	7.33595e-05	27263	1	FALSE	NA	NA	NA	NA	NA	NA
NC_045512.2	26668	T	C	27258	9715	44	3	0	24	0.000110039	27263	1	FALSE	NA	NA	NA	NA	NA	NA
NC_045512.2	26669	T	G	26818	9291	44	7	7	26	0.000260951	26825	1	FALSE	NA	NA	NA	NA	NA	NA
NC_045512.2	26670	A	G	26661	9390	43	1	0	40	3.74953e-05	26670	0.874958	FALSE	NA	NA	NA	NA	NA	NA
NC_045512.2	26670	A	C	26661	9390	43	8	0	24	0.000299963	26670	1	FALSE	NA	NA	NA	NA	NA	NA
NC_045512.2	26671	A	G	26672	9318	44	4	3	40	0.000149914	26682	0.343653	FALSE	NA	NA	NA	NA	NA	NA
NC_045512.2	26671	A	C	26672	9318	44	6	0	26	0.000224871	26682	1	FALSE	NA	NA	NA	NA	NA	NA
NC_045512.2	26672	G	T	26928	9335	44	1	1	24	3.71347e-05	26929	1	FALSE	NA	NA	NA	NA	NA	NA
NC_045512.2	26673	T	G	26876	9328	44	3	2	34	0.000111595	26883	0.999999	FALSE	NA	NA	NA	NA	NA	NA
NC_045512.2	26673	T	C	26876	9328	44	3	0	29	0.000111595	26883	1	FALSE	NA	NA	NA	NA	NA	NA
NC_045512.2	26673	T	A	26876	9328	44	1	0	40	3.71982e-05	26883	0.874972	FALSE	NA	NA	NA	NA	NA	NA
NC_045512.2	26674	T	G	26807	9225	44	4	4	32	0.000149181	26813	0.999996	FALSE	NA	NA	NA	NA	NA	NA
NC_045512.2	26674	T	C	26807	9225	44	2	1	32	7.45907e-05	26813	1	FALSE	NA	NA	NA	NA	NA	NA
NC_045512.2	26675	A	G	26756	9269	44	5	2	40	0.000186839	26761	0.226562	FALSE	NA	NA	NA	NA	NA	NA
NC_045512.2	26676	A	G	26911	9431	44	3	0	29	0.000111441	26920	1	FALSE	NA	NA	NA	NA	NA	NA
NC_045512.2	26676	A	C	26911	9431	44	6	0	29	0.000222883	26920	1	FALSE	NA	NA	NA	NA	NA	NA
NC_045512.2	26677	T	C	27050	9450	44	2	0	32	7.39317e-05	27052	1	FALSE	NA	NA	NA	NA	NA	NA
NC_045512.2	26678	T	G	27059	9466	44	3	2	29	0.000110852	27063	1	FALSE	NA	NA	NA	NA	NA	NA
NC_045512.2	26678	T	C	27059	9466	44	1	0	24	3.69508e-05	27063	1	FALSE	NA	NA	NA	NA	NA	NA
NC_045512.2	26679	T	G	27073	9464	44	1	1	40	3.69331e-05	27076	0.875	FALSE	NA	NA	NA	NA	NA	NA
NC_045512.2	26679	T	C	27073	9464	44	2	1	32	7.38662e-05	27076	1	FALSE	NA	NA	NA	NA	NA	NA
NC_045512.2	26680	T	G	27097	9477	44	1	1	24	3.69004e-05	27100	1	FALSE	NA	NA	NA	NA	NA	NA
NC_045512.2	26680	T	C	27097	9477	44	2	0	40	7.38007e-05	27100	0.687507	FALSE	NA	NA	NA	NA	NA	NA
NC_045512.2	26681	C	T	2	1	32	27039	9439	44	0.999926	27041	0	TRUE	NA	NA	NA	NA	NA	NA
NC_045512.2	26682	C	T	27031	9627	43	1	1	24	3.69932e-05	27032	1	FALSE	NA	NA	NA	NA	NA	NA
NC_045512.2	26683	T	G	27110	9601	44	2	1	40	7.37654e-05	27113	0.687507	FALSE	NA	NA	NA	NA	NA	NA
NC_045512.2	26683	T	A	27110	9601	44	1	0	40	3.68827e-05	27113	0.875	FALSE	NA	NA	NA	NA	NA	NA
NC_045512.2	26684	C	T	26236	9715	40	1	1	80	3.81083e-05	26241	0.499971	FALSE	NA	NA	NA	NA	NA	NA
NC_045512.2	26684	C	G	26236	9715	40	1	1	40	3.81083e-05	26241	0.874986	FALSE	NA	NA	NA	NA	NA	NA
NC_045512.2	26684	C	A	26236	9715	40	3	1	24	0.000114325	26241	1	FALSE	NA	NA	NA	NA	NA	NA
NC_045512.2	26685	T	G	26951	9539	44	6	5	37	0.000222544	26961	0.999944	FALSE	NA	NA	NA	NA	NA	NA
NC_045512.2	26685	T	C	26951	9539	44	4	2	32	0.000148362	26961	0.999996	FALSE	NA	NA	NA	NA	NA	NA
NC_045512.2	26686	G	T	26744	9111	43	27	26	26	0.00100855	26771	1	FALSE	NA	NA	NA	NA	NA	NA
NC_045512.2	26687	G	C	27207	9946	45	2	2	40	7.35051e-05	27209	0.687521	FALSE	NA	NA	NA	NA	NA	NA
NC_045512.2	26688	C	T	27481	10100	45	1	0	24	3.63848e-05	27484	1	FALSE	NA	NA	NA	NA	NA	NA
NC_045512.2	26688	C	G	27481	10100	45	2	0	32	7.27696e-05	27484	1	FALSE	NA	NA	NA	NA	NA	NA
NC_045512.2	26689	T	C	27536	10071	45	6	4	37	0.000217849	27542	0.999967	FALSE	NA	NA	NA	NA	NA	NA
NC_045512.2	26690	G	T	29319	10131	44	1	1	40	3.41041e-05	29322	0.875	FALSE	NA	NA	NA	NA	NA	NA
NC_045512.2	26690	G	A	29319	10131	44	2	0	40	6.82082e-05	29322	0.687506	FALSE	NA	NA	NA	NA	NA	NA
NC_045512.2	26691	T	G	29321	10160	45	2	2	24	6.82035e-05	29324	1	FALSE	NA	NA	NA	NA	NA	NA
NC_045512.2	26691	T	A	29321	10160	45	1	1	40	3.41018e-05	29324	0.875	FALSE	NA	NA	NA	NA	NA	NA
NC_045512.2	26692	T	G	29279	10159	45	1	1	40	3.41495e-05	29283	0.874994	FALSE	NA	NA	NA	NA	NA	NA
NC_045512.2	26692	T	C	29279	10159	45	3	3	40	0.000102449	29283	0.5	FALSE	NA	NA	NA	NA	NA	NA
NC_045512.2	26693	A	G	29082	10267	44	4	1	34	0.000137504	29090	0.999999	FALSE	NA	NA	NA	NA	NA	NA
NC_045512.2	26693	A	C	29082	10267	44	4	0	24	0.000137504	29090	1	FALSE	NA	NA	NA	NA	NA	NA
NC_045512.2	26694	T	C	29317	10214	45	1	1	24	3.41087e-05	29318	1	FALSE	NA	NA	NA	NA	NA	NA
NC_045512.2	26695	G	T	29252	10025	44	6	6	26	0.000205065	29259	1	FALSE	NA	NA	NA	NA	NA	NA
NC_045512.2	26695	G	A	29252	10025	44	1	1	64	3.41775e-05	29259	0.499957	FALSE	NA	NA	NA	NA	NA	NA
NC_045512.2	26697	C	T	29385	9986	45	2	1	32	6.80504e-05	29390	1	FALSE	NA	NA	NA	NA	NA	NA
NC_045512.2	26697	C	G	29385	9986	45	1	1	40	3.40252e-05	29390	0.874987	FALSE	NA	NA	NA	NA	NA	NA
NC_045512.2	26697	C	A	29385	9986	45	2	1	32	6.80504e-05	29390	1	FALSE	NA	NA	NA	NA	NA	NA
NC_045512.2	26698	C	T	29380	10052	45	2	2	40	6.80643e-05	29384	0.687494	FALSE	NA	NA	NA	NA	NA	NA
NC_045512.2	26698	C	G	29380	10052	45	1	1	40	3.40321e-05	29384	0.874994	FALSE	NA	NA	NA	NA	NA	NA
NC_045512.2	26698	C	A	29380	10052	45	1	1	40	3.40321e-05	29384	0.874994	FALSE	NA	NA	NA	NA	NA	NA
NC_045512.2	26699	A	T	28185	8907	45	1	0	40	3.54698e-05	28193	0.874967	FALSE	NA	NA	NA	NA	NA	NA
NC_045512.2	26699	A	G	28185	8907	45	2	0	28	7.09396e-05	28193	1	FALSE	NA	NA	NA	NA	NA	NA
NC_045512.2	26699	A	C	28185	8907	45	5	1	28	0.000177349	28193	1	FALSE	NA	NA	NA	NA	NA	NA
NC_045512.2	26700	G	C	28292	8905	45	1	1	40	3.53432e-05	28294	0.875007	FALSE	NA	NA	NA	NA	NA	NA
NC_045512.2	26700	G	A	28292	8905	45	1	0	40	3.53432e-05	28294	0.875007	FALSE	NA	NA	NA	NA	NA	NA
NC_045512.2	26701	T	G	28297	9098	46	5	2	30	0.000176635	28307	0.999995	FALSE	NA	NA	NA	NA	NA	NA
NC_045512.2	26701	T	C	28297	9098	46	5	0	33	0.000176635	28307	0.999995	FALSE	NA	NA	NA	NA	NA	NA
NC_045512.2	26702	A	G	28314	9154	46	1	0	40	3.53145e-05	28317	0.875	FALSE	NA	NA	NA	NA	NA	NA
NC_045512.2	26702	A	C	28314	9154	46	2	0	28	7.0629e-05	28317	1	FALSE	NA	NA	NA	NA	NA	NA
NC_045512.2	26703	A	G	28425	9217	45	11	1	37	0.000386793	28439	0.998315	FALSE	NA	NA	NA	NA	NA	NA
NC_045512.2	26703	A	C	28425	9217	45	3	1	34	0.000105489	28439	1	FALSE	NA	NA	NA	NA	NA	NA
NC_045512.2	26704	C	T	28759	9133	46	1	1	24	3.47705e-05	28760	1	FALSE	NA	NA	NA	NA	NA	NA
NC_045512.2	26704	C	-T	28759	9133	46	1	0	20	3.47705e-05	28760	1	FALSE	NA	NA	NA	NA	NA	NA
NC_045512.2	26705	T	G	28585	8952	46	1	1	40	3.49809e-05	28587	0.875	FALSE	NA	NA	NA	NA	NA	NA
NC_045512.2	26705	T	C	28585	8952	46	1	0	24	3.49809e-05	28587	1	FALSE	NA	NA	NA	NA	NA	NA
NC_045512.2	26706	T	G	28548	8916	46	2	2	32	7.00476e-05	28552	1	FALSE	NA	NA	NA	NA	NA	NA
NC_045512.2	26706	T	C	28548	8916	46	2	1	24	7.00476e-05	28552	1	FALSE	NA	NA	NA	NA	NA	NA
NC_045512.2	26707	T	G	28494	8854	46	1	1	40	3.50926e-05	28496	0.875007	FALSE	NA	NA	NA	NA	NA	NA
NC_045512.2	26707	T	C	28494	8854	46	1	1	80	3.50926e-05	28496	0.5	FALSE	NA	NA	NA	NA	NA	NA
NC_045512.2	26708	A	G	28436	8900	45	1	0	40	3.51568e-05	28444	0.874967	FALSE	NA	NA	NA	NA	NA	NA
NC_045512.2	26708	A	C	28436	8900	45	7	1	28	0.000246098	28444	1	FALSE	NA	NA	NA	NA	NA	NA
NC_045512.2	26709	G	C	1	0	40	6	0	26	0.000210719	28474	7.34749e-12	TRUE	NA	NA	NA	NA	NA	NA
NC_045512.2	26709	G	A	1	0	40	28467	8923	46	0.999754	28474	0	TRUE	NA	NA	NA	NA	NA	NA
NC_045512.2	26710	C	T	28270	8938	45	1	1	40	3.53607e-05	28280	0.874954	FALSE	NA	NA	NA	NA	NA	NA
NC_045512.2	26710	C	G	28270	8938	45	1	1	24	3.53607e-05	28280	1	FALSE	NA	NA	NA	NA	NA	NA
NC_045512.2	26710	C	A	28270	8938	45	8	0	28	0.000282885	28280	1	FALSE	NA	NA	NA	NA	NA	NA
NC_045512.2	26711	T	C	28569	8821	46	4	2	36	0.000139987	28574	0.999999	FALSE	NA	NA	NA	NA	NA	NA
NC_045512.2	26711	T	A	28569	8821	46	1	1	40	3.49969e-05	28574	0.874987	FALSE	NA	NA	NA	NA	NA	NA
NC_045512.2	26712	T	G	28312	8529	46	1	1	40	3.53182e-05	28314	0.875007	FALSE	NA	NA	NA	NA	NA	NA
NC_045512.2	26712	T	C	28312	8529	46	1	0	24	3.53182e-05	28314	1	FALSE	NA	NA	NA	NA	NA	NA
NC_045512.2	26713	G	T	28764	8463	46	1	0	80	3.47645e-05	28765	0.500009	FALSE	NA	NA	NA	NA	NA	NA
NC_045512.2	26714	T	G	28802	8522	46	2	2	24	6.94324e-05	28805	1	FALSE	NA	NA	NA	NA	NA	NA
NC_045512.2	26714	T	C	28802	8522	46	1	0	40	3.47162e-05	28805	0.875	FALSE	NA	NA	NA	NA	NA	NA
NC_045512.2	26715	T	C	28764	8500	46	3	2	40	0.000104286	28767	0.500016	FALSE	NA	NA	NA	NA	NA	NA
NC_045512.2	26716	T	G	28746	8467	46	5	5	36	0.000173883	28755	0.999995	FALSE	NA	NA	NA	NA	NA	NA
NC_045512.2	26716	T	C	28746	8467	46	4	1	36	0.000139106	28755	0.999999	FALSE	NA	NA	NA	NA	NA	NA
NC_045512.2	26717	T	G	28611	8340	46	1	1	40	3.4943e-05	28618	0.874974	FALSE	NA	NA	NA	NA	NA	NA
NC_045512.2	26717	T	C	28611	8340	46	6	2	37	0.000209658	28618	0.999981	FALSE	NA	NA	NA	NA	NA	NA
NC_045512.2	26719	T	G	28624	8329	46	1	1	24	3.49284e-05	28630	1	FALSE	NA	NA	NA	NA	NA	NA
NC_045512.2	26719	T	C	28624	8329	46	5	2	52	0.000174642	28630	0.0312445	FALSE	NA	NA	NA	NA	NA	NA
NC_045512.2	26720	G	T	28758	8348	46	1	0	40	3.47693e-05	28761	0.875	FALSE	NA	NA	NA	NA	NA	NA
NC_045512.2	26720	G	A	28758	8348	46	2	2	60	6.95386e-05	28761	0.249996	FALSE	NA	NA	NA	NA	NA	NA
NC_045512.2	26721	C	T	28772	8357	46	7	1	37	0.000243233	28779	0.999942	FALSE	NA	NA	NA	NA	NA	NA
NC_045512.2	26722	T	G	28179	7662	46	5	4	30	0.000177368	28190	0.999995	FALSE	NA	NA	NA	NA	NA	NA
NC_045512.2	26722	T	C	28179	7662	46	6	5	30	0.000212841	28190	0.999981	FALSE	NA	NA	NA	NA	NA	NA
NC_045512.2	26723	T	C	28215	7703	46	2	1	40	7.08793e-05	28217	0.68752	FALSE	NA	NA	NA	NA	NA	NA
NC_045512.2	26724	G	C	28179	7734	46	1	0	40	3.54849e-05	28181	0.875007	FALSE	NA	NA	NA	NA	NA	NA
NC_045512.2	26724	G	A	28179	7734	46	1	0	40	3.54849e-05	28181	0.875007	FALSE	NA	NA	NA	NA	NA	NA
NC_045512.2	26725	C	T	28327	7837	46	3	1	34	0.000105887	28332	1	FALSE	NA	NA	NA	NA	NA	NA
NC_045512.2	26725	C	G	28327	7837	46	1	0	40	3.52958e-05	28332	0.874987	FALSE	NA	NA	NA	NA	NA	NA
NC_045512.2	26725	C	A	28327	7837	46	1	1	40	3.52958e-05	28332	0.874987	FALSE	NA	NA	NA	NA	NA	NA
NC_045512.2	26726	T	G	28269	7795	46	2	0	32	7.07314e-05	28276	1	FALSE	NA	NA	NA	NA	NA	NA
NC_045512.2	26726	T	C	28269	7795	46	4	0	28	0.000141463	28276	1	FALSE	NA	NA	NA	NA	NA	NA
NC_045512.2	26726	T	A	28269	7795	46	1	1	40	3.53657e-05	28276	0.874973	FALSE	NA	NA	NA	NA	NA	NA
NC_045512.2	26727	G	T	28522	7686	47	3	2	29	0.000105164	28527	1	FALSE	NA	NA	NA	NA	NA	NA
NC_045512.2	26727	G	C	28522	7686	47	1	1	40	3.50545e-05	28527	0.874987	FALSE	NA	NA	NA	NA	NA	NA
NC_045512.2	26727	G	A	28522	7686	47	1	1	40	3.50545e-05	28527	0.874987	FALSE	NA	NA	NA	NA	NA	NA
NC_045512.2	26728	C	T	22987	3036	48	3	1	66	0.000130492	22990	0.125	FALSE	NA	NA	NA	NA	NA	NA
NC_045512.2	26729	T	G	23007	3035	48	1	0	40	4.34613e-05	23009	0.875008	FALSE	NA	NA	NA	NA	NA	NA
NC_045512.2	26729	T	C	23007	3035	48	1	1	40	4.34613e-05	23009	0.875008	FALSE	NA	NA	NA	NA	NA	NA
NC_045512.2	26731	T	C	23109	3070	48	1	1	80	4.32713e-05	23110	0.500011	FALSE	NA	NA	NA	NA	NA	NA
NC_045512.2	26732	T	G	23288	3097	48	3	0	40	0.000128794	23293	0.49998	FALSE	NA	NA	NA	NA	NA	NA
NC_045512.2	26732	T	C	23288	3097	48	2	0	32	8.58627e-05	23293	0.999999	FALSE	NA	NA	NA	NA	NA	NA
NC_045512.2	26733	T	C	23292	3101	48	2	0	24	8.58553e-05	23295	1	FALSE	NA	NA	NA	NA	NA	NA
NC_045512.2	26733	T	A	23292	3101	48	1	0	40	4.29277e-05	23295	0.875	FALSE	NA	NA	NA	NA	NA	NA
NC_045512.2	26733	T	-A	23292	3101	48	1	0	20	4.29277e-05	23295	1	FALSE	NA	NA	NA	NA	NA	NA
NC_045512.2	26734	A	T	22917	3107	46	1	0	48	4.36262e-05	22922	0.874975	FALSE	NA	NA	NA	NA	NA	NA
NC_045512.2	26734	A	C	22917	3107	46	4	0	24	0.000174505	22922	1	FALSE	NA	NA	NA	NA	NA	NA
NC_045512.2	26735	C	T	23241	3116	48	2	0	40	8.60363e-05	23246	0.687476	FALSE	NA	NA	NA	NA	NA	NA
NC_045512.2	26735	C	A	23241	3116	48	3	0	29	0.000129054	23246	1	FALSE	NA	NA	NA	NA	NA	NA
NC_045512.2	26736	A	G	23074	3121	48	1	0	40	4.33313e-05	23078	0.874992	FALSE	NA	NA	NA	NA	NA	NA
NC_045512.2	26736	A	C	23074	3121	48	3	0	24	0.000129994	23078	1	FALSE	NA	NA	NA	NA	NA	NA
NC_045512.2	26738	A	C	23629	3316	48	9	0	27	0.000380743	23638	1	FALSE	NA	NA	NA	NA	NA	NA
NC_045512.2	26739	A	C	23691	3318	48	1	0	24	4.22083e-05	23692	1	FALSE	NA	NA	NA	NA	NA	NA
NC_045512.2	26740	T	G	23837	3334	48	1	0	24	4.19428e-05	23842	1	FALSE	NA	NA	NA	NA	NA	NA
NC_045512.2	26740	T	C	23837	3334	48	4	0	41	0.000167771	23842	0.34374	FALSE	NA	NA	NA	NA	NA	NA
NC_045512.2	26741	A	G	23848	3349	49	1	1	80	4.19287e-05	23850	0.5	FALSE	NA	NA	NA	NA	NA	NA
NC_045512.2	26741	A	C	23848	3349	49	1	0	24	4.19287e-05	23850	1	FALSE	NA	NA	NA	NA	NA	NA
NC_045512.2	26742	A	C	23815	3405	48	2	0	24	8.39736e-05	23817	1	FALSE	NA	NA	NA	NA	NA	NA
NC_045512.2	26743	A	G	23872	3408	49	1	0	24	4.18848e-05	23875	1	FALSE	NA	NA	NA	NA	NA	NA
NC_045512.2	26743	A	C	23872	3408	49	2	0	32	8.37696e-05	23875	0.999999	FALSE	NA	NA	NA	NA	NA	NA
NC_045512.2	26744	T	G	24026	3572	49	1	0	24	4.16164e-05	24029	1	FALSE	NA	NA	NA	NA	NA	NA
NC_045512.2	26744	T	C	24026	3572	49	1	0	40	4.16164e-05	24029	0.875	FALSE	NA	NA	NA	NA	NA	NA
NC_045512.2	26744	T	A	24026	3572	49	1	0	40	4.16164e-05	24029	0.875	FALSE	NA	NA	NA	NA	NA	NA
NC_045512.2	26745	T	C	24022	3641	50	6	0	40	0.000249698	24029	0.144511	FALSE	NA	NA	NA	NA	NA	NA
NC_045512.2	26745	T	A	24022	3641	50	1	0	40	4.16164e-05	24029	0.874969	FALSE	NA	NA	NA	NA	NA	NA
NC_045512.2	26746	G	A	24031	3652	50	1	0	40	4.16112e-05	24032	0.875016	FALSE	NA	NA	NA	NA	NA	NA
NC_045512.2	26748	A	G	23907	3697	49	3	0	40	0.000125455	23913	0.499961	FALSE	NA	NA	NA	NA	NA	NA
NC_045512.2	26748	A	C	23907	3697	49	3	0	24	0.000125455	23913	1	FALSE	NA	NA	NA	NA	NA	NA
NC_045512.2	26749	T	G	24124	3711	50	1	1	24	4.14508e-05	24125	1	FALSE	NA	NA	NA	NA	NA	NA
NC_045512.2	26750	C	G	24202	3893	50	1	1	32	4.13155e-05	24204	1	FALSE	NA	NA	NA	NA	NA	NA
NC_045512.2	26750	C	A	24202	3893	50	1	0	24	4.13155e-05	24204	1	FALSE	NA	NA	NA	NA	NA	NA
NC_045512.2	26751	A	C	24143	3933	50	4	0	32	0.000165652	24147	0.999986	FALSE	NA	NA	NA	NA	NA	NA
NC_045512.2	26752	C	T	23952	4171	49	2	1	32	8.34516e-05	23966	0.999999	FALSE	NA	NA	NA	NA	NA	NA
NC_045512.2	26752	C	G	23952	4171	49	1	1	24	4.17258e-05	23966	1	FALSE	NA	NA	NA	NA	NA	NA
NC_045512.2	26752	C	A	23952	4171	49	11	0	25	0.000458984	23966	1	FALSE	NA	NA	NA	NA	NA	NA
NC_045512.2	26753	C	T	23939	4311	50	1	0	40	4.17676e-05	23942	0.875	FALSE	NA	NA	NA	NA	NA	NA
NC_045512.2	26753	C	A	23939	4311	50	2	0	24	8.35352e-05	23942	1	FALSE	NA	NA	NA	NA	NA	NA
NC_045512.2	26754	G	T	19969	3514	51	4017	798	50	0.167452	23989	0	TRUE	NA	NA	NA	NA	NA	NA
NC_045512.2	26754	G	C	19969	3514	51	2	1	80	8.33715e-05	23989	0.206392	FALSE	NA	NA	NA	NA	NA	NA
NC_045512.2	26754	G	A	19969	3514	51	1	0	40	4.16858e-05	23989	0.837504	FALSE	NA	NA	NA	NA	NA	NA
NC_045512.2	26755	G	T	24034	4155	48	5	5	27	0.000207995	24039	1	FALSE	NA	NA	NA	NA	NA	NA
NC_045512.2	26756	T	G	23877	4470	50	1	0	32	4.18743e-05	23881	1	FALSE	NA	NA	NA	NA	NA	NA
NC_045512.2	26756	T	C	23877	4470	50	3	2	80	0.000125623	23881	0.124992	FALSE	NA	NA	NA	NA	NA	NA
NC_045512.2	26758	G	C	23594	5336	52	1	0	40	4.23819e-05	23595	0.875016	FALSE	NA	NA	NA	NA	NA	NA
NC_045512.2	26759	A	G	23332	5541	51	2	0	40	8.56935e-05	23339	0.687444	FALSE	NA	NA	NA	NA	NA	NA
NC_045512.2	26759	A	C	23332	5541	51	5	1	28	0.000214234	23339	1	FALSE	NA	NA	NA	NA	NA	NA
NC_045512.2	26760	A	G	23432	5553	52	1	1	80	4.26694e-05	23436	0.499979	FALSE	NA	NA	NA	NA	NA	NA
NC_045512.2	26760	A	C	23432	5553	52	3	0	24	0.000128008	23436	1	FALSE	NA	NA	NA	NA	NA	NA
NC_045512.2	26762	T	C	23413	6565	54	5	1	56	0.000213511	23418	0.0312467	FALSE	NA	NA	NA	NA	NA	NA
NC_045512.2	26763	G	T	23432	6587	54	1	0	24	4.2673e-05	23434	1	FALSE	NA	NA	NA	NA	NA	NA
NC_045512.2	26763	G	C	23432	6587	54	1	0	24	4.2673e-05	23434	1	FALSE	NA	NA	NA	NA	NA	NA
NC_045512.2	26765	T	C	22235	7405	53	3	2	40	0.000134904	22238	0.500021	FALSE	NA	NA	NA	NA	NA	NA
NC_045512.2	26766	A	G	22133	7429	53	1	1	80	4.51753e-05	22136	0.499989	FALSE	NA	NA	NA	NA	NA	NA
NC_045512.2	26766	A	C	22133	7429	53	2	0	36	9.03506e-05	22136	0.999999	FALSE	NA	NA	NA	NA	NA	NA
NC_045512.2	26767	T	C	22169	7679	53	1	0	40	4.5106e-05	22170	0.875017	FALSE	NA	NA	NA	NA	NA	NA
NC_045512.2	26768	C	T	22292	7742	53	1	0	80	4.48551e-05	22294	0.5	FALSE	NA	NA	NA	NA	NA	NA
NC_045512.2	26768	C	G	22292	7742	53	1	0	40	4.48551e-05	22294	0.875008	FALSE	NA	NA	NA	NA	NA	NA
NC_045512.2	26769	G	A	22318	7740	53	1	1	80	4.48049e-05	22319	0.500011	FALSE	NA	NA	NA	NA	NA	NA
NC_045512.2	26770	C	T	21415	8260	51	1	1	40	4.66788e-05	21423	0.874956	FALSE	NA	NA	NA	NA	NA	NA
NC_045512.2	26770	C	G	21415	8260	51	1	0	40	4.66788e-05	21423	0.874956	FALSE	NA	NA	NA	NA	NA	NA
NC_045512.2	26770	C	A	21415	8260	51	6	0	29	0.000280073	21423	1	FALSE	NA	NA	NA	NA	NA	NA
NC_045512.2	26771	A	G	21449	8272	52	5	0	48	0.000233035	21456	0.226524	FALSE	NA	NA	NA	NA	NA	NA
NC_045512.2	26771	A	C	21449	8272	52	2	1	24	9.3214e-05	21456	1	FALSE	NA	NA	NA	NA	NA	NA
NC_045512.2	26772	A	C	21338	8348	51	1	1	40	4.68626e-05	21339	0.875018	FALSE	NA	NA	NA	NA	NA	NA
NC_045512.2	26773	T	C	21233	8435	51	1	0	24	4.70921e-05	21235	1	FALSE	NA	NA	NA	NA	NA	NA
NC_045512.2	26773	T	A	21233	8435	51	1	1	40	4.70921e-05	21235	0.875009	FALSE	NA	NA	NA	NA	NA	NA
NC_045512.2	26776	C	T	21755	8626	51	2	0	40	9.19202e-05	21758	0.687509	FALSE	NA	NA	NA	NA	NA	NA
NC_045512.2	26776	C	G	21755	8626	51	1	1	40	4.59601e-05	21758	0.875	FALSE	NA	NA	NA	NA	NA	NA
NC_045512.2	26778	T	G	21950	8984	52	1	1	24	4.55539e-05	21952	1	FALSE	NA	NA	NA	NA	NA	NA
NC_045512.2	26778	T	C	21950	8984	52	1	0	40	4.55539e-05	21952	0.875009	FALSE	NA	NA	NA	NA	NA	NA
NC_045512.2	26779	G	T	21954	9233	51	3	3	29	0.000136631	21957	1	FALSE	NA	NA	NA	NA	NA	NA
NC_045512.2	26780	T	C	22015	9438	51	1	1	40	4.54215e-05	22016	0.875017	FALSE	NA	NA	NA	NA	NA	NA
NC_045512.2	26781	C	T	22039	9476	50	1	0	40	4.53515e-05	22050	0.874932	FALSE	NA	NA	NA	NA	NA	NA
NC_045512.2	26781	C	G	22039	9476	50	2	1	32	9.07029e-05	22050	0.999999	FALSE	NA	NA	NA	NA	NA	NA
NC_045512.2	26781	C	A	22039	9476	50	8	0	26	0.000362812	22050	1	FALSE	NA	NA	NA	NA	NA	NA
NC_045512.2	26782	T	G	22167	9430	51	3	3	29	0.000135312	22171	1	FALSE	NA	NA	NA	NA	NA	NA
NC_045512.2	26782	T	C	22167	9430	51	1	1	40	4.5104e-05	22171	0.874992	FALSE	NA	NA	NA	NA	NA	NA
NC_045512.2	26783	T	G	21836	9139	51	2	1	32	9.15667e-05	21842	0.999997	FALSE	NA	NA	NA	NA	NA	NA
NC_045512.2	26783	T	C	21836	9139	51	4	3	40	0.000183133	21842	0.343718	FALSE	NA	NA	NA	NA	NA	NA
NC_045512.2	26784	G	T	21628	8978	49	4	4	26	0.000184886	21635	1	FALSE	NA	NA	NA	NA	NA	NA
NC_045512.2	26784	G	C	21628	8978	49	2	2	56	9.24428e-05	21635	0.249948	FALSE	NA	NA	NA	NA	NA	NA
NC_045512.2	26784	G	A	21628	8978	49	1	0	40	4.62214e-05	21635	0.874965	FALSE	NA	NA	NA	NA	NA	NA
NC_045512.2	26785	T	C	21410	9393	49	1	1	40	4.6705e-05	21411	0.875018	FALSE	NA	NA	NA	NA	NA	NA
NC_045512.2	26786	A	G	21314	9504	49	2	2	32	9.37998e-05	21322	0.999997	FALSE	NA	NA	NA	NA	NA	NA
NC_045512.2	26786	A	C	21314	9504	49	6	0	24	0.000281399	21322	1	FALSE	NA	NA	NA	NA	NA	NA
NC_045512.2	26787	G	T	21605	9353	49	4	4	32	0.000185099	21610	0.999922	FALSE	NA	NA	NA	NA	NA	NA
NC_045512.2	26787	G	A	21605	9353	49	1	0	40	4.62749e-05	21610	0.874983	FALSE	NA	NA	NA	NA	NA	NA
NC_045512.2	26788	G	A	21609	9384	50	1	0	40	4.62749e-05	21610	0.875017	FALSE	NA	NA	NA	NA	NA	NA
NC_045512.2	26789	C	-T	21311	9559	50	1	0	20	4.69241e-05	21311	1	FALSE	NA	NA	NA	NA	NA	NA
NC_045512.2	26790	T	G	21156	9419	50	1	0	40	4.72612e-05	21159	0.874991	FALSE	NA	NA	NA	NA	NA	NA
NC_045512.2	26790	T	C	21156	9419	50	2	0	52	9.45224e-05	21159	0.249982	FALSE	NA	NA	NA	NA	NA	NA
NC_045512.2	26791	T	C	21214	9458	50	1	0	40	4.71365e-05	21215	0.875018	FALSE	NA	NA	NA	NA	NA	NA
NC_045512.2	26793	A	G	21481	9757	50	1	0	24	4.65484e-05	21483	1	FALSE	NA	NA	NA	NA	NA	NA
NC_045512.2	26793	A	C	21481	9757	50	1	0	24	4.65484e-05	21483	1	FALSE	NA	NA	NA	NA	NA	NA
NC_045512.2	26794	T	G	21506	9803	50	2	1	32	9.29887e-05	21508	0.999997	FALSE	NA	NA	NA	NA	NA	NA
NC_045512.2	26795	G	T	21499	9809	50	1	1	24	4.65116e-05	21500	1	FALSE	NA	NA	NA	NA	NA	NA
NC_045512.2	26796	T	G	21118	9690	50	2	2	28	9.4688e-05	21122	1	FALSE	NA	NA	NA	NA	NA	NA
NC_045512.2	26796	T	C	21118	9690	50	1	1	40	4.7344e-05	21122	0.874991	FALSE	NA	NA	NA	NA	NA	NA
NC_045512.2	26796	T	A	21118	9690	50	1	1	64	4.7344e-05	21122	0.499976	FALSE	NA	NA	NA	NA	NA	NA
NC_045512.2	26797	G	T	21148	9597	49	3	3	29	0.000141837	21151	1	FALSE	NA	NA	NA	NA	NA	NA
NC_045512.2	26798	G	C	20761	10046	49	1	0	40	4.81649e-05	20762	0.875018	FALSE	NA	NA	NA	NA	NA	NA
NC_045512.2	26800	T	G	20283	10305	48	2	1	32	9.85853e-05	20287	0.999995	FALSE	NA	NA	NA	NA	NA	NA
NC_045512.2	26800	T	C	20283	10305	48	2	1	60	9.85853e-05	20287	0.249982	FALSE	NA	NA	NA	NA	NA	NA
NC_045512.2	26801	C	T	20355	10293	48	3	3	29	0.000147355	20359	1	FALSE	NA	NA	NA	NA	NA	NA
NC_045512.2	26801	C	A	20355	10293	48	1	1	80	4.91183e-05	20359	0.499975	FALSE	NA	NA	NA	NA	NA	NA
NC_045512.2	26802	A	G	20220	10206	48	2	2	40	9.88973e-05	20223	0.687509	FALSE	NA	NA	NA	NA	NA	NA
NC_045512.2	26802	A	C	20220	10206	48	1	0	24	4.94486e-05	20223	1	FALSE	NA	NA	NA	NA	NA	NA
NC_045512.2	26805	T	G	20565	11146	49	2	2	28	9.7229e-05	20570	1	FALSE	NA	NA	NA	NA	NA	NA
NC_045512.2	26805	T	C	20565	11146	49	2	1	46	9.7229e-05	20570	0.687473	FALSE	NA	NA	NA	NA	NA	NA
NC_045512.2	26805	T	A	20565	11146	49	1	0	24	4.86145e-05	20570	1	FALSE	NA	NA	NA	NA	NA	NA
NC_045512.2	26806	A	G	20511	11121	49	1	1	80	4.87472e-05	20514	0.499988	FALSE	NA	NA	NA	NA	NA	NA
NC_045512.2	26806	A	C	20511	11121	49	2	0	24	9.74944e-05	20514	1	FALSE	NA	NA	NA	NA	NA	NA
NC_045512.2	26807	C	G	20520	11336	48	3	3	40	0.000146177	20523	0.500023	FALSE	NA	NA	NA	NA	NA	NA
NC_045512.2	26808	T	C	20639	11331	49	3	1	34	0.000145335	20642	0.999967	FALSE	NA	NA	NA	NA	NA	NA
NC_045512.2	26809	T	G	20705	11362	49	2	2	24	9.65764e-05	20709	1	FALSE	NA	NA	NA	NA	NA	NA
NC_045512.2	26809	T	C	20705	11362	49	2	1	40	9.65764e-05	20709	0.687491	FALSE	NA	NA	NA	NA	NA	NA
NC_045512.2	26810	C	A	20201	11598	48	4	0	28	0.000197971	20205	1	FALSE	NA	NA	NA	NA	NA	NA
NC_045512.2	26811	A	G	20124	11528	48	3	2	40	0.000149031	20130	0.499953	FALSE	NA	NA	NA	NA	NA	NA
NC_045512.2	26811	A	C	20124	11528	48	3	0	26	0.000149031	20130	1	FALSE	NA	NA	NA	NA	NA	NA
NC_045512.2	26812	T	G	20180	11554	48	1	1	40	4.95466e-05	20183	0.875	FALSE	NA	NA	NA	NA	NA	NA
NC_045512.2	26812	T	C	20180	11554	48	2	2	40	9.90933e-05	20183	0.687509	FALSE	NA	NA	NA	NA	NA	NA
NC_045512.2	26813	T	G	20077	11573	48	5	5	36	0.000248905	20088	0.999545	FALSE	NA	NA	NA	NA	NA	NA
NC_045512.2	26813	T	C	20077	11573	48	5	3	43	0.000248905	20088	0.22644	FALSE	NA	NA	NA	NA	NA	NA
NC_045512.2	26813	T	A	20077	11573	48	1	0	80	4.9781e-05	20088	0.499888	FALSE	NA	NA	NA	NA	NA	NA
NC_045512.2	26814	G	T	20200	11673	48	1	0	32	4.94951e-05	20204	1	FALSE	NA	NA	NA	NA	NA	NA
NC_045512.2	26814	G	A	20200	11673	48	3	2	34	0.000148485	20204	0.999967	FALSE	NA	NA	NA	NA	NA	NA
NC_045512.2	26816	T	C	20264	12061	49	4	2	35	0.000197355	20268	0.999862	FALSE	NA	NA	NA	NA	NA	NA
NC_045512.2	26817	T	G	20387	12215	49	1	1	24	4.90388e-05	20392	1	FALSE	NA	NA	NA	NA	NA	NA
NC_045512.2	26817	T	C	20387	12215	49	4	1	34	0.000196155	20392	0.999862	FALSE	NA	NA	NA	NA	NA	NA
NC_045512.2	26818	C	T	20493	12240	48	1	1	24	4.87924e-05	20495	1	FALSE	NA	NA	NA	NA	NA	NA
NC_045512.2	26818	C	A	20493	12240	48	1	0	24	4.87924e-05	20495	1	FALSE	NA	NA	NA	NA	NA	NA
NC_045512.2	26819	T	C	20539	12238	49	6	6	48	0.000292042	20545	0.144523	FALSE	NA	NA	NA	NA	NA	NA
NC_045512.2	26820	T	G	20545	12236	48	1	1	24	4.86642e-05	20549	1	FALSE	NA	NA	NA	NA	NA	NA
NC_045512.2	26820	T	C	20545	12236	48	3	0	34	0.000145993	20549	0.999967	FALSE	NA	NA	NA	NA	NA	NA
NC_045512.2	26821	T	G	20553	12246	48	3	3	34	0.000145929	20558	0.999967	FALSE	NA	NA	NA	NA	NA	NA
NC_045512.2	26821	T	C	20553	12246	48	2	2	60	9.72857e-05	20558	0.24997	FALSE	NA	NA	NA	NA	NA	NA
NC_045512.2	26823	A	G	20382	12218	48	2	2	32	9.80969e-05	20388	0.999995	FALSE	NA	NA	NA	NA	NA	NA
NC_045512.2	26823	A	C	20382	12218	48	4	3	28	0.000196194	20388	1	FALSE	NA	NA	NA	NA	NA	NA
NC_045512.2	26824	G	T	19954	11688	43	2	2	32	0.00010022	19956	0.99999	FALSE	NA	NA	NA	NA	NA	NA
NC_045512.2	26825	A	G	20907	12894	49	4	4	34	0.000191269	20913	0.999862	FALSE	NA	NA	NA	NA	NA	NA
NC_045512.2	26825	A	C	20907	12894	49	2	1	32	9.56343e-05	20913	0.999995	FALSE	NA	NA	NA	NA	NA	NA
NC_045512.2	26826	C	T	20887	12965	49	2	2	52	9.57442e-05	20889	0.250006	FALSE	NA	NA	NA	NA	NA	NA
NC_045512.2	26827	T	G	20665	12813	49	3	3	24	0.000145138	20670	1	FALSE	NA	NA	NA	NA	NA	NA
NC_045512.2	26827	T	C	20665	12813	49	2	1	52	9.67586e-05	20670	0.24997	FALSE	NA	NA	NA	NA	NA	NA
NC_045512.2	26827	T	+G	20665	12813	49	1	0	20	4.83793e-05	20670	1	FALSE	NA	NA	NA	NA	NA	NA
NC_045512.2	26828	G	T	21069	12926	49	31	31	37	0.00146919	21100	0.105695	FALSE	NA	NA	NA	NA	NA	NA
NC_045512.2	26828	G	+T	21069	12926	49	2638	0	20	0.125024	21100	0	TRUE	NA	NA	NA	NA	NA	NA
NC_045512.2	26829	T	G	21067	12941	49	5	4	30	0.000237248	21075	0.999734	FALSE	NA	NA	NA	NA	NA	NA
NC_045512.2	26829	T	C	21067	12941	49	3	1	32	0.000142349	21075	0.999982	FALSE	NA	NA	NA	NA	NA	NA
NC_045512.2	26829	T	+C	21067	12941	49	1	0	20	4.74496e-05	21075	1	FALSE	NA	NA	NA	NA	NA	NA
NC_045512.2	26830	T	G	21062	12941	49	2	2	24	9.49307e-05	21068	1	FALSE	NA	NA	NA	NA	NA	NA
NC_045512.2	26830	T	C	21062	12941	49	4	0	34	0.000189861	21068	0.999922	FALSE	NA	NA	NA	NA	NA	NA
NC_045512.2	26830	T	+G	21062	12941	49	3	0	20	0.000142396	21068	1	FALSE	NA	NA	NA	NA	NA	NA
NC_045512.2	26831	T	G	21051	12944	49	4	3	28	0.000189952	21058	1	FALSE	NA	NA	NA	NA	NA	NA
NC_045512.2	26831	T	C	21051	12944	49	3	2	40	0.000142464	21058	0.499933	FALSE	NA	NA	NA	NA	NA	NA
NC_045512.2	26832	G	T	20805	12948	49	2	0	40	9.61076e-05	20810	0.687473	FALSE	NA	NA	NA	NA	NA	NA
NC_045512.2	26832	G	A	20805	12948	49	3	0	29	0.000144161	20810	1	FALSE	NA	NA	NA	NA	NA	NA
NC_045512.2	26833	C	T	0	0	0	20886	13137	49	0.999904	20888	0	TRUE	NA	NA	NA	NA	NA	NA
NC_045512.2	26833	C	G	0	0	0	2	2	24	9.57488e-05	20888	0.000100589	TRUE	NA	NA	NA	NA	NA	NA
NC_045512.2	26834	G	C	21033	13224	49	1	1	40	4.75398e-05	21035	0.875009	FALSE	NA	NA	NA	NA	NA	NA
NC_045512.2	26834	G	A	21033	13224	49	1	1	40	4.75398e-05	21035	0.875009	FALSE	NA	NA	NA	NA	NA	NA
NC_045512.2	26835	C	T	21422	13903	50	6	3	53	0.000280007	21428	0.0156217	FALSE	NA	NA	NA	NA	NA	NA
NC_045512.2	26836	G	C	21382	13888	50	2	2	28	9.34929e-05	21392	1	FALSE	NA	NA	NA	NA	NA	NA
NC_045512.2	26836	G	A	21382	13888	50	8	3	43	0.000373972	21392	0.0546587	FALSE	NA	NA	NA	NA	NA	NA
NC_045512.2	26837	T	G	20642	13322	49	3	3	24	0.0001453	20647	1	FALSE	NA	NA	NA	NA	NA	NA
NC_045512.2	26837	T	C	20642	13322	49	2	0	32	9.68664e-05	20647	0.999995	FALSE	NA	NA	NA	NA	NA	NA
NC_045512.2	26838	A	G	20583	13481	47	1	0	40	4.85791e-05	20585	0.875009	FALSE	NA	NA	NA	NA	NA	NA
NC_045512.2	26838	A	C	20583	13481	47	1	1	40	4.85791e-05	20585	0.875009	FALSE	NA	NA	NA	NA	NA	NA
NC_045512.2	26839	C	T	20811	13763	50	4	4	46	0.000192169	20815	0.343761	FALSE	NA	NA	NA	NA	NA	NA
NC_045512.2	26841	C	T	20395	14208	48	3	1	24	0.000147073	20398	1	FALSE	NA	NA	NA	NA	NA	NA
NC_045512.2	26842	G	A	20360	14159	48	2	0	40	9.82222e-05	20362	0.687528	FALSE	NA	NA	NA	NA	NA	NA
NC_045512.2	26843	T	C	21163	15214	49	1	0	40	4.725e-05	21164	0.875018	FALSE	NA	NA	NA	NA	NA	NA
NC_045512.2	26844	T	G	24393	19788	52	4	4	24	0.000163948	24398	1	FALSE	NA	NA	NA	NA	NA	NA
NC_045512.2	26844	T	C	24393	19788	52	1	0	80	4.0987e-05	24398	0.499969	FALSE	NA	NA	NA	NA	NA	NA
NC_045512.2	26846	C	T	24675	20372	52	1	0	80	4.05219e-05	24678	0.49999	FALSE	NA	NA	NA	NA	NA	NA
NC_045512.2	26846	C	G	24675	20372	52	1	1	40	4.05219e-05	24678	0.875	FALSE	NA	NA	NA	NA	NA	NA
NC_045512.2	26846	C	A	24675	20372	52	1	1	24	4.05219e-05	24678	1	FALSE	NA	NA	NA	NA	NA	NA
NC_045512.2	26847	A	G	24703	20383	52	4	3	46	0.000161897	24707	0.343759	FALSE	NA	NA	NA	NA	NA	NA
NC_045512.2	26848	T	G	24563	20253	52	3	3	24	0.00012211	24568	1	FALSE	NA	NA	NA	NA	NA	NA
NC_045512.2	26848	T	C	24563	20253	52	2	1	44	8.14067e-05	24568	0.687477	FALSE	NA	NA	NA	NA	NA	NA
NC_045512.2	26849	G	T	24599	20329	52	5	5	24	0.000203219	24604	1	FALSE	NA	NA	NA	NA	NA	NA
NC_045512.2	26850	T	G	24138	19892	52	4	4	32	0.000165679	24143	0.999986	FALSE	NA	NA	NA	NA	NA	NA
NC_045512.2	26850	T	C	24138	19892	52	1	1	80	4.14199e-05	24143	0.499969	FALSE	NA	NA	NA	NA	NA	NA
NC_045512.2	26851	G	T	24255	20022	52	1	1	40	4.12269e-05	24256	0.875015	FALSE	NA	NA	NA	NA	NA	NA
NC_045512.2	26852	G	T	23934	19708	51	6	6	25	0.000250627	23940	1	FALSE	NA	NA	NA	NA	NA	NA
NC_045512.2	26853	T	G	24237	20137	52	4	4	36	0.00016501	24241	0.999986	FALSE	NA	NA	NA	NA	NA	NA
NC_045512.2	26854	C	T	24295	20429	52	1	1	40	4.11573e-05	24297	0.875008	FALSE	NA	NA	NA	NA	NA	NA
NC_045512.2	26854	C	A	24295	20429	52	1	1	40	4.11573e-05	24297	0.875008	FALSE	NA	NA	NA	NA	NA	NA
NC_045512.2	26855	A	T	24323	20445	52	1	0	32	4.11083e-05	24326	1	FALSE	NA	NA	NA	NA	NA	NA
NC_045512.2	26855	A	G	24323	20445	52	2	1	52	8.22166e-05	24326	0.249995	FALSE	NA	NA	NA	NA	NA	NA
NC_045512.2	26856	T	G	24219	20332	52	3	3	24	0.000123849	24223	1	FALSE	NA	NA	NA	NA	NA	NA
NC_045512.2	26856	T	C	24219	20332	52	1	1	40	4.12831e-05	24223	0.874992	FALSE	NA	NA	NA	NA	NA	NA
NC_045512.2	26857	T	G	24177	20289	51	3	3	24	0.000124064	24181	1	FALSE	NA	NA	NA	NA	NA	NA
NC_045512.2	26857	T	C	24177	20289	51	1	1	40	4.13548e-05	24181	0.874992	FALSE	NA	NA	NA	NA	NA	NA
NC_045512.2	26858	C	T	1	1	40	24107	20236	51	0.999668	24115	0	TRUE	NA	NA	NA	NA	NA	NA
NC_045512.2	26858	C	G	1	1	40	7	7	27	0.000290276	24115	8.84752e-14	TRUE	NA	NA	NA	NA	NA	NA
NC_045512.2	26859	A	G	24243	20466	50	1	0	80	4.12456e-05	24245	0.5	FALSE	NA	NA	NA	NA	NA	NA
NC_045512.2	26859	A	C	24243	20466	50	1	0	24	4.12456e-05	24245	1	FALSE	NA	NA	NA	NA	NA	NA
NC_045512.2	26860	A	G	24246	20468	51	1	0	52	4.12422e-05	24247	0.50001	FALSE	NA	NA	NA	NA	NA	NA
NC_045512.2	26861	T	G	24041	20270	51	5	5	30	0.000207917	24048	0.999948	FALSE	NA	NA	NA	NA	NA	NA
NC_045512.2	26861	T	C	24041	20270	51	2	1	60	8.3167e-05	24048	0.249953	FALSE	NA	NA	NA	NA	NA	NA
NC_045512.2	26862	C	G	24218	20512	51	1	1	24	4.12882e-05	24220	1	FALSE	NA	NA	NA	NA	NA	NA
NC_045512.2	26862	C	A	24218	20512	51	1	1	24	4.12882e-05	24220	1	FALSE	NA	NA	NA	NA	NA	NA
NC_045512.2	26864	A	T	24023	20556	50	1	1	40	4.16233e-05	24025	0.875008	FALSE	NA	NA	NA	NA	NA	NA
NC_045512.2	26864	A	G	24023	20556	50	1	1	24	4.16233e-05	24025	1	FALSE	NA	NA	NA	NA	NA	NA
NC_045512.2	26865	G	A	23922	20447	50	1	1	40	4.18008e-05	23923	0.875016	FALSE	NA	NA	NA	NA	NA	NA
NC_045512.2	26866	A	G	24042	20569	51	3	2	61	0.000124766	24045	0.125	FALSE	NA	NA	NA	NA	NA	NA
NC_045512.2	26867	A	G	24069	20582	51	2	2	38	8.30875e-05	24071	1	FALSE	NA	NA	NA	NA	NA	NA
NC_045512.2	26868	A	G	24064	20583	50	1	1	80	4.15541e-05	24065	0.50001	FALSE	NA	NA	NA	NA	NA	NA
NC_045512.2	26870	T	G	23895	20472	50	5	5	30	0.000209196	23901	0.99991	FALSE	NA	NA	NA	NA	NA	NA
NC_045512.2	26870	T	C	23895	20472	50	1	1	24	4.18393e-05	23901	1	FALSE	NA	NA	NA	NA	NA	NA
NC_045512.2	26871	A	G	24041	20625	50	2	2	40	8.31843e-05	24043	0.687523	FALSE	NA	NA	NA	NA	NA	NA
NC_045512.2	26872	A	G	24058	20641	50	3	3	40	0.000124683	24061	0.500019	FALSE	NA	NA	NA	NA	NA	NA
NC_045512.2	26874	A	G	23996	20608	50	2	2	24	8.33403e-05	23998	1	FALSE	NA	NA	NA	NA	NA	NA
NC_045512.2	26875	T	G	23928	20546	50	1	1	40	4.17903e-05	23929	0.875016	FALSE	NA	NA	NA	NA	NA	NA
NC_045512.2	26876	T	C	23697	20379	50	4	2	60	0.000168769	23701	0.0624974	FALSE	NA	NA	NA	NA	NA	NA
NC_045512.2	26878	T	G	23434	20312	49	2	2	24	8.53315e-05	23438	1	FALSE	NA	NA	NA	NA	NA	NA
NC_045512.2	26878	T	C	23434	20312	49	2	2	52	8.53315e-05	23438	0.249984	FALSE	NA	NA	NA	NA	NA	NA
NC_045512.2	26879	T	G	23406	20283	49	3	3	24	0.000128145	23411	1	FALSE	NA	NA	NA	NA	NA	NA
NC_045512.2	26879	T	C	23406	20283	49	2	2	32	8.54299e-05	23411	0.999999	FALSE	NA	NA	NA	NA	NA	NA
NC_045512.2	26881	T	G	23303	20247	49	4	4	24	0.000171571	23314	1	FALSE	NA	NA	NA	NA	NA	NA
NC_045512.2	26881	T	C	23303	20247	49	6	6	38	0.000257356	23314	0.999728	FALSE	NA	NA	NA	NA	NA	NA
NC_045512.2	26881	T	A	23303	20247	49	1	0	36	4.28927e-05	23314	1	FALSE	NA	NA	NA	NA	NA	NA
NC_045512.2	26882	C	G	23415	20552	45	1	1	24	4.2704e-05	23417	1	FALSE	NA	NA	NA	NA	NA	NA
NC_045512.2	26882	C	A	23415	20552	45	1	1	24	4.2704e-05	23417	1	FALSE	NA	NA	NA	NA	NA	NA
NC_045512.2	26883	A	G	23381	20415	49	7	7	49	0.000299286	23389	0.0898227	FALSE	NA	NA	NA	NA	NA	NA
NC_045512.2	26883	A	C	23381	20415	49	1	0	32	4.27551e-05	23389	1	FALSE	NA	NA	NA	NA	NA	NA
NC_045512.2	26884	A	G	23370	20403	48	2	1	44	8.55688e-05	23373	0.687508	FALSE	NA	NA	NA	NA	NA	NA
NC_045512.2	26884	A	C	23370	20403	48	1	0	24	4.27844e-05	23373	1	FALSE	NA	NA	NA	NA	NA	NA
NC_045512.2	26885	C	T	23414	20441	49	1	1	40	4.27077e-05	23415	0.875016	FALSE	NA	NA	NA	NA	NA	NA
NC_045512.2	26886	G	T	23020	20028	49	1	1	24	4.34386e-05	23021	1	FALSE	NA	NA	NA	NA	NA	NA
NC_045512.2	26887	T	G	23033	20061	49	3	3	29	0.000130225	23037	1	FALSE	NA	NA	NA	NA	NA	NA
NC_045512.2	26887	T	C	23033	20061	49	1	1	40	4.34084e-05	23037	0.874992	FALSE	NA	NA	NA	NA	NA	NA
NC_045512.2	26888	G	T	23051	20293	48	2	2	24	8.67528e-05	23054	1	FALSE	NA	NA	NA	NA	NA	NA
NC_045512.2	26888	G	C	23051	20293	48	1	1	40	4.33764e-05	23054	0.875	FALSE	NA	NA	NA	NA	NA	NA
NC_045512.2	26889	C	T	23094	20352	48	4	4	36	0.000173168	23099	0.999975	FALSE	NA	NA	NA	NA	NA	NA
NC_045512.2	26889	C	G	23094	20352	48	1	1	40	4.32919e-05	23099	0.874984	FALSE	NA	NA	NA	NA	NA	NA
NC_045512.2	26891	A	G	23055	20328	48	1	1	40	4.33727e-05	23056	0.875016	FALSE	NA	NA	NA	NA	NA	NA
NC_045512.2	26893	T	G	22818	20163	48	2	2	24	8.76347e-05	22822	1	FALSE	NA	NA	NA	NA	NA	NA
NC_045512.2	26893	T	C	22818	20163	48	2	2	46	8.76347e-05	22822	0.687492	FALSE	NA	NA	NA	NA	NA	NA
NC_045512.2	26894	C	G	22869	20222	48	1	1	24	4.37216e-05	22872	1	FALSE	NA	NA	NA	NA	NA	NA
NC_045512.2	26894	C	A	22869	20222	48	2	2	24	8.74432e-05	22872	1	FALSE	NA	NA	NA	NA	NA	NA
NC_045512.2	26896	A	G	22272	19660	48	6	6	28	0.000269312	22279	1	FALSE	NA	NA	NA	NA	NA	NA
NC_045512.2	26896	A	C	22272	19660	48	1	1	24	4.48853e-05	22279	1	FALSE	NA	NA	NA	NA	NA	NA
NC_045512.2	26896	A	-T	22272	19660	48	1	0	20	4.48853e-05	22279	1	FALSE	NA	NA	NA	NA	NA	NA
NC_045512.2	26897	T	C	22193	19591	48	1	1	40	4.50572e-05	22194	0.875008	FALSE	NA	NA	NA	NA	NA	NA
NC_045512.2	26897	T	-G	22193	19591	48	1	0	20	4.50552e-05	22195	1	FALSE	NA	NA	NA	NA	NA	NA
NC_045512.2	26898	G	T	20738	18118	44	94	94	26	0.00451207	20833	1	FALSE	NA	NA	NA	NA	NA	NA
NC_045512.2	26898	G	A	20738	18118	44	1	1	40	4.80008e-05	20833	0.874159	FALSE	NA	NA	NA	NA	NA	NA
NC_045512.2	26899	G	T	22237	19648	48	1	1	24	4.4958e-05	22243	1	FALSE	NA	NA	NA	NA	NA	NA
NC_045512.2	26899	G	C	22237	19648	48	1	1	40	4.4958e-05	22243	0.874975	FALSE	NA	NA	NA	NA	NA	NA
NC_045512.2	26899	G	A	22237	19648	48	4	4	36	0.000179832	22243	0.999956	FALSE	NA	NA	NA	NA	NA	NA
NC_045512.2	26900	C	T	22200	19709	48	1	1	40	4.5043e-05	22201	0.875017	FALSE	NA	NA	NA	NA	NA	NA
NC_045512.2	26901	A	G	21772	19305	48	5	5	24	0.000229589	21778	1	FALSE	NA	NA	NA	NA	NA	NA
NC_045512.2	26901	A	C	21772	19305	48	1	1	40	4.59179e-05	21778	0.874974	FALSE	NA	NA	NA	NA	NA	NA
NC_045512.2	26902	C	T	21754	19435	47	1	1	40	4.59643e-05	21756	0.875009	FALSE	NA	NA	NA	NA	NA	NA
NC_045512.2	26902	C	A	21754	19435	47	1	0	80	4.59643e-05	21756	0.5	FALSE	NA	NA	NA	NA	NA	NA
NC_045512.2	26903	T	G	21213	18905	47	3	3	24	0.000141389	21218	1	FALSE	NA	NA	NA	NA	NA	NA
NC_045512.2	26903	T	C	21213	18905	47	2	2	32	9.42596e-05	21218	0.999997	FALSE	NA	NA	NA	NA	NA	NA
NC_045512.2	26904	A	G	21310	19009	48	3	3	29	0.000140759	21313	1	FALSE	NA	NA	NA	NA	NA	NA
NC_045512.2	26905	T	G	21216	18924	47	3	3	24	0.000141363	21222	1	FALSE	NA	NA	NA	NA	NA	NA
NC_045512.2	26905	T	C	21216	18924	47	3	3	48	0.000141363	21222	0.499956	FALSE	NA	NA	NA	NA	NA	NA
NC_045512.2	26906	T	G	21184	18968	47	9	9	26	0.000424608	21196	1	FALSE	NA	NA	NA	NA	NA	NA
NC_045512.2	26906	T	C	21184	18968	47	3	3	48	0.000141536	21196	0.499823	FALSE	NA	NA	NA	NA	NA	NA
NC_045512.2	26907	C	A	21287	19115	47	1	1	40	4.69748e-05	21288	0.875018	FALSE	NA	NA	NA	NA	NA	NA
NC_045512.2	26908	T	G	19462	17364	47	2	2	24	0.000102749	19465	1	FALSE	NA	NA	NA	NA	NA	NA
NC_045512.2	26908	T	C	19462	17364	47	1	1	24	5.13743e-05	19465	1	FALSE	NA	NA	NA	NA	NA	NA
NC_045512.2	26909	G	T	19475	17373	47	8	8	24	0.000410614	19483	1	FALSE	NA	NA	NA	NA	NA	NA
NC_045512.2	26910	A	C	19598	17512	47	1	0	32	5.1023e-05	19599	0.999999	FALSE	NA	NA	NA	NA	NA	NA
NC_045512.2	26910	A	-C	19598	17512	47	1	0	20	5.1023e-05	19599	1	FALSE	NA	NA	NA	NA	NA	NA
NC_045512.2	26912	C	T	19528	17444	47	1	1	40	5.12059e-05	19529	0.750019	FALSE	NA	NA	NA	NA	NA	NA
NC_045512.2	26914	G	T	17189	15240	48	1	1	24	5.81666e-05	17192	1	FALSE	NA	NA	NA	NA	NA	NA
NC_045512.2	26914	G	C	17189	15240	48	2	2	40	0.000116333	17192	0.5	FALSE	NA	NA	NA	NA	NA	NA
NC_045512.2	26915	A	G	17298	15353	48	3	3	40	0.0001734	17301	0.312511	FALSE	NA	NA	NA	NA	NA	NA
NC_045512.2	26916	C	G	17271	15333	48	3	3	34	0.000173671	17274	0.9998	FALSE	NA	NA	NA	NA	NA	NA
NC_045512.2	26917	C	A	17280	15362	48	1	1	40	5.7867e-05	17281	0.750022	FALSE	NA	NA	NA	NA	NA	NA
NC_045512.2	26918	G	A	16934	15030	48	2	2	60	0.000118092	16936	0.250007	FALSE	NA	NA	NA	NA	NA	NA
NC_045512.2	26920	T	G	16856	15018	47	1	1	24	5.93225e-05	16857	1	FALSE	NA	NA	NA	NA	NA	NA
NC_045512.2	26921	T	G	16850	15013	47	1	1	24	5.93401e-05	16852	1	FALSE	NA	NA	NA	NA	NA	NA
NC_045512.2	26921	T	C	16850	15013	47	1	1	40	5.93401e-05	16852	0.750007	FALSE	NA	NA	NA	NA	NA	NA
NC_045512.2	26922	C	A	16912	15144	46	1	0	24	5.91261e-05	16913	1	FALSE	NA	NA	NA	NA	NA	NA
NC_045512.2	26923	T	G	16702	14898	47	5	5	24	0.000299276	16707	1	FALSE	NA	NA	NA	NA	NA	NA
NC_045512.2	26924	A	G	16885	15097	47	1	1	24	5.92207e-05	16886	1	FALSE	NA	NA	NA	NA	NA	NA
NC_045512.2	26925	G	T	16853	15270	47	1	1	24	5.93296e-05	16855	1	FALSE	NA	NA	NA	NA	NA	NA
NC_045512.2	26925	G	A	16853	15270	47	1	1	40	5.93296e-05	16855	0.750007	FALSE	NA	NA	NA	NA	NA	NA
NC_045512.2	26926	A	G	16852	15270	47	6	6	34	0.000355914	16858	0.99157	FALSE	NA	NA	NA	NA	NA	NA
NC_045512.2	26927	A	T	16835	15261	46	1	1	52	5.93965e-05	16836	0.500015	FALSE	NA	NA	NA	NA	NA	NA
NC_045512.2	26928	A	G	16172	14616	47	1	1	24	6.18276e-05	16174	1	FALSE	NA	NA	NA	NA	NA	NA
NC_045512.2	26928	A	C	16172	14616	47	1	0	32	6.18276e-05	16174	0.999992	FALSE	NA	NA	NA	NA	NA	NA
NC_045512.2	26929	G	C	16086	14562	46	1	1	24	6.2162e-05	16087	1	FALSE	NA	NA	NA	NA	NA	NA
NC_045512.2	26930	T	G	15921	14552	46	2	2	24	0.000125597	15924	1	FALSE	NA	NA	NA	NA	NA	NA
NC_045512.2	26930	T	C	15921	14552	46	1	1	40	6.27983e-05	15924	0.749992	FALSE	NA	NA	NA	NA	NA	NA
NC_045512.2	26931	G	C	15972	14617	46	1	1	24	6.26017e-05	15974	1	FALSE	NA	NA	NA	NA	NA	NA
NC_045512.2	26931	G	A	15972	14617	46	1	1	24	6.26017e-05	15974	1	FALSE	NA	NA	NA	NA	NA	NA
NC_045512.2	26932	A	G	15990	14698	46	1	1	24	6.25352e-05	15991	1	FALSE	NA	NA	NA	NA	NA	NA
NC_045512.2	26933	A	G	15980	14702	45	2	2	32	0.000125141	15982	0.999863	FALSE	NA	NA	NA	NA	NA	NA
NC_045512.2	26934	C	T	15967	14687	45	1	1	40	6.26253e-05	15968	0.750023	FALSE	NA	NA	NA	NA	NA	NA
NC_045512.2	26935	T	G	15855	14576	45	1	1	24	6.30636e-05	15857	1	FALSE	NA	NA	NA	NA	NA	NA
NC_045512.2	26935	T	C	15855	14576	45	1	1	40	6.30636e-05	15857	0.750008	FALSE	NA	NA	NA	NA	NA	NA
NC_045512.2	26936	C	G	15887	14632	45	1	1	40	6.29406e-05	15888	0.750024	FALSE	NA	NA	NA	NA	NA	NA
NC_045512.2	26937	G	A	15826	14571	45	1	1	40	6.31832e-05	15827	0.750024	FALSE	NA	NA	NA	NA	NA	NA
NC_045512.2	26938	T	G	15705	14565	44	2	2	24	0.000127332	15707	1	FALSE	NA	NA	NA	NA	NA	NA
NC_045512.2	26939	A	G	15784	14662	44	5	5	40	0.000316656	15790	0.109353	FALSE	NA	NA	NA	NA	NA	NA
NC_045512.2	26939	A	C	15784	14662	44	1	1	40	6.33312e-05	15790	0.749945	FALSE	NA	NA	NA	NA	NA	NA
NC_045512.2	26941	T	G	15719	14595	45	3	3	24	0.000190815	15722	1	FALSE	NA	NA	NA	NA	NA	NA
NC_045512.2	26942	C	T	15754	14664	45	1	1	40	6.34719e-05	15755	0.750024	FALSE	NA	NA	NA	NA	NA	NA
NC_045512.2	26943	G	T	14730	13649	42	21	21	26	0.00142354	14752	1	FALSE	NA	NA	NA	NA	NA	NA
NC_045512.2	26943	G	A	14730	13649	42	1	1	40	6.77874e-05	14752	0.749669	FALSE	NA	NA	NA	NA	NA	NA
NC_045512.2	26945	A	G	15304	14280	44	1	1	40	6.53381e-05	15305	0.750025	FALSE	NA	NA	NA	NA	NA	NA
NC_045512.2	26946	G	A	15279	14256	44	1	1	40	6.5445e-05	15280	0.750025	FALSE	NA	NA	NA	NA	NA	NA
NC_045512.2	26948	T	G	15111	14155	44	4	4	24	0.000264638	15115	1	FALSE	NA	NA	NA	NA	NA	NA
NC_045512.2	26949	G	T	14853	13900	42	5	5	27	0.000336496	14859	1	FALSE	NA	NA	NA	NA	NA	NA
NC_045512.2	26949	G	A	14853	13900	42	1	1	40	6.72993e-05	14859	0.749941	FALSE	NA	NA	NA	NA	NA	NA
NC_045512.2	26950	T	G	15072	14119	44	3	3	24	0.000199005	15075	1	FALSE	NA	NA	NA	NA	NA	NA
NC_045512.2	26951	G	C	15124	14171	44	1	1	40	6.61113e-05	15126	0.750008	FALSE	NA	NA	NA	NA	NA	NA
NC_045512.2	26951	G	A	15124	14171	44	1	1	40	6.61113e-05	15126	0.750008	FALSE	NA	NA	NA	NA	NA	NA
NC_045512.2	26952	A	T	15147	14233	44	1	1	40	6.6011e-05	15149	0.750008	FALSE	NA	NA	NA	NA	NA	NA
NC_045512.2	26952	A	G	15147	14233	44	1	1	40	6.6011e-05	15149	0.750008	FALSE	NA	NA	NA	NA	NA	NA
NC_045512.2	26953	T	G	14500	13616	44	2	2	24	0.000137883	14505	1	FALSE	NA	NA	NA	NA	NA	NA
NC_045512.2	26953	T	C	14500	13616	44	3	3	34	0.000206825	14505	0.998828	FALSE	NA	NA	NA	NA	NA	NA
NC_045512.2	26954	C	T	14545	13683	44	1	1	24	6.8738e-05	14548	1	FALSE	NA	NA	NA	NA	NA	NA
NC_045512.2	26954	C	G	14545	13683	44	1	1	40	6.8738e-05	14548	0.749991	FALSE	NA	NA	NA	NA	NA	NA
NC_045512.2	26954	C	A	14545	13683	44	1	1	40	6.8738e-05	14548	0.749991	FALSE	NA	NA	NA	NA	NA	NA
NC_045512.2	26955	C	G	14321	13487	44	2	2	32	0.000139636	14323	0.999742	FALSE	NA	NA	NA	NA	NA	NA
NC_045512.2	26956	T	G	13803	12986	43	8	8	28	0.000579123	13814	1	FALSE	NA	NA	NA	NA	NA	NA
NC_045512.2	26956	T	C	13803	12986	43	2	2	40	0.000144781	13814	0.499783	FALSE	NA	NA	NA	NA	NA	NA
NC_045512.2	26956	T	A	13803	12986	43	1	1	40	7.23903e-05	13814	0.749846	FALSE	NA	NA	NA	NA	NA	NA
NC_045512.2	26957	T	G	13831	13015	44	2	2	32	0.00014455	13836	0.999513	FALSE	NA	NA	NA	NA	NA	NA
NC_045512.2	26957	T	C	13831	13015	44	3	3	34	0.000216826	13836	0.997914	FALSE	NA	NA	NA	NA	NA	NA
NC_045512.2	26959	G	T	13433	12648	43	3	3	24	0.000223281	13436	1	FALSE	NA	NA	NA	NA	NA	NA
NC_045512.2	26960	T	G	13341	12571	43	3	3	24	0.000224803	13345	1	FALSE	NA	NA	NA	NA	NA	NA
NC_045512.2	26960	T	C	13341	12571	43	1	1	40	7.49344e-05	13345	0.749972	FALSE	NA	NA	NA	NA	NA	NA
NC_045512.2	26962	G	A	13303	12534	42	5	5	40	0.000375714	13308	0.109366	FALSE	NA	NA	NA	NA	NA	NA
NC_045512.2	26963	A	G	13275	12517	44	1	1	24	7.53239e-05	13276	1	FALSE	NA	NA	NA	NA	NA	NA
NC_045512.2	26964	C	G	13247	12508	43	1	1	40	7.54774e-05	13249	0.750009	FALSE	NA	NA	NA	NA	NA	NA
NC_045512.2	26964	C	A	13247	12508	43	1	1	40	7.54774e-05	13249	0.750009	FALSE	NA	NA	NA	NA	NA	NA
NC_045512.2	26965	A	G	12517	11801	44	11	11	29	0.000878033	12528	1	FALSE	NA	NA	NA	NA	NA	NA
NC_045512.2	26966	T	C	12553	11841	43	1	1	40	7.96559e-05	12554	0.75003	FALSE	NA	NA	NA	NA	NA	NA
NC_045512.2	26967	C	G	12563	11915	43	3	3	40	0.000238739	12566	0.312515	FALSE	NA	NA	NA	NA	NA	NA
NC_045512.2	26968	T	G	12297	11657	43	1	1	24	8.12876e-05	12302	1	FALSE	NA	NA	NA	NA	NA	NA
NC_045512.2	26968	T	C	12297	11657	43	2	2	40	0.000162575	12302	0.499939	FALSE	NA	NA	NA	NA	NA	NA
NC_045512.2	26968	T	A	12297	11657	43	2	2	40	0.000162575	12302	0.499939	FALSE	NA	NA	NA	NA	NA	NA
NC_045512.2	26969	T	C	12296	11657	43	5	5	40	0.000406471	12301	0.109365	FALSE	NA	NA	NA	NA	NA	NA
NC_045512.2	26971	G	T	12268	11642	43	2	2	24	0.000162986	12271	1	FALSE	NA	NA	NA	NA	NA	NA
NC_045512.2	26971	G	C	12268	11642	43	1	1	40	8.1493e-05	12271	0.74999	FALSE	NA	NA	NA	NA	NA	NA
NC_045512.2	26972	T	G	12231	11606	43	1	1	24	8.17528e-05	12232	1	FALSE	NA	NA	NA	NA	NA	NA
NC_045512.2	26973	A	G	12137	11520	43	3	3	29	0.000247097	12141	1	FALSE	NA	NA	NA	NA	NA	NA
NC_045512.2	26973	A	C	12137	11520	43	1	1	40	8.23655e-05	12141	0.749969	FALSE	NA	NA	NA	NA	NA	NA
NC_045512.2	26974	T	G	12081	11465	43	2	2	24	0.000165508	12084	1	FALSE	NA	NA	NA	NA	NA	NA
NC_045512.2	26974	T	C	12081	11465	43	1	1	40	8.27541e-05	12084	0.74999	FALSE	NA	NA	NA	NA	NA	NA
NC_045512.2	26975	T	G	11298	10726	43	4	4	50	0.000353857	11304	0.0624724	FALSE	NA	NA	NA	NA	NA	NA
NC_045512.2	26975	T	C	11298	10726	43	2	2	60	0.000176929	11304	0.249923	FALSE	NA	NA	NA	NA	NA	NA
NC_045512.2	26976	G	C	11382	10815	43	1	1	40	8.78426e-05	11384	0.750011	FALSE	NA	NA	NA	NA	NA	NA
NC_045512.2	26976	G	A	11382	10815	43	1	1	40	8.78426e-05	11384	0.750011	FALSE	NA	NA	NA	NA	NA	NA
NC_045512.2	26978	T	G	10949	10593	41	1	1	24	9.13159e-05	10951	1	FALSE	NA	NA	NA	NA	NA	NA
NC_045512.2	26978	T	C	10949	10593	41	1	1	40	9.13159e-05	10951	0.750011	FALSE	NA	NA	NA	NA	NA	NA
NC_045512.2	26979	G	C	11005	10650	42	3	3	24	0.000272529	11008	1	FALSE	NA	NA	NA	NA	NA	NA
NC_045512.2	26981	A	G	10771	10418	42	13	13	32	0.0012046	10792	0.338162	FALSE	NA	NA	NA	NA	NA	NA
NC_045512.2	26981	A	C	10771	10418	42	8	8	36	0.00074129	10792	0.759008	FALSE	NA	NA	NA	NA	NA	NA
NC_045512.2	26982	C	T	10867	10535	41	1	1	40	9.20048e-05	10869	0.750012	FALSE	NA	NA	NA	NA	NA	NA
NC_045512.2	26982	C	A	10867	10535	41	1	1	40	9.20048e-05	10869	0.750012	FALSE	NA	NA	NA	NA	NA	NA
NC_045512.2	26983	A	G	10409	10086	41	9	9	36	0.000863641	10421	0.676121	FALSE	NA	NA	NA	NA	NA	NA
NC_045512.2	26983	A	C	10409	10086	41	3	3	29	0.00028788	10421	1	FALSE	NA	NA	NA	NA	NA	NA
NC_045512.2	26985	C	T	11253	9091	41	1	0	40	8.88494e-05	11255	0.750011	FALSE	NA	NA	NA	NA	NA	NA
NC_045512.2	26985	C	G	11253	9091	41	1	1	40	8.88494e-05	11255	0.750011	FALSE	NA	NA	NA	NA	NA	NA
NC_045512.2	26986	A	G	12700	9142	41	1	1	40	7.87278e-05	12702	0.75001	FALSE	NA	NA	NA	NA	NA	NA
NC_045512.2	26986	A	C	12700	9142	41	1	0	24	7.87278e-05	12702	1	FALSE	NA	NA	NA	NA	NA	NA
NC_045512.2	26987	T	G	3491	193	40	3	0	40	0.000858124	3496	0.124893	FALSE	NA	NA	NA	NA	NA	NA
NC_045512.2	26987	T	C	3491	193	40	2	0	24	0.000572082	3496	1	FALSE	NA	NA	NA	NA	NA	NA
NC_045512.2	26988	C	T	3605	201	40	1	0	40	0.000277316	3606	0.500069	FALSE	NA	NA	NA	NA	NA	NA
NC_045512.2	26989	T	G	3583	209	41	1	0	24	0.000279018	3584	1	FALSE	NA	NA	NA	NA	NA	NA
NC_045512.2	26990	A	C	3562	214	40	1	0	32	0.000280662	3563	0.937588	FALSE	NA	NA	NA	NA	NA	NA
NC_045512.2	26993	A	C	3598	217	40	1	0	24	0.000277855	3599	1	FALSE	NA	NA	NA	NA	NA	NA
NC_045512.2	26994	C	G	3655	217	41	1	0	40	0.000273523	3656	0.500068	FALSE	NA	NA	NA	NA	NA	NA
NC_045512.2	26995	G	C	3649	216	40	1	0	40	0.000273973	3650	0.500069	FALSE	NA	NA	NA	NA	NA	NA
NC_045512.2	26997	T	G	3859	239	41	1	0	40	0.000258598	3867	0.499612	FALSE	NA	NA	NA	NA	NA	NA
NC_045512.2	26997	T	C	3859	239	41	7	0	35	0.00181019	3867	0.171716	FALSE	NA	NA	NA	NA	NA	NA
NC_045512.2	26998	G	A	3912	237	41	2	1	40	0.000510986	3914	0.250032	FALSE	NA	NA	NA	NA	NA	NA
NC_045512.2	26999	T	G	3886	244	41	3	0	34	0.000770812	3892	0.656069	FALSE	NA	NA	NA	NA	NA	NA
NC_045512.2	26999	T	C	3886	244	41	3	0	37	0.000770812	3892	0.656069	FALSE	NA	NA	NA	NA	NA	NA
NC_045512.2	27000	G	A	3941	245	41	2	1	80	0.000507228	3943	0.250032	FALSE	NA	NA	NA	NA	NA	NA
NC_045512.2	27001	A	T	3944	262	41	1	0	40	0.000253357	3947	0.499937	FALSE	NA	NA	NA	NA	NA	NA
NC_045512.2	27001	A	G	3944	262	41	1	0	40	0.000253357	3947	0.499937	FALSE	NA	NA	NA	NA	NA	NA
NC_045512.2	27001	A	C	3944	262	41	1	0	40	0.000253357	3947	0.499937	FALSE	NA	NA	NA	NA	NA	NA
NC_045512.2	27003	A	C	4202	272	41	1	0	40	0.000237925	4203	0.500059	FALSE	NA	NA	NA	NA	NA	NA
NC_045512.2	27006	A	G	4344	303	42	1	1	80	0.00023015	4345	0.500058	FALSE	NA	NA	NA	NA	NA	NA
NC_045512.2	27007	A	C	4369	304	41	5	0	27	0.00114312	4374	1	FALSE	NA	NA	NA	NA	NA	NA
NC_045512.2	27009	G	C	4477	324	42	1	0	40	0.000223314	4478	0.500056	FALSE	NA	NA	NA	NA	NA	NA
NC_045512.2	27010	A	G	4469	342	42	1	0	40	0.000223714	4470	0.500056	FALSE	NA	NA	NA	NA	NA	NA
NC_045512.2	27013	T	C	4507	364	43	3	0	29	0.000665188	4510	1	FALSE	NA	NA	NA	NA	NA	NA
NC_045512.2	27016	C	A	4698	374	40	1	0	40	0.000212811	4699	0.500053	FALSE	NA	NA	NA	NA	NA	NA
NC_045512.2	27017	T	G	4764	374	43	1	1	24	0.000209864	4765	1	FALSE	NA	NA	NA	NA	NA	NA
NC_045512.2	27019	A	C	4796	382	43	1	0	24	0.000208464	4797	1	FALSE	NA	NA	NA	NA	NA	NA
NC_045512.2	27020	A	G	4831	382	43	1	0	40	0.000206954	4832	0.500052	FALSE	NA	NA	NA	NA	NA	NA
NC_045512.2	27022	A	C	4890	394	43	1	0	24	0.000204457	4891	1	FALSE	NA	NA	NA	NA	NA	NA
NC_045512.2	27023	A	C	4921	395	43	2	0	24	0.000406256	4923	1	FALSE	NA	NA	NA	NA	NA	NA
NC_045512.2	27024	A	C	4926	393	43	1	0	24	0.000202963	4927	1	FALSE	NA	NA	NA	NA	NA	NA
NC_045512.2	27025	T	C	4944	431	44	2	0	40	0.000404367	4946	0.250025	FALSE	NA	NA	NA	NA	NA	NA
NC_045512.2	27026	C	T	4966	434	44	1	0	80	0.000201329	4967	0.50005	FALSE	NA	NA	NA	NA	NA	NA
NC_045512.2	27027	A	G	4941	457	44	2	0	40	0.000404449	4945	0.249924	FALSE	NA	NA	NA	NA	NA	NA
NC_045512.2	27027	A	C	4941	457	44	2	0	32	0.000404449	4945	0.890649	FALSE	NA	NA	NA	NA	NA	NA
NC_045512.2	27028	C	A	4963	459	42	7	0	24	0.00140845	4970	1	FALSE	NA	NA	NA	NA	NA	NA
NC_045512.2	27031	T	C	5153	467	44	1	0	40	0.000194024	5154	0.500049	FALSE	NA	NA	NA	NA	NA	NA
NC_045512.2	27033	G	A	5184	471	44	1	0	24	0.000192864	5185	1	FALSE	NA	NA	NA	NA	NA	NA
NC_045512.2	27035	T	C	5183	468	44	11	1	42	0.00211783	5194	0.000486215	TRUE	NA	NA	NA	NA	NA	NA
NC_045512.2	27036	A	G	5188	500	44	1	0	40	0.000192678	5190	0.5	FALSE	NA	NA	NA	NA	NA	NA
NC_045512.2	27036	A	C	5188	500	44	1	0	40	0.000192678	5190	0.5	FALSE	NA	NA	NA	NA	NA	NA
NC_045512.2	27037	C	A	5073	502	41	5	0	24	0.00098464	5078	1	FALSE	NA	NA	NA	NA	NA	NA
NC_045512.2	27040	C	T	5307	527	45	1	0	40	0.000188395	5308	0.500047	FALSE	NA	NA	NA	NA	NA	NA
NC_045512.2	27041	A	G	5292	540	45	1	0	40	0.000188929	5293	0.500047	FALSE	NA	NA	NA	NA	NA	NA
NC_045512.2	27042	C	T	5037	550	41	1	0	40	0.000198216	5045	0.499702	FALSE	NA	NA	NA	NA	NA	NA
NC_045512.2	27042	C	A	5037	550	41	7	0	24	0.00138751	5045	1	FALSE	NA	NA	NA	NA	NA	NA
NC_045512.2	27043	G	C	5300	547	45	1	0	24	0.000188573	5303	1	FALSE	NA	NA	NA	NA	NA	NA
NC_045512.2	27043	G	A	5300	547	45	2	0	40	0.000377145	5303	0.249976	FALSE	NA	NA	NA	NA	NA	NA
NC_045512.2	27046	C	T	5242	618	43	1	0	24	0.00019073	5243	1	FALSE	NA	NA	NA	NA	NA	NA
NC_045512.2	27048	C	T	5358	617	45	1	0	40	0.000186602	5359	0.500047	FALSE	NA	NA	NA	NA	NA	NA
NC_045512.2	27050	T	C	5391	642	46	1	0	80	0.00018546	5392	0.500046	FALSE	NA	NA	NA	NA	NA	NA
NC_045512.2	27053	T	C	5418	656	46	1	1	64	0.000184536	5419	0.500046	FALSE	NA	NA	NA	NA	NA	NA
NC_045512.2	27054	T	C	5422	685	47	2	1	40	0.000368732	5424	0.250023	FALSE	NA	NA	NA	NA	NA	NA
NC_045512.2	27055	A	C	5393	693	46	1	0	24	0.000185391	5394	1	FALSE	NA	NA	NA	NA	NA	NA
NC_045512.2	27056	T	C	5433	692	47	1	0	40	0.000184026	5434	0.500046	FALSE	NA	NA	NA	NA	NA	NA
NC_045512.2	27057	T	G	5419	694	47	1	1	40	0.000184468	5421	0.5	FALSE	NA	NA	NA	NA	NA	NA
NC_045512.2	27057	T	C	5419	694	47	1	0	24	0.000184468	5421	1	FALSE	NA	NA	NA	NA	NA	NA
NC_045512.2	27058	A	G	5408	707	47	1	0	40	0.000184843	5410	0.5	FALSE	NA	NA	NA	NA	NA	NA
NC_045512.2	27058	A	C	5408	707	47	1	0	40	0.000184843	5410	0.5	FALSE	NA	NA	NA	NA	NA	NA
NC_045512.2	27059	C	A	5171	714	44	11	0	25	0.00212273	5182	1	FALSE	NA	NA	NA	NA	NA	NA
NC_045512.2	27060	A	C	5416	710	47	2	0	32	0.00036914	5418	0.937591	FALSE	NA	NA	NA	NA	NA	NA
NC_045512.2	27061	A	G	5439	715	47	1	0	40	0.000183756	5442	0.499954	FALSE	NA	NA	NA	NA	NA	NA
NC_045512.2	27061	A	C	5439	715	47	2	0	24	0.000367512	5442	1	FALSE	NA	NA	NA	NA	NA	NA
NC_045512.2	27068	A	G	5549	747	47	1	0	40	0.00018018	5550	0.500045	FALSE	NA	NA	NA	NA	NA	NA
NC_045512.2	27072	T	C	5689	757	47	1	0	40	0.000175747	5690	0.500044	FALSE	NA	NA	NA	NA	NA	NA
NC_045512.2	27073	C	T	5673	760	47	2	0	40	0.000352423	5675	0.250022	FALSE	NA	NA	NA	NA	NA	NA
NC_045512.2	27075	C	A	5669	759	47	1	0	40	0.000176367	5670	0.500044	FALSE	NA	NA	NA	NA	NA	NA
NC_045512.2	27076	A	G	5615	756	46	1	0	80	0.000177904	5621	0.499822	FALSE	NA	NA	NA	NA	NA	NA
NC_045512.2	27076	A	C	5615	756	46	5	1	38	0.000889521	5621	0.623102	FALSE	NA	NA	NA	NA	NA	NA
NC_045512.2	27078	C	T	5914	796	48	1	1	80	0.000169062	5915	0.500042	FALSE	NA	NA	NA	NA	NA	NA
NC_045512.2	27080	T	C	6129	805	47	1	0	24	0.000163132	6130	1	FALSE	NA	NA	NA	NA	NA	NA
NC_045512.2	27081	G	A	6139	792	47	1	0	40	0.000162866	6140	0.500041	FALSE	NA	NA	NA	NA	NA	NA
NC_045512.2	27082	T	C	6169	804	47	2	0	32	0.000324097	6171	0.964906	FALSE	NA	NA	NA	NA	NA	NA
NC_045512.2	27083	A	G	6049	809	45	9	0	42	0.00148466	6062	0.00194299	TRUE	NA	NA	NA	NA	NA	NA
NC_045512.2	27083	A	C	6049	809	45	4	0	28	0.000659848	6062	1	FALSE	NA	NA	NA	NA	NA	NA
NC_045512.2	27086	A	G	6133	840	48	1	0	40	0.000162999	6135	0.5	FALSE	NA	NA	NA	NA	NA	NA
NC_045512.2	27086	A	C	6133	840	48	1	0	24	0.000162999	6135	1	FALSE	NA	NA	NA	NA	NA	NA
NC_045512.2	27087	G	A	6166	837	48	1	0	40	0.000162153	6167	0.500041	FALSE	NA	NA	NA	NA	NA	NA
NC_045512.2	27088	G	C	6124	837	48	1	0	32	0.000163265	6125	0.992205	FALSE	NA	NA	NA	NA	NA	NA
NC_045512.2	27089	T	C	6112	1018	51	1	1	80	0.000163586	6113	0.500041	FALSE	NA	NA	NA	NA	NA	NA
NC_045512.2	27091	A	G	6128	1039	51	1	1	80	0.000163159	6129	0.500041	FALSE	NA	NA	NA	NA	NA	NA
NC_045512.2	27092	C	A	6077	1047	50	4	0	28	0.000657787	6081	1	FALSE	NA	NA	NA	NA	NA	NA
NC_045512.2	27093	T	C	6152	1060	51	1	0	24	0.000162522	6153	1	FALSE	NA	NA	NA	NA	NA	NA
NC_045512.2	27094	C	T	6117	1061	51	1	0	40	0.000163425	6119	0.5	FALSE	NA	NA	NA	NA	NA	NA
NC_045512.2	27094	C	A	6117	1061	51	1	0	24	0.000163425	6119	1	FALSE	NA	NA	NA	NA	NA	NA
NC_045512.2	27095	A	G	6137	1061	51	4	0	50	0.00065136	6141	0.0624898	FALSE	NA	NA	NA	NA	NA	NA
NC_045512.2	27098	T	C	6218	1151	52	2	1	24	0.000321543	6220	1	FALSE	NA	NA	NA	NA	NA	NA
NC_045512.2	27100	T	C	6256	1164	52	1	0	40	0.000159821	6257	0.50004	FALSE	NA	NA	NA	NA	NA	NA
NC_045512.2	27101	T	G	6244	1162	52	1	1	24	0.000160128	6245	1	FALSE	NA	NA	NA	NA	NA	NA
NC_045512.2	27103	C	T	6405	1186	52	1	0	80	0.000156104	6406	0.500039	FALSE	NA	NA	NA	NA	NA	NA
NC_045512.2	27105	G	A	6496	1210	52	2	1	52	0.000307787	6498	0.250019	FALSE	NA	NA	NA	NA	NA	NA
NC_045512.2	27107	A	C	6457	1211	52	1	0	24	0.000154847	6458	1	FALSE	NA	NA	NA	NA	NA	NA
NC_045512.2	27111	A	G	6396	1177	52	2	2	60	0.000312549	6399	0.24998	FALSE	NA	NA	NA	NA	NA	NA
NC_045512.2	27111	A	C	6396	1177	52	1	0	24	0.000156274	6399	1	FALSE	NA	NA	NA	NA	NA	NA
NC_045512.2	27113	T	C	6448	1230	53	2	0	40	0.000310078	6450	0.250019	FALSE	NA	NA	NA	NA	NA	NA
NC_045512.2	27117	T	C	6418	1258	52	1	0	40	0.000155788	6419	0.500039	FALSE	NA	NA	NA	NA	NA	NA
NC_045512.2	27118	A	G	6376	1267	52	3	2	40	0.000470146	6381	0.124941	FALSE	NA	NA	NA	NA	NA	NA
NC_045512.2	27118	A	C	6376	1267	52	2	0	32	0.00031343	6381	0.964852	FALSE	NA	NA	NA	NA	NA	NA
NC_045512.2	27119	C	A	6056	1326	49	14	0	25	0.00230643	6070	1	FALSE	NA	NA	NA	NA	NA	NA
NC_045512.2	27120	A	G	6280	1321	52	2	1	44	0.000318319	6283	0.24998	FALSE	NA	NA	NA	NA	NA	NA
NC_045512.2	27120	A	C	6280	1321	52	1	0	40	0.00015916	6283	0.49996	FALSE	NA	NA	NA	NA	NA	NA
NC_045512.2	27128	C	T	5878	1656	50	2	0	40	0.000340078	5881	0.249979	FALSE	NA	NA	NA	NA	NA	NA
NC_045512.2	27128	C	A	5878	1656	50	1	0	24	0.000170039	5881	1	FALSE	NA	NA	NA	NA	NA	NA
NC_045512.2	27129	A	C	5886	1662	51	2	0	32	0.000339674	5888	0.937584	FALSE	NA	NA	NA	NA	NA	NA
NC_045512.2	27130	A	C	5894	1653	52	1	0	40	0.000169635	5895	0.500042	FALSE	NA	NA	NA	NA	NA	NA
NC_045512.2	27131	C	T	5850	1675	52	1	1	24	0.000170911	5851	1	FALSE	NA	NA	NA	NA	NA	NA
NC_045512.2	27132	T	C	5831	1663	51	1	0	24	0.000171468	5832	1	FALSE	NA	NA	NA	NA	NA	NA
NC_045512.2	27133	A	C	5722	1690	50	8	0	27	0.00139616	5730	1	FALSE	NA	NA	NA	NA	NA	NA
NC_045512.2	27134	T	G	5828	1671	51	3	1	40	0.000514492	5831	0.125	FALSE	NA	NA	NA	NA	NA	NA
NC_045512.2	27135	A	C	5641	1784	50	3	0	24	0.000531538	5644	1	FALSE	NA	NA	NA	NA	NA	NA
NC_045512.2	27138	T	C	5065	2081	47	1	0	40	0.000197394	5066	0.500049	FALSE	NA	NA	NA	NA	NA	NA
NC_045512.2	27139	T	G	5044	2083	47	1	1	24	0.000198216	5045	1	FALSE	NA	NA	NA	NA	NA	NA
NC_045512.2	27140	A	C	4876	2112	46	6	0	28	0.001229	4882	1	FALSE	NA	NA	NA	NA	NA	NA
NC_045512.2	27142	A	T	5091	2138	48	1	1	40	0.000196348	5093	0.5	FALSE	NA	NA	NA	NA	NA	NA
NC_045512.2	27142	A	G	5091	2138	48	1	0	40	0.000196348	5093	0.5	FALSE	NA	NA	NA	NA	NA	NA
NC_045512.2	27144	A	T	5033	2144	47	1	1	40	0.000198531	5037	0.499901	FALSE	NA	NA	NA	NA	NA	NA
NC_045512.2	27144	A	C	5033	2144	47	3	0	24	0.000595593	5037	1	FALSE	NA	NA	NA	NA	NA	NA
NC_045512.2	27145	C	A	5073	2156	48	1	0	24	0.000197083	5074	1	FALSE	NA	NA	NA	NA	NA	NA
NC_045512.2	27146	A	C	4986	2118	47	5	1	32	0.0010018	4991	0.500123	FALSE	NA	NA	NA	NA	NA	NA
NC_045512.2	27147	G	A	4945	2149	47	3	3	40	0.000606306	4948	0.125	FALSE	NA	NA	NA	NA	NA	NA
NC_045512.2	27150	C	G	5097	2345	48	1	1	40	0.000196155	5098	0.500049	FALSE	NA	NA	NA	NA	NA	NA
NC_045512.2	27151	A	C	5017	2337	47	4	0	32	0.000796654	5021	0.74629	FALSE	NA	NA	NA	NA	NA	NA
NC_045512.2	27153	T	C	5170	2492	47	1	0	40	0.000193386	5171	0.500048	FALSE	NA	NA	NA	NA	NA	NA
NC_045512.2	27154	C	A	5306	2913	48	1	1	40	0.00018843	5307	0.500047	FALSE	NA	NA	NA	NA	NA	NA
NC_045512.2	27155	C	A	5169	2922	45	7	0	28	0.0013524	5176	1	FALSE	NA	NA	NA	NA	NA	NA
NC_045512.2	27156	A	G	5209	2863	47	1	1	40	0.000191865	5212	0.499952	FALSE	NA	NA	NA	NA	NA	NA
NC_045512.2	27156	A	C	5209	2863	47	2	0	24	0.00038373	5212	1	FALSE	NA	NA	NA	NA	NA	NA
NC_045512.2	27157	G	T	5124	2746	46	4	4	28	0.000779879	5129	1	FALSE	NA	NA	NA	NA	NA	NA
NC_045512.2	27157	G	A	5124	2746	46	1	0	24	0.00019497	5129	1	FALSE	NA	NA	NA	NA	NA	NA
NC_045512.2	27158	T	G	5199	2823	48	3	3	29	0.00057659	5203	1	FALSE	NA	NA	NA	NA	NA	NA
NC_045512.2	27158	T	C	5199	2823	48	1	0	48	0.000192197	5203	0.499904	FALSE	NA	NA	NA	NA	NA	NA
NC_045512.2	27159	A	G	5105	2847	47	2	1	32	0.000391389	5110	0.9375	FALSE	NA	NA	NA	NA	NA	NA
NC_045512.2	27159	A	C	5105	2847	47	3	0	24	0.000587084	5110	1	FALSE	NA	NA	NA	NA	NA	NA
NC_045512.2	27160	G	C	5155	2857	48	1	0	40	0.000193949	5156	0.500048	FALSE	NA	NA	NA	NA	NA	NA
NC_045512.2	27162	A	C	5074	2831	47	2	0	24	0.000394011	5076	1	FALSE	NA	NA	NA	NA	NA	NA
NC_045512.2	27163	G	T	5006	2700	45	15	14	33	0.00298745	5021	0.0206174	FALSE	NA	NA	NA	NA	NA	NA
NC_045512.2	27164	T	G	5147	2847	48	1	1	40	0.00019425	5148	0.500049	FALSE	NA	NA	NA	NA	NA	NA
NC_045512.2	27166	A	G	5027	2917	47	1	0	24	0.000198886	5028	1	FALSE	NA	NA	NA	NA	NA	NA
NC_045512.2	27171	A	G	5076	2959	46	1	0	40	0.000196967	5077	0.500049	FALSE	NA	NA	NA	NA	NA	NA
NC_045512.2	27176	T	G	4984	2890	47	1	1	24	0.000200602	4985	1	FALSE	NA	NA	NA	NA	NA	NA
NC_045512.2	27177	T	G	4993	2881	47	1	0	40	0.00020024	4994	0.50005	FALSE	NA	NA	NA	NA	NA	NA
NC_045512.2	27181	T	G	4970	2949	46	1	1	24	0.000201167	4971	1	FALSE	NA	NA	NA	NA	NA	NA
NC_045512.2	27182	T	G	4967	2931	46	2	2	24	0.000402495	4969	1	FALSE	NA	NA	NA	NA	NA	NA
NC_045512.2	27184	T	G	4985	2937	45	1	1	24	0.000200562	4986	1	FALSE	NA	NA	NA	NA	NA	NA
NC_045512.2	27185	A	C	4954	2994	45	3	0	24	0.000605205	4957	1	FALSE	NA	NA	NA	NA	NA	NA
NC_045512.2	27187	A	C	4938	2938	46	1	0	24	0.00020247	4939	1	FALSE	NA	NA	NA	NA	NA	NA
NC_045512.2	27189	T	G	5334	3445	47	1	1	24	0.000187441	5335	1	FALSE	NA	NA	NA	NA	NA	NA
NC_045512.2	27190	A	C	5348	3511	48	1	0	40	0.000186951	5349	0.500047	FALSE	NA	NA	NA	NA	NA	NA
NC_045512.2	27192	G	T	5103	3215	44	12	12	28	0.00234604	5115	1	FALSE	NA	NA	NA	NA	NA	NA
NC_045512.2	27193	T	G	5387	3518	48	1	1	24	0.000185563	5389	1	FALSE	NA	NA	NA	NA	NA	NA
NC_045512.2	27193	T	C	5387	3518	48	1	1	40	0.000185563	5389	0.5	FALSE	NA	NA	NA	NA	NA	NA
NC_045512.2	27195	A	G	5385	3526	48	1	1	40	0.000185667	5386	0.500046	FALSE	NA	NA	NA	NA	NA	NA
NC_045512.2	27197	A	C	5629	3965	49	2	1	32	0.000355177	5631	0.937587	FALSE	NA	NA	NA	NA	NA	NA
NC_045512.2	27199	C	T	5627	3973	49	1	1	40	0.000177683	5628	0.500044	FALSE	NA	NA	NA	NA	NA	NA
NC_045512.2	27200	A	G	5594	3949	49	1	1	80	0.000178731	5595	0.500045	FALSE	NA	NA	NA	NA	NA	NA
NC_045512.2	27202	A	G	5700	4089	50	1	1	40	0.000175408	5701	0.500044	FALSE	NA	NA	NA	NA	NA	NA
NC_045512.2	27203	T	G	5688	4073	50	3	3	24	0.000527148	5691	1	FALSE	NA	NA	NA	NA	NA	NA
NC_045512.2	27204	G	T	5658	4045	49	2	2	52	0.000353294	5661	0.249978	FALSE	NA	NA	NA	NA	NA	NA
NC_045512.2	27204	G	A	5658	4045	49	1	0	64	0.000176647	5661	0.499956	FALSE	NA	NA	NA	NA	NA	NA
NC_045512.2	27205	T	C	5649	4049	50	1	1	24	0.000176991	5650	1	FALSE	NA	NA	NA	NA	NA	NA
NC_045512.2	27206	T	G	5664	4074	50	1	1	24	0.000176523	5665	1	FALSE	NA	NA	NA	NA	NA	NA
NC_045512.2	27207	T	G	5673	4082	50	1	1	24	0.000176243	5674	1	FALSE	NA	NA	NA	NA	NA	NA
NC_045512.2	27209	A	C	5639	4085	50	1	0	24	0.000177305	5640	1	FALSE	NA	NA	NA	NA	NA	NA
NC_045512.2	27210	T	C	5849	4366	50	1	1	80	0.00017094	5850	0.500043	FALSE	NA	NA	NA	NA	NA	NA
NC_045512.2	27212	T	G	5913	4521	50	1	1	24	0.00016909	5914	1	FALSE	NA	NA	NA	NA	NA	NA
NC_045512.2	27213	C	T	5670	4558	45	1	1	40	0.000175809	5688	0.499296	FALSE	NA	NA	NA	NA	NA	NA
NC_045512.2	27213	C	A	5670	4558	45	17	0	26	0.00298875	5688	0.999999	FALSE	NA	NA	NA	NA	NA	NA
NC_045512.2	27214	G	T	5858	4480	50	2	2	24	0.000341297	5860	1	FALSE	NA	NA	NA	NA	NA	NA
NC_045512.2	27215	T	G	5848	4483	49	1	1	24	0.000170969	5849	1	FALSE	NA	NA	NA	NA	NA	NA
NC_045512.2	27216	T	G	6270	5041	52	1	1	24	0.000159413	6273	1	FALSE	NA	NA	NA	NA	NA	NA
NC_045512.2	27216	T	C	6270	5041	52	2	2	40	0.000318827	6273	0.24998	FALSE	NA	NA	NA	NA	NA	NA
NC_045512.2	27217	G	A	6287	5063	51	1	1	40	0.000159033	6288	0.50004	FALSE	NA	NA	NA	NA	NA	NA
NC_045512.2	27218	A	G	6300	5108	52	1	1	32	0.000158705	6301	0.992205	FALSE	NA	NA	NA	NA	NA	NA
NC_045512.2	27219	C	T	6305	5166	51	1	1	80	0.000158579	6306	0.50004	FALSE	NA	NA	NA	NA	NA	NA
NC_045512.2	27220	T	G	6285	5146	51	1	1	40	0.000159084	6286	0.50004	FALSE	NA	NA	NA	NA	NA	NA
NC_045512.2	27222	T	C	6281	5150	52	1	1	40	0.000159185	6282	0.50004	FALSE	NA	NA	NA	NA	NA	NA
NC_045512.2	27224	A	C	6307	5210	51	1	0	40	0.000158529	6308	0.50004	FALSE	NA	NA	NA	NA	NA	NA
NC_045512.2	27226	G	T	6208	5101	50	5	5	25	0.000804764	6213	1	FALSE	NA	NA	NA	NA	NA	NA
NC_045512.2	27227	T	G	6216	5117	51	2	2	32	0.000321647	6218	0.964905	FALSE	NA	NA	NA	NA	NA	NA
NC_045512.2	27228	T	G	6218	5214	50	2	2	32	0.000321492	6221	0.964888	FALSE	NA	NA	NA	NA	NA	NA
NC_045512.2	27228	T	C	6218	5214	50	1	1	40	0.000160746	6221	0.49996	FALSE	NA	NA	NA	NA	NA	NA
NC_045512.2	27230	C	G	11565	5796	46	1	0	24	8.64603e-05	11566	1	FALSE	NA	NA	NA	NA	NA	NA
NC_045512.2	27231	T	C	11529	5781	46	4	2	46	0.000346831	11533	0.1875	FALSE	NA	NA	NA	NA	NA	NA
NC_045512.2	27232	A	G	11698	5819	45	2	1	40	0.000170911	11702	0.499968	FALSE	NA	NA	NA	NA	NA	NA
NC_045512.2	27232	A	C	11698	5819	45	2	0	24	0.000170911	11702	1	FALSE	NA	NA	NA	NA	NA	NA
NC_045512.2	27234	A	C	11638	5702	45	4	1	30	0.000343584	11642	0.982458	FALSE	NA	NA	NA	NA	NA	NA
NC_045512.2	27235	G	T	11922	5715	45	1	1	24	8.38715e-05	11923	1	FALSE	NA	NA	NA	NA	NA	NA
NC_045512.2	27238	G	T	9690	3286	40	96	95	25	0.00980893	9787	0.557494	FALSE	NA	NA	NA	NA	NA	NA
NC_045512.2	27238	G	C	9690	3286	40	1	0	24	0.000102176	9787	1	FALSE	NA	NA	NA	NA	NA	NA
NC_045512.2	27239	A	C	11785	5308	45	1	0	40	8.48464e-05	11786	0.750032	FALSE	NA	NA	NA	NA	NA	NA
NC_045512.2	27240	G	C	12279	5341	45	1	0	24	8.14332e-05	12280	1	FALSE	NA	NA	NA	NA	NA	NA
NC_045512.2	27241	A	G	12267	5377	45	3	0	34	0.000244439	12273	0.996312	FALSE	NA	NA	NA	NA	NA	NA
NC_045512.2	27241	A	C	12267	5377	45	3	0	24	0.000244439	12273	1	FALSE	NA	NA	NA	NA	NA	NA
NC_045512.2	27242	T	G	12301	5342	45	1	1	40	8.1281e-05	12303	0.75001	FALSE	NA	NA	NA	NA	NA	NA
NC_045512.2	27242	T	C	12301	5342	45	1	0	40	8.1281e-05	12303	0.75001	FALSE	NA	NA	NA	NA	NA	NA
NC_045512.2	27243	A	G	12261	5377	45	2	0	36	0.000162973	12272	0.999083	FALSE	NA	NA	NA	NA	NA	NA
NC_045512.2	27243	A	C	12261	5377	45	9	0	32	0.000733377	12272	0.808396	FALSE	NA	NA	NA	NA	NA	NA
NC_045512.2	27245	T	G	12381	5314	45	1	1	24	8.07494e-05	12384	1	FALSE	NA	NA	NA	NA	NA	NA
NC_045512.2	27245	T	C	12381	5314	45	2	0	32	0.000161499	12384	0.999087	FALSE	NA	NA	NA	NA	NA	NA
NC_045512.2	27246	A	C	12514	5352	45	5	0	27	0.000399393	12519	1	FALSE	NA	NA	NA	NA	NA	NA
NC_045512.2	27248	T	C	12473	5245	45	1	1	80	8.01667e-05	12474	0.50002	FALSE	NA	NA	NA	NA	NA	NA
NC_045512.2	27249	A	G	12352	5208	44	2	0	80	0.000161878	12355	0.24999	FALSE	NA	NA	NA	NA	NA	NA
NC_045512.2	27249	A	C	12352	5208	44	1	0	24	8.09389e-05	12355	1	FALSE	NA	NA	NA	NA	NA	NA
NC_045512.2	27251	T	G	12661	5161	45	2	2	32	0.00015794	12663	0.999087	FALSE	NA	NA	NA	NA	NA	NA
NC_045512.2	27252	T	G	12677	5178	45	1	1	40	7.88706e-05	12679	0.75001	FALSE	NA	NA	NA	NA	NA	NA
NC_045512.2	27252	T	A	12677	5178	45	1	0	24	7.88706e-05	12679	1	FALSE	NA	NA	NA	NA	NA	NA
NC_045512.2	27253	A	G	12639	5215	44	3	0	40	0.000237229	12646	0.312396	FALSE	NA	NA	NA	NA	NA	NA
NC_045512.2	27253	A	C	12639	5215	44	4	0	28	0.000316306	12646	1	FALSE	NA	NA	NA	NA	NA	NA
NC_045512.2	27254	T	C	12662	5161	44	3	0	29	0.000236873	12665	1	FALSE	NA	NA	NA	NA	NA	NA
NC_045512.2	27256	A	G	12651	5225	44	1	1	24	7.90326e-05	12653	1	FALSE	NA	NA	NA	NA	NA	NA
NC_045512.2	27256	A	C	12651	5225	44	1	0	40	7.90326e-05	12653	0.75001	FALSE	NA	NA	NA	NA	NA	NA
NC_045512.2	27257	T	G	12691	5212	45	3	2	37	0.000236276	12697	0.996312	FALSE	NA	NA	NA	NA	NA	NA
NC_045512.2	27257	T	C	12691	5212	45	3	0	37	0.000236276	12697	0.996312	FALSE	NA	NA	NA	NA	NA	NA
NC_045512.2	27258	G	T	12663	5197	44	1	1	24	7.8964e-05	12664	1	FALSE	NA	NA	NA	NA	NA	NA
NC_045512.2	27258	G	-A	12663	5197	44	1	0	20	7.8964e-05	12664	1	FALSE	NA	NA	NA	NA	NA	NA
NC_045512.2	27259	A	T	0	0	0	1	0	40	7.90077e-05	12657	0.000158003	TRUE	NA	NA	NA	NA	NA	NA
NC_045512.2	27259	A	C	0	0	0	12656	5237	44	0.999921	12657	0	TRUE	NA	NA	NA	NA	NA	NA
NC_045512.2	27260	G	C	12609	5145	44	1	0	40	7.92959e-05	12611	0.75001	FALSE	NA	NA	NA	NA	NA	NA
NC_045512.2	27260	G	A	12609	5145	44	1	0	40	7.92959e-05	12611	0.75001	FALSE	NA	NA	NA	NA	NA	NA
NC_045512.2	27262	A	G	12618	5165	45	1	0	40	7.92456e-05	12619	0.75003	FALSE	NA	NA	NA	NA	NA	NA
NC_045512.2	27263	C	T	13404	5194	44	1	1	80	7.4599e-05	13405	0.500019	FALSE	NA	NA	NA	NA	NA	NA
NC_045512.2	27264	T	G	13377	5175	44	1	1	40	7.47384e-05	13380	0.749991	FALSE	NA	NA	NA	NA	NA	NA
NC_045512.2	27264	T	C	13377	5175	44	2	0	40	0.000149477	13380	0.5	FALSE	NA	NA	NA	NA	NA	NA
NC_045512.2	27265	T	G	13376	5158	44	3	3	24	0.000224232	13379	1	FALSE	NA	NA	NA	NA	NA	NA
NC_045512.2	27266	T	G	13378	5178	44	1	1	24	7.47217e-05	13383	1	FALSE	NA	NA	NA	NA	NA	NA
NC_045512.2	27266	T	C	13378	5178	44	4	1	32	0.000298887	13383	0.993651	FALSE	NA	NA	NA	NA	NA	NA
NC_045512.2	27267	T	C	13366	5224	44	1	0	40	7.48111e-05	13367	0.750028	FALSE	NA	NA	NA	NA	NA	NA
NC_045512.2	27268	A	G	13282	5296	43	1	1	24	7.52785e-05	13284	1	FALSE	NA	NA	NA	NA	NA	NA
NC_045512.2	27268	A	C	13282	5296	43	1	0	24	7.52785e-05	13284	1	FALSE	NA	NA	NA	NA	NA	NA
NC_045512.2	27269	A	G	13342	5289	44	1	1	24	7.49344e-05	13345	1	FALSE	NA	NA	NA	NA	NA	NA
NC_045512.2	27269	A	C	13342	5289	44	2	0	24	0.000149869	13345	1	FALSE	NA	NA	NA	NA	NA	NA
NC_045512.2	27270	A	G	13362	5273	44	1	1	24	7.48279e-05	13364	1	FALSE	NA	NA	NA	NA	NA	NA
NC_045512.2	27270	A	C	13362	5273	44	1	0	24	7.48279e-05	13364	1	FALSE	NA	NA	NA	NA	NA	NA
NC_045512.2	27272	T	G	13094	4981	44	1	1	24	7.63592e-05	13096	1	FALSE	NA	NA	NA	NA	NA	NA
NC_045512.2	27272	T	C	13094	4981	44	1	1	24	7.63592e-05	13096	1	FALSE	NA	NA	NA	NA	NA	NA
NC_045512.2	27273	T	C	13088	5006	44	2	1	60	0.000152788	13090	0.25001	FALSE	NA	NA	NA	NA	NA	NA
NC_045512.2	27274	T	G	13081	5003	44	2	2	32	0.00015287	13083	0.999513	FALSE	NA	NA	NA	NA	NA	NA
NC_045512.2	27275	C	A	13023	5032	44	1	0	24	7.67813e-05	13024	1	FALSE	NA	NA	NA	NA	NA	NA
NC_045512.2	27276	C	A	13075	5048	44	1	0	24	7.6476e-05	13076	1	FALSE	NA	NA	NA	NA	NA	NA
NC_045512.2	27277	A	C	13117	5115	44	1	0	24	7.62311e-05	13118	1	FALSE	NA	NA	NA	NA	NA	NA
NC_045512.2	27278	T	G	13131	5181	45	1	1	24	7.61499e-05	13132	1	FALSE	NA	NA	NA	NA	NA	NA
NC_045512.2	27279	T	G	13111	5155	45	1	1	24	7.62602e-05	13113	1	FALSE	NA	NA	NA	NA	NA	NA
NC_045512.2	27279	T	C	13111	5155	45	1	1	48	7.62602e-05	13113	0.75001	FALSE	NA	NA	NA	NA	NA	NA
NC_045512.2	27280	T	G	13130	5169	45	3	3	24	0.000228432	13133	1	FALSE	NA	NA	NA	NA	NA	NA
NC_045512.2	27281	G	C	13111	5156	45	1	1	40	7.6266e-05	13112	0.750029	FALSE	NA	NA	NA	NA	NA	NA
NC_045512.2	27282	G	T	13167	5222	45	2	1	32	0.000151872	13169	0.999513	FALSE	NA	NA	NA	NA	NA	NA
NC_045512.2	27283	A	G	13140	5248	45	2	2	40	0.000152184	13142	0.500029	FALSE	NA	NA	NA	NA	NA	NA
NC_045512.2	27284	A	G	13222	5250	45	2	1	40	0.00015124	13224	0.500028	FALSE	NA	NA	NA	NA	NA	NA
NC_045512.2	27285	T	G	13242	5238	45	1	0	40	7.55059e-05	13244	0.750009	FALSE	NA	NA	NA	NA	NA	NA
NC_045512.2	27285	T	C	13242	5238	45	1	0	40	7.55059e-05	13244	0.750009	FALSE	NA	NA	NA	NA	NA	NA
NC_045512.2	27287	T	G	13321	5299	45	2	2	24	0.000150105	13324	1	FALSE	NA	NA	NA	NA	NA	NA
NC_045512.2	27287	T	C	13321	5299	45	1	0	24	7.50525e-05	13324	1	FALSE	NA	NA	NA	NA	NA	NA
NC_045512.2	27288	T	G	13443	5328	45	3	3	24	0.000223098	13447	1	FALSE	NA	NA	NA	NA	NA	NA
NC_045512.2	27288	T	C	13443	5328	45	1	0	40	7.4366e-05	13447	0.749972	FALSE	NA	NA	NA	NA	NA	NA
NC_045512.2	27289	G	A	13490	5362	45	1	0	32	7.41235e-05	13491	0.999939	FALSE	NA	NA	NA	NA	NA	NA
NC_045512.2	27290	A	G	13436	5379	45	3	1	40	0.000223231	13439	0.312514	FALSE	NA	NA	NA	NA	NA	NA
NC_045512.2	27291	T	G	13434	5336	45	3	3	24	0.000223231	13439	1	FALSE	NA	NA	NA	NA	NA	NA
NC_045512.2	27291	T	C	13434	5336	45	2	2	32	0.000148821	13439	0.999513	FALSE	NA	NA	NA	NA	NA	NA
NC_045512.2	27292	T	G	13365	5328	44	3	2	24	0.000224366	13371	1	FALSE	NA	NA	NA	NA	NA	NA
NC_045512.2	27292	T	C	13365	5328	44	3	0	37	0.000224366	13371	0.997913	FALSE	NA	NA	NA	NA	NA	NA
NC_045512.2	27294	C	T	14345	5443	44	2	1	32	0.000139383	14349	0.999741	FALSE	NA	NA	NA	NA	NA	NA
NC_045512.2	27294	C	A	14345	5443	44	2	0	24	0.000139383	14349	1	FALSE	NA	NA	NA	NA	NA	NA
NC_045512.2	27295	A	G	14460	5356	45	1	1	40	6.91467e-05	14462	0.750009	FALSE	NA	NA	NA	NA	NA	NA
NC_045512.2	27295	A	C	14460	5356	45	1	0	24	6.91467e-05	14462	1	FALSE	NA	NA	NA	NA	NA	NA
NC_045512.2	27296	T	C	15028	5333	45	1	1	40	6.6538e-05	15029	0.750025	FALSE	NA	NA	NA	NA	NA	NA
NC_045512.2	27297	C	T	10960	4858	45	3997	430	46	0.267233	14957	0	TRUE	NA	NA	NA	NA	NA	NA
NC_045512.2	27298	A	G	14915	5296	45	1	1	24	6.70286e-05	14919	1	FALSE	NA	NA	NA	NA	NA	NA
NC_045512.2	27298	A	C	14915	5296	45	3	0	24	0.000201086	14919	1	FALSE	NA	NA	NA	NA	NA	NA
NC_045512.2	27299	T	G	14924	5280	45	3	3	29	0.000200978	14927	1	FALSE	NA	NA	NA	NA	NA	NA
NC_045512.2	27300	A	G	14892	5385	45	2	1	40	0.000134264	14896	0.499975	FALSE	NA	NA	NA	NA	NA	NA
NC_045512.2	27300	A	C	14892	5385	45	2	0	24	0.000134264	14896	1	FALSE	NA	NA	NA	NA	NA	NA
NC_045512.2	27301	A	G	14893	5383	45	1	0	40	6.71411e-05	14894	0.750025	FALSE	NA	NA	NA	NA	NA	NA
NC_045512.2	27302	A	C	14896	5367	45	1	0	24	6.71276e-05	14897	1	FALSE	NA	NA	NA	NA	NA	NA
NC_045512.2	27305	T	C	14307	4730	45	2	0	32	0.000139772	14309	0.999742	FALSE	NA	NA	NA	NA	NA	NA
NC_045512.2	27306	C	T	14115	4736	43	1	0	40	7.08165e-05	14121	0.749938	FALSE	NA	NA	NA	NA	NA	NA
NC_045512.2	27306	C	G	14115	4736	43	1	1	40	7.08165e-05	14121	0.749938	FALSE	NA	NA	NA	NA	NA	NA
NC_045512.2	27306	C	A	14115	4736	43	4	0	24	0.000283266	14121	1	FALSE	NA	NA	NA	NA	NA	NA
NC_045512.2	27307	A	G	14257	4758	45	4	0	50	0.000280426	14264	0.0624693	FALSE	NA	NA	NA	NA	NA	NA
NC_045512.2	27307	A	C	14257	4758	45	3	0	24	0.00021032	14264	1	FALSE	NA	NA	NA	NA	NA	NA
NC_045512.2	27308	T	G	14306	4734	45	2	2	24	0.000139782	14308	1	FALSE	NA	NA	NA	NA	NA	NA
NC_045512.2	27309	A	G	14241	4981	46	1	0	40	7.0205e-05	14244	0.749991	FALSE	NA	NA	NA	NA	NA	NA
NC_045512.2	27309	A	C	14241	4981	46	2	0	24	0.00014041	14244	1	FALSE	NA	NA	NA	NA	NA	NA
NC_045512.2	27310	A	C	14321	4989	46	1	0	24	6.98227e-05	14322	1	FALSE	NA	NA	NA	NA	NA	NA
NC_045512.2	27311	T	C	14344	4977	47	1	1	64	6.97107e-05	14345	0.500017	FALSE	NA	NA	NA	NA	NA	NA
NC_045512.2	27312	T	C	14210	4836	45	2	1	24	0.000140726	14212	1	FALSE	NA	NA	NA	NA	NA	NA
NC_045512.2	27313	A	G	14193	4921	46	1	1	24	7.04374e-05	14197	1	FALSE	NA	NA	NA	NA	NA	NA
NC_045512.2	27313	A	C	14193	4921	46	3	0	29	0.000211312	14197	1	FALSE	NA	NA	NA	NA	NA	NA
NC_045512.2	27314	A	G	14209	4922	46	1	1	40	7.03631e-05	14212	0.749991	FALSE	NA	NA	NA	NA	NA	NA
NC_045512.2	27314	A	C	14209	4922	46	2	0	24	0.000140726	14212	1	FALSE	NA	NA	NA	NA	NA	NA
NC_045512.2	27315	A	G	14266	4989	47	2	1	60	0.000140174	14268	0.250009	FALSE	NA	NA	NA	NA	NA	NA
NC_045512.2	27316	A	G	14261	4989	47	1	0	80	7.01115e-05	14263	0.5	FALSE	NA	NA	NA	NA	NA	NA
NC_045512.2	27316	A	C	14261	4989	47	1	0	24	7.01115e-05	14263	1	FALSE	NA	NA	NA	NA	NA	NA
NC_045512.2	27317	A	G	14278	5041	47	2	0	40	0.000140056	14280	0.500026	FALSE	NA	NA	NA	NA	NA	NA
NC_045512.2	27318	T	C	14268	5031	47	2	2	24	0.000140154	14270	1	FALSE	NA	NA	NA	NA	NA	NA
NC_045512.2	27320	T	G	14264	5177	48	1	1	24	7.01016e-05	14265	1	FALSE	NA	NA	NA	NA	NA	NA
NC_045512.2	27321	A	T	14207	5239	47	1	0	40	7.03829e-05	14208	0.750026	FALSE	NA	NA	NA	NA	NA	NA
NC_045512.2	27322	T	G	14283	5208	48	2	2	40	0.000139987	14287	0.499974	FALSE	NA	NA	NA	NA	NA	NA
NC_045512.2	27322	T	C	14283	5208	48	2	0	32	0.000139987	14287	0.999741	FALSE	NA	NA	NA	NA	NA	NA
NC_045512.2	27324	T	G	14302	5199	48	3	3	24	0.000209717	14305	1	FALSE	NA	NA	NA	NA	NA	NA
NC_045512.2	27325	A	G	14174	5227	47	1	1	24	7.05069e-05	14183	1	FALSE	NA	NA	NA	NA	NA	NA
NC_045512.2	27325	A	C	14174	5227	47	8	0	30	0.000564056	14183	0.933175	FALSE	NA	NA	NA	NA	NA	NA
NC_045512.2	27326	A	G	14172	5229	46	2	2	32	0.000141093	14175	0.999741	FALSE	NA	NA	NA	NA	NA	NA
NC_045512.2	27326	A	C	14172	5229	46	1	0	24	7.05467e-05	14175	1	FALSE	NA	NA	NA	NA	NA	NA
NC_045512.2	27327	G	A	14568	5225	48	1	0	24	6.86389e-05	14569	1	FALSE	NA	NA	NA	NA	NA	NA
NC_045512.2	27330	A	G	14664	5564	50	5	3	30	0.000340832	14670	0.990413	FALSE	NA	NA	NA	NA	NA	NA
NC_045512.2	27330	A	C	14664	5564	50	1	0	24	6.81663e-05	14670	1	FALSE	NA	NA	NA	NA	NA	NA
NC_045512.2	27332	T	C	14669	5624	50	3	1	34	0.000204471	14672	0.998829	FALSE	NA	NA	NA	NA	NA	NA
NC_045512.2	27332	T	-A	14669	5624	50	1	0	20	6.8157e-05	14672	1	FALSE	NA	NA	NA	NA	NA	NA
NC_045512.2	27333	A	C	14627	5681	50	2	1	32	0.000136715	14629	0.999741	FALSE	NA	NA	NA	NA	NA	NA
NC_045512.2	27334	A	G	14601	5661	50	5	2	33	0.000342302	14607	0.990414	FALSE	NA	NA	NA	NA	NA	NA
NC_045512.2	27334	A	C	14601	5661	50	1	0	24	6.84603e-05	14607	1	FALSE	NA	NA	NA	NA	NA	NA
NC_045512.2	27335	C	T	14691	5675	50	6	5	40	0.000408247	14697	0.0624888	FALSE	NA	NA	NA	NA	NA	NA
NC_045512.2	27336	T	G	14048	5120	51	4	4	28	0.000284637	14053	1	FALSE	NA	NA	NA	NA	NA	NA
NC_045512.2	27336	T	C	14048	5120	51	1	0	80	7.11592e-05	14053	0.499947	FALSE	NA	NA	NA	NA	NA	NA
NC_045512.2	27338	A	G	13748	4870	51	3	0	40	0.000218166	13751	0.312514	FALSE	NA	NA	NA	NA	NA	NA
NC_045512.2	27339	G	A	14009	4897	51	1	0	24	7.13776e-05	14010	1	FALSE	NA	NA	NA	NA	NA	NA
NC_045512.2	27340	A	G	13959	4898	51	4	2	39	0.000286471	13963	0.993653	FALSE	NA	NA	NA	NA	NA	NA
NC_045512.2	27341	A	G	13972	4899	51	2	1	32	0.000143123	13974	0.999513	FALSE	NA	NA	NA	NA	NA	NA
NC_045512.2	27342	T	G	13992	4857	50	2	1	32	0.000142918	13994	0.999513	FALSE	NA	NA	NA	NA	NA	NA
NC_045512.2	27344	A	T	13914	4847	51	3	2	40	0.000215533	13919	0.31246	FALSE	NA	NA	NA	NA	NA	NA
NC_045512.2	27344	A	G	13914	4847	51	1	1	24	7.18442e-05	13919	1	FALSE	NA	NA	NA	NA	NA	NA
NC_045512.2	27344	A	C	13914	4847	51	1	0	32	7.18442e-05	13919	0.999939	FALSE	NA	NA	NA	NA	NA	NA
NC_045512.2	27345	A	T	13913	4838	51	3	2	40	0.000215502	13921	0.312379	FALSE	NA	NA	NA	NA	NA	NA
NC_045512.2	27345	A	G	13913	4838	51	3	1	42	0.000215502	13921	0.312379	FALSE	NA	NA	NA	NA	NA	NA
NC_045512.2	27345	A	C	13913	4838	51	2	1	32	0.000143668	13921	0.999512	FALSE	NA	NA	NA	NA	NA	NA
NC_045512.2	27349	T	C	10681	2005	53	1	0	40	9.36154e-05	10682	0.750035	FALSE	NA	NA	NA	NA	NA	NA
NC_045512.2	27350	C	T	10679	2081	54	1	1	80	9.36242e-05	10681	0.5	FALSE	NA	NA	NA	NA	NA	NA
NC_045512.2	27350	C	G	10679	2081	54	1	0	40	9.36242e-05	10681	0.750012	FALSE	NA	NA	NA	NA	NA	NA
NC_045512.2	27351	T	C	10682	2074	53	1	0	40	9.36067e-05	10683	0.750035	FALSE	NA	NA	NA	NA	NA	NA
NC_045512.2	27352	C	A	10342	2116	50	25	0	27	0.0024115	10367	1	FALSE	NA	NA	NA	NA	NA	NA
NC_045512.2	27353	A	C	10746	2113	53	1	0	24	9.30492e-05	10747	1	FALSE	NA	NA	NA	NA	NA	NA
NC_045512.2	27354	A	C	10753	2122	53	2	0	24	0.00018596	10755	1	FALSE	NA	NA	NA	NA	NA	NA
NC_045512.2	27355	T	C	10795	2115	53	1	0	24	9.26269e-05	10796	1	FALSE	NA	NA	NA	NA	NA	NA
NC_045512.2	27356	T	C	10815	2117	53	1	0	24	9.24556e-05	10816	1	FALSE	NA	NA	NA	NA	NA	NA
NC_045512.2	27357	A	C	10770	2135	53	4	0	28	0.000371264	10774	1	FALSE	NA	NA	NA	NA	NA	NA
NC_045512.2	27358	G	T	11028	2149	54	1	0	40	9.06701e-05	11029	0.750034	FALSE	NA	NA	NA	NA	NA	NA
NC_045512.2	27359	A	G	10999	2340	55	3	1	56	0.000272653	11003	0.124983	FALSE	NA	NA	NA	NA	NA	NA
NC_045512.2	27359	A	C	10999	2340	55	1	0	24	9.08843e-05	11003	1	FALSE	NA	NA	NA	NA	NA	NA
NC_045512.2	27360	T	G	11017	2352	55	1	1	32	9.07523e-05	11019	0.999757	FALSE	NA	NA	NA	NA	NA	NA
NC_045512.2	27360	T	C	11017	2352	55	1	0	24	9.07523e-05	11019	1	FALSE	NA	NA	NA	NA	NA	NA
NC_045512.2	27361	G	T	10996	2348	51	1	1	24	9.09339e-05	10997	1	FALSE	NA	NA	NA	NA	NA	NA
NC_045512.2	27361	G	-A	10996	2348	51	1	0	20	9.09339e-05	10997	1	FALSE	NA	NA	NA	NA	NA	NA
NC_045512.2	27363	A	G	10907	2419	55	2	1	46	0.000183301	10911	0.499966	FALSE	NA	NA	NA	NA	NA	NA
NC_045512.2	27363	A	C	10907	2419	55	2	0	32	0.000183301	10911	0.996831	FALSE	NA	NA	NA	NA	NA	NA
NC_045512.2	27365	A	C	10955	2618	56	3	0	24	0.000273773	10958	1	FALSE	NA	NA	NA	NA	NA	NA
NC_045512.2	27366	G	C	10990	2617	56	1	0	40	9.09835e-05	10991	0.750034	FALSE	NA	NA	NA	NA	NA	NA
NC_045512.2	27368	A	G	10946	2713	56	1	0	40	9.13325e-05	10949	0.749989	FALSE	NA	NA	NA	NA	NA	NA
NC_045512.2	27368	A	C	10946	2713	56	2	0	24	0.000182665	10949	1	FALSE	NA	NA	NA	NA	NA	NA
NC_045512.2	27369	A	G	10802	2974	56	1	0	24	9.25583e-05	10804	1	FALSE	NA	NA	NA	NA	NA	NA
NC_045512.2	27369	A	C	10802	2974	56	1	0	32	9.25583e-05	10804	0.999513	FALSE	NA	NA	NA	NA	NA	NA
NC_045512.2	27370	C	A	10553	3102	53	17	0	27	0.00160833	10570	1	FALSE	NA	NA	NA	NA	NA	NA
NC_045512.2	27372	A	G	10832	3077	56	1	0	40	9.2302e-05	10834	0.750012	FALSE	NA	NA	NA	NA	NA	NA
NC_045512.2	27372	A	C	10832	3077	56	1	0	40	9.2302e-05	10834	0.750012	FALSE	NA	NA	NA	NA	NA	NA
NC_045512.2	27373	A	C	10832	3088	55	1	0	24	9.23105e-05	10833	1	FALSE	NA	NA	NA	NA	NA	NA
NC_045512.2	27376	G	T	10260	2976	49	17	17	25	0.00165418	10277	1	FALSE	NA	NA	NA	NA	NA	NA
NC_045512.2	27377	A	G	10542	3378	55	2	0	32	0.000189645	10546	0.996832	FALSE	NA	NA	NA	NA	NA	NA
NC_045512.2	27377	A	C	10542	3378	55	2	0	24	0.000189645	10546	1	FALSE	NA	NA	NA	NA	NA	NA
NC_045512.2	27378	G	A	10543	3388	55	2	0	80	0.000189663	10545	0.250012	FALSE	NA	NA	NA	NA	NA	NA
NC_045512.2	27379	A	G	10477	3430	55	1	0	40	9.54381e-05	10478	0.750036	FALSE	NA	NA	NA	NA	NA	NA
NC_045512.2	27380	T	C	10397	3468	54	1	0	80	9.61723e-05	10398	0.500024	FALSE	NA	NA	NA	NA	NA	NA
NC_045512.2	27382	G	C	0	0	0	8656	4230	49	1	8656	0	TRUE	NA	NA	NA	NA	NA	NA
NC_045512.2	27383	A	T	0	0	0	8630	4209	49	0.999768	8632	0	TRUE	NA	NA	NA	NA	NA	NA
NC_045512.2	27383	A	C	0	0	0	2	1	52	0.000231696	8632	2.68384e-08	TRUE	NA	NA	NA	NA	NA	NA
NC_045512.2	27384	T	C	0	0	0	8139	4268	42	1	8139	0	TRUE	NA	NA	NA	NA	NA	NA
NC_045512.2	27385	T	G	8936	4484	49	2	2	32	0.000223714	8940	0.98927	FALSE	NA	NA	NA	NA	NA	NA
NC_045512.2	27385	T	C	8936	4484	49	2	0	24	0.000223714	8940	1	FALSE	NA	NA	NA	NA	NA	NA
NC_045512.2	27385	T	+CG	8936	4484	49	1	0	20	0.000111857	8940	1	FALSE	NA	NA	NA	NA	NA	NA
NC_045512.2	27387	A	C	9114	4780	50	1	0	24	0.000109709	9115	1	FALSE	NA	NA	NA	NA	NA	NA
NC_045512.2	27388	A	G	9149	4808	50	1	1	40	0.00010929	9150	0.500027	FALSE	NA	NA	NA	NA	NA	NA
NC_045512.2	27391	A	G	9155	4812	50	1	1	24	0.000109206	9157	1	FALSE	NA	NA	NA	NA	NA	NA
NC_045512.2	27391	A	C	9155	4812	50	1	0	24	0.000109206	9157	1	FALSE	NA	NA	NA	NA	NA	NA
NC_045512.2	27392	A	G	9253	4963	50	1	1	24	0.000108061	9254	1	FALSE	NA	NA	NA	NA	NA	NA
NC_045512.2	27393	C	A	9306	5010	51	1	0	40	0.000107446	9307	0.500027	FALSE	NA	NA	NA	NA	NA	NA
NC_045512.2	27394	A	C	9380	5199	51	1	0	24	0.000106598	9381	1	FALSE	NA	NA	NA	NA	NA	NA
NC_045512.2	27395	T	A	9335	5178	51	1	0	24	0.000107112	9336	1	FALSE	NA	NA	NA	NA	NA	NA
NC_045512.2	27396	G	A	9391	5242	51	1	1	80	0.000106474	9392	0.500027	FALSE	NA	NA	NA	NA	NA	NA
NC_045512.2	27397	A	T	9321	5298	50	1	1	64	0.000107273	9322	0.500027	FALSE	NA	NA	NA	NA	NA	NA
NC_045512.2	27398	A	G	9334	5299	50	3	3	34	0.000321302	9337	0.980752	FALSE	NA	NA	NA	NA	NA	NA
NC_045512.2	27399	A	G	9335	5357	50	1	0	64	0.000107112	9336	0.500027	FALSE	NA	NA	NA	NA	NA	NA
NC_045512.2	27400	A	T	9358	5357	50	1	0	40	0.000106838	9360	0.5	FALSE	NA	NA	NA	NA	NA	NA
NC_045512.2	27400	A	G	9358	5357	50	1	1	36	0.000106838	9360	0.999026	FALSE	NA	NA	NA	NA	NA	NA
NC_045512.2	27401	T	C	9325	5355	50	1	1	40	0.000107227	9326	0.500027	FALSE	NA	NA	NA	NA	NA	NA
NC_045512.2	27403	A	G	9293	5480	50	1	1	52	0.000107596	9294	0.500027	FALSE	NA	NA	NA	NA	NA	NA
NC_045512.2	27405	T	G	9298	5532	50	1	1	24	0.000107515	9301	1	FALSE	NA	NA	NA	NA	NA	NA
NC_045512.2	27405	T	C	9298	5532	50	2	1	52	0.000215031	9301	0.249987	FALSE	NA	NA	NA	NA	NA	NA
NC_045512.2	27407	T	G	9264	5535	50	1	1	24	0.000107921	9266	1	FALSE	NA	NA	NA	NA	NA	NA
NC_045512.2	27407	T	C	9264	5535	50	1	0	80	0.000107921	9266	0.5	FALSE	NA	NA	NA	NA	NA	NA
NC_045512.2	27408	T	G	9238	5503	49	1	0	32	0.00010819	9243	0.999024	FALSE	NA	NA	NA	NA	NA	NA
NC_045512.2	27408	T	C	9238	5503	49	4	4	46	0.00043276	9243	0.0624797	FALSE	NA	NA	NA	NA	NA	NA
NC_045512.2	27409	T	C	9410	5753	50	3	2	40	0.000318708	9413	0.125	FALSE	NA	NA	NA	NA	NA	NA
NC_045512.2	27412	T	G	9372	5715	50	2	2	24	0.000213356	9374	1	FALSE	NA	NA	NA	NA	NA	NA
NC_045512.2	27414	G	C	9055	5934	48	1	1	40	0.000110412	9057	0.5	FALSE	NA	NA	NA	NA	NA	NA
NC_045512.2	27414	G	A	9055	5934	48	1	0	24	0.000110412	9057	1	FALSE	NA	NA	NA	NA	NA	NA
NC_045512.2	27415	G	C	9222	6100	49	1	1	40	0.000108425	9223	0.500027	FALSE	NA	NA	NA	NA	NA	NA
NC_045512.2	27417	A	G	9209	6110	49	2	2	40	0.000217132	9211	0.250014	FALSE	NA	NA	NA	NA	NA	NA
NC_045512.2	27419	T	G	9729	6849	50	1	1	24	0.000102764	9731	1	FALSE	NA	NA	NA	NA	NA	NA
NC_045512.2	27419	T	C	9729	6849	50	1	1	40	0.000102764	9731	0.5	FALSE	NA	NA	NA	NA	NA	NA
NC_045512.2	27423	A	G	9953	7036	51	2	2	60	0.000200884	9956	0.249987	FALSE	NA	NA	NA	NA	NA	NA
NC_045512.2	27423	A	C	9953	7036	51	1	0	32	0.000100442	9956	0.999025	FALSE	NA	NA	NA	NA	NA	NA
NC_045512.2	27425	C	T	10339	7538	51	1	1	40	9.67118e-05	10340	0.750036	FALSE	NA	NA	NA	NA	NA	NA
NC_045512.2	27426	A	G	10315	7524	51	2	2	28	0.000193836	10318	1	FALSE	NA	NA	NA	NA	NA	NA
NC_045512.2	27426	A	C	10315	7524	51	1	0	24	9.6918e-05	10318	1	FALSE	NA	NA	NA	NA	NA	NA
NC_045512.2	27428	T	G	10161	7388	51	1	1	40	9.83961e-05	10163	0.750012	FALSE	NA	NA	NA	NA	NA	NA
NC_045512.2	27428	T	C	10161	7388	51	1	1	40	9.83961e-05	10163	0.750012	FALSE	NA	NA	NA	NA	NA	NA
NC_045512.2	27432	T	C	10057	7291	52	2	2	80	0.000198827	10059	0.250012	FALSE	NA	NA	NA	NA	NA	NA
NC_045512.2	27434	C	T	10073	7373	51	1	1	80	9.92556e-05	10075	0.5	FALSE	NA	NA	NA	NA	NA	NA
NC_045512.2	27434	C	A	10073	7373	51	1	0	24	9.92556e-05	10075	1	FALSE	NA	NA	NA	NA	NA	NA
NC_045512.2	27436	T	G	10417	7845	52	2	2	40	0.000191939	10420	0.5	FALSE	NA	NA	NA	NA	NA	NA
NC_045512.2	27436	T	C	10417	7845	52	1	1	24	9.59693e-05	10420	1	FALSE	NA	NA	NA	NA	NA	NA
NC_045512.2	27438	T	G	10286	7823	52	3	3	29	0.000291545	10290	1	FALSE	NA	NA	NA	NA	NA	NA
NC_045512.2	27438	T	C	10286	7823	52	1	1	40	9.71817e-05	10290	0.749964	FALSE	NA	NA	NA	NA	NA	NA
NC_045512.2	27440	A	G	10214	7838	52	2	2	40	0.000195771	10216	0.500037	FALSE	NA	NA	NA	NA	NA	NA
NC_045512.2	27441	G	A	10243	7850	52	2	2	40	0.000195217	10245	0.500037	FALSE	NA	NA	NA	NA	NA	NA
NC_045512.2	27444	T	C	10308	8419	51	2	2	40	0.000193986	10310	0.500036	FALSE	NA	NA	NA	NA	NA	NA
NC_045512.2	27446	A	T	10741	9292	50	1	1	40	9.30492e-05	10747	0.749919	FALSE	NA	NA	NA	NA	NA	NA
NC_045512.2	27446	A	G	10741	9292	50	1	1	32	9.30492e-05	10747	0.999512	FALSE	NA	NA	NA	NA	NA	NA
NC_045512.2	27446	A	C	10741	9292	50	4	4	36	0.000372197	10747	0.971342	FALSE	NA	NA	NA	NA	NA	NA
NC_045512.2	27448	C	A	10763	9539	48	1	1	40	9.29023e-05	10764	0.750035	FALSE	NA	NA	NA	NA	NA	NA
NC_045512.2	27449	A	G	10754	9531	48	1	1	64	9.298e-05	10755	0.500023	FALSE	NA	NA	NA	NA	NA	NA
NC_045512.2	27450	C	T	10750	9517	47	1	0	80	9.30146e-05	10751	0.500023	FALSE	NA	NA	NA	NA	NA	NA
NC_045512.2	27451	T	C	10574	9324	47	2	2	32	0.000189107	10576	0.996835	FALSE	NA	NA	NA	NA	NA	NA
NC_045512.2	27451	T	-A	10574	9324	47	1	0	20	9.45537e-05	10576	1	FALSE	NA	NA	NA	NA	NA	NA
NC_045512.2	27452	A	G	10685	9436	48	1	1	24	9.35804e-05	10686	1	FALSE	NA	NA	NA	NA	NA	NA
NC_045512.2	27454	C	G	10666	9462	48	2	2	40	0.000187477	10668	0.500035	FALSE	NA	NA	NA	NA	NA	NA
NC_045512.2	27456	A	G	10656	9452	48	1	1	40	9.3835e-05	10657	0.750035	FALSE	NA	NA	NA	NA	NA	NA
NC_045512.2	27459	G	A	10680	9451	48	2	2	36	0.000187231	10682	0.996834	FALSE	NA	NA	NA	NA	NA	NA
NC_045512.2	27460	T	G	10223	9004	48	3	3	24	0.000293341	10227	1	FALSE	NA	NA	NA	NA	NA	NA
NC_045512.2	27460	T	C	10223	9004	48	1	1	24	9.77804e-05	10227	1	FALSE	NA	NA	NA	NA	NA	NA
NC_045512.2	27461	G	A	10317	9089	49	2	1	80	0.000193817	10319	0.250012	FALSE	NA	NA	NA	NA	NA	NA
NC_045512.2	27461	G	+C	10317	9089	49	1	0	20	9.69086e-05	10319	1	FALSE	NA	NA	NA	NA	NA	NA
NC_045512.2	27462	T	G	10236	9005	49	1	1	40	9.76658e-05	10239	0.749988	FALSE	NA	NA	NA	NA	NA	NA
NC_045512.2	27462	T	C	10236	9005	49	2	2	32	0.000195332	10239	0.996833	FALSE	NA	NA	NA	NA	NA	NA
NC_045512.2	27463	G	T	10250	9016	49	1	1	24	9.75229e-05	10254	1	FALSE	NA	NA	NA	NA	NA	NA
NC_045512.2	27463	G	C	10250	9016	49	2	2	40	0.000195046	10254	0.499963	FALSE	NA	NA	NA	NA	NA	NA
NC_045512.2	27463	G	A	10250	9016	49	1	1	40	9.75229e-05	10254	0.749963	FALSE	NA	NA	NA	NA	NA	NA
NC_045512.2	27464	T	G	10208	8973	48	4	4	32	0.000391696	10212	0.971367	FALSE	NA	NA	NA	NA	NA	NA
NC_045512.2	27465	T	G	10190	8955	48	4	4	28	0.000392311	10196	1	FALSE	NA	NA	NA	NA	NA	NA
NC_045512.2	27465	T	C	10190	8955	48	2	2	40	0.000196155	10196	0.49989	FALSE	NA	NA	NA	NA	NA	NA
NC_045512.2	27466	A	G	10138	8923	49	1	1	80	9.86291e-05	10139	0.500025	FALSE	NA	NA	NA	NA	NA	NA
NC_045512.2	27467	G	T	9119	7893	43	36	36	25	0.00393228	9155	1	FALSE	NA	NA	NA	NA	NA	NA
NC_045512.2	27468	A	G	10098	8855	49	2	2	40	0.00019802	10100	0.500037	FALSE	NA	NA	NA	NA	NA	NA
NC_045512.2	27470	G	T	9874	8623	49	2	2	52	0.000202491	9877	0.249987	FALSE	NA	NA	NA	NA	NA	NA
NC_045512.2	27470	G	A	9874	8623	49	1	1	40	0.000101245	9877	0.499975	FALSE	NA	NA	NA	NA	NA	NA
NC_045512.2	27471	T	G	9685	8447	49	2	2	24	0.000206441	9688	1	FALSE	NA	NA	NA	NA	NA	NA
NC_045512.2	27471	T	C	9685	8447	49	1	1	40	0.00010322	9688	0.499974	FALSE	NA	NA	NA	NA	NA	NA
NC_045512.2	27472	A	G	9683	8478	49	1	1	80	0.000103263	9684	0.500026	FALSE	NA	NA	NA	NA	NA	NA
NC_045512.2	27473	C	T	9697	8485	49	1	1	40	0.000103103	9699	0.5	FALSE	NA	NA	NA	NA	NA	NA
NC_045512.2	27473	C	G	9697	8485	49	1	1	40	0.000103103	9699	0.5	FALSE	NA	NA	NA	NA	NA	NA
NC_045512.2	27475	A	G	9695	8478	49	4	4	36	0.000412414	9699	0.953929	FALSE	NA	NA	NA	NA	NA	NA
NC_045512.2	27476	C	T	9689	8483	49	1	1	40	0.000103199	9690	0.500026	FALSE	NA	NA	NA	NA	NA	NA
NC_045512.2	27479	T	G	8894	7821	48	3	3	34	0.000337154	8898	0.967326	FALSE	NA	NA	NA	NA	NA	NA
NC_045512.2	27479	T	C	8894	7821	48	1	0	32	0.000112385	8898	0.998049	FALSE	NA	NA	NA	NA	NA	NA
NC_045512.2	27484	T	C	8649	7658	48	1	1	40	0.000115607	8650	0.500029	FALSE	NA	NA	NA	NA	NA	NA
NC_045512.2	27485	T	G	8601	7614	47	1	1	24	0.000116239	8603	1	FALSE	NA	NA	NA	NA	NA	NA
NC_045512.2	27485	T	C	8601	7614	47	1	1	40	0.000116239	8603	0.5	FALSE	NA	NA	NA	NA	NA	NA
NC_045512.2	27485	T	+A	8601	7614	47	1	0	20	0.000116239	8603	1	FALSE	NA	NA	NA	NA	NA	NA
NC_045512.2	27486	A	G	8673	7695	48	1	1	40	0.000115287	8674	0.500029	FALSE	NA	NA	NA	NA	NA	NA
NC_045512.2	27489	A	G	8640	7667	48	2	2	40	0.000231428	8642	0.250014	FALSE	NA	NA	NA	NA	NA	NA
NC_045512.2	27490	G	C	8631	7744	47	1	1	40	0.000115848	8632	0.500029	FALSE	NA	NA	NA	NA	NA	NA
NC_045512.2	27491	A	T	8618	7734	47	1	1	40	0.000116023	8619	0.500029	FALSE	NA	NA	NA	NA	NA	NA
NC_045512.2	27491	A	+G	8618	7734	47	1	0	20	0.000116023	8619	1	FALSE	NA	NA	NA	NA	NA	NA
NC_045512.2	27493	C	A	8594	7740	47	2	2	32	0.000232666	8596	0.989281	FALSE	NA	NA	NA	NA	NA	NA
NC_045512.2	27494	C	T	8581	7734	47	1	1	80	0.000116523	8582	0.500029	FALSE	NA	NA	NA	NA	NA	NA
NC_045512.2	27495	T	G	8532	7685	47	6	6	33	0.000702658	8539	0.788122	FALSE	NA	NA	NA	NA	NA	NA
NC_045512.2	27495	T	C	8532	7685	47	1	1	40	0.00011711	8539	0.499854	FALSE	NA	NA	NA	NA	NA	NA
NC_045512.2	27496	T	C	8538	7691	47	1	1	40	0.00011711	8539	0.500029	FALSE	NA	NA	NA	NA	NA	NA
NC_045512.2	27498	C	T	8559	7725	47	1	1	24	0.000116795	8562	1	FALSE	NA	NA	NA	NA	NA	NA
NC_045512.2	27498	C	G	8559	7725	47	2	2	40	0.00023359	8562	0.249985	FALSE	NA	NA	NA	NA	NA	NA
NC_045512.2	27499	T	G	8510	7678	47	1	1	40	0.000117467	8513	0.499971	FALSE	NA	NA	NA	NA	NA	NA
NC_045512.2	27499	T	C	8510	7678	47	2	2	32	0.000234935	8513	0.989276	FALSE	NA	NA	NA	NA	NA	NA
NC_045512.2	27500	C	A	8519	7688	47	1	1	24	0.000117371	8520	1	FALSE	NA	NA	NA	NA	NA	NA
NC_045512.2	27501	T	G	8330	7500	47	3	3	40	0.000359928	8335	0.124955	FALSE	NA	NA	NA	NA	NA	NA
NC_045512.2	27501	T	C	8330	7500	47	2	2	32	0.000239952	8335	0.989266	FALSE	NA	NA	NA	NA	NA	NA
NC_045512.2	27502	T	C	8347	7518	47	2	2	32	0.00023955	8349	0.989281	FALSE	NA	NA	NA	NA	NA	NA
NC_045512.2	27503	C	G	8358	7602	45	1	1	40	0.000119617	8360	0.5	FALSE	NA	NA	NA	NA	NA	NA
NC_045512.2	27503	C	A	8358	7602	45	1	0	32	0.000119617	8360	0.998051	FALSE	NA	NA	NA	NA	NA	NA
NC_045512.2	27504	T	G	8254	7479	46	3	3	24	0.000363328	8257	1	FALSE	NA	NA	NA	NA	NA	NA
NC_045512.2	27504	T	-G	8254	7479	46	1	0	20	0.000121109	8257	1	FALSE	NA	NA	NA	NA	NA	NA
NC_045512.2	27505	G	T	8287	7516	45	1	1	32	0.000120656	8288	0.998051	FALSE	NA	NA	NA	NA	NA	NA
NC_045512.2	27507	A	G	8322	7552	46	2	2	32	0.000240269	8324	0.989282	FALSE	NA	NA	NA	NA	NA	NA
NC_045512.2	27508	A	G	8332	7563	46	1	1	40	0.000120005	8333	0.50003	FALSE	NA	NA	NA	NA	NA	NA
NC_045512.2	27511	T	G	7807	7116	46	3	3	24	0.000384123	7810	1	FALSE	NA	NA	NA	NA	NA	NA
NC_045512.2	27513	C	G	7850	7169	46	1	1	24	0.000127372	7851	1	FALSE	NA	NA	NA	NA	NA	NA
NC_045512.2	27514	G	T	7721	7044	46	3	3	29	0.00038835	7725	1	FALSE	NA	NA	NA	NA	NA	NA
NC_045512.2	27514	G	A	7721	7044	46	1	1	40	0.00012945	7725	0.499935	FALSE	NA	NA	NA	NA	NA	NA
NC_045512.2	27515	A	G	7461	6816	46	2	2	40	0.000267989	7463	0.250017	FALSE	NA	NA	NA	NA	NA	NA
NC_045512.2	27517	G	T	7241	6603	44	6	6	24	0.000827929	7247	1	FALSE	NA	NA	NA	NA	NA	NA
NC_045512.2	27519	C	A	7351	6745	45	3	3	40	0.000407941	7354	0.125	FALSE	NA	NA	NA	NA	NA	NA
NC_045512.2	27520	A	G	7081	6487	46	1	1	24	0.000141183	7083	1	FALSE	NA	NA	NA	NA	NA	NA
NC_045512.2	27520	A	C	7081	6487	46	1	1	40	0.000141183	7083	0.5	FALSE	NA	NA	NA	NA	NA	NA
NC_045512.2	27522	T	G	7039	6479	45	4	4	24	0.000567859	7044	1	FALSE	NA	NA	NA	NA	NA	NA
NC_045512.2	27522	T	C	7039	6479	45	1	1	40	0.000141965	7044	0.499893	FALSE	NA	NA	NA	NA	NA	NA
NC_045512.2	27523	T	G	7051	6492	45	2	2	24	0.000283447	7056	1	FALSE	NA	NA	NA	NA	NA	NA
NC_045512.2	27523	T	C	7051	6492	45	2	1	60	0.000283447	7056	0.249911	FALSE	NA	NA	NA	NA	NA	NA
NC_045512.2	27523	T	A	7051	6492	45	1	1	64	0.000141723	7056	0.499894	FALSE	NA	NA	NA	NA	NA	NA
NC_045512.2	27525	A	G	6949	6403	45	3	3	34	0.00043153	6952	0.910262	FALSE	NA	NA	NA	NA	NA	NA
NC_045512.2	27526	C	T	6941	6401	45	1	0	32	0.000144051	6942	0.992203	FALSE	NA	NA	NA	NA	NA	NA
NC_045512.2	27527	C	T	6917	6378	45	1	1	24	0.00014455	6918	1	FALSE	NA	NA	NA	NA	NA	NA
NC_045512.2	27528	A	G	6800	6263	45	1	1	40	0.000147037	6801	0.500037	FALSE	NA	NA	NA	NA	NA	NA
NC_045512.2	27529	T	C	6697	6162	44	3	3	34	0.000447761	6700	0.910266	FALSE	NA	NA	NA	NA	NA	NA
NC_045512.2	27530	T	C	6662	6129	45	1	1	24	0.000150083	6663	1	FALSE	NA	NA	NA	NA	NA	NA
NC_045512.2	27531	T	G	6654	6123	45	1	1	40	0.00015024	6656	0.5	FALSE	NA	NA	NA	NA	NA	NA
NC_045512.2	27531	T	C	6654	6123	45	1	1	24	0.00015024	6656	1	FALSE	NA	NA	NA	NA	NA	NA
NC_045512.2	27532	C	T	6683	6205	44	1	1	40	0.000149611	6684	0.500037	FALSE	NA	NA	NA	NA	NA	NA
NC_045512.2	27533	A	G	6653	6174	45	3	2	42	0.000450721	6656	0.125	FALSE	NA	NA	NA	NA	NA	NA
NC_045512.2	27535	C	G	6579	6099	45	1	1	24	0.000151976	6580	1	FALSE	NA	NA	NA	NA	NA	NA
NC_045512.2	27536	C	T	6533	6054	45	1	1	24	0.000153046	6534	1	FALSE	NA	NA	NA	NA	NA	NA
NC_045512.2	27540	A	G	6157	5691	45	2	2	40	0.000324728	6159	0.25002	FALSE	NA	NA	NA	NA	NA	NA
NC_045512.2	27543	T	G	5901	5449	45	2	2	24	0.000338639	5906	1	FALSE	NA	NA	NA	NA	NA	NA
NC_045512.2	27543	T	C	5901	5449	45	2	2	40	0.000338639	5906	0.249894	FALSE	NA	NA	NA	NA	NA	NA
NC_045512.2	27543	T	A	5901	5449	45	1	1	40	0.000169319	5906	0.499873	FALSE	NA	NA	NA	NA	NA	NA
NC_045512.2	27545	A	C	5612	5170	45	1	1	24	0.000178158	5613	1	FALSE	NA	NA	NA	NA	NA	NA
NC_045512.2	27546	T	G	5569	5126	45	4	4	32	0.000717618	5574	0.746182	FALSE	NA	NA	NA	NA	NA	NA
NC_045512.2	27546	T	C	5569	5126	45	1	1	40	0.000179404	5574	0.499865	FALSE	NA	NA	NA	NA	NA	NA
NC_045512.2	27548	A	G	5595	5154	45	1	1	40	0.000178667	5597	0.5	FALSE	NA	NA	NA	NA	NA	NA
NC_045512.2	27548	A	C	5595	5154	45	1	1	40	0.000178667	5597	0.5	FALSE	NA	NA	NA	NA	NA	NA
NC_045512.2	27549	C	T	5582	5150	45	2	0	40	0.000358166	5584	0.250022	FALSE	NA	NA	NA	NA	NA	NA
NC_045512.2	27554	T	C	5415	4995	45	1	1	40	0.000184638	5416	0.500046	FALSE	NA	NA	NA	NA	NA	NA
NC_045512.2	27555	T	G	5359	4939	45	1	1	24	0.000186567	5360	1	FALSE	NA	NA	NA	NA	NA	NA
NC_045512.2	27556	G	C	5322	4903	45	1	1	40	0.000187864	5323	0.500047	FALSE	NA	NA	NA	NA	NA	NA
NC_045512.2	27558	A	G	5334	4922	45	1	1	40	0.000187441	5335	0.500047	FALSE	NA	NA	NA	NA	NA	NA
NC_045512.2	27559	C	T	5347	4943	45	1	1	40	0.000186986	5348	0.500047	FALSE	NA	NA	NA	NA	NA	NA
NC_045512.2	27562	A	G	8102	4731	43	3	2	34	0.000369822	8112	0.96724	FALSE	NA	NA	NA	NA	NA	NA
NC_045512.2	27562	A	C	8102	4731	43	7	2	33	0.000862919	8112	0.696296	FALSE	NA	NA	NA	NA	NA	NA
NC_045512.2	27564	T	G	8127	4745	43	5	3	36	0.000614402	8138	0.866432	FALSE	NA	NA	NA	NA	NA	NA
NC_045512.2	27564	T	C	8127	4745	43	6	3	34	0.000737282	8138	0.787856	FALSE	NA	NA	NA	NA	NA	NA
NC_045512.2	27565	T	G	8031	4611	43	1	1	24	0.000124502	8032	1	FALSE	NA	NA	NA	NA	NA	NA
NC_045512.2	27566	G	A	8449	4644	43	1	1	40	0.000118343	8450	0.50003	FALSE	NA	NA	NA	NA	NA	NA
NC_045512.2	27567	C	T	8725	4657	43	1	1	40	0.000114574	8728	0.499971	FALSE	NA	NA	NA	NA	NA	NA
NC_045512.2	27567	C	G	8725	4657	43	2	2	32	0.000229148	8728	0.989275	FALSE	NA	NA	NA	NA	NA	NA
NC_045512.2	27568	T	G	8702	4638	43	1	1	24	0.000114903	8703	1	FALSE	NA	NA	NA	NA	NA	NA
NC_045512.2	27569	T	G	8694	4613	43	2	0	32	0.000229964	8697	0.989275	FALSE	NA	NA	NA	NA	NA	NA
NC_045512.2	27569	T	C	8694	4613	43	1	1	24	0.000114982	8697	1	FALSE	NA	NA	NA	NA	NA	NA
NC_045512.2	27570	T	G	7488	3478	43	4	4	28	0.000533903	7492	1	FALSE	NA	NA	NA	NA	NA	NA
NC_045512.2	27571	A	G	7395	3446	42	1	0	24	0.000135208	7396	1	FALSE	NA	NA	NA	NA	NA	NA
NC_045512.2	27572	G	C	7466	3441	42	1	1	24	0.000133923	7467	1	FALSE	NA	NA	NA	NA	NA	NA
NC_045512.2	27573	C	G	7461	3436	42	1	1	40	0.000134012	7462	0.500034	FALSE	NA	NA	NA	NA	NA	NA
NC_045512.2	27574	A	G	7357	3369	42	6	5	32	0.000814553	7366	0.709387	FALSE	NA	NA	NA	NA	NA	NA
NC_045512.2	27574	A	C	7357	3369	42	3	0	40	0.000407277	7366	0.124847	FALSE	NA	NA	NA	NA	NA	NA
NC_045512.2	27576	T	G	6622	2643	42	2	2	36	0.000301932	6624	0.964902	FALSE	NA	NA	NA	NA	NA	NA
NC_045512.2	27578	A	G	6950	2694	43	1	1	24	0.000143864	6951	1	FALSE	NA	NA	NA	NA	NA	NA
NC_045512.2	27579	A	G	7019	2704	43	1	0	40	0.00014241	7022	0.499964	FALSE	NA	NA	NA	NA	NA	NA
NC_045512.2	27579	A	C	7019	2704	43	2	0	32	0.000284819	7022	0.980499	FALSE	NA	NA	NA	NA	NA	NA
NC_045512.2	27580	T	G	7028	2701	42	1	1	40	0.000142227	7031	0.499964	FALSE	NA	NA	NA	NA	NA	NA
NC_045512.2	27580	T	C	7028	2701	42	2	1	40	0.000284455	7031	0.249982	FALSE	NA	NA	NA	NA	NA	NA
NC_045512.2	27582	T	C	4487	304	42	1	0	24	0.000222767	4489	1	FALSE	NA	NA	NA	NA	NA	NA
NC_045512.2	27582	T	A	4487	304	42	1	0	40	0.000222767	4489	0.5	FALSE	NA	NA	NA	NA	NA	NA
NC_045512.2	27584	C	A	4751	316	42	1	0	24	0.000210438	4752	1	FALSE	NA	NA	NA	NA	NA	NA
NC_045512.2	27585	T	C	4737	324	42	1	0	40	0.00021106	4738	0.500053	FALSE	NA	NA	NA	NA	NA	NA
NC_045512.2	27587	T	C	4762	335	43	1	1	24	0.000209952	4763	1	FALSE	NA	NA	NA	NA	NA	NA
NC_045512.2	27588	T	C	5116	355	43	1	1	80	0.000195427	5117	0.500049	FALSE	NA	NA	NA	NA	NA	NA
NC_045512.2	27590	C	A	5120	393	43	2	0	24	0.000390472	5122	1	FALSE	NA	NA	NA	NA	NA	NA
NC_045512.2	27591	T	C	5128	389	43	1	0	40	0.00019497	5129	0.500049	FALSE	NA	NA	NA	NA	NA	NA
NC_045512.2	27592	T	C	5330	395	43	1	0	40	0.000187582	5331	0.500047	FALSE	NA	NA	NA	NA	NA	NA
NC_045512.2	27594	T	C	5600	410	43	1	0	40	0.00017854	5601	0.500045	FALSE	NA	NA	NA	NA	NA	NA
NC_045512.2	27596	C	G	5611	410	43	1	0	40	0.00017819	5612	0.500045	FALSE	NA	NA	NA	NA	NA	NA
NC_045512.2	27597	T	C	5614	430	43	1	0	24	0.000178094	5615	1	FALSE	NA	NA	NA	NA	NA	NA
NC_045512.2	27598	G	C	5604	432	43	1	0	24	0.000178348	5607	1	FALSE	NA	NA	NA	NA	NA	NA
NC_045512.2	27598	G	A	5604	432	43	2	1	32	0.000356697	5607	0.937559	FALSE	NA	NA	NA	NA	NA	NA
NC_045512.2	27599	A	C	5568	436	43	3	0	34	0.000538503	5571	0.855616	FALSE	NA	NA	NA	NA	NA	NA
NC_045512.2	27600	C	T	5608	439	43	1	0	40	0.000178253	5610	0.5	FALSE	NA	NA	NA	NA	NA	NA
NC_045512.2	27600	C	A	5608	439	43	1	0	24	0.000178253	5610	1	FALSE	NA	NA	NA	NA	NA	NA
NC_045512.2	27601	G	C	5606	439	43	3	0	34	0.000534759	5610	0.855557	FALSE	NA	NA	NA	NA	NA	NA
NC_045512.2	27601	G	A	5606	439	43	1	0	40	0.000178253	5610	0.499911	FALSE	NA	NA	NA	NA	NA	NA
NC_045512.2	27603	C	G	6417	493	44	2	0	24	0.000311575	6419	1	FALSE	NA	NA	NA	NA	NA	NA
NC_045512.2	27605	T	G	6442	497	43	1	0	24	0.000155135	6446	1	FALSE	NA	NA	NA	NA	NA	NA
NC_045512.2	27605	T	C	6442	497	43	3	0	53	0.000465405	6446	0.124971	FALSE	NA	NA	NA	NA	NA	NA
NC_045512.2	27605	T	-A	6442	497	43	1	0	20	0.000155135	6446	1	FALSE	NA	NA	NA	NA	NA	NA
NC_045512.2	27606	A	C	6377	499	43	2	0	24	0.000313529	6379	1	FALSE	NA	NA	NA	NA	NA	NA
NC_045512.2	27607	A	G	6565	516	43	1	0	40	0.0001523	6566	0.500038	FALSE	NA	NA	NA	NA	NA	NA
NC_045512.2	27608	A	C	6547	530	43	2	0	24	0.00030539	6549	1	FALSE	NA	NA	NA	NA	NA	NA
NC_045512.2	27609	A	G	6597	534	44	1	0	40	0.000151538	6599	0.5	FALSE	NA	NA	NA	NA	NA	NA
NC_045512.2	27609	A	C	6597	534	44	1	0	24	0.000151538	6599	1	FALSE	NA	NA	NA	NA	NA	NA
NC_045512.2	27611	A	T	6600	539	44	2	0	32	0.000302939	6602	0.964902	FALSE	NA	NA	NA	NA	NA	NA
NC_045512.2	27613	G	C	6900	564	44	2	0	32	0.000289729	6903	0.964883	FALSE	NA	NA	NA	NA	NA	NA
NC_045512.2	27613	G	A	6900	564	44	1	0	40	0.000144865	6903	0.499964	FALSE	NA	NA	NA	NA	NA	NA
NC_045512.2	27615	C	G	7007	591	44	1	0	40	0.000142653	7010	0.499964	FALSE	NA	NA	NA	NA	NA	NA
NC_045512.2	27615	C	A	7007	591	44	2	0	24	0.000285307	7010	1	FALSE	NA	NA	NA	NA	NA	NA
NC_045512.2	27616	T	G	7139	607	44	1	0	24	0.000140056	7140	1	FALSE	NA	NA	NA	NA	NA	NA
NC_045512.2	27617	A	C	7110	615	44	4	0	28	0.000562272	7114	1	FALSE	NA	NA	NA	NA	NA	NA
NC_045512.2	27618	T	C	7188	610	44	1	0	40	0.000139101	7189	0.500035	FALSE	NA	NA	NA	NA	NA	NA
NC_045512.2	27620	A	G	7178	615	44	2	1	60	0.000278513	7181	0.249983	FALSE	NA	NA	NA	NA	NA	NA
NC_045512.2	27620	A	C	7178	615	44	1	0	24	0.000139256	7181	1	FALSE	NA	NA	NA	NA	NA	NA
NC_045512.2	27623	T	C	7431	630	44	4	0	32	0.000537996	7435	0.886849	FALSE	NA	NA	NA	NA	NA	NA
NC_045512.2	27624	A	C	7386	636	44	2	0	24	0.000270709	7388	1	FALSE	NA	NA	NA	NA	NA	NA
NC_045512.2	27626	G	A	7422	650	45	1	0	24	0.000134716	7423	1	FALSE	NA	NA	NA	NA	NA	NA
NC_045512.2	27627	T	C	7747	683	45	1	0	32	0.000129066	7748	0.996103	FALSE	NA	NA	NA	NA	NA	NA
NC_045512.2	27628	G	T	7748	686	45	2	0	40	0.000258031	7751	0.249984	FALSE	NA	NA	NA	NA	NA	NA
NC_045512.2	27628	G	A	7748	686	45	1	0	40	0.000129016	7751	0.499968	FALSE	NA	NA	NA	NA	NA	NA
NC_045512.2	27629	C	T	7779	691	45	1	0	40	0.000128535	7780	0.500032	FALSE	NA	NA	NA	NA	NA	NA
NC_045512.2	27631	A	C	7734	692	45	3	0	34	0.000387747	7737	0.945392	FALSE	NA	NA	NA	NA	NA	NA
NC_045512.2	27632	G	T	7927	696	45	1	0	40	0.000126135	7928	0.500032	FALSE	NA	NA	NA	NA	NA	NA
NC_045512.2	27633	A	C	7911	701	44	1	0	40	0.00012639	7912	0.500032	FALSE	NA	NA	NA	NA	NA	NA
NC_045512.2	27634	T	G	7926	701	45	2	0	32	0.00025227	7928	0.980504	FALSE	NA	NA	NA	NA	NA	NA
NC_045512.2	27642	A	G	8949	814	45	1	0	24	0.000111632	8958	1	FALSE	NA	NA	NA	NA	NA	NA
NC_045512.2	27642	A	C	8949	814	45	8	0	28	0.000893056	8958	1	FALSE	NA	NA	NA	NA	NA	NA
NC_045512.2	27643	C	A	7969	835	38	30	0	26	0.00375047	7999	1	FALSE	NA	NA	NA	NA	NA	NA
NC_045512.2	27645	T	G	9090	805	45	1	1	24	0.000109987	9092	1	FALSE	NA	NA	NA	NA	NA	NA
NC_045512.2	27645	T	C	9090	805	45	1	0	24	0.000109987	9092	1	FALSE	NA	NA	NA	NA	NA	NA
NC_045512.2	27646	A	G	9092	824	45	3	0	66	0.000329815	9096	0.124979	FALSE	NA	NA	NA	NA	NA	NA
NC_045512.2	27646	A	C	9092	824	45	1	0	24	0.000109938	9096	1	FALSE	NA	NA	NA	NA	NA	NA
NC_045512.2	27647	A	C	9130	822	45	2	0	32	0.00021901	9132	0.994155	FALSE	NA	NA	NA	NA	NA	NA
NC_045512.2	27648	A	C	9119	840	45	2	0	24	0.000219274	9121	1	FALSE	NA	NA	NA	NA	NA	NA
NC_045512.2	27650	T	G	9259	964	46	1	0	40	0.000107991	9260	0.500027	FALSE	NA	NA	NA	NA	NA	NA
NC_045512.2	27651	G	A	9406	971	46	2	1	60	0.000212585	9408	0.250013	FALSE	NA	NA	NA	NA	NA	NA
NC_045512.2	27652	T	C	9412	970	46	1	0	40	0.000106236	9413	0.500027	FALSE	NA	NA	NA	NA	NA	NA
NC_045512.2	27654	C	G	9480	981	46	1	0	24	0.000105474	9481	1	FALSE	NA	NA	NA	NA	NA	NA
NC_045512.2	27655	A	C	9425	996	46	2	0	24	0.000212157	9427	1	FALSE	NA	NA	NA	NA	NA	NA
NC_045512.2	27656	T	C	9510	1028	46	1	0	40	0.000105141	9511	0.500026	FALSE	NA	NA	NA	NA	NA	NA
NC_045512.2	27658	A	C	9485	1029	46	2	0	32	0.000210815	9487	0.994155	FALSE	NA	NA	NA	NA	NA	NA
NC_045512.2	27660	A	G	9680	1097	47	1	0	40	0.000103295	9681	0.500026	FALSE	NA	NA	NA	NA	NA	NA
NC_045512.2	27662	A	C	9716	1331	48	1	0	24	0.000102912	9717	1	FALSE	NA	NA	NA	NA	NA	NA
NC_045512.2	27663	A	G	9729	1325	48	1	0	40	0.000102775	9730	0.500026	FALSE	NA	NA	NA	NA	NA	NA
NC_045512.2	27667	G	T	9811	1340	49	1	0	24	0.000101916	9812	1	FALSE	NA	NA	NA	NA	NA	NA
NC_045512.2	27668	A	C	9748	1335	49	2	0	24	0.000205128	9750	1	FALSE	NA	NA	NA	NA	NA	NA
NC_045512.2	27669	A	G	9734	1335	49	6	1	38	0.00061589	9742	0.849168	FALSE	NA	NA	NA	NA	NA	NA
NC_045512.2	27669	A	C	9734	1335	49	2	0	32	0.000205297	9742	0.994138	FALSE	NA	NA	NA	NA	NA	NA
NC_045512.2	27670	G	C	9873	1342	49	3	0	24	0.000303705	9878	1	FALSE	NA	NA	NA	NA	NA	NA
NC_045512.2	27670	G	A	9873	1342	49	2	0	40	0.00020247	9878	0.249937	FALSE	NA	NA	NA	NA	NA	NA
NC_045512.2	27671	T	C	9942	1351	49	2	0	38	0.000201126	9944	0.994154	FALSE	NA	NA	NA	NA	NA	NA
NC_045512.2	27672	T	C	9931	1346	49	1	0	24	0.000100685	9932	1	FALSE	NA	NA	NA	NA	NA	NA
NC_045512.2	27674	A	G	9898	1421	49	1	0	40	0.00010101	9900	0.5	FALSE	NA	NA	NA	NA	NA	NA
NC_045512.2	27674	A	C	9898	1421	49	1	0	24	0.00010101	9900	1	FALSE	NA	NA	NA	NA	NA	NA
NC_045512.2	27676	G	A	10072	1430	49	1	0	40	9.92753e-05	10073	0.750037	FALSE	NA	NA	NA	NA	NA	NA
NC_045512.2	27678	A	G	10146	1506	49	1	0	40	9.85513e-05	10147	0.750037	FALSE	NA	NA	NA	NA	NA	NA
NC_045512.2	27680	T	C	10123	1498	50	2	0	32	0.000197531	10125	0.996835	FALSE	NA	NA	NA	NA	NA	NA
NC_045512.2	27681	T	G	10141	1494	50	1	0	64	9.85804e-05	10144	0.499975	FALSE	NA	NA	NA	NA	NA	NA
NC_045512.2	27681	T	C	10141	1494	50	2	0	38	0.000197161	10144	0.996833	FALSE	NA	NA	NA	NA	NA	NA
NC_045512.2	27682	T	C	10139	1493	50	2	1	52	0.000197219	10141	0.250012	FALSE	NA	NA	NA	NA	NA	NA
NC_045512.2	27683	A	C	10041	1503	49	2	0	32	0.000199144	10043	0.996835	FALSE	NA	NA	NA	NA	NA	NA
NC_045512.2	27684	C	T	9981	1537	48	1	0	40	0.00010014	9986	0.499925	FALSE	NA	NA	NA	NA	NA	NA
NC_045512.2	27684	C	A	9981	1537	48	4	0	28	0.000400561	9986	1	FALSE	NA	NA	NA	NA	NA	NA
NC_045512.2	27685	T	C	10102	1536	50	2	0	40	0.000197941	10104	0.500037	FALSE	NA	NA	NA	NA	NA	NA
NC_045512.2	27687	T	G	10056	1587	50	1	0	40	9.93937e-05	10061	0.749938	FALSE	NA	NA	NA	NA	NA	NA
NC_045512.2	27687	T	C	10056	1587	50	3	1	44	0.000298181	10061	0.312444	FALSE	NA	NA	NA	NA	NA	NA
NC_045512.2	27687	T	A	10056	1587	50	1	0	40	9.93937e-05	10061	0.749938	FALSE	NA	NA	NA	NA	NA	NA
NC_045512.2	27688	C	A	9750	1601	47	4	0	28	0.000410088	9754	1	FALSE	NA	NA	NA	NA	NA	NA
NC_045512.2	27689	C	T	9906	1605	49	1	0	40	0.000100929	9908	0.5	FALSE	NA	NA	NA	NA	NA	NA
NC_045512.2	27689	C	A	9906	1605	49	1	0	24	0.000100929	9908	1	FALSE	NA	NA	NA	NA	NA	NA
NC_045512.2	27690	A	G	9950	1598	50	3	0	40	0.000301356	9955	0.124962	FALSE	NA	NA	NA	NA	NA	NA
NC_045512.2	27690	A	C	9950	1598	50	2	0	24	0.000200904	9955	1	FALSE	NA	NA	NA	NA	NA	NA
NC_045512.2	27691	A	C	9937	1638	50	2	0	24	0.000201227	9939	1	FALSE	NA	NA	NA	NA	NA	NA
NC_045512.2	27691	A	-T	9937	1638	50	1	0	20	0.000100614	9939	1	FALSE	NA	NA	NA	NA	NA	NA
NC_045512.2	27692	T	C	9985	1695	51	2	0	40	0.00020026	9987	0.249987	FALSE	NA	NA	NA	NA	NA	NA
NC_045512.2	27697	C	A	9522	1823	48	3	0	24	0.000314961	9525	1	FALSE	NA	NA	NA	NA	NA	NA
NC_045512.2	27699	T	C	9757	1932	51	1	1	40	0.00010248	9758	0.500026	FALSE	NA	NA	NA	NA	NA	NA
NC_045512.2	27700	A	G	9643	1993	51	1	0	24	0.00010367	9646	1	FALSE	NA	NA	NA	NA	NA	NA
NC_045512.2	27700	A	C	9643	1993	51	2	0	32	0.00020734	9646	0.994152	FALSE	NA	NA	NA	NA	NA	NA
NC_045512.2	27700	A	+T	9643	1993	51	1	0	20	0.00010367	9646	1	FALSE	NA	NA	NA	NA	NA	NA
NC_045512.2	27703	G	A	9477	2073	50	1	0	40	0.000105507	9478	0.500026	FALSE	NA	NA	NA	NA	NA	NA
NC_045512.2	27705	T	C	9549	2349	53	1	0	40	0.000104712	9550	0.500026	FALSE	NA	NA	NA	NA	NA	NA
NC_045512.2	27706	G	T	9527	2327	52	1	1	40	0.000104954	9528	0.500026	FALSE	NA	NA	NA	NA	NA	NA
NC_045512.2	27707	C	T	9553	2442	52	5	1	48	0.000523122	9558	0.0312418	FALSE	NA	NA	NA	NA	NA	NA
NC_045512.2	27708	G	T	9499	2369	51	5	5	27	0.000526094	9504	1	FALSE	NA	NA	NA	NA	NA	NA
NC_045512.2	27709	G	A	9646	2447	52	2	1	80	0.000207297	9648	0.250013	FALSE	NA	NA	NA	NA	NA	NA
NC_045512.2	27710	C	A	9674	2488	52	1	0	40	0.000103359	9675	0.500026	FALSE	NA	NA	NA	NA	NA	NA
NC_045512.2	27711	A	G	9635	2502	52	2	1	60	0.000207533	9637	0.250013	FALSE	NA	NA	NA	NA	NA	NA
NC_045512.2	27714	A	G	9023	2941	51	4	1	32	0.000443066	9028	0.953915	FALSE	NA	NA	NA	NA	NA	NA
NC_045512.2	27714	A	C	9023	2941	51	1	1	24	0.000110767	9028	1	FALSE	NA	NA	NA	NA	NA	NA
NC_045512.2	27716	T	C	9029	2920	51	2	2	32	0.000221459	9031	0.994155	FALSE	NA	NA	NA	NA	NA	NA
NC_045512.2	27717	G	-T	9080	3053	51	1	0	20	0.000110132	9080	1	FALSE	NA	NA	NA	NA	NA	NA
NC_045512.2	27719	T	C	9193	3197	50	1	1	40	0.000108767	9194	0.500027	FALSE	NA	NA	NA	NA	NA	NA
NC_045512.2	27720	T	G	9210	3268	51	1	1	24	0.000108566	9211	1	FALSE	NA	NA	NA	NA	NA	NA
NC_045512.2	27721	A	G	9125	3280	49	1	1	24	0.000109553	9128	1	FALSE	NA	NA	NA	NA	NA	NA
NC_045512.2	27721	A	C	9125	3280	49	2	0	28	0.000219106	9128	1	FALSE	NA	NA	NA	NA	NA	NA
NC_045512.2	27722	T	C	9210	3273	50	1	1	40	0.000108566	9211	0.500027	FALSE	NA	NA	NA	NA	NA	NA
NC_045512.2	27723	A	G	9207	3390	50	1	1	40	0.000108589	9209	0.5	FALSE	NA	NA	NA	NA	NA	NA
NC_045512.2	27723	A	C	9207	3390	50	1	0	24	0.000108589	9209	1	FALSE	NA	NA	NA	NA	NA	NA
NC_045512.2	27726	A	G	9207	3464	51	1	0	24	0.000108589	9209	1	FALSE	NA	NA	NA	NA	NA	NA
NC_045512.2	27726	A	C	9207	3464	51	1	1	32	0.000108589	9209	0.999026	FALSE	NA	NA	NA	NA	NA	NA
NC_045512.2	27727	C	A	9066	3549	50	1	0	40	0.00011029	9067	0.500028	FALSE	NA	NA	NA	NA	NA	NA
NC_045512.2	27728	T	G	8901	3424	50	1	0	40	0.000112309	8904	0.499972	FALSE	NA	NA	NA	NA	NA	NA
NC_045512.2	27728	T	C	8901	3424	50	2	1	52	0.000224618	8904	0.249986	FALSE	NA	NA	NA	NA	NA	NA
NC_045512.2	27730	T	G	8921	3483	50	2	0	24	0.000224115	8924	1	FALSE	NA	NA	NA	NA	NA	NA
NC_045512.2	27730	T	C	8921	3483	50	1	1	24	0.000112057	8924	1	FALSE	NA	NA	NA	NA	NA	NA
NC_045512.2	27731	G	A	9044	3514	50	1	0	40	0.000110558	9045	0.500028	FALSE	NA	NA	NA	NA	NA	NA
NC_045512.2	27732	C	T	8881	3557	50	3	1	40	0.000337686	8884	0.125	FALSE	NA	NA	NA	NA	NA	NA
NC_045512.2	27733	T	C	8907	3577	50	1	0	24	0.000112259	8908	1	FALSE	NA	NA	NA	NA	NA	NA
NC_045512.2	27735	C	A	8668	3660	48	11	0	24	0.00126743	8679	1	FALSE	NA	NA	NA	NA	NA	NA
NC_045512.2	27736	A	T	8865	3639	50	2	0	32	0.00022553	8868	0.989275	FALSE	NA	NA	NA	NA	NA	NA
NC_045512.2	27736	A	C	8865	3639	50	1	0	24	0.000112765	8868	1	FALSE	NA	NA	NA	NA	NA	NA
NC_045512.2	27737	C	G	8845	3638	50	1	1	40	0.00011302	8848	0.499972	FALSE	NA	NA	NA	NA	NA	NA
NC_045512.2	27737	C	A	8845	3638	50	2	0	24	0.00022604	8848	1	FALSE	NA	NA	NA	NA	NA	NA
NC_045512.2	27738	A	C	8909	3710	50	1	0	40	0.000112233	8910	0.500028	FALSE	NA	NA	NA	NA	NA	NA
NC_045512.2	27740	T	G	8915	4001	51	2	2	32	0.000224291	8917	0.98928	FALSE	NA	NA	NA	NA	NA	NA
NC_045512.2	27742	A	C	8923	4082	51	1	0	24	0.000112057	8924	1	FALSE	NA	NA	NA	NA	NA	NA
NC_045512.2	27743	A	C	8896	4136	50	4	0	31	0.000449438	8900	0.927097	FALSE	NA	NA	NA	NA	NA	NA
NC_045512.2	27744	A	G	8881	4162	51	1	1	24	0.000112562	8884	1	FALSE	NA	NA	NA	NA	NA	NA
NC_045512.2	27744	A	C	8881	4162	51	2	0	24	0.000225124	8884	1	FALSE	NA	NA	NA	NA	NA	NA
NC_045512.2	27746	G	T	8747	4101	49	1	1	24	0.000114299	8749	1	FALSE	NA	NA	NA	NA	NA	NA
NC_045512.2	27746	G	A	8747	4101	49	1	0	40	0.000114299	8749	0.5	FALSE	NA	NA	NA	NA	NA	NA
NC_045512.2	27747	A	G	8830	4200	50	1	1	40	0.000113237	8831	0.500028	FALSE	NA	NA	NA	NA	NA	NA
NC_045512.2	27748	A	G	8774	4165	51	2	0	38	0.000227894	8776	0.98928	FALSE	NA	NA	NA	NA	NA	NA
NC_045512.2	27749	A	G	8765	4150	49	1	0	24	0.000114077	8766	1	FALSE	NA	NA	NA	NA	NA	NA
NC_045512.2	27751	A	G	8796	4159	51	2	1	32	0.000227324	8798	0.98928	FALSE	NA	NA	NA	NA	NA	NA
NC_045512.2	27752	C	A	8441	4334	49	5	0	30	0.000591996	8446	0.866717	FALSE	NA	NA	NA	NA	NA	NA
NC_045512.2	27753	A	C	8413	4302	49	1	0	24	0.00011885	8414	1	FALSE	NA	NA	NA	NA	NA	NA
NC_045512.2	27754	G	A	8462	4315	49	1	0	80	0.000118161	8463	0.50003	FALSE	NA	NA	NA	NA	NA	NA
NC_045512.2	27755	A	C	8481	4389	49	1	0	32	0.000117897	8482	0.998052	FALSE	NA	NA	NA	NA	NA	NA
NC_045512.2	27756	A	G	8451	4374	49	1	0	40	0.000118301	8453	0.5	FALSE	NA	NA	NA	NA	NA	NA
NC_045512.2	27756	A	C	8451	4374	49	1	0	32	0.000118301	8453	0.998051	FALSE	NA	NA	NA	NA	NA	NA
NC_045512.2	27759	A	G	8432	4439	49	1	1	40	0.000118582	8433	0.50003	FALSE	NA	NA	NA	NA	NA	NA
NC_045512.2	27760	T	G	8441	4447	49	2	2	32	0.000236883	8443	0.989281	FALSE	NA	NA	NA	NA	NA	NA
NC_045512.2	27761	T	G	8409	4431	49	1	1	40	0.000118892	8411	0.5	FALSE	NA	NA	NA	NA	NA	NA
NC_045512.2	27761	T	C	8409	4431	49	1	1	80	0.000118892	8411	0.5	FALSE	NA	NA	NA	NA	NA	NA
NC_045512.2	27763	A	C	8298	4441	49	2	0	28	0.000240964	8300	1	FALSE	NA	NA	NA	NA	NA	NA
NC_045512.2	27765	C	A	8169	4542	48	1	1	24	0.000122399	8170	1	FALSE	NA	NA	NA	NA	NA	NA
NC_045512.2	27766	T	G	8114	4487	49	1	1	40	0.000123198	8117	0.499969	FALSE	NA	NA	NA	NA	NA	NA
NC_045512.2	27766	T	C	8114	4487	49	2	1	40	0.000246396	8117	0.249985	FALSE	NA	NA	NA	NA	NA	NA
NC_045512.2	27767	T	G	8134	4477	49	1	1	24	0.000122926	8135	1	FALSE	NA	NA	NA	NA	NA	NA
NC_045512.2	27768	T	G	8141	4537	49	1	1	24	0.00012282	8142	1	FALSE	NA	NA	NA	NA	NA	NA
NC_045512.2	27773	A	C	8135	4725	48	1	0	24	0.000122911	8136	1	FALSE	NA	NA	NA	NA	NA	NA
NC_045512.2	27774	A	G	8149	4743	48	1	0	40	0.000122699	8150	0.500031	FALSE	NA	NA	NA	NA	NA	NA
NC_045512.2	27775	T	G	8166	4761	48	1	1	24	0.000122444	8167	1	FALSE	NA	NA	NA	NA	NA	NA
NC_045512.2	27777	G	T	8160	4761	49	1	1	24	0.000122534	8161	1	FALSE	NA	NA	NA	NA	NA	NA
NC_045512.2	27778	A	C	8887	6082	50	2	1	32	0.000224997	8889	0.98928	FALSE	NA	NA	NA	NA	NA	NA
NC_045512.2	27779	C	G	9046	6303	50	1	1	24	0.000110534	9047	1	FALSE	NA	NA	NA	NA	NA	NA
NC_045512.2	27780	T	G	9243	6562	51	1	1	24	0.000108143	9247	1	FALSE	NA	NA	NA	NA	NA	NA
NC_045512.2	27780	T	C	9243	6562	51	3	1	29	0.00032443	9247	1	FALSE	NA	NA	NA	NA	NA	NA
NC_045512.2	27781	T	C	9248	6558	51	1	1	40	0.00010812	9249	0.500027	FALSE	NA	NA	NA	NA	NA	NA
NC_045512.2	27782	C	T	9399	6853	51	1	0	40	0.000106383	9400	0.500027	FALSE	NA	NA	NA	NA	NA	NA
NC_045512.2	27783	T	G	9606	7161	52	3	3	40	0.000312142	9611	0.124961	FALSE	NA	NA	NA	NA	NA	NA
NC_045512.2	27783	T	C	9606	7161	52	2	1	28	0.000208095	9611	1	FALSE	NA	NA	NA	NA	NA	NA
NC_045512.2	27784	A	G	9690	7315	52	1	1	32	0.000103189	9691	0.999026	FALSE	NA	NA	NA	NA	NA	NA
NC_045512.2	27785	T	G	9941	7677	53	1	1	24	0.000100583	9942	1	FALSE	NA	NA	NA	NA	NA	NA
NC_045512.2	27786	T	G	10214	8075	53	4	4	28	0.000391389	10220	1	FALSE	NA	NA	NA	NA	NA	NA
NC_045512.2	27786	T	C	10214	8075	53	1	1	24	9.78474e-05	10220	1	FALSE	NA	NA	NA	NA	NA	NA
NC_045512.2	27786	T	A	10214	8075	53	1	1	40	9.78474e-05	10220	0.749914	FALSE	NA	NA	NA	NA	NA	NA
NC_045512.2	27787	T	G	10211	8111	53	2	2	32	0.00019581	10214	0.996833	FALSE	NA	NA	NA	NA	NA	NA
NC_045512.2	27787	T	C	10211	8111	53	1	1	40	9.79048e-05	10214	0.749988	FALSE	NA	NA	NA	NA	NA	NA
NC_045512.2	27788	G	C	10195	8233	52	1	1	24	9.80681e-05	10197	1	FALSE	NA	NA	NA	NA	NA	NA
NC_045512.2	27788	G	A	10195	8233	52	1	1	36	9.80681e-05	10197	0.999513	FALSE	NA	NA	NA	NA	NA	NA
NC_045512.2	27789	T	C	10240	8323	52	2	0	56	0.000195274	10242	0.250012	FALSE	NA	NA	NA	NA	NA	NA
NC_045512.2	27790	G	A	10268	8349	52	1	1	40	9.73805e-05	10269	0.750037	FALSE	NA	NA	NA	NA	NA	NA
NC_045512.2	27791	C	G	10241	8695	50	1	1	40	9.76372e-05	10242	0.750037	FALSE	NA	NA	NA	NA	NA	NA
NC_045512.2	27791	C	-T	10241	8695	50	4706	0	20	0.459481	10242	0	TRUE	NA	NA	NA	NA	NA	NA
NC_045512.2	27792	T	G	5528	4630	50	1	1	24	0.00017854	5601	1	FALSE	NA	NA	NA	NA	NA	NA
NC_045512.2	27792	T	C	5528	4630	50	72	60	51	0.0128548	5601	1.60079e-33	TRUE	NA	NA	NA	NA	NA	NA
NC_045512.2	27793	T	C	10331	8736	50	1	1	40	9.67867e-05	10332	0.750036	FALSE	NA	NA	NA	NA	NA	NA
NC_045512.2	27794	T	G	10343	8871	50	2	2	32	0.00019333	10345	0.996835	FALSE	NA	NA	NA	NA	NA	NA
NC_045512.2	27796	T	G	10309	8858	50	5	5	27	0.000483793	10335	1	FALSE	NA	NA	NA	NA	NA	NA
NC_045512.2	27796	T	C	10309	8858	50	2	1	46	0.000193517	10335	0.499164	FALSE	NA	NA	NA	NA	NA	NA
NC_045512.2	27796	T	A	10309	8858	50	19	1	32	0.00183841	10335	0.0676803	FALSE	NA	NA	NA	NA	NA	NA
NC_045512.2	27798	G	T	10352	8904	49	1	1	24	9.65904e-05	10353	1	FALSE	NA	NA	NA	NA	NA	NA
NC_045512.2	27799	C	T	10380	8951	50	1	1	80	9.63298e-05	10381	0.500024	FALSE	NA	NA	NA	NA	NA	NA
NC_045512.2	27800	C	T	10339	8970	49	1	1	40	9.67118e-05	10340	0.750036	FALSE	NA	NA	NA	NA	NA	NA
NC_045512.2	27801	T	G	10072	8710	50	1	1	24	9.92654e-05	10074	1	FALSE	NA	NA	NA	NA	NA	NA
NC_045512.2	27801	T	C	10072	8710	50	1	0	64	9.92654e-05	10074	0.5	FALSE	NA	NA	NA	NA	NA	NA
NC_045512.2	27802	T	C	10100	8723	50	1	1	40	9.90001e-05	10101	0.750037	FALSE	NA	NA	NA	NA	NA	NA
NC_045512.2	27803	T	G	10089	8746	49	1	1	24	9.90982e-05	10091	1	FALSE	NA	NA	NA	NA	NA	NA
NC_045512.2	27803	T	C	10089	8746	49	1	1	40	9.90982e-05	10091	0.750012	FALSE	NA	NA	NA	NA	NA	NA
NC_045512.2	27804	C	T	10191	8865	48	1	1	40	9.81162e-05	10192	0.750037	FALSE	NA	NA	NA	NA	NA	NA
NC_045512.2	27805	T	G	10158	8813	49	1	0	32	9.84349e-05	10159	0.999513	FALSE	NA	NA	NA	NA	NA	NA
NC_045512.2	27806	G	T	10008	8658	48	9	9	24	0.000898473	10017	1	FALSE	NA	NA	NA	NA	NA	NA
NC_045512.2	27807	C	T	2	2	24	9930	8597	49	0.999597	9934	0	TRUE	NA	NA	NA	NA	NA	NA
NC_045512.2	27807	C	G	2	2	24	1	1	24	0.000100664	9934	0.0298934	FALSE	NA	NA	NA	NA	NA	NA
NC_045512.2	27807	C	A	2	2	24	1	0	80	0.000100664	9934	0.000301932	TRUE	NA	NA	NA	NA	NA	NA
NC_045512.2	27808	T	G	9928	8595	49	4	4	24	0.000402658	9934	1	FALSE	NA	NA	NA	NA	NA	NA
NC_045512.2	27808	T	C	9928	8595	49	2	2	60	0.000201329	9934	0.249912	FALSE	NA	NA	NA	NA	NA	NA
NC_045512.2	27810	T	C	0	0	0	10010	8781	49	1	10010	0	TRUE	NA	NA	NA	NA	NA	NA
NC_045512.2	27811	T	G	9991	8754	49	1	1	24	0.00010008	9992	1	FALSE	NA	NA	NA	NA	NA	NA
NC_045512.2	27813	C	A	9574	8389	49	1	0	32	0.000104439	9575	0.999026	FALSE	NA	NA	NA	NA	NA	NA
NC_045512.2	27814	T	G	9540	8354	49	1	1	24	0.000104811	9541	1	FALSE	NA	NA	NA	NA	NA	NA
NC_045512.2	27815	T	G	9498	8313	49	3	3	24	0.000315756	9501	1	FALSE	NA	NA	NA	NA	NA	NA
NC_045512.2	27816	G	T	9346	8159	47	8	8	28	0.000855249	9354	1	FALSE	NA	NA	NA	NA	NA	NA
NC_045512.2	27817	T	G	9497	8312	49	1	1	24	0.000105274	9499	1	FALSE	NA	NA	NA	NA	NA	NA
NC_045512.2	27817	T	C	9497	8312	49	1	1	40	0.000105274	9499	0.5	FALSE	NA	NA	NA	NA	NA	NA
NC_045512.2	27818	T	G	9490	8308	48	1	1	40	0.000105352	9492	0.5	FALSE	NA	NA	NA	NA	NA	NA
NC_045512.2	27818	T	C	9490	8308	48	1	1	40	0.000105352	9492	0.5	FALSE	NA	NA	NA	NA	NA	NA
NC_045512.2	27819	T	G	9445	8266	48	1	1	24	0.000105865	9446	1	FALSE	NA	NA	NA	NA	NA	NA
NC_045512.2	27820	T	G	9418	8230	48	1	1	40	0.000106168	9419	0.500027	FALSE	NA	NA	NA	NA	NA	NA
NC_045512.2	27821	A	C	9508	8362	48	1	0	40	0.000105164	9509	0.500026	FALSE	NA	NA	NA	NA	NA	NA
NC_045512.2	27822	A	G	9487	8372	48	1	1	24	0.000105396	9488	1	FALSE	NA	NA	NA	NA	NA	NA
NC_045512.2	27823	T	G	9459	8346	48	3	3	24	0.000316991	9464	1	FALSE	NA	NA	NA	NA	NA	NA
NC_045512.2	27823	T	C	9459	8346	48	2	2	52	0.000211327	9464	0.249934	FALSE	NA	NA	NA	NA	NA	NA
NC_045512.2	27824	T	G	9421	8311	48	3	3	29	0.000318336	9424	1	FALSE	NA	NA	NA	NA	NA	NA
NC_045512.2	27825	A	G	9374	8275	48	3	2	48	0.000319932	9377	0.125	FALSE	NA	NA	NA	NA	NA	NA
NC_045512.2	27826	T	G	9287	8184	48	4	4	28	0.000430478	9292	1	FALSE	NA	NA	NA	NA	NA	NA
NC_045512.2	27826	T	C	9287	8184	48	1	1	40	0.000107619	9292	0.499919	FALSE	NA	NA	NA	NA	NA	NA
NC_045512.2	27831	A	T	9167	8179	47	1	0	80	0.000109063	9169	0.5	FALSE	NA	NA	NA	NA	NA	NA
NC_045512.2	27831	A	G	9167	8179	47	1	1	24	0.000109063	9169	1	FALSE	NA	NA	NA	NA	NA	NA
NC_045512.2	27832	T	G	9158	8162	47	1	1	40	0.000109182	9159	0.500027	FALSE	NA	NA	NA	NA	NA	NA
NC_045512.2	27833	T	C	9145	8154	47	1	1	40	0.000109337	9146	0.500027	FALSE	NA	NA	NA	NA	NA	NA
NC_045512.2	27837	T	G	8944	7991	47	2	2	24	0.000223564	8946	1	FALSE	NA	NA	NA	NA	NA	NA
NC_045512.2	27838	T	G	8938	7986	47	1	1	24	0.000111844	8941	1	FALSE	NA	NA	NA	NA	NA	NA
NC_045512.2	27838	T	C	8938	7986	47	2	2	24	0.000223689	8941	1	FALSE	NA	NA	NA	NA	NA	NA
NC_045512.2	27839	T	G	8923	7969	47	2	2	24	0.000224039	8927	1	FALSE	NA	NA	NA	NA	NA	NA
NC_045512.2	27839	T	C	8923	7969	47	2	2	40	0.000224039	8927	0.249958	FALSE	NA	NA	NA	NA	NA	NA
NC_045512.2	27840	T	G	8903	7959	47	2	2	24	0.000224593	8905	1	FALSE	NA	NA	NA	NA	NA	NA
NC_045512.2	27841	G	T	8911	7969	47	2	2	24	0.000224391	8913	1	FALSE	NA	NA	NA	NA	NA	NA
NC_045512.2	27842	G	T	8808	7865	46	5	5	24	0.000567215	8815	1	FALSE	NA	NA	NA	NA	NA	NA
NC_045512.2	27842	G	C	8808	7865	46	2	2	32	0.000226886	8815	0.989255	FALSE	NA	NA	NA	NA	NA	NA
NC_045512.2	27843	T	G	8778	7845	47	1	1	24	0.000113908	8779	1	FALSE	NA	NA	NA	NA	NA	NA
NC_045512.2	27844	T	C	8735	7803	47	2	1	28	0.000228912	8737	1	FALSE	NA	NA	NA	NA	NA	NA
NC_045512.2	27845	C	T	4751	4265	47	3981	3543	48	0.455909	8732	0	TRUE	NA	NA	NA	NA	NA	NA
NC_045512.2	27846	T	C	8699	7778	47	1	1	24	0.000114943	8700	1	FALSE	NA	NA	NA	NA	NA	NA
NC_045512.2	27847	C	G	8739	7820	47	1	1	40	0.000114416	8740	0.500029	FALSE	NA	NA	NA	NA	NA	NA
NC_045512.2	27848	A	G	8738	7822	47	1	1	40	0.00011443	8739	0.500029	FALSE	NA	NA	NA	NA	NA	NA
NC_045512.2	27849	C	T	8718	7801	47	1	1	40	0.000114692	8719	0.500029	FALSE	NA	NA	NA	NA	NA	NA
NC_045512.2	27850	T	G	8537	7623	47	4	4	24	0.000468165	8544	1	FALSE	NA	NA	NA	NA	NA	NA
NC_045512.2	27850	T	C	8537	7623	47	2	2	40	0.000234082	8544	0.249868	FALSE	NA	NA	NA	NA	NA	NA
NC_045512.2	27850	T	A	8537	7623	47	1	1	40	0.000117041	8544	0.499854	FALSE	NA	NA	NA	NA	NA	NA
NC_045512.2	27851	T	G	8373	7467	47	1	1	24	0.000119389	8376	1	FALSE	NA	NA	NA	NA	NA	NA
NC_045512.2	27851	T	C	8373	7467	47	2	2	40	0.000238777	8376	0.249985	FALSE	NA	NA	NA	NA	NA	NA
NC_045512.2	27853	A	G	8423	7525	47	2	2	36	0.000237389	8425	0.989281	FALSE	NA	NA	NA	NA	NA	NA
NC_045512.2	27855	C	G	8411	7548	47	1	1	24	0.000118878	8412	1	FALSE	NA	NA	NA	NA	NA	NA
NC_045512.2	27856	T	G	7780	6948	46	1	1	24	0.000128502	7782	1	FALSE	NA	NA	NA	NA	NA	NA
NC_045512.2	27856	T	C	7780	6948	46	1	1	40	0.000128502	7782	0.5	FALSE	NA	NA	NA	NA	NA	NA
NC_045512.2	27857	G	A	7873	7043	47	1	1	40	0.000127	7874	0.500032	FALSE	NA	NA	NA	NA	NA	NA
NC_045512.2	27859	A	G	7817	7015	47	1	1	40	0.00012791	7818	0.500032	FALSE	NA	NA	NA	NA	NA	NA
NC_045512.2	27861	G	C	7770	7012	47	1	1	24	0.000128667	7772	1	FALSE	NA	NA	NA	NA	NA	NA
NC_045512.2	27861	G	A	7770	7012	47	1	0	80	0.000128667	7772	0.5	FALSE	NA	NA	NA	NA	NA	NA
NC_045512.2	27863	T	C	7737	6991	46	1	1	40	0.000129232	7738	0.500032	FALSE	NA	NA	NA	NA	NA	NA
NC_045512.2	27864	C	T	7981	6850	46	2	2	32	0.000250532	7983	0.980504	FALSE	NA	NA	NA	NA	NA	NA
NC_045512.2	27865	A	G	7974	6849	46	1	1	40	0.000125392	7975	0.500031	FALSE	NA	NA	NA	NA	NA	NA
NC_045512.2	27866	T	G	7935	6786	46	1	1	24	0.000125992	7937	1	FALSE	NA	NA	NA	NA	NA	NA
NC_045512.2	27866	T	C	7935	6786	46	1	0	80	0.000125992	7937	0.5	FALSE	NA	NA	NA	NA	NA	NA
NC_045512.2	27868	A	G	7994	6899	45	1	0	80	0.000125078	7995	0.500031	FALSE	NA	NA	NA	NA	NA	NA
NC_045512.2	27869	T	G	7878	6816	45	2	2	24	0.000253807	7880	1	FALSE	NA	NA	NA	NA	NA	NA
NC_045512.2	27870	G	A	7933	6937	44	1	1	40	0.00012604	7934	0.500032	FALSE	NA	NA	NA	NA	NA	NA
NC_045512.2	27873	A	G	7734	6792	44	1	1	40	0.000129282	7735	0.500032	FALSE	NA	NA	NA	NA	NA	NA
NC_045512.2	27874	C	T	7163	6258	44	554	527	43	0.0717896	7717	5.93699e-172	TRUE	NA	NA	NA	NA	NA	NA
NC_045512.2	27875	T	G	7300	6374	42	3	2	29	0.00041079	7303	1	FALSE	NA	NA	NA	NA	NA	NA
NC_045512.2	27876	T	G	7333	6384	44	3	3	34	0.000408886	7337	0.945372	FALSE	NA	NA	NA	NA	NA	NA
NC_045512.2	27876	T	C	7333	6384	44	1	1	24	0.000136295	7337	1	FALSE	NA	NA	NA	NA	NA	NA
NC_045512.2	27877	G	C	7350	6407	42	1	0	52	0.000136036	7351	0.500034	FALSE	NA	NA	NA	NA	NA	NA
NC_045512.2	27878	T	G	7354	6415	44	3	3	24	0.000407609	7360	1	FALSE	NA	NA	NA	NA	NA	NA
NC_045512.2	27878	T	C	7354	6415	44	3	3	40	0.000407609	7360	0.124924	FALSE	NA	NA	NA	NA	NA	NA
NC_045512.2	27880	A	G	7360	6436	44	2	2	24	0.000271665	7362	1	FALSE	NA	NA	NA	NA	NA	NA
NC_045512.2	27881	C	T	7302	6381	43	2	2	40	0.000273823	7304	0.250017	FALSE	NA	NA	NA	NA	NA	NA
NC_045512.2	27882	G	T	7338	6403	44	1	1	24	0.000136258	7339	1	FALSE	NA	NA	NA	NA	NA	NA
NC_045512.2	27883	C	T	7322	6401	43	1	1	40	0.000136556	7323	0.500034	FALSE	NA	NA	NA	NA	NA	NA
NC_045512.2	27884	C	A	7294	6380	43	1	1	24	0.00013708	7295	1	FALSE	NA	NA	NA	NA	NA	NA
NC_045512.2	27885	T	G	6933	6014	42	8	8	24	0.00115257	6941	1	FALSE	NA	NA	NA	NA	NA	NA
NC_045512.2	27885	T	-A	6933	6014	42	1	0	20	0.000144071	6941	1	FALSE	NA	NA	NA	NA	NA	NA
NC_045512.2	27889	C	T	7092	6211	43	2	2	40	0.000281928	7094	0.250018	FALSE	NA	NA	NA	NA	NA	NA
NC_045512.2	27890	G	T	6726	5852	43	1	1	40	0.000148655	6727	0.500037	FALSE	NA	NA	NA	NA	NA	NA
NC_045512.2	27893	C	A	6428	5591	43	1	1	40	0.000155545	6429	0.500039	FALSE	NA	NA	NA	NA	NA	NA
NC_045512.2	27895	T	G	6380	5559	43	1	1	40	0.000156715	6381	0.500039	FALSE	NA	NA	NA	NA	NA	NA
NC_045512.2	27897	A	G	6432	5620	43	2	1	60	0.000310849	6434	0.250019	FALSE	NA	NA	NA	NA	NA	NA
NC_045512.2	27898	A	G	6430	5619	43	1	1	40	0.000155497	6431	0.500039	FALSE	NA	NA	NA	NA	NA	NA
NC_045512.2	27899	A	G	6404	5592	43	2	2	24	0.000312207	6406	1	FALSE	NA	NA	NA	NA	NA	NA
NC_045512.2	27900	T	C	6373	5564	43	1	1	40	0.000156887	6374	0.500039	FALSE	NA	NA	NA	NA	NA	NA
NC_045512.2	27904	T	G	6283	5500	42	2	2	32	0.000318218	6285	0.964905	FALSE	NA	NA	NA	NA	NA	NA
NC_045512.2	27905	T	G	6242	5461	42	3	3	29	0.000480384	6245	1	FALSE	NA	NA	NA	NA	NA	NA
NC_045512.2	27908	T	G	6225	5463	42	1	1	24	0.000160617	6226	1	FALSE	NA	NA	NA	NA	NA	NA
NC_045512.2	27910	T	G	6190	5437	42	1	1	24	0.000161499	6192	1	FALSE	NA	NA	NA	NA	NA	NA
NC_045512.2	27910	T	C	6190	5437	42	1	1	24	0.000161499	6192	1	FALSE	NA	NA	NA	NA	NA	NA
NC_045512.2	27912	T	G	6152	5391	42	1	1	24	0.000162496	6154	1	FALSE	NA	NA	NA	NA	NA	NA
NC_045512.2	27912	T	C	6152	5391	42	1	1	40	0.000162496	6154	0.5	FALSE	NA	NA	NA	NA	NA	NA
NC_045512.2	27913	T	G	6069	5309	41	3	3	26	0.000493908	6074	1	FALSE	NA	NA	NA	NA	NA	NA
NC_045512.2	27913	T	C	6069	5309	41	2	2	32	0.000329272	6074	0.964853	FALSE	NA	NA	NA	NA	NA	NA
NC_045512.2	27914	A	C	6179	5426	42	1	0	32	0.000161812	6180	0.992205	FALSE	NA	NA	NA	NA	NA	NA
NC_045512.2	27915	G	T	5984	5226	39	8	8	30	0.00133467	5994	0.290318	FALSE	NA	NA	NA	NA	NA	NA
NC_045512.2	27915	G	C	5984	5226	39	2	2	40	0.000333667	5994	0.249687	FALSE	NA	NA	NA	NA	NA	NA
NC_045512.2	27916	G	C	6173	5420	42	1	1	40	0.00016197	6174	0.50004	FALSE	NA	NA	NA	NA	NA	NA
NC_045512.2	27917	A	G	6135	5382	42	6	6	34	0.000976721	6143	0.612738	FALSE	NA	NA	NA	NA	NA	NA
NC_045512.2	27917	A	C	6135	5382	42	2	2	32	0.000325574	6143	0.964799	FALSE	NA	NA	NA	NA	NA	NA
NC_045512.2	27919	T	C	6047	5298	42	1	1	40	0.000165344	6048	0.500041	FALSE	NA	NA	NA	NA	NA	NA
NC_045512.2	27921	A	G	6031	5247	42	1	0	64	0.000165755	6033	0.5	FALSE	NA	NA	NA	NA	NA	NA
NC_045512.2	27921	A	C	6031	5247	42	1	0	24	0.000165755	6033	1	FALSE	NA	NA	NA	NA	NA	NA
NC_045512.2	27922	T	G	6028	5224	41	1	1	40	0.000165837	6030	0.5	FALSE	NA	NA	NA	NA	NA	NA
NC_045512.2	27922	T	C	6028	5224	41	1	0	40	0.000165837	6030	0.5	FALSE	NA	NA	NA	NA	NA	NA
NC_045512.2	27923	C	T	6040	5240	42	1	0	24	0.000165508	6042	1	FALSE	NA	NA	NA	NA	NA	NA
NC_045512.2	27923	C	G	6040	5240	42	1	1	40	0.000165508	6042	0.5	FALSE	NA	NA	NA	NA	NA	NA
NC_045512.2	27924	A	G	5935	5140	42	1	1	24	0.000168464	5936	1	FALSE	NA	NA	NA	NA	NA	NA
NC_045512.2	27925	C	A	698	121	38	3	0	24	0.0042796	701	0.946189	FALSE	NA	NA	NA	NA	NA	NA
NC_045512.2	27930	G	A	778	118	43	1	0	40	0.0012837	779	0.500321	FALSE	NA	NA	NA	NA	NA	NA
NC_045512.2	27943	A	C	794	143	45	1	0	40	0.00125786	795	0.500315	FALSE	NA	NA	NA	NA	NA	NA
NC_045512.2	27953	T	G	832	154	46	2	2	32	0.00239808	834	0.25015	FALSE	NA	NA	NA	NA	NA	NA
NC_045512.2	27954	A	C	829	157	46	1	0	24	0.00120482	830	0.998099	FALSE	NA	NA	NA	NA	NA	NA
NC_045512.2	27959	A	C	829	164	46	2	0	24	0.00240674	831	0.989495	FALSE	NA	NA	NA	NA	NA	NA
NC_045512.2	27961	A	C	850	162	46	1	0	24	0.00117509	851	0.998098	FALSE	NA	NA	NA	NA	NA	NA
NC_045512.2	27965	A	C	897	175	48	1	0	40	0.00111359	898	0.500279	FALSE	NA	NA	NA	NA	NA	NA
NC_045512.2	27968	T	G	920	188	49	1	0	24	0.00108578	921	0.999052	FALSE	NA	NA	NA	NA	NA	NA
NC_045512.2	27973	A	G	884	188	50	1	0	24	0.0011274	887	0.998077	FALSE	NA	NA	NA	NA	NA	NA
NC_045512.2	27973	A	C	884	188	50	2	0	24	0.00225479	887	0.989431	FALSE	NA	NA	NA	NA	NA	NA
NC_045512.2	27974	A	G	920	189	48	1	0	24	0.00108578	921	0.999052	FALSE	NA	NA	NA	NA	NA	NA
NC_045512.2	27975	C	T	930	187	50	1	1	24	0.00107411	931	0.999052	FALSE	NA	NA	NA	NA	NA	NA
NC_045512.2	27979	A	C	909	184	50	1	0	24	0.0010989	910	0.999053	FALSE	NA	NA	NA	NA	NA	NA
NC_045512.2	27981	C	A	927	187	48	2	0	24	0.00215285	929	0.994284	FALSE	NA	NA	NA	NA	NA	NA
NC_045512.2	27983	A	C	959	189	50	1	0	24	0.00104167	960	0.999051	FALSE	NA	NA	NA	NA	NA	NA
NC_045512.2	27985	A	C	982	206	51	2	0	32	0.00203252	984	0.250127	FALSE	NA	NA	NA	NA	NA	NA
NC_045512.2	27987	G	T	986	193	49	2	2	32	0.00202429	988	0.250127	FALSE	NA	NA	NA	NA	NA	NA
NC_045512.2	27989	A	C	955	199	52	1	0	40	0.00104603	956	0.500262	FALSE	NA	NA	NA	NA	NA	NA
NC_045512.2	27998	C	A	877	283	50	1	0	24	0.00113895	878	0.998097	FALSE	NA	NA	NA	NA	NA	NA
NC_045512.2	28001	G	T	874	285	50	1	1	40	0.00114286	875	0.500286	FALSE	NA	NA	NA	NA	NA	NA
NC_045512.2	28005	C	A	872	310	49	1	0	24	0.00114548	873	0.998097	FALSE	NA	NA	NA	NA	NA	NA
NC_045512.2	28007	T	G	858	297	49	1	1	24	0.00116414	859	0.998098	FALSE	NA	NA	NA	NA	NA	NA
NC_045512.2	28023	A	C	794	307	48	1	0	24	0.00125786	795	0.996182	FALSE	NA	NA	NA	NA	NA	NA
NC_045512.2	28024	A	C	802	305	49	1	0	24	0.00124533	803	0.998101	FALSE	NA	NA	NA	NA	NA	NA
NC_045512.2	28030	A	C	825	330	49	1	0	24	0.00121065	826	0.9981	FALSE	NA	NA	NA	NA	NA	NA
NC_045512.2	28035	A	G	814	360	48	1	1	80	0.00122699	815	0.500307	FALSE	NA	NA	NA	NA	NA	NA
NC_045512.2	28055	A	C	907	566	54	1	0	24	0.00110132	908	0.999053	FALSE	NA	NA	NA	NA	NA	NA
NC_045512.2	28058	A	C	906	574	54	1	0	24	0.00110254	907	0.999053	FALSE	NA	NA	NA	NA	NA	NA
NC_045512.2	28064	A	C	916	605	53	3	0	29	0.00326442	919	0.981106	FALSE	NA	NA	NA	NA	NA	NA
NC_045512.2	28072	T	G	924	654	56	1	1	24	0.00108108	925	0.999052	FALSE	NA	NA	NA	NA	NA	NA
NC_045512.2	28082	T	C	958	760	55	1	1	80	0.00104275	959	0.500261	FALSE	NA	NA	NA	NA	NA	NA
NC_045512.2	28094	T	G	937	750	54	1	1	24	0.0010661	938	0.999052	FALSE	NA	NA	NA	NA	NA	NA
NC_045512.2	28095	A	G	945	760	55	1	1	40	0.00105708	946	0.500264	FALSE	NA	NA	NA	NA	NA	NA
NC_045512.2	28110	T	G	897	734	53	1	1	24	0.00111359	898	0.998095	FALSE	NA	NA	NA	NA	NA	NA
NC_045512.2	28114	T	G	867	728	52	1	0	32	0.00115207	868	0.500288	FALSE	NA	NA	NA	NA	NA	NA
NC_045512.2	28120	T	G	832	707	51	1	1	24	0.00120048	833	0.998099	FALSE	NA	NA	NA	NA	NA	NA
NC_045512.2	28123	G	T	810	687	49	1	1	24	0.00123305	811	0.998101	FALSE	NA	NA	NA	NA	NA	NA
NC_045512.2	28142	T	C	742	662	48	1	1	24	0.0013459	743	0.996188	FALSE	NA	NA	NA	NA	NA	NA
NC_045512.2	28180	G	T	804	572	40	1	1	24	0.00124224	805	0.998101	FALSE	NA	NA	NA	NA	NA	NA
NC_045512.2	28183	G	A	999	590	42	2	2	40	0.001998	1001	0.250125	FALSE	NA	NA	NA	NA	NA	NA
NC_045512.2	28188	G	T	963	521	39	5	5	24	0.00516529	968	0.911323	FALSE	NA	NA	NA	NA	NA	NA
NC_045512.2	28196	T	G	792	339	42	2	0	32	0.00251889	794	0.250158	FALSE	NA	NA	NA	NA	NA	NA
NC_045512.2	28200	T	G	764	301	42	1	1	32	0.00130719	765	0.500327	FALSE	NA	NA	NA	NA	NA	NA
NC_045512.2	28207	A	C	462	25	41	1	0	24	0.00215983	463	0.969255	FALSE	NA	NA	NA	NA	NA	NA
NC_045512.2	28211	A	C	481	29	43	1	0	24	0.00207469	482	0.969235	FALSE	NA	NA	NA	NA	NA	NA
NC_045512.2	28220	A	C	494	41	42	1	0	24	0.0020202	495	0.969223	FALSE	NA	NA	NA	NA	NA	NA
NC_045512.2	28222	A	G	515	40	44	1	0	40	0.00193798	516	0.500485	FALSE	NA	NA	NA	NA	NA	NA
NC_045512.2	28261	C	T	607	83	49	1	0	40	0.00164474	608	0.500412	FALSE	NA	NA	NA	NA	NA	NA
NC_045512.2	28266	A	C	605	97	51	1	0	40	0.00165017	606	0.500413	FALSE	NA	NA	NA	NA	NA	NA
NC_045512.2	28271	A	T	0	0	0	622	99	50	1	622	0	TRUE	NA	NA	NA	NA	NA	NA
NC_045512.2	28291	C	A	629	126	52	2	0	24	0.00316957	631	0.965449	FALSE	NA	NA	NA	NA	NA	NA
NC_045512.2	28292	C	A	627	128	52	1	0	24	0.00159236	628	0.992361	FALSE	NA	NA	NA	NA	NA	NA
NC_045512.2	28293	A	C	632	127	53	1	0	24	0.00157978	633	0.992359	FALSE	NA	NA	NA	NA	NA	NA
NC_045512.2	28311	C	T	0	0	0	605	163	54	1	605	0	TRUE	NA	NA	NA	NA	NA	NA
NC_045512.2	28313	C	A	602	177	53	2	0	40	0.00331126	604	0.250207	FALSE	NA	NA	NA	NA	NA	NA
NC_045512.2	28318	T	G	612	173	54	1	1	24	0.00163132	613	0.992365	FALSE	NA	NA	NA	NA	NA	NA
NC_045512.2	28319	A	C	609	186	54	1	0	24	0.00163934	610	0.992366	FALSE	NA	NA	NA	NA	NA	NA
NC_045512.2	28320	C	A	571	202	50	1	0	24	0.00174825	572	0.984661	FALSE	NA	NA	NA	NA	NA	NA
NC_045512.2	28349	A	G	537	379	50	1	1	24	0.00185874	538	0.984679	FALSE	NA	NA	NA	NA	NA	NA
NC_045512.2	28361	G	-GAGAACGCA	546	413	50	495	0	20	0.906593	546	1.5999e-105	TRUE	NA	NA	NA	NA	NA	NA
NC_045512.2	28363	A	T	0	0	0	14	4	38	1	14	7.51199e-28	TRUE	NA	NA	NA	NA	NA	NA
NC_045512.2	28370	A	G	0	0	0	2	1	80	1	2	7.82687e-06	TRUE	NA	NA	NA	NA	NA	NA
NC_045512.2	28380	G	A	623	531	51	1	1	80	0.00160256	624	0.500401	FALSE	NA	NA	NA	NA	NA	NA
NC_045512.2	28404	G	C	622	561	47	1	1	40	0.00160514	623	0.500402	FALSE	NA	NA	NA	NA	NA	NA
NC_045512.2	28423	G	A	535	479	47	1	1	40	0.00186567	536	0.500467	FALSE	NA	NA	NA	NA	NA	NA
NC_045512.2	28432	C	T	525	478	46	1	1	80	0.00190114	526	0.500476	FALSE	NA	NA	NA	NA	NA	NA
NC_045512.2	28451	G	T	471	434	44	4	4	24	0.00842105	475	0.638454	FALSE	NA	NA	NA	NA	NA	NA
NC_045512.2	28465	T	G	445	413	43	1	1	24	0.00224215	446	0.969274	FALSE	NA	NA	NA	NA	NA	NA
NC_045512.2	28470	T	G	436	406	44	1	1	24	0.00228833	437	0.969285	FALSE	NA	NA	NA	NA	NA	NA
NC_045512.2	28475	C	A	416	393	43	1	0	24	0.00239808	417	0.969311	FALSE	NA	NA	NA	NA	NA	NA
NC_045512.2	28476	G	C	410	386	41	1	1	40	0.00243309	411	0.500609	FALSE	NA	NA	NA	NA	NA	NA
NC_045512.2	28477	A	G	417	393	43	1	1	24	0.00239234	418	0.969309	FALSE	NA	NA	NA	NA	NA	NA
NC_045512.2	28484	G	T	393	374	42	1	1	24	0.00253807	394	0.938293	FALSE	NA	NA	NA	NA	NA	NA
NC_045512.2	28485	G	T	398	379	43	1	1	24	0.0025	400	0.968946	FALSE	NA	NA	NA	NA	NA	NA
NC_045512.2	28485	G	A	398	379	43	1	1	24	0.0025	400	0.968946	FALSE	NA	NA	NA	NA	NA	NA
NC_045512.2	28487	G	T	238	224	43	106	101	43	0.307246	345	8.29356e-37	TRUE	NA	NA	NA	NA	NA	NA
NC_045512.2	28487	G	C	238	224	43	1	1	40	0.00289855	345	0.409949	FALSE	NA	NA	NA	NA	NA	NA
NC_045512.2	28496	A	G	307	291	43	2	2	32	0.00647249	309	0.250405	FALSE	NA	NA	NA	NA	NA	NA
NC_045512.2	28497	A	C	5543	855	39	1	0	24	0.000180375	5544	1	FALSE	NA	NA	NA	NA	NA	NA
NC_045512.2	28498	C	G	9141	1050	41	2	0	40	0.000218723	9144	0.249986	FALSE	NA	NA	NA	NA	NA	NA
NC_045512.2	28498	C	A	9141	1050	41	1	0	40	0.000109361	9144	0.499973	FALSE	NA	NA	NA	NA	NA	NA
NC_045512.2	28499	A	C	9769	1099	41	12	0	30	0.00122687	9781	0.331812	FALSE	NA	NA	NA	NA	NA	NA
NC_045512.2	28500	C	T	11694	1194	41	3	0	40	0.000256432	11699	0.31242	FALSE	NA	NA	NA	NA	NA	NA
NC_045512.2	28500	C	G	11694	1194	41	2	0	40	0.000170955	11699	0.499904	FALSE	NA	NA	NA	NA	NA	NA
NC_045512.2	28501	C	G	12182	1219	42	1	1	24	8.20816e-05	12183	1	FALSE	NA	NA	NA	NA	NA	NA
NC_045512.2	28502	A	G	12131	1231	42	1	0	40	8.23995e-05	12136	0.749948	FALSE	NA	NA	NA	NA	NA	NA
NC_045512.2	28502	A	C	12131	1231	42	4	0	24	0.000329598	12136	1	FALSE	NA	NA	NA	NA	NA	NA
NC_045512.2	28503	A	C	12155	1238	42	7	0	26	0.000575563	12162	1	FALSE	NA	NA	NA	NA	NA	NA
NC_045512.2	28504	T	G	13373	1310	42	2	0	32	0.000149533	13375	0.999513	FALSE	NA	NA	NA	NA	NA	NA
NC_045512.2	28505	A	G	13285	1319	42	5	1	44	0.00037611	13294	0.109296	FALSE	NA	NA	NA	NA	NA	NA
NC_045512.2	28505	A	C	13285	1319	42	4	0	28	0.000300888	13294	1	FALSE	NA	NA	NA	NA	NA	NA
NC_045512.2	28506	G	C	13498	1320	42	1	0	40	7.40741e-05	13500	0.750009	FALSE	NA	NA	NA	NA	NA	NA
NC_045512.2	28506	G	A	13498	1320	42	1	0	24	7.40741e-05	13500	1	FALSE	NA	NA	NA	NA	NA	NA
NC_045512.2	28508	A	C	13610	1240	42	5	0	24	0.000367242	13615	1	FALSE	NA	NA	NA	NA	NA	NA
NC_045512.2	28509	G	C	15804	1342	42	7	0	40	0.000442618	15815	0.0351182	FALSE	NA	NA	NA	NA	NA	NA
NC_045512.2	28509	G	A	15804	1342	42	4	0	36	0.000252924	15815	0.997787	FALSE	NA	NA	NA	NA	NA	NA
NC_045512.2	28510	T	C	15819	1390	43	5	0	44	0.000315976	15824	0.109368	FALSE	NA	NA	NA	NA	NA	NA
NC_045512.2	28511	C	T	15734	1251	42	1	0	24	6.35122e-05	15745	1	FALSE	NA	NA	NA	NA	NA	NA
NC_045512.2	28511	C	G	15734	1251	42	7	0	26	0.000444586	15745	1	FALSE	NA	NA	NA	NA	NA	NA
NC_045512.2	28511	C	A	15734	1251	42	3	0	29	0.000190537	15745	1	FALSE	NA	NA	NA	NA	NA	NA
NC_045512.2	28512	C	T	15900	1251	43	1	0	40	6.28812e-05	15903	0.749992	FALSE	NA	NA	NA	NA	NA	NA
NC_045512.2	28512	C	G	15900	1251	43	2	0	32	0.000125762	15903	0.999863	FALSE	NA	NA	NA	NA	NA	NA
NC_045512.2	28513	A	G	15803	1257	42	4	0	36	0.000252908	15816	0.997786	FALSE	NA	NA	NA	NA	NA	NA
NC_045512.2	28513	A	C	15803	1257	42	9	0	27	0.000569044	15816	1	FALSE	NA	NA	NA	NA	NA	NA
NC_045512.2	28514	G	T	15899	1255	43	1	0	40	6.28812e-05	15903	0.749976	FALSE	NA	NA	NA	NA	NA	NA
NC_045512.2	28514	G	C	15899	1255	43	1	0	24	6.28812e-05	15903	1	FALSE	NA	NA	NA	NA	NA	NA
NC_045512.2	28514	G	A	15899	1255	43	2	0	40	0.000125762	15903	0.499976	FALSE	NA	NA	NA	NA	NA	NA
NC_045512.2	28515	A	C	15869	1262	42	2	0	32	0.000126016	15871	0.999863	FALSE	NA	NA	NA	NA	NA	NA
NC_045512.2	28516	T	C	16050	1263	43	1	0	24	6.23014e-05	16051	1	FALSE	NA	NA	NA	NA	NA	NA
NC_045512.2	28517	G	C	16126	1277	43	3	0	29	0.000186	16129	1	FALSE	NA	NA	NA	NA	NA	NA
NC_045512.2	28518	A	G	16315	1377	43	1	0	40	6.12858e-05	16317	0.750008	FALSE	NA	NA	NA	NA	NA	NA
NC_045512.2	28518	A	C	16315	1377	43	1	0	40	6.12858e-05	16317	0.750008	FALSE	NA	NA	NA	NA	NA	NA
NC_045512.2	28519	C	T	16030	1405	42	2	0	40	0.000124673	16042	0.49979	FALSE	NA	NA	NA	NA	NA	NA
NC_045512.2	28519	C	G	16030	1405	42	1	0	24	6.23364e-05	16042	1	FALSE	NA	NA	NA	NA	NA	NA
NC_045512.2	28519	C	A	16030	1405	42	9	0	25	0.000561027	16042	1	FALSE	NA	NA	NA	NA	NA	NA
NC_045512.2	28520	C	G	16452	1458	44	7	0	36	0.000425273	16460	0.982686	FALSE	NA	NA	NA	NA	NA	NA
NC_045512.2	28520	C	A	16452	1458	44	1	0	40	6.07533e-05	16460	0.749916	FALSE	NA	NA	NA	NA	NA	NA
NC_045512.2	28520	C	-A	16452	1458	44	1	0	20	6.07533e-05	16460	1	FALSE	NA	NA	NA	NA	NA	NA
NC_045512.2	28521	A	G	16506	1530	44	3	0	53	0.000181708	16510	0.124977	FALSE	NA	NA	NA	NA	NA	NA
NC_045512.2	28521	A	C	16506	1530	44	1	0	24	6.05694e-05	16510	1	FALSE	NA	NA	NA	NA	NA	NA
NC_045512.2	28522	A	G	16547	1541	44	6	0	34	0.000362253	16563	0.991538	FALSE	NA	NA	NA	NA	NA	NA
NC_045512.2	28522	A	C	16547	1541	44	10	0	25	0.000603755	16563	1	FALSE	NA	NA	NA	NA	NA	NA
NC_045512.2	28523	A	T	16684	1538	44	2	0	40	0.000119839	16689	0.499955	FALSE	NA	NA	NA	NA	NA	NA
NC_045512.2	28523	A	G	16684	1538	44	1	0	40	5.99197e-05	16689	0.749963	FALSE	NA	NA	NA	NA	NA	NA
NC_045512.2	28523	A	C	16684	1538	44	2	0	24	0.000119839	16689	1	FALSE	NA	NA	NA	NA	NA	NA
NC_045512.2	28525	T	C	16725	1531	44	2	0	32	0.000119567	16727	0.999928	FALSE	NA	NA	NA	NA	NA	NA
NC_045512.2	28526	G	A	17898	1593	44	3	0	48	0.000167588	17901	0.31251	FALSE	NA	NA	NA	NA	NA	NA
NC_045512.2	28527	G	C	17868	1613	44	3	0	32	0.00016786	17872	0.999799	FALSE	NA	NA	NA	NA	NA	NA
NC_045512.2	28527	G	A	17868	1613	44	1	0	40	5.59534e-05	17872	0.749979	FALSE	NA	NA	NA	NA	NA	NA
NC_045512.2	28528	C	T	17987	1775	45	1	0	40	5.55926e-05	17988	0.750021	FALSE	NA	NA	NA	NA	NA	NA
NC_045512.2	28529	T	C	17958	1816	45	2	0	32	0.000111359	17960	0.999962	FALSE	NA	NA	NA	NA	NA	NA
NC_045512.2	28530	A	G	17860	1823	45	1	0	40	5.59722e-05	17866	0.749951	FALSE	NA	NA	NA	NA	NA	NA
NC_045512.2	28530	A	C	17860	1823	45	5	0	24	0.000279861	17866	1	FALSE	NA	NA	NA	NA	NA	NA
NC_045512.2	28531	C	T	19499	1935	45	2	1	52	0.000102554	19502	0.249994	FALSE	NA	NA	NA	NA	NA	NA
NC_045512.2	28531	C	A	19499	1935	45	1	0	24	5.12768e-05	19502	1	FALSE	NA	NA	NA	NA	NA	NA
NC_045512.2	28532	T	C	19493	1969	45	3	0	34	0.000153878	19496	0.99994	FALSE	NA	NA	NA	NA	NA	NA
NC_045512.2	28533	A	G	20852	2131	45	1	1	32	4.79478e-05	20856	1	FALSE	NA	NA	NA	NA	NA	NA
NC_045512.2	28533	A	C	20852	2131	45	3	0	24	0.000143843	20856	1	FALSE	NA	NA	NA	NA	NA	NA
NC_045512.2	28534	C	T	19801	2147	41	3	0	53	0.00015121	19840	0.12466	FALSE	NA	NA	NA	NA	NA	NA
NC_045512.2	28534	C	G	19801	2147	41	1	0	40	5.04032e-05	19840	0.749539	FALSE	NA	NA	NA	NA	NA	NA
NC_045512.2	28534	C	A	19801	2147	41	35	0	25	0.00176411	19840	1	FALSE	NA	NA	NA	NA	NA	NA
NC_045512.2	28535	C	-G	20959	2146	45	1	0	20	4.77122e-05	20959	1	FALSE	NA	NA	NA	NA	NA	NA
NC_045512.2	28536	G	T	20834	1862	43	18	18	27	0.000863227	20852	1	FALSE	NA	NA	NA	NA	NA	NA
NC_045512.2	28537	A	C	20969	2189	45	4	0	30	0.000190721	20973	0.999862	FALSE	NA	NA	NA	NA	NA	NA
NC_045512.2	28538	A	G	21017	2191	45	3	0	34	0.000142694	21024	0.999982	FALSE	NA	NA	NA	NA	NA	NA
NC_045512.2	28538	A	C	21017	2191	45	4	0	36	0.000190259	21024	0.999922	FALSE	NA	NA	NA	NA	NA	NA
NC_045512.2	28539	G	C	21434	2209	45	3	0	29	0.000139945	21437	1	FALSE	NA	NA	NA	NA	NA	NA
NC_045512.2	28540	A	G	21435	2227	45	1	0	24	4.66461e-05	21438	1	FALSE	NA	NA	NA	NA	NA	NA
NC_045512.2	28540	A	C	21435	2227	45	2	0	24	9.32923e-05	21438	1	FALSE	NA	NA	NA	NA	NA	NA
NC_045512.2	28541	G	T	21730	2233	45	2	0	40	9.20302e-05	21732	0.687526	FALSE	NA	NA	NA	NA	NA	NA
NC_045512.2	28542	C	T	21731	2251	43	1	0	24	4.60109e-05	21734	1	FALSE	NA	NA	NA	NA	NA	NA
NC_045512.2	28542	C	G	21731	2251	43	2	0	40	9.20217e-05	21734	0.687509	FALSE	NA	NA	NA	NA	NA	NA
NC_045512.2	28543	T	C	21985	2607	47	1	0	40	4.54835e-05	21986	0.875017	FALSE	NA	NA	NA	NA	NA	NA
NC_045512.2	28544	A	G	21919	2631	47	2	0	28	9.11868e-05	21933	1	FALSE	NA	NA	NA	NA	NA	NA
NC_045512.2	28544	A	C	21919	2631	47	12	0	32	0.000547121	21933	0.959974	FALSE	NA	NA	NA	NA	NA	NA
NC_045512.2	28545	C	T	20246	2724	43	1	0	40	4.91787e-05	20334	0.874213	FALSE	NA	NA	NA	NA	NA	NA
NC_045512.2	28545	C	G	20246	2724	43	1	0	24	4.91787e-05	20334	1	FALSE	NA	NA	NA	NA	NA	NA
NC_045512.2	28545	C	A	20246	2724	43	86	0	25	0.00422937	20334	1	FALSE	NA	NA	NA	NA	NA	NA
NC_045512.2	28546	C	T	21852	2685	46	2	0	32	9.15164e-05	21854	0.999997	FALSE	NA	NA	NA	NA	NA	NA
NC_045512.2	28547	A	G	22025	2686	47	1	0	40	4.53968e-05	22028	0.875	FALSE	NA	NA	NA	NA	NA	NA
NC_045512.2	28547	A	C	22025	2686	47	2	0	32	9.07935e-05	22028	0.999999	FALSE	NA	NA	NA	NA	NA	NA
NC_045512.2	28549	A	G	22076	2797	45	3	1	34	0.00013587	22080	0.99999	FALSE	NA	NA	NA	NA	NA	NA
NC_045512.2	28549	A	C	22076	2797	45	1	0	24	4.52899e-05	22080	1	FALSE	NA	NA	NA	NA	NA	NA
NC_045512.2	28550	C	G	22085	2794	46	2	0	32	9.05346e-05	22091	0.999999	FALSE	NA	NA	NA	NA	NA	NA
NC_045512.2	28550	C	A	22085	2794	46	4	0	36	0.000181069	22091	0.999956	FALSE	NA	NA	NA	NA	NA	NA
NC_045512.2	28552	A	G	22860	2830	47	1	1	80	4.37388e-05	22863	0.499989	FALSE	NA	NA	NA	NA	NA	NA
NC_045512.2	28552	A	C	22860	2830	47	2	0	24	8.74776e-05	22863	1	FALSE	NA	NA	NA	NA	NA	NA
NC_045512.2	28553	A	C	22894	2943	47	5	0	30	0.00021835	22899	0.999845	FALSE	NA	NA	NA	NA	NA	NA
NC_045512.2	28554	T	G	22894	2932	47	1	1	24	4.36758e-05	22896	1	FALSE	NA	NA	NA	NA	NA	NA
NC_045512.2	28554	T	C	22894	2932	47	1	1	36	4.36758e-05	22896	1	FALSE	NA	NA	NA	NA	NA	NA
NC_045512.2	28555	T	C	23041	2973	48	4	0	38	0.000173566	23046	0.999975	FALSE	NA	NA	NA	NA	NA	NA
NC_045512.2	28555	T	A	23041	2973	48	1	1	80	4.33915e-05	23046	0.499967	FALSE	NA	NA	NA	NA	NA	NA
NC_045512.2	28556	C	A	23039	2975	47	1	0	40	4.34028e-05	23040	0.875016	FALSE	NA	NA	NA	NA	NA	NA
NC_045512.2	28559	G	T	23240	3012	48	1	0	80	4.30256e-05	23242	0.5	FALSE	NA	NA	NA	NA	NA	NA
NC_045512.2	28559	G	A	23240	3012	48	1	0	24	4.30256e-05	23242	1	FALSE	NA	NA	NA	NA	NA	NA
NC_045512.2	28560	G	T	23285	3006	47	1	0	40	4.29406e-05	23288	0.875	FALSE	NA	NA	NA	NA	NA	NA
NC_045512.2	28560	G	C	23285	3006	47	2	0	32	8.58811e-05	23288	0.999999	FALSE	NA	NA	NA	NA	NA	NA
NC_045512.2	28561	T	C	23331	3079	48	1	0	40	4.28596e-05	23332	0.875016	FALSE	NA	NA	NA	NA	NA	NA
NC_045512.2	28562	G	C	23512	3106	48	2	0	40	8.50521e-05	23515	0.687508	FALSE	NA	NA	NA	NA	NA	NA
NC_045512.2	28562	G	A	23512	3106	48	1	1	80	4.2526e-05	23515	0.499989	FALSE	NA	NA	NA	NA	NA	NA
NC_045512.2	28563	G	T	23464	3018	46	2	2	24	8.52224e-05	23468	1	FALSE	NA	NA	NA	NA	NA	NA
NC_045512.2	28563	G	A	23464	3018	46	2	0	40	8.52224e-05	23468	0.687492	FALSE	NA	NA	NA	NA	NA	NA
NC_045512.2	28564	T	G	23569	3102	48	1	0	40	4.24268e-05	23570	0.875016	FALSE	NA	NA	NA	NA	NA	NA
NC_045512.2	28566	A	G	23442	3208	48	2	0	60	8.5306e-05	23445	0.249995	FALSE	NA	NA	NA	NA	NA	NA
NC_045512.2	28566	A	C	23442	3208	48	1	0	24	4.2653e-05	23445	1	FALSE	NA	NA	NA	NA	NA	NA
NC_045512.2	28567	C	T	23825	3234	48	1	1	52	4.19674e-05	23828	0.49999	FALSE	NA	NA	NA	NA	NA	NA
NC_045512.2	28567	C	A	23825	3234	48	2	0	32	8.39349e-05	23828	0.999999	FALSE	NA	NA	NA	NA	NA	NA
NC_045512.2	28568	G	A	23915	3239	48	1	0	40	4.1813e-05	23916	0.875016	FALSE	NA	NA	NA	NA	NA	NA
NC_045512.2	28569	G	A	23918	3224	48	3	0	66	0.000125413	23921	0.125	FALSE	NA	NA	NA	NA	NA	NA
NC_045512.2	28570	T	C	23963	3250	47	1	0	40	4.17293e-05	23964	0.875016	FALSE	NA	NA	NA	NA	NA	NA
NC_045512.2	28570	T	-A	23963	3250	47	1	0	20	4.17293e-05	23964	1	FALSE	NA	NA	NA	NA	NA	NA
NC_045512.2	28571	A	C	23827	3281	48	4	0	24	0.000167849	23831	1	FALSE	NA	NA	NA	NA	NA	NA
NC_045512.2	28572	A	T	23885	3283	48	1	0	80	4.18603e-05	23889	0.499979	FALSE	NA	NA	NA	NA	NA	NA
NC_045512.2	28572	A	G	23885	3283	48	1	1	80	4.18603e-05	23889	0.499979	FALSE	NA	NA	NA	NA	NA	NA
NC_045512.2	28572	A	C	23885	3283	48	2	0	32	8.37205e-05	23889	0.999999	FALSE	NA	NA	NA	NA	NA	NA
NC_045512.2	28573	A	G	23897	3290	48	2	0	32	8.36715e-05	23903	0.999999	FALSE	NA	NA	NA	NA	NA	NA
NC_045512.2	28573	A	C	23897	3290	48	4	0	32	0.000167343	23903	0.999975	FALSE	NA	NA	NA	NA	NA	NA
NC_045512.2	28574	A	G	24073	3313	48	2	0	40	8.30634e-05	24078	0.687477	FALSE	NA	NA	NA	NA	NA	NA
NC_045512.2	28574	A	C	24073	3313	48	3	0	29	0.000124595	24078	1	FALSE	NA	NA	NA	NA	NA	NA
NC_045512.2	28575	T	C	24157	3541	49	2	0	40	8.27849e-05	24159	0.687523	FALSE	NA	NA	NA	NA	NA	NA
NC_045512.2	28577	A	T	24138	3574	49	1	0	40	4.14199e-05	24143	0.874984	FALSE	NA	NA	NA	NA	NA	NA
NC_045512.2	28577	A	G	24138	3574	49	1	0	36	4.14199e-05	24143	1	FALSE	NA	NA	NA	NA	NA	NA
NC_045512.2	28577	A	C	24138	3574	49	3	1	48	0.00012426	24143	0.499981	FALSE	NA	NA	NA	NA	NA	NA
NC_045512.2	28578	A	G	24147	3601	49	2	0	24	8.28157e-05	24150	1	FALSE	NA	NA	NA	NA	NA	NA
NC_045512.2	28578	A	C	24147	3601	49	1	0	40	4.14079e-05	24150	0.875	FALSE	NA	NA	NA	NA	NA	NA
NC_045512.2	28579	A	G	24126	3604	49	6	1	41	0.000248602	24135	0.144484	FALSE	NA	NA	NA	NA	NA	NA
NC_045512.2	28579	A	C	24126	3604	49	3	0	40	0.000124301	24135	0.499903	FALSE	NA	NA	NA	NA	NA	NA
NC_045512.2	28580	G	C	24272	3605	49	3	0	29	0.000123584	24275	1	FALSE	NA	NA	NA	NA	NA	NA
NC_045512.2	28581	A	G	24310	3671	49	2	0	32	8.22605e-05	24313	1	FALSE	NA	NA	NA	NA	NA	NA
NC_045512.2	28581	A	C	24310	3671	49	1	0	24	4.11303e-05	24313	1	FALSE	NA	NA	NA	NA	NA	NA
NC_045512.2	28582	T	C	24603	3911	50	3	0	46	0.000121921	24606	0.500019	FALSE	NA	NA	NA	NA	NA	NA
NC_045512.2	28583	C	T	24645	3933	50	1	0	24	4.05745e-05	24646	1	FALSE	NA	NA	NA	NA	NA	NA
NC_045512.2	28584	T	C	24614	3949	50	2	1	52	8.1248e-05	24616	0.250005	FALSE	NA	NA	NA	NA	NA	NA
NC_045512.2	28585	C	T	18474	4176	40	1	0	40	5.3582e-05	18663	0.747483	FALSE	NA	NA	NA	NA	NA	NA
NC_045512.2	28585	C	A	18474	4176	40	188	1	25	0.0100734	18663	0.479281	FALSE	NA	NA	NA	NA	NA	NA
NC_045512.2	28586	A	G	24527	3968	49	3	0	53	0.000122274	24535	0.124962	FALSE	NA	NA	NA	NA	NA	NA
NC_045512.2	28586	A	C	24527	3968	49	5	0	27	0.000203791	24535	1	FALSE	NA	NA	NA	NA	NA	NA
NC_045512.2	28587	G	C	26111	4045	50	3	0	29	0.000114863	26118	1	FALSE	NA	NA	NA	NA	NA	NA
NC_045512.2	28587	G	A	26111	4045	50	4	0	36	0.000153151	26118	0.999996	FALSE	NA	NA	NA	NA	NA	NA
NC_045512.2	28588	T	C	26149	4188	50	3	1	50	0.000114714	26152	0.125	FALSE	NA	NA	NA	NA	NA	NA
NC_045512.2	28589	C	A	25838	4208	48	1	0	24	3.87012e-05	25839	1	FALSE	NA	NA	NA	NA	NA	NA
NC_045512.2	28590	C	T	26211	4270	51	5	1	56	0.000190723	26216	0.031247	FALSE	NA	NA	NA	NA	NA	NA
NC_045512.2	28590	C	-A	26211	4270	51	1	0	20	3.81446e-05	26216	1	FALSE	NA	NA	NA	NA	NA	NA
NC_045512.2	28591	A	C	26045	4284	50	6	1	26	0.000230317	26051	1	FALSE	NA	NA	NA	NA	NA	NA
NC_045512.2	28592	A	G	26263	4275	50	2	1	40	7.6147e-05	26265	0.687521	FALSE	NA	NA	NA	NA	NA	NA
NC_045512.2	28594	A	G	26150	4404	49	1	0	24	3.8238e-05	26152	1	FALSE	NA	NA	NA	NA	NA	NA
NC_045512.2	28594	A	C	26150	4404	49	1	0	24	3.8238e-05	26152	1	FALSE	NA	NA	NA	NA	NA	NA
NC_045512.2	28596	G	A	26542	4503	51	2	1	58	7.53466e-05	26544	0.250005	FALSE	NA	NA	NA	NA	NA	NA
NC_045512.2	28597	G	T	27221	4541	51	1	0	24	3.6735e-05	27222	1	FALSE	NA	NA	NA	NA	NA	NA
NC_045512.2	28598	T	G	27235	4551	51	1	1	24	3.67094e-05	27241	1	FALSE	NA	NA	NA	NA	NA	NA
NC_045512.2	28598	T	C	27235	4551	51	5	0	33	0.000183547	27241	0.99999	FALSE	NA	NA	NA	NA	NA	NA
NC_045512.2	28599	A	G	27128	4568	51	2	1	40	7.37137e-05	27132	0.687493	FALSE	NA	NA	NA	NA	NA	NA
NC_045512.2	28599	A	C	27128	4568	51	2	0	24	7.37137e-05	27132	1	FALSE	NA	NA	NA	NA	NA	NA
NC_045512.2	28600	T	G	27224	4569	51	2	0	32	7.34484e-05	27230	1	FALSE	NA	NA	NA	NA	NA	NA
NC_045512.2	28600	T	C	27224	4569	51	4	0	32	0.000146897	27230	0.999998	FALSE	NA	NA	NA	NA	NA	NA
NC_045512.2	28601	T	G	27524	4573	51	1	0	40	3.63266e-05	27528	0.874993	FALSE	NA	NA	NA	NA	NA	NA
NC_045512.2	28601	T	C	27524	4573	51	3	0	48	0.00010898	27528	0.5	FALSE	NA	NA	NA	NA	NA	NA
NC_045512.2	28603	C	A	27460	4630	49	6	0	29	0.000218452	27466	1	FALSE	NA	NA	NA	NA	NA	NA
NC_045512.2	28604	T	G	27820	4971	52	2	2	32	7.18778e-05	27825	1	FALSE	NA	NA	NA	NA	NA	NA
NC_045512.2	28604	T	C	27820	4971	52	3	0	34	0.000107817	27825	1	FALSE	NA	NA	NA	NA	NA	NA
NC_045512.2	28605	A	G	27313	5016	50	1	0	32	3.66005e-05	27322	1	FALSE	NA	NA	NA	NA	NA	NA
NC_045512.2	28605	A	C	27313	5016	50	8	0	26	0.000292804	27322	1	FALSE	NA	NA	NA	NA	NA	NA
NC_045512.2	28606	C	T	27506	5025	51	1	0	40	3.63425e-05	27516	0.874952	FALSE	NA	NA	NA	NA	NA	NA
NC_045512.2	28606	C	A	27506	5025	51	9	0	28	0.000327082	27516	1	FALSE	NA	NA	NA	NA	NA	NA
NC_045512.2	28607	T	C	27689	4950	52	2	0	40	7.22256e-05	27691	0.68752	FALSE	NA	NA	NA	NA	NA	NA
NC_045512.2	28608	A	G	28163	5041	52	3	3	61	0.000106492	28171	0.124967	FALSE	NA	NA	NA	NA	NA	NA
NC_045512.2	28608	A	C	28163	5041	52	5	0	24	0.000177487	28171	1	FALSE	NA	NA	NA	NA	NA	NA
NC_045512.2	28609	C	A	28009	5138	48	37	0	27	0.00131926	28046	1	FALSE	NA	NA	NA	NA	NA	NA
NC_045512.2	28610	C	G	29272	5080	52	1	0	24	3.416e-05	29274	1	FALSE	NA	NA	NA	NA	NA	NA
NC_045512.2	28610	C	A	29272	5080	52	1	0	24	3.416e-05	29274	1	FALSE	NA	NA	NA	NA	NA	NA
NC_045512.2	28612	A	G	28882	5073	51	3	1	48	0.000103828	28894	0.49987	FALSE	NA	NA	NA	NA	NA	NA
NC_045512.2	28612	A	C	28882	5073	51	9	0	24	0.000311483	28894	1	FALSE	NA	NA	NA	NA	NA	NA
NC_045512.2	28613	G	A	29185	5062	52	1	0	40	3.4263e-05	29186	0.875013	FALSE	NA	NA	NA	NA	NA	NA
NC_045512.2	28614	G	A	29412	5086	52	2	0	60	6.79948e-05	29414	0.250004	FALSE	NA	NA	NA	NA	NA	NA
NC_045512.2	28615	A	G	29325	5218	52	2	0	52	6.81849e-05	29332	0.249962	FALSE	NA	NA	NA	NA	NA	NA
NC_045512.2	28615	A	C	29325	5218	52	5	0	27	0.000170462	29332	1	FALSE	NA	NA	NA	NA	NA	NA
NC_045512.2	28616	A	G	29311	5223	52	4	0	56	0.000136435	29318	0.0624851	FALSE	NA	NA	NA	NA	NA	NA
NC_045512.2	28616	A	C	29311	5223	52	3	0	24	0.000102326	29318	1	FALSE	NA	NA	NA	NA	NA	NA
NC_045512.2	28617	C	T	29323	5210	52	1	0	24	3.40994e-05	29326	1	FALSE	NA	NA	NA	NA	NA	NA
NC_045512.2	28617	C	A	29323	5210	52	2	0	24	6.81989e-05	29326	1	FALSE	NA	NA	NA	NA	NA	NA
NC_045512.2	28618	T	C	28923	4972	52	2	0	40	6.91443e-05	28925	0.687519	FALSE	NA	NA	NA	NA	NA	NA
NC_045512.2	28618	T	-G	28923	4972	52	1	0	20	3.45722e-05	28925	1	FALSE	NA	NA	NA	NA	NA	NA
NC_045512.2	28619	G	A	28951	4990	52	1	0	40	3.45399e-05	28952	0.875006	FALSE	NA	NA	NA	NA	NA	NA
NC_045512.2	28620	G	C	29061	4993	52	1	0	32	3.44092e-05	29062	1	FALSE	NA	NA	NA	NA	NA	NA
NC_045512.2	28621	G	C	29156	5224	53	5	0	36	0.000171456	29162	0.999997	FALSE	NA	NA	NA	NA	NA	NA
NC_045512.2	28621	G	A	29156	5224	53	1	1	52	3.42912e-05	29162	0.499966	FALSE	NA	NA	NA	NA	NA	NA
NC_045512.2	28622	C	G	29126	5571	53	3	0	40	0.000102983	29131	0.499984	FALSE	NA	NA	NA	NA	NA	NA
NC_045512.2	28622	C	A	29126	5571	53	2	0	24	6.86554e-05	29131	1	FALSE	NA	NA	NA	NA	NA	NA
NC_045512.2	28623	C	T	28472	5575	52	1	1	52	3.50865e-05	28501	0.499763	FALSE	NA	NA	NA	NA	NA	NA
NC_045512.2	28623	C	A	28472	5575	52	28	1	26	0.000982422	28501	1	FALSE	NA	NA	NA	NA	NA	NA
NC_045512.2	28624	A	G	28959	5542	53	4	2	46	0.000138093	28966	0.34371	FALSE	NA	NA	NA	NA	NA	NA
NC_045512.2	28624	A	C	28959	5542	53	3	0	24	0.00010357	28966	1	FALSE	NA	NA	NA	NA	NA	NA
NC_045512.2	28625	G	A	29114	5506	53	2	0	40	6.86908e-05	29116	0.687519	FALSE	NA	NA	NA	NA	NA	NA
NC_045512.2	28625	G	-A	29114	5506	53	1	0	20	3.43454e-05	29116	1	FALSE	NA	NA	NA	NA	NA	NA
NC_045512.2	28626	A	G	29327	5624	53	3	0	66	0.000102274	29333	0.124974	FALSE	NA	NA	NA	NA	NA	NA
NC_045512.2	28626	A	C	29327	5624	53	3	2	34	0.000102274	29333	1	FALSE	NA	NA	NA	NA	NA	NA
NC_045512.2	28627	A	G	29406	5632	53	4	0	32	0.000135999	29412	0.999999	FALSE	NA	NA	NA	NA	NA	NA
NC_045512.2	28627	A	C	29406	5632	53	2	0	32	6.79995e-05	29412	1	FALSE	NA	NA	NA	NA	NA	NA
NC_045512.2	28629	C	T	29341	5726	54	2	0	32	6.8157e-05	29344	1	FALSE	NA	NA	NA	NA	NA	NA
NC_045512.2	28629	C	G	29341	5726	54	1	1	40	3.40785e-05	29344	0.875	FALSE	NA	NA	NA	NA	NA	NA
NC_045512.2	28630	T	G	29329	5718	54	2	0	32	6.81779e-05	29335	1	FALSE	NA	NA	NA	NA	NA	NA
NC_045512.2	28630	T	C	29329	5718	54	4	0	36	0.000136356	29335	0.999999	FALSE	NA	NA	NA	NA	NA	NA
NC_045512.2	28631	G	C	29464	5712	53	3	3	29	0.000101805	29468	1	FALSE	NA	NA	NA	NA	NA	NA
NC_045512.2	28631	G	A	29464	5712	53	1	0	40	3.39351e-05	29468	0.874994	FALSE	NA	NA	NA	NA	NA	NA
NC_045512.2	28632	G	C	29480	5748	54	2	0	40	6.7838e-05	29482	0.687519	FALSE	NA	NA	NA	NA	NA	NA
NC_045512.2	28633	A	G	29385	5989	54	3	1	64	0.000102072	29391	0.124981	FALSE	NA	NA	NA	NA	NA	NA
NC_045512.2	28633	A	C	29385	5989	54	3	0	34	0.000102072	29391	1	FALSE	NA	NA	NA	NA	NA	NA
NC_045512.2	28634	C	T	29124	6205	54	3	1	61	0.000102987	29130	0.124981	FALSE	NA	NA	NA	NA	NA	NA
NC_045512.2	28634	C	G	29124	6205	54	1	0	40	3.43289e-05	29130	0.874981	FALSE	NA	NA	NA	NA	NA	NA
NC_045512.2	28634	C	A	29124	6205	54	2	0	32	6.86577e-05	29130	1	FALSE	NA	NA	NA	NA	NA	NA
NC_045512.2	28635	T	G	28967	6100	54	2	2	24	6.90346e-05	28971	1	FALSE	NA	NA	NA	NA	NA	NA
NC_045512.2	28635	T	C	28967	6100	54	2	0	38	6.90346e-05	28971	1	FALSE	NA	NA	NA	NA	NA	NA
NC_045512.2	28636	T	C	30943	6272	53	1	1	36	3.23144e-05	30946	1	FALSE	NA	NA	NA	NA	NA	NA
NC_045512.2	28636	T	A	30943	6272	53	2	1	40	6.46287e-05	30946	0.81251	FALSE	NA	NA	NA	NA	NA	NA
NC_045512.2	28637	C	T	30487	6428	52	1	1	80	3.27912e-05	30496	0.499943	FALSE	NA	NA	NA	NA	NA	NA
NC_045512.2	28637	C	G	30487	6428	52	1	0	40	3.27912e-05	30496	0.937477	FALSE	NA	NA	NA	NA	NA	NA
NC_045512.2	28637	C	A	30487	6428	52	7	0	24	0.000229538	30496	1	FALSE	NA	NA	NA	NA	NA	NA
NC_045512.2	28639	C	G	27905	6808	48	1	0	40	3.56366e-05	28061	0.873972	FALSE	NA	NA	NA	NA	NA	NA
NC_045512.2	28639	C	A	27905	6808	48	155	0	26	0.00552368	28061	1	FALSE	NA	NA	NA	NA	NA	NA
NC_045512.2	28640	T	G	30443	6601	53	1	1	24	3.2844e-05	30447	1	FALSE	NA	NA	NA	NA	NA	NA
NC_045512.2	28640	T	C	30443	6601	53	2	0	24	6.56879e-05	30447	1	FALSE	NA	NA	NA	NA	NA	NA
NC_045512.2	28640	T	A	30443	6601	53	1	1	80	3.2844e-05	30447	0.499984	FALSE	NA	NA	NA	NA	NA	NA
NC_045512.2	28641	A	C	30286	6933	53	7	1	26	0.000231076	30293	1	FALSE	NA	NA	NA	NA	NA	NA
NC_045512.2	28642	T	C	30398	6937	54	2	0	32	6.57895e-05	30400	1	FALSE	NA	NA	NA	NA	NA	NA
NC_045512.2	28643	G	A	29588	7264	53	3	0	40	0.000101382	29591	0.500016	FALSE	NA	NA	NA	NA	NA	NA
NC_045512.2	28644	G	C	29543	7428	53	1	1	40	3.38467e-05	29545	0.875006	FALSE	NA	NA	NA	NA	NA	NA
NC_045512.2	28644	G	A	29543	7428	53	1	1	80	3.38467e-05	29545	0.5	FALSE	NA	NA	NA	NA	NA	NA
NC_045512.2	28645	T	C	28686	6854	52	4	2	69	0.000139417	28691	0.0624935	FALSE	NA	NA	NA	NA	NA	NA
NC_045512.2	28645	T	A	28686	6854	52	1	0	40	3.48541e-05	28691	0.874987	FALSE	NA	NA	NA	NA	NA	NA
NC_045512.2	28646	G	C	28718	6905	52	1	1	32	3.48202e-05	28719	1	FALSE	NA	NA	NA	NA	NA	NA
NC_045512.2	28647	C	T	27360	8647	53	3	2	74	0.000109633	27364	0.124993	FALSE	NA	NA	NA	NA	NA	NA
NC_045512.2	28647	C	G	27360	8647	53	1	1	80	3.65444e-05	27364	0.499982	FALSE	NA	NA	NA	NA	NA	NA
NC_045512.2	28648	T	G	27362	8780	53	2	2	24	7.30861e-05	27365	1	FALSE	NA	NA	NA	NA	NA	NA
NC_045512.2	28648	T	C	27362	8780	53	1	0	24	3.6543e-05	27365	1	FALSE	NA	NA	NA	NA	NA	NA
NC_045512.2	28648	T	-A	27362	8780	53	2	0	20	7.30861e-05	27365	1	FALSE	NA	NA	NA	NA	NA	NA
NC_045512.2	28649	A	G	27502	8924	53	11	1	36	0.000399651	27524	0.997448	FALSE	NA	NA	NA	NA	NA	NA
NC_045512.2	28649	A	C	27502	8924	53	11	0	28	0.000399651	27524	1	FALSE	NA	NA	NA	NA	NA	NA
NC_045512.2	28650	A	C	27224	9078	52	3	1	26	0.000110185	27227	1	FALSE	NA	NA	NA	NA	NA	NA
NC_045512.2	28651	C	A	26926	10670	53	1	0	40	3.71374e-05	26927	0.875014	FALSE	NA	NA	NA	NA	NA	NA
NC_045512.2	28652	A	G	26811	10687	53	2	1	50	7.45796e-05	26817	0.249967	FALSE	NA	NA	NA	NA	NA	NA
NC_045512.2	28652	A	C	26811	10687	53	4	0	28	0.000149159	26817	1	FALSE	NA	NA	NA	NA	NA	NA
NC_045512.2	28653	A	G	26897	10924	53	2	0	60	7.43467e-05	26901	0.249986	FALSE	NA	NA	NA	NA	NA	NA
NC_045512.2	28653	A	C	26897	10924	53	2	0	24	7.43467e-05	26901	1	FALSE	NA	NA	NA	NA	NA	NA
NC_045512.2	28654	A	G	26880	10899	53	5	3	44	0.00018597	26886	0.226547	FALSE	NA	NA	NA	NA	NA	NA
NC_045512.2	28654	A	C	26880	10899	53	1	1	32	3.71941e-05	26886	1	FALSE	NA	NA	NA	NA	NA	NA
NC_045512.2	28655	G	T	26554	11199	53	1	1	24	3.76563e-05	26556	1	FALSE	NA	NA	NA	NA	NA	NA
NC_045512.2	28655	G	C	26554	11199	53	1	0	40	3.76563e-05	26556	0.875007	FALSE	NA	NA	NA	NA	NA	NA
NC_045512.2	28656	A	G	27002	12184	54	4	3	56	0.000148104	27008	0.0624884	FALSE	NA	NA	NA	NA	NA	NA
NC_045512.2	28656	A	C	27002	12184	54	2	0	24	7.40521e-05	27008	1	FALSE	NA	NA	NA	NA	NA	NA
NC_045512.2	28657	C	T	26838	12298	53	3	1	34	0.000111732	26850	0.999999	FALSE	NA	NA	NA	NA	NA	NA
NC_045512.2	28657	C	A	26838	12298	53	9	1	27	0.000335196	26850	1	FALSE	NA	NA	NA	NA	NA	NA
NC_045512.2	28658	G	T	26117	11480	51	28	28	27	0.00107091	26146	1	FALSE	NA	NA	NA	NA	NA	NA
NC_045512.2	28658	G	A	26117	11480	51	1	1	40	3.82468e-05	26146	0.874813	FALSE	NA	NA	NA	NA	NA	NA
NC_045512.2	28659	G	T	27115	12226	54	3	0	40	0.000110607	27123	0.499931	FALSE	NA	NA	NA	NA	NA	NA
NC_045512.2	28659	G	A	27115	12226	54	5	4	44	0.000184345	27123	0.226517	FALSE	NA	NA	NA	NA	NA	NA
NC_045512.2	28660	C	A	26349	12873	51	1	0	24	3.79507e-05	26350	1	FALSE	NA	NA	NA	NA	NA	NA
NC_045512.2	28661	A	G	26503	12906	52	3	2	34	0.000113182	26506	0.999999	FALSE	NA	NA	NA	NA	NA	NA
NC_045512.2	28662	T	G	26599	12952	52	1	1	24	3.75912e-05	26602	1	FALSE	NA	NA	NA	NA	NA	NA
NC_045512.2	28662	T	C	26599	12952	52	2	2	72	7.51823e-05	26602	0.249995	FALSE	NA	NA	NA	NA	NA	NA
NC_045512.2	28663	C	T	26965	13153	52	2	0	40	7.4162e-05	26968	0.687507	FALSE	NA	NA	NA	NA	NA	NA
NC_045512.2	28663	C	A	26965	13153	52	1	0	24	3.7081e-05	26968	1	FALSE	NA	NA	NA	NA	NA	NA
NC_045512.2	28664	A	G	26947	13199	52	3	3	38	0.000111305	26953	0.999999	FALSE	NA	NA	NA	NA	NA	NA
NC_045512.2	28664	A	C	26947	13199	52	3	1	29	0.000111305	26953	1	FALSE	NA	NA	NA	NA	NA	NA
NC_045512.2	28665	T	G	26960	13233	52	2	2	24	7.41647e-05	26967	1	FALSE	NA	NA	NA	NA	NA	NA
NC_045512.2	28665	T	C	26960	13233	52	5	1	33	0.000185412	26967	0.999983	FALSE	NA	NA	NA	NA	NA	NA
NC_045512.2	28666	A	G	26978	13253	52	5	5	40	0.000185281	26986	0.226517	FALSE	NA	NA	NA	NA	NA	NA
NC_045512.2	28666	A	C	26978	13253	52	3	0	29	0.000111169	26986	1	FALSE	NA	NA	NA	NA	NA	NA
NC_045512.2	28667	T	G	26912	13228	52	3	3	29	0.00011145	26918	1	FALSE	NA	NA	NA	NA	NA	NA
NC_045512.2	28667	T	C	26912	13228	52	1	1	80	3.71499e-05	26918	0.499963	FALSE	NA	NA	NA	NA	NA	NA
NC_045512.2	28667	T	A	26912	13228	52	2	2	40	7.42997e-05	26918	0.687465	FALSE	NA	NA	NA	NA	NA	NA
NC_045512.2	28668	G	T	26609	13038	52	2	1	32	7.51541e-05	26612	1	FALSE	NA	NA	NA	NA	NA	NA
NC_045512.2	28668	G	A	26609	13038	52	1	0	40	3.7577e-05	26612	0.875	FALSE	NA	NA	NA	NA	NA	NA
NC_045512.2	28669	G	T	27089	13290	52	1	1	40	3.69126e-05	27091	0.875007	FALSE	NA	NA	NA	NA	NA	NA
NC_045512.2	28669	G	A	27089	13290	52	1	0	24	3.69126e-05	27091	1	FALSE	NA	NA	NA	NA	NA	NA
NC_045512.2	28670	G	T	27298	13803	52	2	1	30	7.3252e-05	27303	1	FALSE	NA	NA	NA	NA	NA	NA
NC_045512.2	28670	G	A	27298	13803	52	3	2	53	0.000109878	27303	0.124986	FALSE	NA	NA	NA	NA	NA	NA
NC_045512.2	28671	T	G	27347	13969	52	5	4	27	0.000182795	27353	1	FALSE	NA	NA	NA	NA	NA	NA
NC_045512.2	28671	T	C	27347	13969	52	1	0	40	3.65591e-05	27353	0.874979	FALSE	NA	NA	NA	NA	NA	NA
NC_045512.2	28672	T	G	27127	13887	52	2	1	28	7.37191e-05	27130	1	FALSE	NA	NA	NA	NA	NA	NA
NC_045512.2	28672	T	C	27127	13887	52	1	0	64	3.68596e-05	27130	0.499991	FALSE	NA	NA	NA	NA	NA	NA
NC_045512.2	28673	G	T	27244	14061	53	2	0	60	7.33999e-05	27248	0.249986	FALSE	NA	NA	NA	NA	NA	NA
NC_045512.2	28673	G	C	27244	14061	53	1	0	80	3.66999e-05	27248	0.499982	FALSE	NA	NA	NA	NA	NA	NA
NC_045512.2	28673	G	A	27244	14061	53	1	1	40	3.66999e-05	27248	0.874993	FALSE	NA	NA	NA	NA	NA	NA
NC_045512.2	28674	C	T	27517	14404	53	1	1	40	3.63385e-05	27519	0.875007	FALSE	NA	NA	NA	NA	NA	NA
NC_045512.2	28674	C	G	27517	14404	53	1	0	48	3.63385e-05	27519	0.875007	FALSE	NA	NA	NA	NA	NA	NA
NC_045512.2	28675	A	G	27652	14610	53	1	1	80	3.61611e-05	27654	0.5	FALSE	NA	NA	NA	NA	NA	NA
NC_045512.2	28675	A	C	27652	14610	53	1	0	24	3.61611e-05	27654	1	FALSE	NA	NA	NA	NA	NA	NA
NC_045512.2	28676	A	G	27758	14721	53	1	1	40	3.60205e-05	27762	0.874993	FALSE	NA	NA	NA	NA	NA	NA
NC_045512.2	28676	A	C	27758	14721	53	3	0	24	0.000108061	27762	1	FALSE	NA	NA	NA	NA	NA	NA
NC_045512.2	28677	C	T	27524	15233	52	1	1	24	3.63293e-05	27526	1	FALSE	NA	NA	NA	NA	NA	NA
NC_045512.2	28677	C	G	27524	15233	52	1	0	32	3.63293e-05	27526	1	FALSE	NA	NA	NA	NA	NA	NA
NC_045512.2	28678	T	G	27066	14784	53	2	2	24	7.38853e-05	27069	1	FALSE	NA	NA	NA	NA	NA	NA
NC_045512.2	28678	T	C	27066	14784	53	1	0	36	3.69426e-05	27069	1	FALSE	NA	NA	NA	NA	NA	NA
NC_045512.2	28679	G	T	26990	14660	52	4	4	24	0.000148181	26994	1	FALSE	NA	NA	NA	NA	NA	NA
NC_045512.2	28680	A	G	27174	14971	53	10	5	55	0.00036785	27185	0.000975754	TRUE	NA	NA	NA	NA	NA	NA
NC_045512.2	28680	A	C	27174	14971	53	1	1	24	3.6785e-05	27185	1	FALSE	NA	NA	NA	NA	NA	NA
NC_045512.2	28680	A	-G	27174	14971	53	1	0	20	3.6785e-05	27185	1	FALSE	NA	NA	NA	NA	NA	NA
NC_045512.2	28681	G	T	27089	14837	52	3	2	26	0.00011073	27093	1	FALSE	NA	NA	NA	NA	NA	NA
NC_045512.2	28681	G	A	27089	14837	52	1	0	40	3.69099e-05	27093	0.874986	FALSE	NA	NA	NA	NA	NA	NA
NC_045512.2	28682	G	T	27036	15865	52	2	2	24	7.39672e-05	27039	1	FALSE	NA	NA	NA	NA	NA	NA
NC_045512.2	28682	G	A	27036	15865	52	1	0	24	3.69836e-05	27039	1	FALSE	NA	NA	NA	NA	NA	NA
NC_045512.2	28683	G	T	27029	15883	52	2	2	24	7.39809e-05	27034	1	FALSE	NA	NA	NA	NA	NA	NA
NC_045512.2	28683	G	A	27029	15883	52	3	2	40	0.000110971	27034	0.499983	FALSE	NA	NA	NA	NA	NA	NA
NC_045512.2	28684	A	G	26564	16337	51	3	3	40	0.000112922	26567	0.500018	FALSE	NA	NA	NA	NA	NA	NA
NC_045512.2	28685	G	T	26847	16147	50	1	0	40	3.72356e-05	26856	0.874958	FALSE	NA	NA	NA	NA	NA	NA
NC_045512.2	28685	G	C	26847	16147	50	1	0	40	3.72356e-05	26856	0.874958	FALSE	NA	NA	NA	NA	NA	NA
NC_045512.2	28685	G	A	26847	16147	50	7	6	34	0.000260649	26856	0.999839	FALSE	NA	NA	NA	NA	NA	NA
NC_045512.2	28686	C	T	27281	16667	52	1	1	40	3.66542e-05	27282	0.875014	FALSE	NA	NA	NA	NA	NA	NA
NC_045512.2	28687	C	G	27102	16728	50	1	1	40	3.68813e-05	27114	0.874938	FALSE	NA	NA	NA	NA	NA	NA
NC_045512.2	28687	C	A	27102	16728	50	11	6	33	0.000405694	27114	0.997459	FALSE	NA	NA	NA	NA	NA	NA
NC_045512.2	28688	T	G	27422	17051	51	6	5	33	0.000218707	27434	0.999967	FALSE	NA	NA	NA	NA	NA	NA
NC_045512.2	28688	T	C	27422	17051	51	4	4	40	0.000145804	27434	0.343622	FALSE	NA	NA	NA	NA	NA	NA
NC_045512.2	28688	T	A	27422	17051	51	2	2	40	7.29022e-05	27434	0.687384	FALSE	NA	NA	NA	NA	NA	NA
NC_045512.2	28689	T	G	27568	17211	52	1	1	24	3.62647e-05	27575	1	FALSE	NA	NA	NA	NA	NA	NA
NC_045512.2	28689	T	C	27568	17211	52	6	5	44	0.000217588	27575	0.144513	FALSE	NA	NA	NA	NA	NA	NA
NC_045512.2	28690	G	C	27767	17512	52	1	1	40	3.60114e-05	27769	0.875007	FALSE	NA	NA	NA	NA	NA	NA
NC_045512.2	28690	G	A	27767	17512	52	1	1	36	3.60114e-05	27769	1	FALSE	NA	NA	NA	NA	NA	NA
NC_045512.2	28691	A	T	28035	17983	52	1	1	40	3.56621e-05	28041	0.87498	FALSE	NA	NA	NA	NA	NA	NA
NC_045512.2	28691	A	G	28035	17983	52	2	2	80	7.13241e-05	28041	0.249969	FALSE	NA	NA	NA	NA	NA	NA
NC_045512.2	28691	A	C	28035	17983	52	3	1	32	0.000106986	28041	1	FALSE	NA	NA	NA	NA	NA	NA
NC_045512.2	28692	A	G	28023	18112	52	4	3	38	0.000142714	28028	0.999999	FALSE	NA	NA	NA	NA	NA	NA
NC_045512.2	28692	A	C	28023	18112	52	1	0	24	3.56786e-05	28028	1	FALSE	NA	NA	NA	NA	NA	NA
NC_045512.2	28693	T	G	27883	18098	51	5	5	24	0.000179263	27892	1	FALSE	NA	NA	NA	NA	NA	NA
NC_045512.2	28693	T	C	27883	18098	51	4	3	46	0.00014341	27892	0.343674	FALSE	NA	NA	NA	NA	NA	NA
NC_045512.2	28694	A	G	27160	17500	52	1	0	40	3.68161e-05	27162	0.875007	FALSE	NA	NA	NA	NA	NA	NA
NC_045512.2	28694	A	C	27160	17500	52	1	0	24	3.68161e-05	27162	1	FALSE	NA	NA	NA	NA	NA	NA
NC_045512.2	28695	C	T	27352	17620	52	1	1	40	3.65591e-05	27353	0.875014	FALSE	NA	NA	NA	NA	NA	NA
NC_045512.2	28696	A	G	27267	17587	52	3	0	52	0.000110003	27272	0.124986	FALSE	NA	NA	NA	NA	NA	NA
NC_045512.2	28696	A	C	27267	17587	52	2	0	24	7.33353e-05	27272	1	FALSE	NA	NA	NA	NA	NA	NA
NC_045512.2	28697	C	T	27265	17570	52	1	1	24	3.66757e-05	27266	1	FALSE	NA	NA	NA	NA	NA	NA
NC_045512.2	28698	C	T	27199	17694	52	4	1	36	0.000147043	27203	0.999998	FALSE	NA	NA	NA	NA	NA	NA
NC_045512.2	28699	A	G	28603	20075	54	4	4	36	0.000139821	28608	0.999999	FALSE	NA	NA	NA	NA	NA	NA
NC_045512.2	28699	A	C	28603	20075	54	1	0	24	3.49553e-05	28608	1	FALSE	NA	NA	NA	NA	NA	NA
NC_045512.2	28700	A	G	28623	20098	54	2	2	40	6.9869e-05	28625	0.68752	FALSE	NA	NA	NA	NA	NA	NA
NC_045512.2	28701	A	G	29130	20926	55	1	1	24	3.43277e-05	29131	1	FALSE	NA	NA	NA	NA	NA	NA
NC_045512.2	28702	A	G	29213	20981	55	3	2	42	0.000102683	29216	0.500016	FALSE	NA	NA	NA	NA	NA	NA
NC_045512.2	28703	G	C	29203	21170	54	2	0	40	6.84791e-05	29206	0.687506	FALSE	NA	NA	NA	NA	NA	NA
NC_045512.2	28703	G	A	29203	21170	54	1	0	80	3.42395e-05	29206	0.499991	FALSE	NA	NA	NA	NA	NA	NA
NC_045512.2	28704	A	G	29180	21384	55	1	1	40	3.42689e-05	29181	0.875013	FALSE	NA	NA	NA	NA	NA	NA
NC_045512.2	28705	T	C	29085	21288	54	9	8	39	0.000309342	29094	0.999765	FALSE	NA	NA	NA	NA	NA	NA
NC_045512.2	28707	A	G	29228	21594	55	3	3	48	0.000102624	29233	0.499984	FALSE	NA	NA	NA	NA	NA	NA
NC_045512.2	28707	A	C	29228	21594	55	2	1	32	6.84158e-05	29233	1	FALSE	NA	NA	NA	NA	NA	NA
NC_045512.2	28708	C	G	29327	21793	54	1	1	24	3.40959e-05	29329	1	FALSE	NA	NA	NA	NA	NA	NA
NC_045512.2	28708	C	A	29327	21793	54	1	0	24	3.40959e-05	29329	1	FALSE	NA	NA	NA	NA	NA	NA
NC_045512.2	28709	A	G	30260	23274	56	1	1	40	3.30458e-05	30261	0.93751	FALSE	NA	NA	NA	NA	NA	NA
NC_045512.2	28710	T	G	30198	23243	56	2	2	32	6.62186e-05	30203	1	FALSE	NA	NA	NA	NA	NA	NA
NC_045512.2	28710	T	C	30198	23243	56	3	2	52	9.93279e-05	30203	0.124988	FALSE	NA	NA	NA	NA	NA	NA
NC_045512.2	28711	T	G	30125	23212	56	3	3	29	9.95553e-05	30134	1	FALSE	NA	NA	NA	NA	NA	NA
NC_045512.2	28711	T	C	30125	23212	56	6	6	48	0.000199111	30134	0.253857	FALSE	NA	NA	NA	NA	NA	NA
NC_045512.2	28712	G	T	29754	22813	55	8	8	26	0.000268781	29764	1	FALSE	NA	NA	NA	NA	NA	NA
NC_045512.2	28712	G	C	29754	22813	55	1	1	32	3.35976e-05	29764	1	FALSE	NA	NA	NA	NA	NA	NA
NC_045512.2	28712	G	A	29754	22813	55	1	0	80	3.35976e-05	29764	0.499933	FALSE	NA	NA	NA	NA	NA	NA
NC_045512.2	28713	G	A	30135	23325	56	10	10	50	0.00033173	30145	0.000975996	TRUE	NA	NA	NA	NA	NA	NA
NC_045512.2	28714	C	T	30164	23400	56	4	4	34	0.000132573	30172	1	FALSE	NA	NA	NA	NA	NA	NA
NC_045512.2	28714	C	G	30164	23400	56	4	4	30	0.000132573	30172	1	FALSE	NA	NA	NA	NA	NA	NA
NC_045512.2	28715	A	G	30175	23417	56	3	3	38	9.94102e-05	30178	1	FALSE	NA	NA	NA	NA	NA	NA
NC_045512.2	28715	A	-C	30175	23417	56	1	0	20	3.31367e-05	30178	1	FALSE	NA	NA	NA	NA	NA	NA
NC_045512.2	28716	C	T	30387	23717	56	2	2	40	6.58111e-05	30390	0.8125	FALSE	NA	NA	NA	NA	NA	NA
NC_045512.2	28716	C	G	30387	23717	56	1	0	40	3.29056e-05	30390	0.937498	FALSE	NA	NA	NA	NA	NA	NA
NC_045512.2	28717	C	T	30284	23709	56	3	3	40	9.90524e-05	30287	0.656273	FALSE	NA	NA	NA	NA	NA	NA
NC_045512.2	28718	C	A	30395	23889	56	5	2	64	0.000164474	30400	0.0312474	FALSE	NA	NA	NA	NA	NA	NA
NC_045512.2	28719	G	T	30383	23887	56	1	1	40	3.28937e-05	30401	0.93744	FALSE	NA	NA	NA	NA	NA	NA
NC_045512.2	28719	G	C	30383	23887	56	2	1	52	6.57873e-05	30401	0.249873	FALSE	NA	NA	NA	NA	NA	NA
NC_045512.2	28719	G	A	30383	23887	56	15	13	56	0.000493405	30401	3.04499e-05	TRUE	NA	NA	NA	NA	NA	NA
NC_045512.2	28720	C	T	30382	23885	56	3	3	80	9.87329e-05	30385	0.125	FALSE	NA	NA	NA	NA	NA	NA
NC_045512.2	28721	A	G	30318	23848	56	3	3	42	9.89315e-05	30324	0.656227	FALSE	NA	NA	NA	NA	NA	NA
NC_045512.2	28721	A	C	30318	23848	56	3	1	32	9.89315e-05	30324	1	FALSE	NA	NA	NA	NA	NA	NA
NC_045512.2	28723	T	C	30259	23766	56	1	1	64	3.30469e-05	30260	0.500008	FALSE	NA	NA	NA	NA	NA	NA
NC_045512.2	28724	C	T	30427	23927	56	1	1	40	3.28623e-05	30430	0.937502	FALSE	NA	NA	NA	NA	NA	NA
NC_045512.2	28724	C	G	30427	23927	56	1	1	40	3.28623e-05	30430	0.937502	FALSE	NA	NA	NA	NA	NA	NA
NC_045512.2	28724	C	A	30427	23927	56	1	1	24	3.28623e-05	30430	1	FALSE	NA	NA	NA	NA	NA	NA
NC_045512.2	28725	C	T	30374	23930	56	2	2	52	6.58393e-05	30377	0.249996	FALSE	NA	NA	NA	NA	NA	NA
NC_045512.2	28725	C	G	30374	23930	56	1	1	40	3.29196e-05	30377	0.937502	FALSE	NA	NA	NA	NA	NA	NA
NC_045512.2	28726	T	G	29751	23356	56	3	3	34	0.000100813	29758	1	FALSE	NA	NA	NA	NA	NA	NA
NC_045512.2	28726	T	C	29751	23356	56	4	4	40	0.000134418	29758	0.343711	FALSE	NA	NA	NA	NA	NA	NA
NC_045512.2	28727	G	T	29890	23488	56	1	1	40	3.34482e-05	29897	0.874975	FALSE	NA	NA	NA	NA	NA	NA
NC_045512.2	28727	G	A	29890	23488	56	6	3	70	0.000200689	29897	0.0156211	FALSE	NA	NA	NA	NA	NA	NA
NC_045512.2	28728	C	T	29866	23454	56	2	2	40	6.69613e-05	29868	0.687519	FALSE	NA	NA	NA	NA	NA	NA
NC_045512.2	28729	T	G	29722	23312	56	4	4	36	0.000134553	29728	0.999999	FALSE	NA	NA	NA	NA	NA	NA
NC_045512.2	28729	T	C	29722	23312	56	2	1	60	6.72766e-05	29728	0.249971	FALSE	NA	NA	NA	NA	NA	NA
NC_045512.2	28729	T	-A	29722	23312	56	1	0	20	3.36383e-05	29728	1	FALSE	NA	NA	NA	NA	NA	NA
NC_045512.2	28731	A	G	29709	23361	56	4	3	42	0.000134621	29713	0.343758	FALSE	NA	NA	NA	NA	NA	NA
NC_045512.2	28732	C	T	29704	23452	56	1	0	80	3.36644e-05	29705	0.500008	FALSE	NA	NA	NA	NA	NA	NA
NC_045512.2	28733	A	G	29130	22937	56	2	2	40	6.86507e-05	29133	0.687506	FALSE	NA	NA	NA	NA	NA	NA
NC_045512.2	28733	A	C	29130	22937	56	1	0	32	3.43253e-05	29133	1	FALSE	NA	NA	NA	NA	NA	NA
NC_045512.2	28734	A	G	29113	22920	56	1	1	24	3.43466e-05	29115	1	FALSE	NA	NA	NA	NA	NA	NA
NC_045512.2	28734	A	C	29113	22920	56	1	0	32	3.43466e-05	29115	1	FALSE	NA	NA	NA	NA	NA	NA
NC_045512.2	28735	T	G	29017	22815	56	1	1	40	3.44578e-05	29021	0.874994	FALSE	NA	NA	NA	NA	NA	NA
NC_045512.2	28735	T	C	29017	22815	56	3	3	53	0.000103373	29021	0.124994	FALSE	NA	NA	NA	NA	NA	NA
NC_045512.2	28736	G	T	28845	22727	56	1	1	40	3.46669e-05	28846	0.875013	FALSE	NA	NA	NA	NA	NA	NA
NC_045512.2	28737	C	T	28859	23373	54	2	2	60	6.92905e-05	28864	0.249978	FALSE	NA	NA	NA	NA	NA	NA
NC_045512.2	28737	C	G	28859	23373	54	1	0	32	3.46452e-05	28864	1	FALSE	NA	NA	NA	NA	NA	NA
NC_045512.2	28737	C	A	28859	23373	54	2	2	40	6.92905e-05	28864	0.687481	FALSE	NA	NA	NA	NA	NA	NA
NC_045512.2	28738	T	G	28648	23164	54	4	4	24	0.000139582	28657	1	FALSE	NA	NA	NA	NA	NA	NA
NC_045512.2	28738	T	C	28648	23164	54	5	3	47	0.000174477	28657	0.226505	FALSE	NA	NA	NA	NA	NA	NA
NC_045512.2	28739	G	C	28776	23290	54	1	1	40	3.47415e-05	28784	0.874967	FALSE	NA	NA	NA	NA	NA	NA
NC_045512.2	28739	G	A	28776	23290	54	7	7	40	0.000243191	28784	0.0898266	FALSE	NA	NA	NA	NA	NA	NA
NC_045512.2	28740	C	T	28702	23219	54	1	1	80	3.48371e-05	28705	0.499991	FALSE	NA	NA	NA	NA	NA	NA
NC_045512.2	28740	C	G	28702	23219	54	1	1	40	3.48371e-05	28705	0.875	FALSE	NA	NA	NA	NA	NA	NA
NC_045512.2	28740	C	A	28702	23219	54	1	1	24	3.48371e-05	28705	1	FALSE	NA	NA	NA	NA	NA	NA
NC_045512.2	28740	C	-A	28702	23219	54	1	0	20	3.48371e-05	28705	1	FALSE	NA	NA	NA	NA	NA	NA
NC_045512.2	28741	A	G	28526	23070	54	2	2	32	7.01041e-05	28529	1	FALSE	NA	NA	NA	NA	NA	NA
NC_045512.2	28741	A	C	28526	23070	54	1	1	24	3.50521e-05	28529	1	FALSE	NA	NA	NA	NA	NA	NA
NC_045512.2	28742	A	G	28574	23122	54	1	1	40	3.49956e-05	28575	0.875013	FALSE	NA	NA	NA	NA	NA	NA
NC_045512.2	28743	T	G	28269	22890	54	2	2	32	7.07364e-05	28274	1	FALSE	NA	NA	NA	NA	NA	NA
NC_045512.2	28743	T	C	28269	22890	54	3	3	24	0.000106105	28274	1	FALSE	NA	NA	NA	NA	NA	NA
NC_045512.2	28744	C	T	28267	22947	54	2	2	60	7.07489e-05	28269	0.250004	FALSE	NA	NA	NA	NA	NA	NA
NC_045512.2	28745	G	T	28249	22937	54	1	0	80	3.53945e-05	28253	0.499982	FALSE	NA	NA	NA	NA	NA	NA
NC_045512.2	28745	G	A	28249	22937	54	3	3	40	0.000106183	28253	0.5	FALSE	NA	NA	NA	NA	NA	NA
NC_045512.2	28746	T	G	28027	22705	54	5	5	27	0.000178348	28035	1	FALSE	NA	NA	NA	NA	NA	NA
NC_045512.2	28746	T	C	28027	22705	54	3	2	53	0.000107009	28035	0.124967	FALSE	NA	NA	NA	NA	NA	NA
NC_045512.2	28747	G	A	28158	22852	54	3	1	74	0.00010653	28161	0.125	FALSE	NA	NA	NA	NA	NA	NA
NC_045512.2	28748	C	T	28082	23078	53	1	1	80	3.56062e-05	28085	0.499991	FALSE	NA	NA	NA	NA	NA	NA
NC_045512.2	28748	C	G	28082	23078	53	1	1	40	3.56062e-05	28085	0.875	FALSE	NA	NA	NA	NA	NA	NA
NC_045512.2	28748	C	A	28082	23078	53	1	1	40	3.56062e-05	28085	0.875	FALSE	NA	NA	NA	NA	NA	NA
NC_045512.2	28749	T	G	27702	22705	50	8	8	28	0.000288684	27712	1	FALSE	NA	NA	NA	NA	NA	NA
NC_045512.2	28749	T	C	27702	22705	50	2	2	40	7.21709e-05	27712	0.687412	FALSE	NA	NA	NA	NA	NA	NA
NC_045512.2	28750	A	G	28093	23096	53	1	1	40	3.55935e-05	28095	0.875007	FALSE	NA	NA	NA	NA	NA	NA
NC_045512.2	28750	A	C	28093	23096	53	1	1	24	3.55935e-05	28095	1	FALSE	NA	NA	NA	NA	NA	NA
NC_045512.2	28751	C	T	28015	23227	50	1	1	40	3.56939e-05	28016	0.875013	FALSE	NA	NA	NA	NA	NA	NA
NC_045512.2	28753	A	T	28027	23200	53	1	1	80	3.56748e-05	28031	0.499982	FALSE	NA	NA	NA	NA	NA	NA
NC_045512.2	28753	A	G	28027	23200	53	3	3	34	0.000107024	28031	1	FALSE	NA	NA	NA	NA	NA	NA
NC_045512.2	28754	C	G	27945	23235	52	1	1	24	3.57795e-05	27949	1	FALSE	NA	NA	NA	NA	NA	NA
NC_045512.2	28754	C	A	27945	23235	52	3	3	40	0.000107338	27949	0.5	FALSE	NA	NA	NA	NA	NA	NA
NC_045512.2	28755	T	G	26950	22315	52	3	3	34	0.000111301	26954	0.999999	FALSE	NA	NA	NA	NA	NA	NA
NC_045512.2	28755	T	C	26950	22315	52	1	1	64	3.71002e-05	26954	0.499981	FALSE	NA	NA	NA	NA	NA	NA
NC_045512.2	28756	T	G	26927	22296	52	1	1	24	3.71306e-05	26932	1	FALSE	NA	NA	NA	NA	NA	NA
NC_045512.2	28756	T	C	26927	22296	52	4	3	34	0.000148522	26932	0.999996	FALSE	NA	NA	NA	NA	NA	NA
NC_045512.2	28757	C	T	26932	22472	51	1	1	40	3.71209e-05	26939	0.874972	FALSE	NA	NA	NA	NA	NA	NA
NC_045512.2	28757	C	G	26932	22472	51	1	1	24	3.71209e-05	26939	1	FALSE	NA	NA	NA	NA	NA	NA
NC_045512.2	28757	C	A	26932	22472	51	5	1	32	0.000185605	26939	0.999983	FALSE	NA	NA	NA	NA	NA	NA
NC_045512.2	28758	C	T	26943	23075	50	2	2	40	7.42253e-05	26945	0.687521	FALSE	NA	NA	NA	NA	NA	NA
NC_045512.2	28759	T	G	26716	22842	50	4	4	24	0.000149673	26725	1	FALSE	NA	NA	NA	NA	NA	NA
NC_045512.2	28759	T	C	26716	22842	50	4	4	36	0.000149673	26725	0.999996	FALSE	NA	NA	NA	NA	NA	NA
NC_045512.2	28759	T	A	26716	22842	50	1	1	40	3.74181e-05	26725	0.874958	FALSE	NA	NA	NA	NA	NA	NA
NC_045512.2	28760	C	T	26804	23221	47	2	2	32	7.45879e-05	26814	1	FALSE	NA	NA	NA	NA	NA	NA
NC_045512.2	28760	C	G	26804	23221	47	1	1	40	3.7294e-05	26814	0.874951	FALSE	NA	NA	NA	NA	NA	NA
NC_045512.2	28760	C	A	26804	23221	47	7	0	30	0.000261058	26814	0.999838	FALSE	NA	NA	NA	NA	NA	NA
NC_045512.2	28761	A	G	26810	22958	50	2	2	32	7.45907e-05	26813	1	FALSE	NA	NA	NA	NA	NA	NA
NC_045512.2	28761	A	C	26810	22958	50	1	1	40	3.72953e-05	26813	0.875	FALSE	NA	NA	NA	NA	NA	NA
NC_045512.2	28762	A	G	26744	22901	50	3	3	34	0.000112158	26748	0.999999	FALSE	NA	NA	NA	NA	NA	NA
NC_045512.2	28762	A	C	26744	22901	50	1	1	24	3.7386e-05	26748	1	FALSE	NA	NA	NA	NA	NA	NA
NC_045512.2	28763	G	T	25706	21818	48	53	53	27	0.00205745	25760	1	FALSE	NA	NA	NA	NA	NA	NA
NC_045512.2	28763	G	A	25706	21818	48	1	1	80	3.88199e-05	25760	0.499495	FALSE	NA	NA	NA	NA	NA	NA
NC_045512.2	28764	G	A	26769	22927	51	2	1	60	7.47077e-05	26771	0.250005	FALSE	NA	NA	NA	NA	NA	NA
NC_045512.2	28765	A	G	26651	22906	50	4	4	36	0.000150066	26655	0.999996	FALSE	NA	NA	NA	NA	NA	NA
NC_045512.2	28766	A	G	26443	22718	50	2	1	80	7.56258e-05	26446	0.249995	FALSE	NA	NA	NA	NA	NA	NA
NC_045512.2	28766	A	C	26443	22718	50	1	1	40	3.78129e-05	26446	0.875	FALSE	NA	NA	NA	NA	NA	NA
NC_045512.2	28766	A	-C	26443	22718	50	1	0	20	3.78129e-05	26446	1	FALSE	NA	NA	NA	NA	NA	NA
NC_045512.2	28767	C	G	26364	22636	50	1	1	24	3.79291e-05	26365	1	FALSE	NA	NA	NA	NA	NA	NA
NC_045512.2	28768	A	G	26404	22680	50	6	4	66	0.000227187	26410	0.0156223	FALSE	NA	NA	NA	NA	NA	NA
NC_045512.2	28769	A	G	26357	22631	50	1	1	40	3.79391e-05	26358	0.875014	FALSE	NA	NA	NA	NA	NA	NA
NC_045512.2	28770	C	A	26352	22719	50	1	0	24	3.79463e-05	26353	1	FALSE	NA	NA	NA	NA	NA	NA
NC_045512.2	28771	A	G	25877	22275	50	1	0	80	3.86429e-05	25878	0.50001	FALSE	NA	NA	NA	NA	NA	NA
NC_045512.2	28772	T	G	25710	22140	50	4	4	32	0.000155551	25715	0.999992	FALSE	NA	NA	NA	NA	NA	NA
NC_045512.2	28772	T	C	25710	22140	50	1	1	24	3.88878e-05	25715	1	FALSE	NA	NA	NA	NA	NA	NA
NC_045512.2	28773	T	G	24971	21460	50	2	2	24	8.00865e-05	24973	1	FALSE	NA	NA	NA	NA	NA	NA
NC_045512.2	28774	G	T	25006	21498	50	2	2	40	7.99616e-05	25012	0.687463	FALSE	NA	NA	NA	NA	NA	NA
NC_045512.2	28774	G	A	25006	21498	50	4	2	46	0.000159923	25012	0.343722	FALSE	NA	NA	NA	NA	NA	NA
NC_045512.2	28775	C	T	25030	21558	50	1	1	40	3.99473e-05	25033	0.875	FALSE	NA	NA	NA	NA	NA	NA
NC_045512.2	28775	C	G	25030	21558	50	1	1	24	3.99473e-05	25033	1	FALSE	NA	NA	NA	NA	NA	NA
NC_045512.2	28775	C	A	25030	21558	50	1	1	80	3.99473e-05	25033	0.49999	FALSE	NA	NA	NA	NA	NA	NA
NC_045512.2	28776	C	T	24908	21660	48	1	1	24	4.01413e-05	24912	1	FALSE	NA	NA	NA	NA	NA	NA
NC_045512.2	28776	C	G	24908	21660	48	1	1	40	4.01413e-05	24912	0.874992	FALSE	NA	NA	NA	NA	NA	NA
NC_045512.2	28776	C	A	24908	21660	48	2	0	32	8.02826e-05	24912	1	FALSE	NA	NA	NA	NA	NA	NA
NC_045512.2	28776	C	-A	24908	21660	48	3	0	20	0.000120424	24912	1	FALSE	NA	NA	NA	NA	NA	NA
NC_045512.2	28777	A	G	24875	21537	50	6	5	40	0.000241148	24881	0.144485	FALSE	NA	NA	NA	NA	NA	NA
NC_045512.2	28778	A	G	24701	21389	50	3	3	40	0.000121433	24705	0.5	FALSE	NA	NA	NA	NA	NA	NA
NC_045512.2	28778	A	C	24701	21389	50	1	1	40	4.04776e-05	24705	0.874992	FALSE	NA	NA	NA	NA	NA	NA
NC_045512.2	28779	A	T	24699	21389	50	1	0	24	4.04826e-05	24702	1	FALSE	NA	NA	NA	NA	NA	NA
NC_045512.2	28779	A	G	24699	21389	50	2	2	40	8.09651e-05	24702	0.687508	FALSE	NA	NA	NA	NA	NA	NA
NC_045512.2	28780	A	G	24705	21403	50	4	4	32	0.000161884	24709	0.999986	FALSE	NA	NA	NA	NA	NA	NA
NC_045512.2	28781	G	T	24269	20964	48	14	14	24	0.000576535	24283	1	FALSE	NA	NA	NA	NA	NA	NA
NC_045512.2	28782	G	A	24620	21396	49	3	3	34	0.000121837	24623	0.999997	FALSE	NA	NA	NA	NA	NA	NA
NC_045512.2	28783	C	T	24182	21057	49	1	1	24	4.13411e-05	24189	1	FALSE	NA	NA	NA	NA	NA	NA
NC_045512.2	28783	C	G	24182	21057	49	4	4	36	0.000165364	24189	0.999986	FALSE	NA	NA	NA	NA	NA	NA
NC_045512.2	28783	C	A	24182	21057	49	2	2	32	8.26822e-05	24189	1	FALSE	NA	NA	NA	NA	NA	NA
NC_045512.2	28784	T	G	24025	20918	49	2	2	24	8.32397e-05	24027	1	FALSE	NA	NA	NA	NA	NA	NA
NC_045512.2	28785	T	G	24009	20908	49	6	6	37	0.000249802	24019	0.999838	FALSE	NA	NA	NA	NA	NA	NA
NC_045512.2	28785	T	C	24009	20908	49	4	3	42	0.000166535	24019	0.343643	FALSE	NA	NA	NA	NA	NA	NA
NC_045512.2	28786	C	A	24088	21857	46	1	0	32	4.15127e-05	24089	1	FALSE	NA	NA	NA	NA	NA	NA
NC_045512.2	28787	T	G	23905	21667	46	6	6	26	0.000250931	23911	1	FALSE	NA	NA	NA	NA	NA	NA
NC_045512.2	28788	A	T	24027	21799	46	1	1	40	4.16095e-05	24033	0.874977	FALSE	NA	NA	NA	NA	NA	NA
NC_045512.2	28788	A	G	24027	21799	46	3	3	29	0.000124828	24033	1	FALSE	NA	NA	NA	NA	NA	NA
NC_045512.2	28788	A	C	24027	21799	46	2	2	32	8.32189e-05	24033	1	FALSE	NA	NA	NA	NA	NA	NA
NC_045512.2	28789	C	T	24002	21849	46	3	2	44	0.000124964	24007	0.49998	FALSE	NA	NA	NA	NA	NA	NA
NC_045512.2	28789	C	A	24002	21849	46	2	1	36	8.3309e-05	24007	1	FALSE	NA	NA	NA	NA	NA	NA
NC_045512.2	28790	G	T	23723	21560	46	1	1	24	4.21461e-05	23727	1	FALSE	NA	NA	NA	NA	NA	NA
NC_045512.2	28790	G	C	23723	21560	46	2	2	40	8.42922e-05	23727	0.687492	FALSE	NA	NA	NA	NA	NA	NA
NC_045512.2	28790	G	A	23723	21560	46	1	1	40	4.21461e-05	23727	0.874992	FALSE	NA	NA	NA	NA	NA	NA
NC_045512.2	28791	C	A	23720	21561	46	1	1	40	4.21567e-05	23721	0.875016	FALSE	NA	NA	NA	NA	NA	NA
NC_045512.2	28792	A	G	23154	21029	47	7	7	37	0.000302219	23162	0.999287	FALSE	NA	NA	NA	NA	NA	NA
NC_045512.2	28792	A	C	23154	21029	47	1	1	24	4.31742e-05	23162	1	FALSE	NA	NA	NA	NA	NA	NA
NC_045512.2	28793	G	T	22359	20221	43	31	31	25	0.00138411	22397	1	FALSE	NA	NA	NA	NA	NA	NA
NC_045512.2	28793	G	C	22359	20221	43	6	6	38	0.000267893	22397	0.99954	FALSE	NA	NA	NA	NA	NA	NA
NC_045512.2	28793	G	A	22359	20221	43	1	1	24	4.46488e-05	22397	1	FALSE	NA	NA	NA	NA	NA	NA
NC_045512.2	28794	A	G	23099	20992	46	6	6	32	0.000259684	23105	0.999728	FALSE	NA	NA	NA	NA	NA	NA
NC_045512.2	28795	A	T	23052	21006	46	1	1	40	4.33689e-05	23058	0.874976	FALSE	NA	NA	NA	NA	NA	NA
NC_045512.2	28795	A	G	23052	21006	46	5	5	44	0.000216844	23058	0.226545	FALSE	NA	NA	NA	NA	NA	NA
NC_045512.2	28796	G	T	23068	21028	46	1	0	24	4.33482e-05	23069	1	FALSE	NA	NA	NA	NA	NA	NA
NC_045512.2	28797	G	T	21092	19171	46	4	4	28	0.000189609	21096	1	FALSE	NA	NA	NA	NA	NA	NA
NC_045512.2	28798	G	T	21194	19274	46	1	1	40	4.71809e-05	21195	0.875018	FALSE	NA	NA	NA	NA	NA	NA
NC_045512.2	28799	A	G	20791	18896	46	4	4	36	0.000192335	20797	0.999862	FALSE	NA	NA	NA	NA	NA	NA
NC_045512.2	28799	A	C	20791	18896	46	2	1	52	9.61677e-05	20797	0.249958	FALSE	NA	NA	NA	NA	NA	NA
NC_045512.2	28800	G	A	20776	18978	46	4	4	40	0.000192493	20780	0.343761	FALSE	NA	NA	NA	NA	NA	NA
NC_045512.2	28801	C	T	20741	18958	46	2	2	40	9.64134e-05	20744	0.687509	FALSE	NA	NA	NA	NA	NA	NA
NC_045512.2	28801	C	G	20741	18958	46	1	1	40	4.82067e-05	20744	0.875	FALSE	NA	NA	NA	NA	NA	NA
NC_045512.2	28802	A	T	18937	17243	46	1	1	80	5.27983e-05	18940	0.499987	FALSE	NA	NA	NA	NA	NA	NA
NC_045512.2	28802	A	G	18937	17243	46	2	2	40	0.000105597	18940	0.5	FALSE	NA	NA	NA	NA	NA	NA
NC_045512.2	28803	G	T	18411	16718	44	15	15	28	0.000813935	18429	1	FALSE	NA	NA	NA	NA	NA	NA
NC_045512.2	28803	G	A	18411	16718	44	3	3	40	0.000162787	18429	0.312205	FALSE	NA	NA	NA	NA	NA	NA
NC_045512.2	28804	A	G	18483	16818	46	2	1	32	0.000108196	18485	0.99998	FALSE	NA	NA	NA	NA	NA	NA
NC_045512.2	28805	G	A	18381	16716	46	1	1	40	5.4401e-05	18382	0.75002	FALSE	NA	NA	NA	NA	NA	NA
NC_045512.2	28806	G	T	18092	16448	44	6	6	24	0.00033151	18099	1	FALSE	NA	NA	NA	NA	NA	NA
NC_045512.2	28806	G	A	18092	16448	44	1	1	40	5.52517e-05	18099	0.749938	FALSE	NA	NA	NA	NA	NA	NA
NC_045512.2	28807	C	G	16798	15235	46	1	1	40	5.95274e-05	16799	0.750022	FALSE	NA	NA	NA	NA	NA	NA
NC_045512.2	28808	G	T	16837	15275	46	2	2	24	0.000118765	16840	1	FALSE	NA	NA	NA	NA	NA	NA
NC_045512.2	28808	G	C	16837	15275	46	1	1	40	5.93824e-05	16840	0.749993	FALSE	NA	NA	NA	NA	NA	NA
NC_045512.2	28809	G	C	16802	15244	47	2	2	40	0.000119005	16806	0.499978	FALSE	NA	NA	NA	NA	NA	NA
NC_045512.2	28809	G	A	16802	15244	47	2	2	40	0.000119005	16806	0.499978	FALSE	NA	NA	NA	NA	NA	NA
NC_045512.2	28810	C	T	16736	15324	46	2	1	60	0.000119489	16738	0.250007	FALSE	NA	NA	NA	NA	NA	NA
NC_045512.2	28811	A	G	16724	15313	46	1	1	40	5.97872e-05	16726	0.750007	FALSE	NA	NA	NA	NA	NA	NA
NC_045512.2	28811	A	C	16724	15313	46	1	1	40	5.97872e-05	16726	0.750007	FALSE	NA	NA	NA	NA	NA	NA
NC_045512.2	28812	G	T	16597	15224	45	5	5	27	0.000301169	16602	1	FALSE	NA	NA	NA	NA	NA	NA
NC_045512.2	28813	T	G	16510	15214	45	6	6	26	0.00036324	16518	1	FALSE	NA	NA	NA	NA	NA	NA
NC_045512.2	28813	T	C	16510	15214	45	2	2	46	0.00012108	16518	0.499886	FALSE	NA	NA	NA	NA	NA	NA
NC_045512.2	28814	C	G	16466	15293	45	4	4	36	0.000242866	16470	0.998716	FALSE	NA	NA	NA	NA	NA	NA
NC_045512.2	28815	A	C	16430	15262	45	1	0	24	6.08606e-05	16431	1	FALSE	NA	NA	NA	NA	NA	NA
NC_045512.2	28816	A	G	16370	15208	45	5	5	28	0.000305325	16376	1	FALSE	NA	NA	NA	NA	NA	NA
NC_045512.2	28816	A	C	16370	15208	45	1	1	40	6.1065e-05	16376	0.749947	FALSE	NA	NA	NA	NA	NA	NA
NC_045512.2	28817	G	A	16396	15234	45	2	1	60	0.000121966	16398	0.250008	FALSE	NA	NA	NA	NA	NA	NA
NC_045512.2	28818	C	G	16281	15138	44	1	1	24	6.14137e-05	16283	1	FALSE	NA	NA	NA	NA	NA	NA
NC_045512.2	28818	C	A	16281	15138	44	1	1	24	6.14137e-05	16283	1	FALSE	NA	NA	NA	NA	NA	NA
NC_045512.2	28820	T	G	15071	14117	44	1	1	32	6.63218e-05	15078	0.999985	FALSE	NA	NA	NA	NA	NA	NA
NC_045512.2	28820	T	C	15071	14117	44	6	6	26	0.000397931	15078	1	FALSE	NA	NA	NA	NA	NA	NA
NC_045512.2	28821	C	T	14729	13838	43	1	1	80	6.78841e-05	14731	0.5	FALSE	NA	NA	NA	NA	NA	NA
NC_045512.2	28821	C	A	14729	13838	43	1	0	32	6.78841e-05	14731	0.99997	FALSE	NA	NA	NA	NA	NA	NA
NC_045512.2	28821	C	-T	14729	13838	43	1	0	20	6.78841e-05	14731	1	FALSE	NA	NA	NA	NA	NA	NA
NC_045512.2	28822	T	G	14541	13632	44	3	3	29	0.000206242	14546	1	FALSE	NA	NA	NA	NA	NA	NA
NC_045512.2	28822	T	C	14541	13632	44	2	2	40	0.000137495	14546	0.499923	FALSE	NA	NA	NA	NA	NA	NA
NC_045512.2	28823	T	G	14513	13606	44	3	3	24	0.000206669	14516	1	FALSE	NA	NA	NA	NA	NA	NA
NC_045512.2	28825	T	G	13991	13173	44	8	8	28	0.000571347	14002	1	FALSE	NA	NA	NA	NA	NA	NA
NC_045512.2	28825	T	C	13991	13173	44	3	3	34	0.000214255	14002	0.998825	FALSE	NA	NA	NA	NA	NA	NA
NC_045512.2	28826	C	A	13779	13008	43	1	0	24	7.25689e-05	13780	1	FALSE	NA	NA	NA	NA	NA	NA
NC_045512.2	28827	G	T	13620	12828	44	1	1	40	7.34053e-05	13623	0.749991	FALSE	NA	NA	NA	NA	NA	NA
NC_045512.2	28827	G	C	13620	12828	44	1	1	40	7.34053e-05	13623	0.749991	FALSE	NA	NA	NA	NA	NA	NA
NC_045512.2	28827	G	A	13620	12828	44	1	1	40	7.34053e-05	13623	0.749991	FALSE	NA	NA	NA	NA	NA	NA
NC_045512.2	28828	T	G	13264	12484	43	2	2	24	0.00015075	13267	1	FALSE	NA	NA	NA	NA	NA	NA
NC_045512.2	28828	T	C	13264	12484	43	1	1	40	7.5375e-05	13267	0.749991	FALSE	NA	NA	NA	NA	NA	NA
NC_045512.2	28829	T	G	13241	12465	43	2	2	24	0.000151012	13244	1	FALSE	NA	NA	NA	NA	NA	NA
NC_045512.2	28829	T	C	13241	12465	43	1	1	24	7.55059e-05	13244	1	FALSE	NA	NA	NA	NA	NA	NA
NC_045512.2	28830	C	G	13028	12281	43	3	3	34	0.000230203	13032	0.997915	FALSE	NA	NA	NA	NA	NA	NA
NC_045512.2	28830	C	A	13028	12281	43	1	1	24	7.67342e-05	13032	1	FALSE	NA	NA	NA	NA	NA	NA
NC_045512.2	28831	C	T	12785	12054	43	1	1	40	7.82105e-05	12786	0.750029	FALSE	NA	NA	NA	NA	NA	NA
NC_045512.2	28832	T	G	12115	11410	44	4	4	24	0.000330006	12121	1	FALSE	NA	NA	NA	NA	NA	NA
NC_045512.2	28832	T	C	12115	11410	44	2	2	40	0.000165003	12121	0.499907	FALSE	NA	NA	NA	NA	NA	NA
NC_045512.2	28833	C	T	15494	11661	41	1	0	40	6.44953e-05	15505	0.749863	FALSE	NA	NA	NA	NA	NA	NA
NC_045512.2	28833	C	G	15494	11661	41	1	1	40	6.44953e-05	15505	0.749863	FALSE	NA	NA	NA	NA	NA	NA
NC_045512.2	28833	C	A	15494	11661	41	9	0	24	0.000580458	15505	1	FALSE	NA	NA	NA	NA	NA	NA
NC_045512.2	28834	A	T	15623	11592	43	1	1	40	6.3955e-05	15636	0.749832	FALSE	NA	NA	NA	NA	NA	NA
NC_045512.2	28834	A	G	15623	11592	43	2	2	32	0.00012791	15636	0.999862	FALSE	NA	NA	NA	NA	NA	NA
NC_045512.2	28834	A	C	15623	11592	43	10	1	29	0.00063955	15636	1	FALSE	NA	NA	NA	NA	NA	NA
NC_045512.2	28835	T	G	15674	11485	42	1	1	24	6.37959e-05	15675	1	FALSE	NA	NA	NA	NA	NA	NA
NC_045512.2	28836	C	T	15648	11599	42	2	2	32	0.000127665	15666	0.999862	FALSE	NA	NA	NA	NA	NA	NA
NC_045512.2	28836	C	G	15648	11599	42	11	11	31	0.000702158	15666	0.836389	FALSE	NA	NA	NA	NA	NA	NA
NC_045512.2	28836	C	A	15648	11599	42	5	5	30	0.000319163	15666	0.994076	FALSE	NA	NA	NA	NA	NA	NA
NC_045512.2	28837	A	C	15479	11463	42	1	0	40	6.45995e-05	15480	0.750024	FALSE	NA	NA	NA	NA	NA	NA
NC_045512.2	28838	C	T	15161	11424	41	2	2	32	0.000131787	15176	0.999862	FALSE	NA	NA	NA	NA	NA	NA
NC_045512.2	28838	C	G	15161	11424	41	6	6	34	0.000395361	15176	0.986683	FALSE	NA	NA	NA	NA	NA	NA
NC_045512.2	28838	C	A	15161	11424	41	7	0	24	0.000461255	15176	1	FALSE	NA	NA	NA	NA	NA	NA
NC_045512.2	28839	G	T	14411	10385	41	3	3	24	0.000208131	14414	1	FALSE	NA	NA	NA	NA	NA	NA
NC_045512.2	28840	T	G	14447	10401	42	4	4	28	0.000276683	14457	1	FALSE	NA	NA	NA	NA	NA	NA
NC_045512.2	28840	T	C	14447	10401	42	6	6	32	0.000415024	14457	0.979317	FALSE	NA	NA	NA	NA	NA	NA
NC_045512.2	28841	A	T	15066	9969	41	1	1	24	6.6335e-05	15075	1	FALSE	NA	NA	NA	NA	NA	NA
NC_045512.2	28841	A	G	15066	9969	41	4	3	36	0.00026534	15075	0.997789	FALSE	NA	NA	NA	NA	NA	NA
NC_045512.2	28841	A	C	15066	9969	41	4	0	24	0.00026534	15075	1	FALSE	NA	NA	NA	NA	NA	NA
NC_045512.2	28842	G	A	15312	9822	41	1	0	40	6.5304e-05	15313	0.750024	FALSE	NA	NA	NA	NA	NA	NA
NC_045512.2	28843	T	G	15263	9748	42	4	4	24	0.000261934	15271	1	FALSE	NA	NA	NA	NA	NA	NA
NC_045512.2	28843	T	C	15263	9748	42	4	2	32	0.000261934	15271	0.99779	FALSE	NA	NA	NA	NA	NA	NA
NC_045512.2	28845	G	A	15091	9596	42	5	1	40	0.000331214	15096	0.109367	FALSE	NA	NA	NA	NA	NA	NA
NC_045512.2	28846	C	T	15113	9500	41	2	1	32	0.000132275	15120	0.999863	FALSE	NA	NA	NA	NA	NA	NA
NC_045512.2	28846	C	G	15113	9500	41	4	4	24	0.00026455	15120	1	FALSE	NA	NA	NA	NA	NA	NA
NC_045512.2	28846	C	A	15113	9500	41	1	1	24	6.61376e-05	15120	1	FALSE	NA	NA	NA	NA	NA	NA
NC_045512.2	28847	A	G	5611	357	40	1	0	40	0.000178031	5617	0.499822	FALSE	NA	NA	NA	NA	NA	NA
NC_045512.2	28847	A	C	5611	357	40	5	0	24	0.000890155	5617	1	FALSE	NA	NA	NA	NA	NA	NA
NC_045512.2	28850	A	G	5678	361	41	1	0	24	0.000175963	5683	1	FALSE	NA	NA	NA	NA	NA	NA
NC_045512.2	28850	A	C	5678	361	41	4	0	28	0.000703854	5683	1	FALSE	NA	NA	NA	NA	NA	NA
NC_045512.2	28851	G	A	6101	367	41	2	0	40	0.000327708	6103	0.25002	FALSE	NA	NA	NA	NA	NA	NA
NC_045512.2	28852	T	G	6104	410	41	1	0	40	0.000163773	6106	0.5	FALSE	NA	NA	NA	NA	NA	NA
NC_045512.2	28852	T	C	6104	410	41	1	0	24	0.000163773	6106	1	FALSE	NA	NA	NA	NA	NA	NA
NC_045512.2	28853	T	C	6116	410	41	2	0	40	0.000326904	6118	0.25002	FALSE	NA	NA	NA	NA	NA	NA
NC_045512.2	28854	C	A	6107	417	41	1	0	24	0.00016372	6108	1	FALSE	NA	NA	NA	NA	NA	NA
NC_045512.2	28855	A	C	6106	419	41	3	0	24	0.000491079	6109	1	FALSE	NA	NA	NA	NA	NA	NA
NC_045512.2	28856	A	C	6106	420	41	1	0	40	0.000163747	6107	0.500041	FALSE	NA	NA	NA	NA	NA	NA
NC_045512.2	28858	A	G	6145	443	41	2	0	40	0.000325362	6147	0.25002	FALSE	NA	NA	NA	NA	NA	NA
NC_045512.2	28859	A	G	6170	470	42	1	0	24	0.00016197	6174	1	FALSE	NA	NA	NA	NA	NA	NA
NC_045512.2	28859	A	C	6170	470	42	3	0	34	0.000485909	6174	0.910236	FALSE	NA	NA	NA	NA	NA	NA
NC_045512.2	28860	A	C	6498	488	42	1	0	24	0.00015387	6499	1	FALSE	NA	NA	NA	NA	NA	NA
NC_045512.2	28861	T	C	6531	486	42	2	0	40	0.000306138	6533	0.250019	FALSE	NA	NA	NA	NA	NA	NA
NC_045512.2	28862	T	C	6551	488	42	1	0	40	0.000152625	6552	0.500038	FALSE	NA	NA	NA	NA	NA	NA
NC_045512.2	28864	A	C	6496	494	42	3	0	29	0.000461609	6499	1	FALSE	NA	NA	NA	NA	NA	NA
NC_045512.2	28865	A	G	6670	504	42	1	0	40	0.000149813	6675	0.499888	FALSE	NA	NA	NA	NA	NA	NA
NC_045512.2	28865	A	C	6670	504	42	4	0	24	0.000599251	6675	1	FALSE	NA	NA	NA	NA	NA	NA
NC_045512.2	28866	C	A	6738	504	42	1	0	24	0.00014839	6739	1	FALSE	NA	NA	NA	NA	NA	NA
NC_045512.2	28868	C	A	6642	525	40	7	0	24	0.00105279	6649	1	FALSE	NA	NA	NA	NA	NA	NA
NC_045512.2	28869	C	A	6806	526	42	1	0	24	0.000146908	6807	1	FALSE	NA	NA	NA	NA	NA	NA
NC_045512.2	28870	A	G	6934	537	42	2	0	60	0.000288143	6941	0.249838	FALSE	NA	NA	NA	NA	NA	NA
NC_045512.2	28870	A	C	6934	537	42	5	0	33	0.000720357	6941	0.725586	FALSE	NA	NA	NA	NA	NA	NA
NC_045512.2	28871	G	C	7003	523	42	1	0	24	0.000142776	7004	1	FALSE	NA	NA	NA	NA	NA	NA
NC_045512.2	28872	G	A	7024	538	42	1	0	40	0.000142349	7025	0.500036	FALSE	NA	NA	NA	NA	NA	NA
NC_045512.2	28873	C	T	7041	547	43	1	0	40	0.000142005	7042	0.500036	FALSE	NA	NA	NA	NA	NA	NA
NC_045512.2	28874	A	C	6993	549	42	2	0	24	0.000285919	6995	1	FALSE	NA	NA	NA	NA	NA	NA
NC_045512.2	28875	G	C	7014	543	43	2	0	24	0.000285022	7017	1	FALSE	NA	NA	NA	NA	NA	NA
NC_045512.2	28875	G	A	7014	543	43	1	1	80	0.000142511	7017	0.499964	FALSE	NA	NA	NA	NA	NA	NA
NC_045512.2	28876	C	T	7030	546	43	3	0	40	0.0004265	7034	0.124973	FALSE	NA	NA	NA	NA	NA	NA
NC_045512.2	28876	C	G	7030	546	43	1	0	24	0.000142167	7034	1	FALSE	NA	NA	NA	NA	NA	NA
NC_045512.2	28878	G	T	7011	545	43	1	0	80	0.000142613	7012	0.500036	FALSE	NA	NA	NA	NA	NA	NA
NC_045512.2	28879	T	+CCAC	7017	534	42	1	0	20	0.000142511	7017	1	FALSE	NA	NA	NA	NA	NA	NA
NC_045512.2	28880	A	G	6989	550	42	1	0	24	0.000143041	6991	1	FALSE	NA	NA	NA	NA	NA	NA
NC_045512.2	28880	A	C	6989	550	42	1	0	24	0.000143041	6991	1	FALSE	NA	NA	NA	NA	NA	NA
NC_045512.2	28880	A	-GGGG	6989	550	42	3	0	20	0.000429123	6991	1	FALSE	NA	NA	NA	NA	NA	NA
NC_045512.2	28881	G	A	2	0	40	6943	539	42	0.999712	6945	0	TRUE	NA	NA	NA	NA	NA	NA
NC_045512.2	28882	G	C	1	1	32	1	0	40	0.000143102	6988	0.000286	TRUE	NA	NA	NA	NA	NA	NA
NC_045512.2	28882	G	A	1	1	32	6986	536	42	0.999714	6988	0	TRUE	NA	NA	NA	NA	NA	NA
NC_045512.2	28883	G	T	0	0	0	1	0	40	0.000134354	7443	0.000134282	TRUE	NA	NA	NA	NA	NA	NA
NC_045512.2	28883	G	C	0	0	0	7442	551	43	0.999866	7443	0	TRUE	NA	NA	NA	NA	NA	NA
NC_045512.2	28884	G	A	8060	611	43	1	0	40	0.000124054	8061	0.499907	FALSE	NA	NA	NA	NA	NA	NA
NC_045512.2	28885	A	G	8293	657	43	2	1	40	0.000241109	8295	0.250015	FALSE	NA	NA	NA	NA	NA	NA
NC_045512.2	28886	A	C	8299	659	43	1	0	24	0.000120482	8300	1	FALSE	NA	NA	NA	NA	NA	NA
NC_045512.2	28887	C	T	5048	418	42	2477	188	43	0.296896	8343	0	TRUE	NA	NA	NA	NA	NA	NA
NC_045512.2	28887	C	G	5048	418	42	818	50	43	0.0980463	8343	0	TRUE	NA	NA	NA	NA	NA	NA
NC_045512.2	28887	C	+TAAG	5048	418	42	1	0	20	0.000119861	8343	1	FALSE	NA	NA	NA	NA	NA	NA
NC_045512.2	28887	C	+GCAG	5048	418	42	1	0	20	0.000119861	8343	1	FALSE	NA	NA	NA	NA	NA	NA
NC_045512.2	28887	C	+GACG	5048	418	42	1	0	20	0.000119861	8343	1	FALSE	NA	NA	NA	NA	NA	NA
NC_045512.2	28890	C	A	8762	712	43	2	0	32	0.000228206	8764	0.98928	FALSE	NA	NA	NA	NA	NA	NA
NC_045512.2	28891	T	C	8763	736	44	4	0	46	0.000456256	8767	0.0624929	FALSE	NA	NA	NA	NA	NA	NA
NC_045512.2	28892	C	A	4444	906	35	396	0	25	0.0818182	4840	2.56049e-72	TRUE	NA	NA	NA	NA	NA	NA
NC_045512.2	28893	C	A	8300	803	41	15	0	25	0.00180397	8315	1	FALSE	NA	NA	NA	NA	NA	NA
NC_045512.2	28894	T	C	8907	810	44	2	0	24	0.000224492	8909	1	FALSE	NA	NA	NA	NA	NA	NA
NC_045512.2	28897	T	G	9117	862	44	1	0	32	0.000109637	9121	0.999025	FALSE	NA	NA	NA	NA	NA	NA
NC_045512.2	28897	T	C	9117	862	44	3	0	34	0.000328911	9121	0.980744	FALSE	NA	NA	NA	NA	NA	NA
NC_045512.2	28898	A	G	9075	866	44	2	0	40	0.000220313	9078	0.249986	FALSE	NA	NA	NA	NA	NA	NA
NC_045512.2	28898	A	C	9075	866	44	1	0	40	0.000110156	9078	0.499972	FALSE	NA	NA	NA	NA	NA	NA
NC_045512.2	28899	G	C	9144	866	45	1	0	24	0.000109349	9145	1	FALSE	NA	NA	NA	NA	NA	NA
NC_045512.2	28900	A	G	9090	865	44	2	0	32	0.000219949	9093	0.994152	FALSE	NA	NA	NA	NA	NA	NA
NC_045512.2	28900	A	C	9090	865	44	1	0	40	0.000109975	9093	0.499973	FALSE	NA	NA	NA	NA	NA	NA
NC_045512.2	28902	T	C	9158	875	45	1	0	24	0.000109182	9159	1	FALSE	NA	NA	NA	NA	NA	NA
NC_045512.2	28904	G	A	9256	884	45	1	0	40	0.000108026	9257	0.500027	FALSE	NA	NA	NA	NA	NA	NA
NC_045512.2	28905	C	T	9248	883	45	2	0	40	0.000216169	9252	0.249959	FALSE	NA	NA	NA	NA	NA	NA
NC_045512.2	28905	C	G	9248	883	45	2	0	32	0.000216169	9252	0.994149	FALSE	NA	NA	NA	NA	NA	NA
NC_045512.2	28906	T	C	9280	898	45	2	0	32	0.000215471	9282	0.994155	FALSE	NA	NA	NA	NA	NA	NA
NC_045512.2	28910	A	G	9452	933	45	2	0	40	0.000211551	9454	0.250013	FALSE	NA	NA	NA	NA	NA	NA
NC_045512.2	28911	A	G	9458	942	45	1	0	40	0.000105719	9459	0.500026	FALSE	NA	NA	NA	NA	NA	NA
NC_045512.2	28912	T	C	9512	938	45	1	0	40	0.000105119	9513	0.500026	FALSE	NA	NA	NA	NA	NA	NA
NC_045512.2	28914	G	C	9568	938	45	2	0	32	0.000208986	9570	0.994155	FALSE	NA	NA	NA	NA	NA	NA
NC_045512.2	28915	C	T	9767	979	45	2	0	40	0.000204729	9769	0.250013	FALSE	NA	NA	NA	NA	NA	NA
NC_045512.2	28916	G	A	9762	976	45	3	0	40	0.00030722	9765	0.125	FALSE	NA	NA	NA	NA	NA	NA
NC_045512.2	28917	G	T	9943	935	44	1	1	24	0.000100563	9944	1	FALSE	NA	NA	NA	NA	NA	NA
NC_045512.2	28918	T	C	9995	988	45	2	0	40	0.00020006	9997	0.250013	FALSE	NA	NA	NA	NA	NA	NA
NC_045512.2	28919	G	C	10014	996	45	1	0	40	9.98502e-05	10015	0.750037	FALSE	NA	NA	NA	NA	NA	NA
NC_045512.2	28920	A	G	10104	999	45	1	0	40	9.89609e-05	10105	0.750037	FALSE	NA	NA	NA	NA	NA	NA
NC_045512.2	28921	T	C	8468	820	45	1699	188	45	0.167109	10167	0	TRUE	NA	NA	NA	NA	NA	NA
NC_045512.2	28922	G	A	10165	1008	45	1	0	24	9.83671e-05	10166	1	FALSE	NA	NA	NA	NA	NA	NA
NC_045512.2	28923	C	T	10206	1133	46	1	0	24	9.7972e-05	10207	1	FALSE	NA	NA	NA	NA	NA	NA
NC_045512.2	28924	T	C	10201	1131	46	1	0	40	9.802e-05	10202	0.750037	FALSE	NA	NA	NA	NA	NA	NA
NC_045512.2	28925	G	A	10554	1150	46	2	0	60	0.000189466	10556	0.250012	FALSE	NA	NA	NA	NA	NA	NA
NC_045512.2	28926	C	T	10587	1167	46	1	0	40	9.44376e-05	10589	0.750012	FALSE	NA	NA	NA	NA	NA	NA
NC_045512.2	28926	C	G	10587	1167	46	1	0	40	9.44376e-05	10589	0.750012	FALSE	NA	NA	NA	NA	NA	NA
NC_045512.2	28927	T	C	10592	1297	47	1	0	80	9.4402e-05	10593	0.500024	FALSE	NA	NA	NA	NA	NA	NA
NC_045512.2	28928	C	T	10609	1303	47	1	0	40	9.42507e-05	10610	0.750035	FALSE	NA	NA	NA	NA	NA	NA
NC_045512.2	28930	T	G	10618	1444	48	1	1	24	9.41265e-05	10624	1	FALSE	NA	NA	NA	NA	NA	NA
NC_045512.2	28930	T	C	10618	1444	48	5	0	56	0.000470633	10624	0.0312353	FALSE	NA	NA	NA	NA	NA	NA
NC_045512.2	28932	C	T	10734	1540	48	1	0	40	9.31532e-05	10735	0.750035	FALSE	NA	NA	NA	NA	NA	NA
NC_045512.2	28933	T	C	10708	1536	49	1	0	40	9.33794e-05	10709	0.750035	FALSE	NA	NA	NA	NA	NA	NA
NC_045512.2	28934	T	C	10655	1499	49	1	0	40	9.38438e-05	10656	0.750035	FALSE	NA	NA	NA	NA	NA	NA
NC_045512.2	28935	T	C	10659	1620	50	2	1	60	0.0001876	10661	0.250012	FALSE	NA	NA	NA	NA	NA	NA
NC_045512.2	28937	C	T	10714	1940	52	3	0	40	0.000279903	10718	0.312483	FALSE	NA	NA	NA	NA	NA	NA
NC_045512.2	28937	C	G	10714	1940	52	1	1	80	9.3301e-05	10718	0.499953	FALSE	NA	NA	NA	NA	NA	NA
NC_045512.2	28939	G	A	10726	1946	52	3	1	80	0.000279616	10729	0.125	FALSE	NA	NA	NA	NA	NA	NA
NC_045512.2	28942	G	C	10980	1991	52	1	0	24	9.10664e-05	10981	1	FALSE	NA	NA	NA	NA	NA	NA
NC_045512.2	28944	T	G	10974	2008	52	1	1	24	9.11079e-05	10976	1	FALSE	NA	NA	NA	NA	NA	NA
NC_045512.2	28944	T	C	10974	2008	52	1	0	24	9.11079e-05	10976	1	FALSE	NA	NA	NA	NA	NA	NA
NC_045512.2	28945	T	C	10964	2009	52	2	1	32	0.000182382	10966	0.996834	FALSE	NA	NA	NA	NA	NA	NA
NC_045512.2	28946	G	A	10957	2009	52	1	1	80	9.12575e-05	10958	0.500023	FALSE	NA	NA	NA	NA	NA	NA
NC_045512.2	28947	A	C	10933	2012	52	1	0	32	9.14578e-05	10934	0.999513	FALSE	NA	NA	NA	NA	NA	NA
NC_045512.2	28948	C	T	10620	2016	50	1	1	80	9.40734e-05	10630	0.499812	FALSE	NA	NA	NA	NA	NA	NA
NC_045512.2	28948	C	A	10620	2016	50	9	0	24	0.00084666	10630	1	FALSE	NA	NA	NA	NA	NA	NA
NC_045512.2	28949	A	C	10882	1990	52	1	0	32	9.18864e-05	10883	0.999513	FALSE	NA	NA	NA	NA	NA	NA
NC_045512.2	28950	G	A	11073	2003	52	2	2	80	0.000180587	11075	0.250011	FALSE	NA	NA	NA	NA	NA	NA
NC_045512.2	28950	G	-ATT	11073	2003	52	1	0	20	9.02935e-05	11075	1	FALSE	NA	NA	NA	NA	NA	NA
NC_045512.2	28951	A	C	10991	2061	53	1	0	24	9.09753e-05	10992	1	FALSE	NA	NA	NA	NA	NA	NA
NC_045512.2	28954	G	C	11194	2133	53	1	0	40	8.93256e-05	11195	0.750033	FALSE	NA	NA	NA	NA	NA	NA
NC_045512.2	28955	A	C	11159	2142	53	2	0	24	0.000179195	11161	1	FALSE	NA	NA	NA	NA	NA	NA
NC_045512.2	28956	A	G	11163	2146	53	1	0	40	8.95736e-05	11164	0.750034	FALSE	NA	NA	NA	NA	NA	NA
NC_045512.2	28958	C	A	0	0	0	11211	2166	53	1	11211	0	TRUE	NA	NA	NA	NA	NA	NA
NC_045512.2	28959	A	G	11191	2137	53	1	0	24	8.93416e-05	11193	1	FALSE	NA	NA	NA	NA	NA	NA
NC_045512.2	28959	A	C	11191	2137	53	1	0	24	8.93416e-05	11193	1	FALSE	NA	NA	NA	NA	NA	NA
NC_045512.2	28961	C	T	11339	2207	53	1	0	40	8.81834e-05	11340	0.750033	FALSE	NA	NA	NA	NA	NA	NA
NC_045512.2	28962	T	C	11315	2198	53	2	0	32	0.000176725	11317	0.998296	FALSE	NA	NA	NA	NA	NA	NA
NC_045512.2	28963	T	G	11242	2161	53	1	0	40	8.89442e-05	11243	0.750033	FALSE	NA	NA	NA	NA	NA	NA
NC_045512.2	28964	G	A	11242	2165	53	1	1	80	8.89442e-05	11243	0.500022	FALSE	NA	NA	NA	NA	NA	NA
NC_045512.2	28967	A	G	11063	2763	56	1	0	40	9.03832e-05	11064	0.750034	FALSE	NA	NA	NA	NA	NA	NA
NC_045512.2	28968	G	A	11030	2834	56	1	0	40	9.06536e-05	11031	0.750034	FALSE	NA	NA	NA	NA	NA	NA
NC_045512.2	28970	A	G	10898	3069	56	1	0	80	9.17431e-05	10900	0.5	FALSE	NA	NA	NA	NA	NA	NA
NC_045512.2	28970	A	C	10898	3069	56	1	0	32	9.17431e-05	10900	0.999513	FALSE	NA	NA	NA	NA	NA	NA
NC_045512.2	28972	A	C	10729	3210	56	2	0	32	0.000186376	10731	0.996834	FALSE	NA	NA	NA	NA	NA	NA
NC_045512.2	28974	T	G	10505	3352	55	1	0	24	9.51746e-05	10507	1	FALSE	NA	NA	NA	NA	NA	NA
NC_045512.2	28974	T	A	10505	3352	55	1	1	40	9.51746e-05	10507	0.750012	FALSE	NA	NA	NA	NA	NA	NA
NC_045512.2	28975	G	A	10584	3378	55	1	0	40	9.44733e-05	10585	0.750035	FALSE	NA	NA	NA	NA	NA	NA
NC_045512.2	28977	C	A	10394	3437	54	3	0	29	0.000288545	10397	1	FALSE	NA	NA	NA	NA	NA	NA
NC_045512.2	28978	T	C	10478	3435	54	1	0	40	9.5429e-05	10479	0.750036	FALSE	NA	NA	NA	NA	NA	NA
NC_045512.2	28979	G	C	10598	3464	55	1	0	24	9.43307e-05	10601	1	FALSE	NA	NA	NA	NA	NA	NA
NC_045512.2	28979	G	A	10598	3464	55	2	1	24	0.000188661	10601	1	FALSE	NA	NA	NA	NA	NA	NA
NC_045512.2	28980	G	C	10599	3431	54	2	2	40	0.000188626	10603	0.499965	FALSE	NA	NA	NA	NA	NA	NA
NC_045512.2	28980	G	A	10599	3431	54	2	1	40	0.000188626	10603	0.499965	FALSE	NA	NA	NA	NA	NA	NA
NC_045512.2	28981	T	G	10368	3554	52	4	3	26	0.000385654	10372	1	FALSE	NA	NA	NA	NA	NA	NA
NC_045512.2	28982	A	C	10378	3622	53	1	0	24	9.63484e-05	10379	1	FALSE	NA	NA	NA	NA	NA	NA
NC_045512.2	28984	A	C	10196	3715	53	3	0	24	0.000294146	10199	1	FALSE	NA	NA	NA	NA	NA	NA
NC_045512.2	28985	G	T	10269	3704	53	1	0	40	9.7371e-05	10270	0.750037	FALSE	NA	NA	NA	NA	NA	NA
NC_045512.2	28986	G	T	10281	3788	53	1	1	24	9.72479e-05	10283	1	FALSE	NA	NA	NA	NA	NA	NA
NC_045512.2	28986	G	C	10281	3788	53	1	0	40	9.72479e-05	10283	0.750012	FALSE	NA	NA	NA	NA	NA	NA
NC_045512.2	28987	C	A	10219	3797	53	2	0	32	0.000195676	10221	0.996835	FALSE	NA	NA	NA	NA	NA	NA
NC_045512.2	28987	C	-CAA	10219	3797	53	19	0	20	0.00185892	10221	1	FALSE	NA	NA	NA	NA	NA	NA
NC_045512.2	28988	C	A	9842	3780	50	20	0	26	0.00202799	9862	1	FALSE	NA	NA	NA	NA	NA	NA
NC_045512.2	28989	A	C	10137	3746	53	1	0	40	9.86388e-05	10138	0.749544	FALSE	NA	NA	NA	NA	NA	NA
NC_045512.2	28990	A	C	10157	3749	53	1	0	24	9.84446e-05	10158	1	FALSE	NA	NA	NA	NA	NA	NA
NC_045512.2	28991	C	A	9666	4075	50	4	0	28	0.00041365	9670	1	FALSE	NA	NA	NA	NA	NA	NA
NC_045512.2	28992	A	G	9707	4083	51	1	0	40	0.000102987	9710	0.499974	FALSE	NA	NA	NA	NA	NA	NA
NC_045512.2	28992	A	C	9707	4083	51	2	0	32	0.000205973	9710	0.994152	FALSE	NA	NA	NA	NA	NA	NA
NC_045512.2	28993	A	G	9568	4187	50	1	0	40	0.000104471	9572	0.499948	FALSE	NA	NA	NA	NA	NA	NA
NC_045512.2	28993	A	C	9568	4187	50	3	0	29	0.000313414	9572	1	FALSE	NA	NA	NA	NA	NA	NA
NC_045512.2	28995	A	C	9671	4276	50	1	0	40	0.000103391	9672	0.500026	FALSE	NA	NA	NA	NA	NA	NA
NC_045512.2	28996	A	C	9620	4277	49	1	0	24	0.000103939	9621	1	FALSE	NA	NA	NA	NA	NA	NA
NC_045512.2	28997	C	A	9581	4321	50	3	0	34	0.000313022	9584	0.980751	FALSE	NA	NA	NA	NA	NA	NA
NC_045512.2	28998	A	G	9565	4307	50	2	1	40	0.00020903	9568	0.249987	FALSE	NA	NA	NA	NA	NA	NA
NC_045512.2	28998	A	C	9565	4307	50	1	0	24	0.000104515	9568	1	FALSE	NA	NA	NA	NA	NA	NA
NC_045512.2	28999	A	G	9575	4281	50	1	1	40	0.000104406	9578	0.499974	FALSE	NA	NA	NA	NA	NA	NA
NC_045512.2	28999	A	C	9575	4281	50	2	0	24	0.000208812	9578	1	FALSE	NA	NA	NA	NA	NA	NA
NC_045512.2	29000	G	T	9496	4139	48	3	3	24	0.000315823	9499	1	FALSE	NA	NA	NA	NA	NA	NA
NC_045512.2	29001	G	T	9883	4618	51	1	1	24	0.000101143	9887	1	FALSE	NA	NA	NA	NA	NA	NA
NC_045512.2	29001	G	A	9883	4618	51	3	0	56	0.000303429	9887	0.124981	FALSE	NA	NA	NA	NA	NA	NA
NC_045512.2	29002	C	A	9724	4770	50	3	0	29	0.00030842	9727	1	FALSE	NA	NA	NA	NA	NA	NA
NC_045512.2	29003	C	A	9514	4726	49	7	0	24	0.000735217	9521	1	FALSE	NA	NA	NA	NA	NA	NA
NC_045512.2	29005	A	G	9779	4867	51	2	1	60	0.000204457	9782	0.249987	FALSE	NA	NA	NA	NA	NA	NA
NC_045512.2	29005	A	C	9779	4867	51	1	0	40	0.000102229	9782	0.499974	FALSE	NA	NA	NA	NA	NA	NA
NC_045512.2	29006	A	C	9772	4877	51	2	0	24	0.000204625	9774	1	FALSE	NA	NA	NA	NA	NA	NA
NC_045512.2	29008	T	G	9553	4890	50	1	1	32	0.000104646	9556	0.999025	FALSE	NA	NA	NA	NA	NA	NA
NC_045512.2	29008	T	C	9553	4890	50	2	0	40	0.000209293	9556	0.249987	FALSE	NA	NA	NA	NA	NA	NA
NC_045512.2	29009	G	A	9585	4905	50	1	1	40	0.000104319	9586	0.500026	FALSE	NA	NA	NA	NA	NA	NA
NC_045512.2	29010	T	G	9704	5159	51	1	1	24	0.000103029	9706	1	FALSE	NA	NA	NA	NA	NA	NA
NC_045512.2	29010	T	C	9704	5159	51	1	1	24	0.000103029	9706	1	FALSE	NA	NA	NA	NA	NA	NA
NC_045512.2	29011	C	A	9646	5196	50	5	0	25	0.000518081	9651	1	FALSE	NA	NA	NA	NA	NA	NA
NC_045512.2	29012	A	G	9770	5253	51	1	0	40	0.000102333	9772	0.5	FALSE	NA	NA	NA	NA	NA	NA
NC_045512.2	29012	A	C	9770	5253	51	1	0	24	0.000102333	9772	1	FALSE	NA	NA	NA	NA	NA	NA
NC_045512.2	29013	C	G	9253	5318	47	1	1	32	0.000107481	9304	0.999	FALSE	NA	NA	NA	NA	NA	NA
NC_045512.2	29013	C	A	9253	5318	47	50	0	26	0.00537403	9304	0.999901	FALSE	NA	NA	NA	NA	NA	NA
NC_045512.2	29017	G	T	9834	5463	51	3	3	24	0.00030494	9838	1	FALSE	NA	NA	NA	NA	NA	NA
NC_045512.2	29017	G	A	9834	5463	51	1	1	80	0.000101647	9838	0.499949	FALSE	NA	NA	NA	NA	NA	NA
NC_045512.2	29018	A	G	9835	5499	51	1	0	40	0.000101667	9836	0.500025	FALSE	NA	NA	NA	NA	NA	NA
NC_045512.2	29021	T	C	10035	6016	51	1	0	24	9.96413e-05	10036	1	FALSE	NA	NA	NA	NA	NA	NA
NC_045512.2	29025	C	T	10304	6665	52	3	3	53	0.000291064	10307	0.125	FALSE	NA	NA	NA	NA	NA	NA
NC_045512.2	29026	T	G	10228	6599	52	1	1	40	9.77422e-05	10231	0.749988	FALSE	NA	NA	NA	NA	NA	NA
NC_045512.2	29026	T	C	10228	6599	52	2	2	40	0.000195484	10231	0.5	FALSE	NA	NA	NA	NA	NA	NA
NC_045512.2	29029	T	G	10228	6738	51	2	2	28	0.000195503	10230	1	FALSE	NA	NA	NA	NA	NA	NA
NC_045512.2	29030	G	T	9422	5905	44	9	9	25	0.0009543	9431	1	FALSE	NA	NA	NA	NA	NA	NA
NC_045512.2	29031	A	G	10226	6759	52	1	0	80	9.77708e-05	10228	0.5	FALSE	NA	NA	NA	NA	NA	NA
NC_045512.2	29031	A	C	10226	6759	52	1	0	24	9.77708e-05	10228	1	FALSE	NA	NA	NA	NA	NA	NA
NC_045512.2	29032	G	T	10253	6736	51	2	2	32	0.000195027	10255	0.996835	FALSE	NA	NA	NA	NA	NA	NA
NC_045512.2	29033	G	A	10267	6843	51	1	0	80	9.73899e-05	10268	0.500024	FALSE	NA	NA	NA	NA	NA	NA
NC_045512.2	29035	T	G	10037	7147	49	2	2	24	0.000199183	10041	1	FALSE	NA	NA	NA	NA	NA	NA
NC_045512.2	29035	T	C	10037	7147	49	1	0	40	9.95917e-05	10041	0.749963	FALSE	NA	NA	NA	NA	NA	NA
NC_045512.2	29035	T	A	10037	7147	49	1	0	40	9.95917e-05	10041	0.749963	FALSE	NA	NA	NA	NA	NA	NA
NC_045512.2	29036	T	C	9978	7075	49	1	1	24	0.00010021	9979	1	FALSE	NA	NA	NA	NA	NA	NA
NC_045512.2	29037	C	A	9995	7147	49	3	0	29	0.00030006	9998	1	FALSE	NA	NA	NA	NA	NA	NA
NC_045512.2	29038	T	G	9999	7092	49	1	1	24	9.999e-05	10001	1	FALSE	NA	NA	NA	NA	NA	NA
NC_045512.2	29038	T	C	9999	7092	49	1	1	24	9.999e-05	10001	1	FALSE	NA	NA	NA	NA	NA	NA
NC_045512.2	29039	A	G	10126	7266	49	2	2	32	0.000197453	10129	0.996833	FALSE	NA	NA	NA	NA	NA	NA
NC_045512.2	29039	A	C	10126	7266	49	1	0	24	9.87264e-05	10129	1	FALSE	NA	NA	NA	NA	NA	NA
NC_045512.2	29040	A	G	10103	7300	49	2	2	40	0.000197902	10106	0.5	FALSE	NA	NA	NA	NA	NA	NA
NC_045512.2	29040	A	C	10103	7300	49	1	0	40	9.89511e-05	10106	0.749988	FALSE	NA	NA	NA	NA	NA	NA
NC_045512.2	29041	G	T	9832	7022	47	9	9	24	0.000914541	9841	1	FALSE	NA	NA	NA	NA	NA	NA
NC_045512.2	29042	A	G	10104	7347	50	3	3	48	0.000296824	10107	0.312519	FALSE	NA	NA	NA	NA	NA	NA
NC_045512.2	29043	A	G	9961	7223	49	2	1	40	0.000200723	9964	0.249987	FALSE	NA	NA	NA	NA	NA	NA
NC_045512.2	29043	A	C	9961	7223	49	1	0	24	0.000100361	9964	1	FALSE	NA	NA	NA	NA	NA	NA
NC_045512.2	29045	C	T	9929	7343	49	2	1	60	0.00020139	9931	0.250013	FALSE	NA	NA	NA	NA	NA	NA
NC_045512.2	29046	C	A	9863	7358	49	1	0	24	0.000101379	9864	1	FALSE	NA	NA	NA	NA	NA	NA
NC_045512.2	29047	T	G	9844	7344	49	1	1	24	0.000101574	9845	1	FALSE	NA	NA	NA	NA	NA	NA
NC_045512.2	29048	C	G	9571	7618	45	1	1	40	0.000103993	9616	0.498879	FALSE	NA	NA	NA	NA	NA	NA
NC_045512.2	29048	C	A	9571	7618	45	44	1	27	0.00457571	9616	0.999997	FALSE	NA	NA	NA	NA	NA	NA
NC_045512.2	29049	G	A	9968	7503	49	2	2	40	0.000200602	9970	0.250013	FALSE	NA	NA	NA	NA	NA	NA
NC_045512.2	29051	C	T	10143	7748	50	2	2	40	0.000197141	10145	0.500037	FALSE	NA	NA	NA	NA	NA	NA
NC_045512.2	29051	C	+A	10143	7748	50	1	0	20	9.85707e-05	10145	1	FALSE	NA	NA	NA	NA	NA	NA
NC_045512.2	29052	A	T	10154	7779	49	1	1	40	9.84543e-05	10157	0.749988	FALSE	NA	NA	NA	NA	NA	NA
NC_045512.2	29052	A	G	10154	7779	49	1	1	24	9.84543e-05	10157	1	FALSE	NA	NA	NA	NA	NA	NA
NC_045512.2	29052	A	C	10154	7779	49	1	0	24	9.84543e-05	10157	1	FALSE	NA	NA	NA	NA	NA	NA
NC_045512.2	29053	A	G	10206	7860	50	2	1	60	0.000195925	10208	0.250012	FALSE	NA	NA	NA	NA	NA	NA
NC_045512.2	29055	A	G	10269	7994	50	1	1	24	9.73615e-05	10271	1	FALSE	NA	NA	NA	NA	NA	NA
NC_045512.2	29055	A	C	10269	7994	50	1	0	24	9.73615e-05	10271	1	FALSE	NA	NA	NA	NA	NA	NA
NC_045512.2	29056	A	G	10273	7999	50	2	2	40	0.000194647	10275	0.500036	FALSE	NA	NA	NA	NA	NA	NA
NC_045512.2	29057	C	T	10232	8015	50	1	1	40	9.77231e-05	10233	0.750037	FALSE	NA	NA	NA	NA	NA	NA
NC_045512.2	29059	T	G	10262	8102	50	1	1	24	9.74374e-05	10263	1	FALSE	NA	NA	NA	NA	NA	NA
NC_045512.2	29060	A	G	10511	8523	49	1	1	24	9.51294e-05	10512	1	FALSE	NA	NA	NA	NA	NA	NA
NC_045512.2	29061	C	T	10554	8601	50	2	1	60	0.000189448	10557	0.249988	FALSE	NA	NA	NA	NA	NA	NA
NC_045512.2	29061	C	A	10554	8601	50	1	1	40	9.47239e-05	10557	0.749988	FALSE	NA	NA	NA	NA	NA	NA
NC_045512.2	29062	T	G	10656	8769	50	1	1	24	9.38086e-05	10660	1	FALSE	NA	NA	NA	NA	NA	NA
NC_045512.2	29062	T	C	10656	8769	50	3	3	29	0.000281426	10660	1	FALSE	NA	NA	NA	NA	NA	NA
NC_045512.2	29063	G	A	10703	8802	50	2	2	60	0.000186829	10705	0.250012	FALSE	NA	NA	NA	NA	NA	NA
NC_045512.2	29066	A	G	11119	9469	51	1	1	40	8.99281e-05	11120	0.750034	FALSE	NA	NA	NA	NA	NA	NA
NC_045512.2	29067	C	G	11101	9561	49	2	2	24	0.000180115	11104	1	FALSE	NA	NA	NA	NA	NA	NA
NC_045512.2	29067	C	A	11101	9561	49	1	0	32	9.00576e-05	11104	0.999756	FALSE	NA	NA	NA	NA	NA	NA
NC_045512.2	29068	T	G	11011	9476	48	3	3	24	0.000272381	11014	1	FALSE	NA	NA	NA	NA	NA	NA
NC_045512.2	29069	A	G	11196	9640	50	5	5	33	0.000446349	11202	0.961646	FALSE	NA	NA	NA	NA	NA	NA
NC_045512.2	29069	A	C	11196	9640	50	1	1	24	8.92698e-05	11202	1	FALSE	NA	NA	NA	NA	NA	NA
NC_045512.2	29070	A	G	11188	9643	50	1	1	24	8.93735e-05	11189	1	FALSE	NA	NA	NA	NA	NA	NA
NC_045512.2	29071	A	G	11217	9737	50	2	2	24	0.000178269	11219	1	FALSE	NA	NA	NA	NA	NA	NA
NC_045512.2	29072	G	A	11206	9722	49	2	2	40	0.000178444	11208	0.500033	FALSE	NA	NA	NA	NA	NA	NA
NC_045512.2	29074	A	G	11011	9536	50	5	3	38	0.000453885	11016	0.961662	FALSE	NA	NA	NA	NA	NA	NA
NC_045512.2	29075	T	G	10931	9452	49	3	3	24	0.000274348	10935	1	FALSE	NA	NA	NA	NA	NA	NA
NC_045512.2	29075	T	C	10931	9452	49	1	1	24	9.14495e-05	10935	1	FALSE	NA	NA	NA	NA	NA	NA
NC_045512.2	29076	A	G	10985	9670	49	1	0	32	9.10249e-05	10986	0.999513	FALSE	NA	NA	NA	NA	NA	NA
NC_045512.2	29080	T	G	10611	9270	49	3	3	34	0.000282646	10614	0.988794	FALSE	NA	NA	NA	NA	NA	NA
NC_045512.2	29081	G	T	10244	8919	48	9	9	24	0.000877792	10253	1	FALSE	NA	NA	NA	NA	NA	NA
NC_045512.2	29083	A	G	10298	9029	49	1	1	24	9.70968e-05	10299	1	FALSE	NA	NA	NA	NA	NA	NA
NC_045512.2	29084	A	G	10301	9028	49	1	1	40	9.70685e-05	10302	0.750036	FALSE	NA	NA	NA	NA	NA	NA
NC_045512.2	29085	C	T	10260	9001	49	2	2	40	0.000194875	10263	0.5	FALSE	NA	NA	NA	NA	NA	NA
NC_045512.2	29085	C	G	10260	9001	49	1	1	40	9.74374e-05	10263	0.749988	FALSE	NA	NA	NA	NA	NA	NA
NC_045512.2	29086	A	G	10020	8765	49	1	1	40	9.97904e-05	10021	0.750037	FALSE	NA	NA	NA	NA	NA	NA
NC_045512.2	29087	C	T	10024	8786	49	1	1	24	9.97506e-05	10025	1	FALSE	NA	NA	NA	NA	NA	NA
NC_045512.2	29089	A	G	9339	8126	49	1	1	40	0.000107066	9340	0.500027	FALSE	NA	NA	NA	NA	NA	NA
NC_045512.2	29092	T	G	9230	8149	48	1	1	24	0.000108319	9232	1	FALSE	NA	NA	NA	NA	NA	NA
NC_045512.2	29092	T	C	9230	8149	48	1	1	40	0.000108319	9232	0.5	FALSE	NA	NA	NA	NA	NA	NA
NC_045512.2	29094	T	G	9153	8075	48	4	4	24	0.000436824	9157	1	FALSE	NA	NA	NA	NA	NA	NA
NC_045512.2	29096	G	T	9227	8148	48	1	1	40	0.000108366	9228	0.500027	FALSE	NA	NA	NA	NA	NA	NA
NC_045512.2	29098	C	G	9240	8165	48	1	1	24	0.000108213	9241	1	FALSE	NA	NA	NA	NA	NA	NA
NC_045512.2	29099	A	G	9107	8035	49	1	1	80	0.000109794	9108	0.500027	FALSE	NA	NA	NA	NA	NA	NA
NC_045512.2	29101	A	G	9084	8080	48	6	6	30	0.000659921	9092	0.849172	FALSE	NA	NA	NA	NA	NA	NA
NC_045512.2	29101	A	C	9084	8080	48	2	2	24	0.000219974	9092	1	FALSE	NA	NA	NA	NA	NA	NA
NC_045512.2	29102	C	T	9093	8090	48	1	1	40	0.000109963	9094	0.500027	FALSE	NA	NA	NA	NA	NA	NA
NC_045512.2	29103	G	A	9104	8101	48	1	1	24	0.00010983	9105	1	FALSE	NA	NA	NA	NA	NA	NA
NC_045512.2	29104	T	G	8931	7936	48	1	1	24	0.000111944	8933	1	FALSE	NA	NA	NA	NA	NA	NA
NC_045512.2	29104	T	C	8931	7936	48	1	1	40	0.000111944	8933	0.5	FALSE	NA	NA	NA	NA	NA	NA
NC_045512.2	29106	G	T	8984	8067	47	1	1	40	0.000111284	8986	0.5	FALSE	NA	NA	NA	NA	NA	NA
NC_045512.2	29106	G	A	8984	8067	47	1	1	40	0.000111284	8986	0.5	FALSE	NA	NA	NA	NA	NA	NA
NC_045512.2	29107	T	G	8842	7923	46	5	5	27	0.000565099	8848	1	FALSE	NA	NA	NA	NA	NA	NA
NC_045512.2	29107	T	C	8842	7923	46	1	1	40	0.00011302	8848	0.499887	FALSE	NA	NA	NA	NA	NA	NA
NC_045512.2	29109	C	T	8899	8024	47	1	1	80	0.00011236	8900	0.500028	FALSE	NA	NA	NA	NA	NA	NA
NC_045512.2	29110	A	G	8787	7915	47	1	1	32	0.000113792	8788	0.998052	FALSE	NA	NA	NA	NA	NA	NA
NC_045512.2	29112	A	G	8774	7933	47	1	1	80	0.00011396	8775	0.500028	FALSE	NA	NA	NA	NA	NA	NA
NC_045512.2	29113	A	G	8785	7947	47	1	0	80	0.000113817	8786	0.500028	FALSE	NA	NA	NA	NA	NA	NA
NC_045512.2	29115	A	G	7778	6979	47	1	1	40	0.000128551	7779	0.500032	FALSE	NA	NA	NA	NA	NA	NA
NC_045512.2	29116	A	G	7763	6966	47	3	3	29	0.000386299	7766	1	FALSE	NA	NA	NA	NA	NA	NA
NC_045512.2	29117	A	G	7750	6963	47	1	1	40	0.000129016	7751	0.500032	FALSE	NA	NA	NA	NA	NA	NA
NC_045512.2	29120	C	A	7396	6684	46	1	0	32	0.00013519	7397	0.996103	FALSE	NA	NA	NA	NA	NA	NA
NC_045512.2	29121	A	G	7381	6635	47	1	1	40	0.000135465	7382	0.500034	FALSE	NA	NA	NA	NA	NA	NA
NC_045512.2	29122	A	G	7348	6602	47	1	1	40	0.000136073	7349	0.500034	FALSE	NA	NA	NA	NA	NA	NA
NC_045512.2	29124	G	T	7213	6469	46	5	5	24	0.000692713	7218	1	FALSE	NA	NA	NA	NA	NA	NA
NC_045512.2	29125	A	G	7382	6642	47	2	2	40	0.000270856	7384	0.250017	FALSE	NA	NA	NA	NA	NA	NA
NC_045512.2	29127	A	G	7339	6634	47	1	1	24	0.00013624	7340	1	FALSE	NA	NA	NA	NA	NA	NA
NC_045512.2	29127	A	-T	7339	6634	47	1	0	20	0.00013624	7340	1	FALSE	NA	NA	NA	NA	NA	NA
NC_045512.2	29128	T	A	7238	6530	46	1	1	40	0.000138141	7239	0.5	FALSE	NA	NA	NA	NA	NA	NA
NC_045512.2	29129	T	G	7265	6557	47	1	1	24	0.000137608	7267	1	FALSE	NA	NA	NA	NA	NA	NA
NC_045512.2	29129	T	C	7265	6557	47	1	1	40	0.000137608	7267	0.5	FALSE	NA	NA	NA	NA	NA	NA
NC_045512.2	29132	G	T	7225	6577	45	3	3	29	0.000415053	7228	1	FALSE	NA	NA	NA	NA	NA	NA
NC_045512.2	29133	G	T	6581	5928	39	11	11	26	0.00166793	6595	1	FALSE	NA	NA	NA	NA	NA	NA
NC_045512.2	29133	G	A	6581	5928	39	3	3	40	0.00045489	6595	0.124687	FALSE	NA	NA	NA	NA	NA	NA
NC_045512.2	29134	G	T	7320	6676	46	1	1	40	0.000136575	7322	0.5	FALSE	NA	NA	NA	NA	NA	NA
NC_045512.2	29134	G	A	7320	6676	46	1	1	40	0.000136575	7322	0.5	FALSE	NA	NA	NA	NA	NA	NA
NC_045512.2	29135	G	A	7296	6655	46	1	1	40	0.000137043	7297	0.500034	FALSE	NA	NA	NA	NA	NA	NA
NC_045512.2	29136	A	G	7233	6633	46	2	2	24	0.000276434	7235	1	FALSE	NA	NA	NA	NA	NA	NA
NC_045512.2	29138	C	T	7229	6643	46	1	1	40	0.000138293	7231	0.5	FALSE	NA	NA	NA	NA	NA	NA
NC_045512.2	29138	C	A	7229	6643	46	1	1	40	0.000138293	7231	0.5	FALSE	NA	NA	NA	NA	NA	NA
NC_045512.2	29141	G	C	7235	6667	46	1	1	32	0.000138179	7237	0.996101	FALSE	NA	NA	NA	NA	NA	NA
NC_045512.2	29141	G	A	7235	6667	46	1	1	40	0.000138179	7237	0.5	FALSE	NA	NA	NA	NA	NA	NA
NC_045512.2	29143	A	G	7204	6654	45	2	2	24	0.000277546	7206	1	FALSE	NA	NA	NA	NA	NA	NA
NC_045512.2	29145	T	G	7031	6529	45	3	3	24	0.000426439	7035	1	FALSE	NA	NA	NA	NA	NA	NA
NC_045512.2	29145	T	C	7031	6529	45	1	1	40	0.000142146	7035	0.499929	FALSE	NA	NA	NA	NA	NA	NA
NC_045512.2	29146	A	G	7007	6508	45	1	1	40	0.000142694	7008	0.500036	FALSE	NA	NA	NA	NA	NA	NA
NC_045512.2	29147	A	G	6994	6495	45	1	1	24	0.000142939	6996	1	FALSE	NA	NA	NA	NA	NA	NA
NC_045512.2	29147	A	C	6994	6495	45	1	1	24	0.000142939	6996	1	FALSE	NA	NA	NA	NA	NA	NA
NC_045512.2	29149	C	T	6984	6498	45	2	2	40	0.000286205	6988	0.249946	FALSE	NA	NA	NA	NA	NA	NA
NC_045512.2	29149	C	G	6984	6498	45	2	2	32	0.000286205	6988	0.964867	FALSE	NA	NA	NA	NA	NA	NA
NC_045512.2	29150	A	G	6513	6038	45	3	3	53	0.000460405	6516	0.125	FALSE	NA	NA	NA	NA	NA	NA
NC_045512.2	29151	G	T	6353	5904	43	7	7	24	0.00110046	6361	1	FALSE	NA	NA	NA	NA	NA	NA
NC_045512.2	29151	G	C	6353	5904	43	1	1	40	0.000157208	6361	0.499764	FALSE	NA	NA	NA	NA	NA	NA
NC_045512.2	29152	A	G	6511	6098	44	1	1	40	0.000153539	6513	0.5	FALSE	NA	NA	NA	NA	NA	NA
NC_045512.2	29152	A	C	6511	6098	44	1	1	40	0.000153539	6513	0.5	FALSE	NA	NA	NA	NA	NA	NA
NC_045512.2	29154	A	G	6432	6022	44	1	1	40	0.000155448	6433	0.500039	FALSE	NA	NA	NA	NA	NA	NA
NC_045512.2	29156	G	T	6198	5798	44	1	1	24	0.00016129	6200	1	FALSE	NA	NA	NA	NA	NA	NA
NC_045512.2	29156	G	A	6198	5798	44	1	1	24	0.00016129	6200	1	FALSE	NA	NA	NA	NA	NA	NA
NC_045512.2	29157	G	C	6215	5815	44	1	1	40	0.000160849	6217	0.5	FALSE	NA	NA	NA	NA	NA	NA
NC_045512.2	29157	G	A	6215	5815	44	1	1	40	0.000160849	6217	0.5	FALSE	NA	NA	NA	NA	NA	NA
NC_045512.2	29158	A	G	6220	5823	44	1	1	24	0.000160746	6221	1	FALSE	NA	NA	NA	NA	NA	NA
NC_045512.2	29159	A	G	6204	5806	44	2	2	24	0.000322269	6206	1	FALSE	NA	NA	NA	NA	NA	NA
NC_045512.2	29160	C	A	6202	5814	44	1	1	40	0.000161212	6203	0.50004	FALSE	NA	NA	NA	NA	NA	NA
NC_045512.2	29161	T	G	5645	5272	44	1	1	24	0.000177085	5647	1	FALSE	NA	NA	NA	NA	NA	NA
NC_045512.2	29161	T	C	5645	5272	44	1	1	40	0.000177085	5647	0.5	FALSE	NA	NA	NA	NA	NA	NA
NC_045512.2	29163	A	G	5635	5261	45	1	1	40	0.000177431	5636	0.500044	FALSE	NA	NA	NA	NA	NA	NA
NC_045512.2	29164	T	G	5542	5182	44	1	1	24	0.000180408	5543	1	FALSE	NA	NA	NA	NA	NA	NA
NC_045512.2	29165	T	G	5492	5135	43	2	2	24	0.000364033	5494	1	FALSE	NA	NA	NA	NA	NA	NA
NC_045512.2	29165	T	-A	5492	5135	43	3	0	20	0.00054605	5494	1	FALSE	NA	NA	NA	NA	NA	NA
NC_045512.2	29166	A	G	5299	4951	44	1	1	40	0.000188679	5300	0.499906	FALSE	NA	NA	NA	NA	NA	NA
NC_045512.2	29166	A	-C	5299	4951	44	2	0	20	0.000377145	5303	1	FALSE	NA	NA	NA	NA	NA	NA
NC_045512.2	29167	C	-A	5298	4957	44	805	0	20	0.151944	5298	2.04951e-162	TRUE	NA	NA	NA	NA	NA	NA
NC_045512.2	29169	A	G	5266	4924	44	2	2	40	0.000379651	5268	0.250024	FALSE	NA	NA	NA	NA	NA	NA
NC_045512.2	29170	A	C	4906	4577	44	340	330	41	0.0648113	5246	1.57908e-105	TRUE	NA	NA	NA	NA	NA	NA
NC_045512.2	29171	C	G	4809	4484	44	1	1	32	0.0002079	4810	0.968799	FALSE	NA	NA	NA	NA	NA	NA
NC_045512.2	29172	A	G	4508	4188	44	1	1	24	0.000221779	4509	1	FALSE	NA	NA	NA	NA	NA	NA
NC_045512.2	29175	G	T	3788	3494	43	2	2	32	0.000527704	3790	0.812665	FALSE	NA	NA	NA	NA	NA	NA
NC_045512.2	29176	G	T	3727	3439	44	5	5	27	0.00133905	3734	1	FALSE	NA	NA	NA	NA	NA	NA
NC_045512.2	29176	G	A	3727	3439	44	2	2	40	0.000535619	3734	0.249699	FALSE	NA	NA	NA	NA	NA	NA
NC_045512.2	29184	T	G	3621	3379	44	3	3	40	0.000827815	3624	0.125	FALSE	NA	NA	NA	NA	NA	NA
NC_045512.2	29188	A	C	5189	3405	42	1	0	24	0.000192678	5190	1	FALSE	NA	NA	NA	NA	NA	NA
NC_045512.2	29190	A	G	5420	3274	42	1	0	80	0.000184332	5425	0.499862	FALSE	NA	NA	NA	NA	NA	NA
NC_045512.2	29190	A	C	5420	3274	42	4	0	32	0.000737327	5425	0.746185	FALSE	NA	NA	NA	NA	NA	NA
NC_045512.2	29191	A	C	6034	3280	42	2	0	32	0.000331345	6036	0.964907	FALSE	NA	NA	NA	NA	NA	NA
NC_045512.2	29192	T	C	6067	3264	42	3	0	34	0.000494234	6070	0.910278	FALSE	NA	NA	NA	NA	NA	NA
NC_045512.2	29193	T	C	5891	3076	42	1	0	40	0.000169722	5892	0.500042	FALSE	NA	NA	NA	NA	NA	NA
NC_045512.2	29194	T	G	5895	3083	42	1	1	24	0.000169607	5896	1	FALSE	NA	NA	NA	NA	NA	NA
NC_045512.2	29197	C	T	4556	2955	41	1406	47	41	0.235629	5967	0	TRUE	NA	NA	NA	NA	NA	NA
NC_045512.2	29197	C	G	4556	2955	41	1	1	40	0.000167588	5967	0.433051	FALSE	NA	NA	NA	NA	NA	NA
NC_045512.2	29197	C	A	4556	2955	41	4	0	24	0.000670354	5967	1	FALSE	NA	NA	NA	NA	NA	NA
NC_045512.2	29198	C	T	5896	2867	42	1	1	40	0.000169492	5900	0.499915	FALSE	NA	NA	NA	NA	NA	NA
NC_045512.2	29198	C	G	5896	2867	42	1	1	24	0.000169492	5900	1	FALSE	NA	NA	NA	NA	NA	NA
NC_045512.2	29198	C	A	5896	2867	42	2	0	24	0.000338983	5900	1	FALSE	NA	NA	NA	NA	NA	NA
NC_045512.2	29199	C	T	5657	2734	40	2	0	40	0.000353107	5664	0.249801	FALSE	NA	NA	NA	NA	NA	NA
NC_045512.2	29199	C	G	5657	2734	40	1	1	40	0.000176554	5664	0.499779	FALSE	NA	NA	NA	NA	NA	NA
NC_045512.2	29199	C	A	5657	2734	40	4	0	28	0.000706215	5664	1	FALSE	NA	NA	NA	NA	NA	NA
NC_045512.2	29200	C	G	5667	2570	42	3	3	40	0.000529007	5671	0.124967	FALSE	NA	NA	NA	NA	NA	NA
NC_045512.2	29200	C	A	5667	2570	42	1	1	24	0.000176336	5671	1	FALSE	NA	NA	NA	NA	NA	NA
NC_045512.2	29202	G	A	3412	135	41	1	0	24	0.000292997	3413	1	FALSE	NA	NA	NA	NA	NA	NA
NC_045512.2	29204	G	A	3533	146	41	1	0	40	0.000282965	3534	0.500071	FALSE	NA	NA	NA	NA	NA	NA
NC_045512.2	29206	T	C	3929	158	41	1	0	40	0.000254453	3930	0.500064	FALSE	NA	NA	NA	NA	NA	NA
NC_045512.2	29208	C	A	3505	167	35	22	0	25	0.0062376	3527	0.969235	FALSE	NA	NA	NA	NA	NA	NA
NC_045512.2	29211	C	G	4126	214	42	1	0	40	0.000242307	4127	0.500061	FALSE	NA	NA	NA	NA	NA	NA
NC_045512.2	29213	T	C	4196	228	42	3	0	32	0.000714456	4199	0.773633	FALSE	NA	NA	NA	NA	NA	NA
NC_045512.2	29215	C	A	4628	240	42	1	0	40	0.000216029	4629	0.500054	FALSE	NA	NA	NA	NA	NA	NA
NC_045512.2	29215	C	-T	4628	240	42	1	0	20	0.000216029	4629	1	FALSE	NA	NA	NA	NA	NA	NA
NC_045512.2	29216	T	C	4644	243	42	1	0	40	0.000215285	4645	0.5	FALSE	NA	NA	NA	NA	NA	NA
NC_045512.2	29217	T	G	4835	248	42	2	0	32	0.000413394	4838	0.890698	FALSE	NA	NA	NA	NA	NA	NA
NC_045512.2	29217	T	C	4835	248	42	1	0	24	0.000206697	4838	1	FALSE	NA	NA	NA	NA	NA	NA
NC_045512.2	29218	C	T	4034	256	36	3	0	40	0.000737282	4069	0.123525	FALSE	NA	NA	NA	NA	NA	NA
NC_045512.2	29218	C	A	4034	256	36	32	0	26	0.00786434	4069	0.856206	FALSE	NA	NA	NA	NA	NA	NA
NC_045512.2	29221	A	C	4887	283	43	1	0	24	0.000204583	4888	1	FALSE	NA	NA	NA	NA	NA	NA
NC_045512.2	29222	A	G	4974	334	43	1	0	24	0.000201005	4975	1	FALSE	NA	NA	NA	NA	NA	NA
NC_045512.2	29224	G	C	5133	341	43	1	0	40	0.00019478	5134	0.500049	FALSE	NA	NA	NA	NA	NA	NA
NC_045512.2	29226	C	G	5125	360	43	1	0	40	0.000195084	5126	0.500049	FALSE	NA	NA	NA	NA	NA	NA
NC_045512.2	29227	G	C	5166	362	44	1	0	40	0.000193536	5167	0.500048	FALSE	NA	NA	NA	NA	NA	NA
NC_045512.2	29229	G	A	5193	364	44	4	0	36	0.000769675	5197	0.746283	FALSE	NA	NA	NA	NA	NA	NA
NC_045512.2	29233	T	C	5272	402	44	2	0	40	0.000379219	5274	0.250024	FALSE	NA	NA	NA	NA	NA	NA
NC_045512.2	29235	G	A	5879	425	44	2	0	32	0.000340078	5881	0.937584	FALSE	NA	NA	NA	NA	NA	NA
NC_045512.2	29236	C	A	5899	430	44	2	0	24	0.000338926	5901	1	FALSE	NA	NA	NA	NA	NA	NA
NC_045512.2	29237	A	G	5845	434	44	1	0	24	0.000171028	5847	1	FALSE	NA	NA	NA	NA	NA	NA
NC_045512.2	29237	A	C	5845	434	44	1	0	24	0.000171028	5847	1	FALSE	NA	NA	NA	NA	NA	NA
NC_045512.2	29238	T	C	5905	430	44	1	0	24	0.000169319	5906	1	FALSE	NA	NA	NA	NA	NA	NA
NC_045512.2	29241	A	G	6135	442	44	1	1	80	0.000162893	6139	0.499919	FALSE	NA	NA	NA	NA	NA	NA
NC_045512.2	29241	A	C	6135	442	44	3	0	24	0.000488679	6139	1	FALSE	NA	NA	NA	NA	NA	NA
NC_045512.2	29242	A	C	6490	461	44	1	0	40	0.000154059	6491	0.500039	FALSE	NA	NA	NA	NA	NA	NA
NC_045512.2	29243	G	T	6525	462	44	1	0	40	0.00015321	6527	0.5	FALSE	NA	NA	NA	NA	NA	NA
NC_045512.2	29243	G	A	6525	462	44	1	0	24	0.00015321	6527	1	FALSE	NA	NA	NA	NA	NA	NA
NC_045512.2	29244	T	C	6531	468	44	2	0	32	0.000306138	6533	0.964902	FALSE	NA	NA	NA	NA	NA	NA
NC_045512.2	29245	C	T	6543	470	44	1	0	40	0.000152812	6544	0.500038	FALSE	NA	NA	NA	NA	NA	NA
NC_045512.2	29246	A	G	6511	477	44	1	0	40	0.000153563	6512	0.500038	FALSE	NA	NA	NA	NA	NA	NA
NC_045512.2	29247	C	T	6508	482	43	1	0	40	0.00015361	6510	0.5	FALSE	NA	NA	NA	NA	NA	NA
NC_045512.2	29247	C	A	6508	482	43	1	0	24	0.00015361	6510	1	FALSE	NA	NA	NA	NA	NA	NA
NC_045512.2	29248	A	G	6587	492	44	1	0	40	0.000151745	6590	0.499962	FALSE	NA	NA	NA	NA	NA	NA
NC_045512.2	29248	A	C	6587	492	44	2	0	24	0.00030349	6590	1	FALSE	NA	NA	NA	NA	NA	NA
NC_045512.2	29251	T	G	6957	534	44	2	0	24	0.000287315	6961	1	FALSE	NA	NA	NA	NA	NA	NA
NC_045512.2	29251	T	C	6957	534	44	2	0	32	0.000287315	6961	0.964867	FALSE	NA	NA	NA	NA	NA	NA
NC_045512.2	29253	C	T	6812	536	42	1	0	40	0.000146563	6823	0.49967	FALSE	NA	NA	NA	NA	NA	NA
NC_045512.2	29253	C	A	6812	536	42	10	0	24	0.00146563	6823	1	FALSE	NA	NA	NA	NA	NA	NA
NC_045512.2	29254	G	A	6990	532	44	1	0	24	0.000143041	6991	1	FALSE	NA	NA	NA	NA	NA	NA
NC_045512.2	29255	G	C	7007	527	44	1	0	40	0.000142694	7008	0.500036	FALSE	NA	NA	NA	NA	NA	NA
NC_045512.2	29256	G	C	7094	547	44	1	0	40	0.000140944	7095	0.500035	FALSE	NA	NA	NA	NA	NA	NA
NC_045512.2	29257	A	G	7074	562	45	1	0	24	0.000141323	7076	1	FALSE	NA	NA	NA	NA	NA	NA
NC_045512.2	29257	A	C	7074	562	45	1	0	24	0.000141323	7076	1	FALSE	NA	NA	NA	NA	NA	NA
NC_045512.2	29258	A	C	7078	565	45	2	0	24	0.000282486	7080	1	FALSE	NA	NA	NA	NA	NA	NA
NC_045512.2	29259	C	T	7117	566	45	1	0	40	0.000140489	7118	0.500035	FALSE	NA	NA	NA	NA	NA	NA
NC_045512.2	29261	T	G	7557	607	45	1	0	24	0.000132275	7560	1	FALSE	NA	NA	NA	NA	NA	NA
NC_045512.2	29261	T	C	7557	607	45	1	0	40	0.000132275	7560	0.499967	FALSE	NA	NA	NA	NA	NA	NA
NC_045512.2	29261	T	A	7557	607	45	1	0	40	0.000132275	7560	0.499967	FALSE	NA	NA	NA	NA	NA	NA
NC_045512.2	29263	G	T	7554	608	45	1	1	24	0.000132363	7555	1	FALSE	NA	NA	NA	NA	NA	NA
NC_045512.2	29263	G	-T	7554	608	45	1	0	20	0.000132363	7555	1	FALSE	NA	NA	NA	NA	NA	NA
NC_045512.2	29264	T	G	7567	610	45	1	0	24	0.0001321	7570	1	FALSE	NA	NA	NA	NA	NA	NA
NC_045512.2	29264	T	C	7567	610	45	2	0	32	0.000264201	7570	0.980487	FALSE	NA	NA	NA	NA	NA	NA
NC_045512.2	29265	T	C	7585	613	45	2	0	32	0.000263609	7587	0.980506	FALSE	NA	NA	NA	NA	NA	NA
NC_045512.2	29266	G	T	9364	685	44	1	0	40	0.000106758	9367	0.499973	FALSE	NA	NA	NA	NA	NA	NA
NC_045512.2	29266	G	C	9364	685	44	1	0	24	0.000106758	9367	1	FALSE	NA	NA	NA	NA	NA	NA
NC_045512.2	29266	G	A	9364	685	44	1	0	24	0.000106758	9367	1	FALSE	NA	NA	NA	NA	NA	NA
NC_045512.2	29267	A	C	9376	812	45	6	0	24	0.000639522	9382	1	FALSE	NA	NA	NA	NA	NA	NA
NC_045512.2	29268	C	T	9417	817	44	2	0	40	0.000212247	9423	0.249907	FALSE	NA	NA	NA	NA	NA	NA
NC_045512.2	29268	C	A	9417	817	44	4	0	24	0.000424493	9423	1	FALSE	NA	NA	NA	NA	NA	NA
NC_045512.2	29269	C	A	9700	823	45	1	0	40	0.000103082	9701	0.500026	FALSE	NA	NA	NA	NA	NA	NA
NC_045512.2	29270	T	C	9699	824	45	2	1	40	0.000206164	9701	0.250013	FALSE	NA	NA	NA	NA	NA	NA
NC_045512.2	29271	A	T	10335	871	45	1	0	40	9.67212e-05	10339	0.749964	FALSE	NA	NA	NA	NA	NA	NA
NC_045512.2	29271	A	G	10335	871	45	1	0	24	9.67212e-05	10339	1	FALSE	NA	NA	NA	NA	NA	NA
NC_045512.2	29271	A	C	10335	871	45	2	0	32	0.000193442	10339	0.996832	FALSE	NA	NA	NA	NA	NA	NA
NC_045512.2	29272	C	G	10301	882	44	1	0	40	9.70497e-05	10304	0.749988	FALSE	NA	NA	NA	NA	NA	NA
NC_045512.2	29272	C	A	10301	882	44	2	0	24	0.000194099	10304	1	FALSE	NA	NA	NA	NA	NA	NA
NC_045512.2	29273	A	G	10373	883	45	1	0	40	9.63855e-05	10375	0.750012	FALSE	NA	NA	NA	NA	NA	NA
NC_045512.2	29273	A	C	10373	883	45	1	0	40	9.63855e-05	10375	0.750012	FALSE	NA	NA	NA	NA	NA	NA
NC_045512.2	29274	C	T	10395	882	45	1	0	40	9.61631e-05	10399	0.749964	FALSE	NA	NA	NA	NA	NA	NA
NC_045512.2	29274	C	A	10395	882	45	3	0	40	0.000288489	10399	0.312482	FALSE	NA	NA	NA	NA	NA	NA
NC_045512.2	29275	A	C	10380	880	45	2	1	44	0.000192641	10382	0.500036	FALSE	NA	NA	NA	NA	NA	NA
NC_045512.2	29276	G	C	10530	879	45	1	0	40	9.49487e-05	10532	0.750012	FALSE	NA	NA	NA	NA	NA	NA
NC_045512.2	29276	G	A	10530	879	45	1	0	40	9.49487e-05	10532	0.750012	FALSE	NA	NA	NA	NA	NA	NA
NC_045512.2	29277	G	C	10543	959	46	3	0	40	0.000284468	10546	0.312518	FALSE	NA	NA	NA	NA	NA	NA
NC_045512.2	29278	T	C	10556	980	46	3	1	29	0.000284118	10559	1	FALSE	NA	NA	NA	NA	NA	NA
NC_045512.2	29279	G	T	10515	982	46	1	0	24	9.50299e-05	10523	1	FALSE	NA	NA	NA	NA	NA	NA
NC_045512.2	29279	G	C	10515	982	46	5	0	40	0.00047515	10523	0.109297	FALSE	NA	NA	NA	NA	NA	NA
NC_045512.2	29279	G	A	10515	982	46	2	0	40	0.00019006	10523	0.499822	FALSE	NA	NA	NA	NA	NA	NA
NC_045512.2	29281	C	A	10517	1001	45	1	0	24	9.50751e-05	10518	1	FALSE	NA	NA	NA	NA	NA	NA
NC_045512.2	29282	A	G	10564	1002	46	2	0	36	0.000189268	10567	0.996833	FALSE	NA	NA	NA	NA	NA	NA
NC_045512.2	29282	A	C	10564	1002	46	1	0	40	9.46342e-05	10567	0.749988	FALSE	NA	NA	NA	NA	NA	NA
NC_045512.2	29283	T	C	10639	998	46	2	0	32	0.000187952	10641	0.996834	FALSE	NA	NA	NA	NA	NA	NA
NC_045512.2	29284	C	G	10661	1018	46	1	0	40	9.3791e-05	10662	0.750035	FALSE	NA	NA	NA	NA	NA	NA
NC_045512.2	29285	A	G	10631	1035	46	1	0	40	9.40468e-05	10633	0.750012	FALSE	NA	NA	NA	NA	NA	NA
NC_045512.2	29285	A	C	10631	1035	46	1	0	24	9.40468e-05	10633	1	FALSE	NA	NA	NA	NA	NA	NA
NC_045512.2	29286	A	C	10615	1039	46	2	0	24	0.000188377	10617	1	FALSE	NA	NA	NA	NA	NA	NA
NC_045512.2	29289	T	G	10685	1055	46	2	0	40	0.000187126	10688	0.5	FALSE	NA	NA	NA	NA	NA	NA
NC_045512.2	29289	T	C	10685	1055	46	1	0	24	9.35629e-05	10688	1	FALSE	NA	NA	NA	NA	NA	NA
NC_045512.2	29290	G	T	10751	1054	46	1	0	40	9.3006e-05	10752	0.750035	FALSE	NA	NA	NA	NA	NA	NA
NC_045512.2	29293	T	C	10756	1092	47	2	0	32	0.000185908	10758	0.996834	FALSE	NA	NA	NA	NA	NA	NA
NC_045512.2	29295	A	G	10745	1110	47	3	0	34	0.000279096	10749	0.988789	FALSE	NA	NA	NA	NA	NA	NA
NC_045512.2	29295	A	C	10745	1110	47	1	0	40	9.30319e-05	10749	0.749965	FALSE	NA	NA	NA	NA	NA	NA
NC_045512.2	29296	C	A	10760	1119	46	1	0	24	9.29282e-05	10761	1	FALSE	NA	NA	NA	NA	NA	NA
NC_045512.2	29297	A	G	10768	1152	47	1	0	40	9.28505e-05	10770	0.750012	FALSE	NA	NA	NA	NA	NA	NA
NC_045512.2	29297	A	C	10768	1152	47	1	0	24	9.28505e-05	10770	1	FALSE	NA	NA	NA	NA	NA	NA
NC_045512.2	29298	A	C	10756	1153	47	1	0	24	9.29627e-05	10757	1	FALSE	NA	NA	NA	NA	NA	NA
NC_045512.2	29299	A	G	10762	1148	47	1	0	40	9.29109e-05	10763	0.750035	FALSE	NA	NA	NA	NA	NA	NA
NC_045512.2	29300	G	C	10864	1152	47	1	0	40	9.20387e-05	10865	0.750035	FALSE	NA	NA	NA	NA	NA	NA
NC_045512.2	29301	A	C	10859	1171	47	1	0	40	9.2081e-05	10860	0.750035	FALSE	NA	NA	NA	NA	NA	NA
NC_045512.2	29302	T	C	10882	1173	47	2	1	52	0.000183756	10884	0.250011	FALSE	NA	NA	NA	NA	NA	NA
NC_045512.2	29303	C	G	10885	1597	50	1	0	24	9.18611e-05	10886	1	FALSE	NA	NA	NA	NA	NA	NA
NC_045512.2	29304	C	T	10866	1592	50	1	0	40	9.20132e-05	10868	0.750012	FALSE	NA	NA	NA	NA	NA	NA
NC_045512.2	29304	C	A	10866	1592	50	1	0	24	9.20132e-05	10868	1	FALSE	NA	NA	NA	NA	NA	NA
NC_045512.2	29305	A	G	10854	1593	50	1	0	40	9.21234e-05	10855	0.750035	FALSE	NA	NA	NA	NA	NA	NA
NC_045512.2	29306	A	C	10842	1642	50	2	0	32	0.000184434	10844	0.996834	FALSE	NA	NA	NA	NA	NA	NA
NC_045512.2	29307	A	C	10846	1639	50	2	0	24	0.000184366	10848	1	FALSE	NA	NA	NA	NA	NA	NA
NC_045512.2	29310	T	A	10894	1736	51	1	0	36	9.17852e-05	10895	0.999513	FALSE	NA	NA	NA	NA	NA	NA
NC_045512.2	29311	C	T	10754	1782	50	1	0	40	9.29368e-05	10760	0.749919	FALSE	NA	NA	NA	NA	NA	NA
NC_045512.2	29311	C	G	10754	1782	50	1	0	40	9.29368e-05	10760	0.749919	FALSE	NA	NA	NA	NA	NA	NA
NC_045512.2	29311	C	A	10754	1782	50	4	0	30	0.000371747	10760	0.971342	FALSE	NA	NA	NA	NA	NA	NA
NC_045512.2	29312	A	G	10848	1785	51	5	0	48	0.000460702	10853	0.109364	FALSE	NA	NA	NA	NA	NA	NA
NC_045512.2	29313	A	C	10836	1850	52	2	0	24	0.000184536	10838	1	FALSE	NA	NA	NA	NA	NA	NA
NC_045512.2	29314	A	G	10848	1849	52	1	0	40	9.21659e-05	10850	0.750012	FALSE	NA	NA	NA	NA	NA	NA
NC_045512.2	29314	A	C	10848	1849	52	1	0	24	9.21659e-05	10850	1	FALSE	NA	NA	NA	NA	NA	NA
NC_045512.2	29319	A	C	10875	1916	52	1	0	24	9.19456e-05	10876	1	FALSE	NA	NA	NA	NA	NA	NA
NC_045512.2	29320	A	G	10725	1946	51	2	0	40	0.000186359	10732	0.49986	FALSE	NA	NA	NA	NA	NA	NA
NC_045512.2	29320	A	C	10725	1946	51	5	0	30	0.000465896	10732	0.940808	FALSE	NA	NA	NA	NA	NA	NA
NC_045512.2	29321	G	T	10755	1941	51	1	0	24	9.29627e-05	10757	1	FALSE	NA	NA	NA	NA	NA	NA
NC_045512.2	29321	G	A	10755	1941	51	1	1	80	9.29627e-05	10757	0.5	FALSE	NA	NA	NA	NA	NA	NA
NC_045512.2	29322	T	C	10709	2052	51	1	0	48	9.33707e-05	10710	0.750035	FALSE	NA	NA	NA	NA	NA	NA
NC_045512.2	29323	C	T	10693	2061	51	1	1	40	9.35104e-05	10694	0.750035	FALSE	NA	NA	NA	NA	NA	NA
NC_045512.2	29325	T	C	10678	2042	51	3	0	40	0.000280873	10681	0.312518	FALSE	NA	NA	NA	NA	NA	NA
NC_045512.2	29326	T	G	10655	2118	52	1	0	32	9.3791e-05	10662	0.999512	FALSE	NA	NA	NA	NA	NA	NA
NC_045512.2	29326	T	C	10655	2118	52	6	0	34	0.000562746	10662	0.895029	FALSE	NA	NA	NA	NA	NA	NA
NC_045512.2	29327	T	C	10599	2145	51	4	0	36	0.000377252	10603	0.971365	FALSE	NA	NA	NA	NA	NA	NA
NC_045512.2	29328	T	-G	10601	2143	51	1	0	20	9.43307e-05	10601	1	FALSE	NA	NA	NA	NA	NA	NA
NC_045512.2	29329	G	A	10585	2147	51	3	0	26	0.00028334	10588	1	FALSE	NA	NA	NA	NA	NA	NA
NC_045512.2	29330	C	T	10429	2226	50	1	0	80	9.58773e-05	10430	0.500024	FALSE	NA	NA	NA	NA	NA	NA
NC_045512.2	29331	T	G	10444	2219	51	1	0	24	9.57396e-05	10445	1	FALSE	NA	NA	NA	NA	NA	NA
NC_045512.2	29333	A	C	10602	2244	51	1	1	32	9.43129e-05	10603	0.999513	FALSE	NA	NA	NA	NA	NA	NA
NC_045512.2	29334	A	G	10631	2251	51	1	0	24	9.4038e-05	10634	1	FALSE	NA	NA	NA	NA	NA	NA
NC_045512.2	29334	A	C	10631	2251	51	2	0	24	0.000188076	10634	1	FALSE	NA	NA	NA	NA	NA	NA
NC_045512.2	29335	T	C	10564	2275	50	1	0	24	9.46522e-05	10565	1	FALSE	NA	NA	NA	NA	NA	NA
NC_045512.2	29337	A	C	10455	2335	51	2	0	24	0.000191259	10457	1	FALSE	NA	NA	NA	NA	NA	NA
NC_045512.2	29338	G	A	10663	2342	51	1	0	40	9.37734e-05	10664	0.750035	FALSE	NA	NA	NA	NA	NA	NA
NC_045512.2	29339	C	A	10438	2455	50	31	5	59	0.00296112	10469	4.56094e-10	TRUE	NA	NA	NA	NA	NA	NA
NC_045512.2	29341	T	C	10462	2472	51	1	0	40	9.55749e-05	10463	0.750036	FALSE	NA	NA	NA	NA	NA	NA
NC_045512.2	29342	A	T	10177	2620	50	1	0	40	9.82415e-05	10179	0.750012	FALSE	NA	NA	NA	NA	NA	NA
NC_045512.2	29342	A	C	10177	2620	50	1	0	24	9.82415e-05	10179	1	FALSE	NA	NA	NA	NA	NA	NA
NC_045512.2	29344	T	C	10144	2632	50	1	0	40	9.85707e-05	10145	0.750037	FALSE	NA	NA	NA	NA	NA	NA
NC_045512.2	29345	G	A	10174	2634	49	1	0	40	9.82801e-05	10175	0.750037	FALSE	NA	NA	NA	NA	NA	NA
NC_045512.2	29346	A	T	10075	2686	49	1	0	40	9.92457e-05	10076	0.750037	FALSE	NA	NA	NA	NA	NA	NA
NC_045512.2	29347	C	T	9872	2697	49	2	0	40	0.000202511	9876	0.249962	FALSE	NA	NA	NA	NA	NA	NA
NC_045512.2	29347	C	A	9872	2697	49	2	0	24	0.000202511	9876	1	FALSE	NA	NA	NA	NA	NA	NA
NC_045512.2	29348	G	A	9969	2670	47	4	2	49	0.000401083	9973	0.0624937	FALSE	NA	NA	NA	NA	NA	NA
NC_045512.2	29349	C	A	9948	2778	50	4	0	38	0.000401929	9952	0.953928	FALSE	NA	NA	NA	NA	NA	NA
NC_045512.2	29351	T	C	10133	2789	49	1	0	24	9.86777e-05	10134	1	FALSE	NA	NA	NA	NA	NA	NA
NC_045512.2	29352	A	G	10148	2843	50	1	1	64	9.85319e-05	10149	0.500025	FALSE	NA	NA	NA	NA	NA	NA
NC_045512.2	29353	C	G	10044	2963	50	1	0	80	9.9552e-05	10045	0.500025	FALSE	NA	NA	NA	NA	NA	NA
NC_045512.2	29354	A	C	10005	2953	50	3	0	24	0.00029976	10008	1	FALSE	NA	NA	NA	NA	NA	NA
NC_045512.2	29355	A	G	9995	2987	50	1	1	80	0.00010002	9998	0.499975	FALSE	NA	NA	NA	NA	NA	NA
NC_045512.2	29355	A	C	9995	2987	50	2	0	24	0.00020004	9998	1	FALSE	NA	NA	NA	NA	NA	NA
NC_045512.2	29356	A	G	9806	3099	49	1	1	32	0.000101958	9808	0.999026	FALSE	NA	NA	NA	NA	NA	NA
NC_045512.2	29356	A	C	9806	3099	49	1	0	40	0.000101958	9808	0.5	FALSE	NA	NA	NA	NA	NA	NA
NC_045512.2	29357	A	G	9828	3111	49	1	0	40	0.000101719	9831	0.499975	FALSE	NA	NA	NA	NA	NA	NA
NC_045512.2	29357	A	C	9828	3111	49	2	0	40	0.000203438	9831	0.249987	FALSE	NA	NA	NA	NA	NA	NA
NC_045512.2	29358	C	A	9746	3129	49	1	0	24	0.000102596	9747	1	FALSE	NA	NA	NA	NA	NA	NA
NC_045512.2	29359	A	C	9952	3594	51	1	1	40	0.000100472	9953	0.500025	FALSE	NA	NA	NA	NA	NA	NA
NC_045512.2	29360	T	C	9947	3593	51	1	0	40	0.000100523	9948	0.500025	FALSE	NA	NA	NA	NA	NA	NA
NC_045512.2	29361	T	G	9904	3624	51	1	0	40	0.000100939	9907	0.499975	FALSE	NA	NA	NA	NA	NA	NA
NC_045512.2	29361	T	C	9904	3624	51	2	1	40	0.000201877	9907	0.249987	FALSE	NA	NA	NA	NA	NA	NA
NC_045512.2	29361	T	+C	9904	3624	51	1	0	20	0.000100939	9907	1	FALSE	NA	NA	NA	NA	NA	NA
NC_045512.2	29363	C	G	9653	3678	49	2	1	40	0.000206654	9678	0.249418	FALSE	NA	NA	NA	NA	NA	NA
NC_045512.2	29363	C	A	9653	3678	49	23	0	26	0.00237652	9678	1	FALSE	NA	NA	NA	NA	NA	NA
NC_045512.2	29364	C	A	9886	3789	49	11	0	24	0.00111145	9897	1	FALSE	NA	NA	NA	NA	NA	NA
NC_045512.2	29365	A	C	10127	3777	51	2	0	24	0.000197453	10129	1	FALSE	NA	NA	NA	NA	NA	NA
NC_045512.2	29366	C	A	9666	3934	49	19	0	26	0.0019618	9685	1	FALSE	NA	NA	NA	NA	NA	NA
NC_045512.2	29367	C	A	9869	3942	51	1	0	24	0.000101317	9870	1	FALSE	NA	NA	NA	NA	NA	NA
NC_045512.2	29368	A	G	9886	3947	51	1	0	40	0.000101133	9888	0.5	FALSE	NA	NA	NA	NA	NA	NA
NC_045512.2	29368	A	C	9886	3947	51	1	0	24	0.000101133	9888	1	FALSE	NA	NA	NA	NA	NA	NA
NC_045512.2	29369	A	G	9895	3948	51	1	1	24	0.00010102	9899	1	FALSE	NA	NA	NA	NA	NA	NA
NC_045512.2	29369	A	C	9895	3948	51	3	0	29	0.000303061	9899	1	FALSE	NA	NA	NA	NA	NA	NA
NC_045512.2	29370	C	A	9884	3964	51	1	0	24	0.000101163	9885	1	FALSE	NA	NA	NA	NA	NA	NA
NC_045512.2	29371	A	G	9763	3876	51	1	0	40	0.000102396	9766	0.499974	FALSE	NA	NA	NA	NA	NA	NA
NC_045512.2	29371	A	C	9763	3876	51	2	0	24	0.000204792	9766	1	FALSE	NA	NA	NA	NA	NA	NA
NC_045512.2	29376	C	A	9639	4734	49	13	0	25	0.00134687	9652	1	FALSE	NA	NA	NA	NA	NA	NA
NC_045512.2	29377	T	G	9996	4656	53	6	5	30	0.00059982	10003	0.895035	FALSE	NA	NA	NA	NA	NA	NA
NC_045512.2	29377	T	C	9996	4656	53	1	0	40	9.997e-05	10003	0.749887	FALSE	NA	NA	NA	NA	NA	NA
NC_045512.2	29377	T	-A	9996	4656	53	2	0	20	0.00019994	10003	1	FALSE	NA	NA	NA	NA	NA	NA
NC_045512.2	29380	A	G	10187	5116	55	1	0	40	9.81451e-05	10189	0.750012	FALSE	NA	NA	NA	NA	NA	NA
NC_045512.2	29380	A	C	10187	5116	55	1	0	40	9.81451e-05	10189	0.750012	FALSE	NA	NA	NA	NA	NA	NA
NC_045512.2	29381	A	C	10182	5123	55	2	1	28	0.000196386	10184	1	FALSE	NA	NA	NA	NA	NA	NA
NC_045512.2	29382	A	T	10164	5116	55	1	1	40	9.83671e-05	10166	0.750012	FALSE	NA	NA	NA	NA	NA	NA
NC_045512.2	29382	A	C	10164	5116	55	1	0	40	9.83671e-05	10166	0.750012	FALSE	NA	NA	NA	NA	NA	NA
NC_045512.2	29384	G	T	10086	5051	55	1	1	24	9.91375e-05	10087	1	FALSE	NA	NA	NA	NA	NA	NA
NC_045512.2	29385	A	G	10534	6171	56	1	0	80	9.49217e-05	10535	0.500024	FALSE	NA	NA	NA	NA	NA	NA
NC_045512.2	29387	A	G	10503	6333	56	1	1	40	9.52018e-05	10504	0.750036	FALSE	NA	NA	NA	NA	NA	NA
NC_045512.2	29388	A	C	10511	6344	56	1	0	24	9.51294e-05	10512	1	FALSE	NA	NA	NA	NA	NA	NA
NC_045512.2	29389	A	G	10516	6346	56	1	1	24	9.50751e-05	10518	1	FALSE	NA	NA	NA	NA	NA	NA
NC_045512.2	29389	A	C	10516	6346	56	1	0	24	9.50751e-05	10518	1	FALSE	NA	NA	NA	NA	NA	NA
NC_045512.2	29390	A	G	10521	6378	56	1	1	52	9.5039e-05	10522	0.5	FALSE	NA	NA	NA	NA	NA	NA
NC_045512.2	29391	A	C	10499	6431	56	1	0	24	9.52381e-05	10500	1	FALSE	NA	NA	NA	NA	NA	NA
NC_045512.2	29392	G	T	10457	6427	56	2	2	24	0.000191205	10460	1	FALSE	NA	NA	NA	NA	NA	NA
NC_045512.2	29392	G	A	10457	6427	56	1	0	80	9.56023e-05	10460	0.499952	FALSE	NA	NA	NA	NA	NA	NA
NC_045512.2	29393	A	C	10825	7259	57	2	0	32	0.000184723	10827	0.996834	FALSE	NA	NA	NA	NA	NA	NA
NC_045512.2	29394	A	T	10809	7271	56	2	1	80	0.000184963	10813	0.249965	FALSE	NA	NA	NA	NA	NA	NA
NC_045512.2	29394	A	G	10809	7271	56	2	0	60	0.000184963	10813	0.249965	FALSE	NA	NA	NA	NA	NA	NA
NC_045512.2	29395	G	T	10741	7190	56	2	2	24	0.000186168	10743	1	FALSE	NA	NA	NA	NA	NA	NA
NC_045512.2	29397	A	G	11064	7697	57	1	0	64	9.03751e-05	11065	0.500023	FALSE	NA	NA	NA	NA	NA	NA
NC_045512.2	29398	G	T	10850	7468	55	3	3	24	0.000276421	10853	1	FALSE	NA	NA	NA	NA	NA	NA
NC_045512.2	29399	G	C	11048	7711	57	1	1	80	9.05059e-05	11049	0.500023	FALSE	NA	NA	NA	NA	NA	NA
NC_045512.2	29400	C	T	11284	8314	57	1	0	80	8.86132e-05	11285	0.500022	FALSE	NA	NA	NA	NA	NA	NA
NC_045512.2	29403	A	C	11547	8744	58	2	0	28	0.000173175	11549	1	FALSE	NA	NA	NA	NA	NA	NA
NC_045512.2	29404	T	G	11500	8700	58	2	2	24	0.000173868	11503	1	FALSE	NA	NA	NA	NA	NA	NA
NC_045512.2	29404	T	C	11500	8700	58	1	1	24	8.69338e-05	11503	1	FALSE	NA	NA	NA	NA	NA	NA
NC_045512.2	29407	A	C	11492	8744	58	1	1	40	8.70095e-05	11493	0.750033	FALSE	NA	NA	NA	NA	NA	NA
NC_045512.2	29408	A	G	11616	8811	58	1	0	48	8.60807e-05	11617	0.750032	FALSE	NA	NA	NA	NA	NA	NA
NC_045512.2	29410	T	G	11545	8756	58	3	3	24	0.000259718	11551	1	FALSE	NA	NA	NA	NA	NA	NA
NC_045512.2	29410	T	C	11545	8756	58	3	3	34	0.000259718	11551	0.993537	FALSE	NA	NA	NA	NA	NA	NA
NC_045512.2	29412	A	G	11520	8925	57	4	4	46	0.000347072	11525	0.187473	FALSE	NA	NA	NA	NA	NA	NA
NC_045512.2	29412	A	C	11520	8925	57	1	0	32	8.67679e-05	11525	0.999756	FALSE	NA	NA	NA	NA	NA	NA
NC_045512.2	29415	C	T	11567	8953	57	1	1	40	8.64454e-05	11568	0.750032	FALSE	NA	NA	NA	NA	NA	NA
NC_045512.2	29417	T	C	11234	9514	51	1	0	80	8.90076e-05	11235	0.500022	FALSE	NA	NA	NA	NA	NA	NA
NC_045512.2	29418	T	G	11236	9518	51	3	3	29	0.00026688	11241	1	FALSE	NA	NA	NA	NA	NA	NA
NC_045512.2	29418	T	C	11236	9518	51	2	1	28	0.00017792	11241	1	FALSE	NA	NA	NA	NA	NA	NA
NC_045512.2	29420	C	T	11299	9706	50	1	1	40	8.84956e-05	11300	0.750033	FALSE	NA	NA	NA	NA	NA	NA
NC_045512.2	29422	G	C	11301	9987	48	1	1	40	8.84721e-05	11303	0.750011	FALSE	NA	NA	NA	NA	NA	NA
NC_045512.2	29422	G	A	11301	9987	48	1	1	40	8.84721e-05	11303	0.750011	FALSE	NA	NA	NA	NA	NA	NA
NC_045512.2	29425	G	T	6454	5065	37	30	30	24	0.00462606	6485	0.999876	FALSE	NA	NA	NA	NA	NA	NA
NC_045512.2	29425	G	A	6454	5065	37	1	1	40	0.000154202	6485	0.498879	FALSE	NA	NA	NA	NA	NA	NA
NC_045512.2	29427	G	C	11130	9872	48	1	1	24	8.98392e-05	11131	1	FALSE	NA	NA	NA	NA	NA	NA
NC_045512.2	29428	A	G	11127	9870	48	2	2	32	0.000179711	11129	0.998296	FALSE	NA	NA	NA	NA	NA	NA
NC_045512.2	29429	C	A	11090	9831	48	1	1	40	9.01632e-05	11091	0.750034	FALSE	NA	NA	NA	NA	NA	NA
NC_045512.2	29430	A	G	11076	9820	48	3	2	33	0.000270783	11079	0.993547	FALSE	NA	NA	NA	NA	NA	NA
NC_045512.2	29431	G	T	10735	9495	46	14	14	25	0.0013022	10751	1	FALSE	NA	NA	NA	NA	NA	NA
NC_045512.2	29431	G	A	10735	9495	46	2	2	80	0.000186029	10751	0.249686	FALSE	NA	NA	NA	NA	NA	NA
NC_045512.2	29432	A	G	11079	9844	48	1	1	24	9.02527e-05	11080	1	FALSE	NA	NA	NA	NA	NA	NA
NC_045512.2	29433	A	G	11073	9853	48	2	2	40	0.000180538	11078	0.499932	FALSE	NA	NA	NA	NA	NA	NA
NC_045512.2	29433	A	C	11073	9853	48	3	3	34	0.000270807	11078	0.993541	FALSE	NA	NA	NA	NA	NA	NA
NC_045512.2	29434	G	T	10976	9753	47	3	3	24	0.000273224	10980	1	FALSE	NA	NA	NA	NA	NA	NA
NC_045512.2	29434	G	A	10976	9753	47	1	1	40	9.10747e-05	10980	0.749966	FALSE	NA	NA	NA	NA	NA	NA
NC_045512.2	29435	A	G	11065	9852	48	1	1	40	9.03669e-05	11066	0.750034	FALSE	NA	NA	NA	NA	NA	NA
NC_045512.2	29436	A	G	11008	9808	47	2	0	50	0.000181653	11010	0.250011	FALSE	NA	NA	NA	NA	NA	NA
NC_045512.2	29440	G	A	10859	9678	46	1	1	40	9.2081e-05	10860	0.750035	FALSE	NA	NA	NA	NA	NA	NA
NC_045512.2	29442	A	G	10929	9790	47	1	1	40	9.14829e-05	10931	0.750011	FALSE	NA	NA	NA	NA	NA	NA
NC_045512.2	29442	A	C	10929	9790	47	1	0	32	9.14829e-05	10931	0.999513	FALSE	NA	NA	NA	NA	NA	NA
NC_045512.2	29443	A	T	10917	9776	47	1	1	40	9.15835e-05	10919	0.750011	FALSE	NA	NA	NA	NA	NA	NA
NC_045512.2	29443	A	G	10917	9776	47	1	1	40	9.15835e-05	10919	0.750011	FALSE	NA	NA	NA	NA	NA	NA
NC_045512.2	29444	A	G	10859	9721	47	3	3	34	0.000276192	10862	0.988794	FALSE	NA	NA	NA	NA	NA	NA
NC_045512.2	29446	T	G	10819	9710	47	3	3	29	0.000277213	10822	1	FALSE	NA	NA	NA	NA	NA	NA
NC_045512.2	29447	G	T	10477	9362	45	11	11	28	0.00104882	10488	1	FALSE	NA	NA	NA	NA	NA	NA
NC_045512.2	29448	T	G	10716	9616	47	4	4	32	0.000373134	10720	0.971365	FALSE	NA	NA	NA	NA	NA	NA
NC_045512.2	29449	G	T	5799	5197	47	1	1	64	9.29714e-05	10756	0.350347	FALSE	NA	NA	NA	NA	NA	NA
NC_045512.2	29449	G	C	5799	5197	47	4956	4462	47	0.460766	10756	0	TRUE	NA	NA	NA	NA	NA	NA
NC_045512.2	29450	A	C	10757	9662	47	1	1	40	9.29541e-05	10758	0.750035	FALSE	NA	NA	NA	NA	NA	NA
NC_045512.2	29452	T	G	10664	9605	47	4	4	24	0.000374953	10668	1	FALSE	NA	NA	NA	NA	NA	NA
NC_045512.2	29454	T	G	9803	8775	47	2	2	32	0.000203957	9806	0.994152	FALSE	NA	NA	NA	NA	NA	NA
NC_045512.2	29454	T	C	9803	8775	47	1	0	80	0.000101978	9806	0.499975	FALSE	NA	NA	NA	NA	NA	NA
NC_045512.2	29456	C	A	9832	8822	46	1	0	32	0.000101698	9833	0.999026	FALSE	NA	NA	NA	NA	NA	NA
NC_045512.2	29457	T	G	9723	8703	47	1	1	24	0.000102817	9726	1	FALSE	NA	NA	NA	NA	NA	NA
NC_045512.2	29457	T	C	9723	8703	47	2	2	40	0.000205634	9726	0.249987	FALSE	NA	NA	NA	NA	NA	NA
NC_045512.2	29458	T	G	9710	8691	47	3	3	24	0.000308769	9716	1	FALSE	NA	NA	NA	NA	NA	NA
NC_045512.2	29458	T	C	9710	8691	47	3	2	50	0.000308769	9716	0.124942	FALSE	NA	NA	NA	NA	NA	NA
NC_045512.2	29461	T	C	9469	8471	47	2	2	40	0.000211171	9471	0.250013	FALSE	NA	NA	NA	NA	NA	NA
NC_045512.2	29464	T	G	9229	8297	46	2	2	24	0.000216661	9231	1	FALSE	NA	NA	NA	NA	NA	NA
NC_045512.2	29465	G	C	9294	8363	47	1	1	40	0.000107585	9295	0.500027	FALSE	NA	NA	NA	NA	NA	NA
NC_045512.2	29467	A	G	9262	8338	47	1	1	40	0.000107956	9263	0.500027	FALSE	NA	NA	NA	NA	NA	NA
NC_045512.2	29469	A	-T	9240	8315	47	1	0	20	0.000108225	9240	1	FALSE	NA	NA	NA	NA	NA	NA
NC_045512.2	29471	T	G	9147	8230	47	2	2	32	0.000218579	9150	0.994152	FALSE	NA	NA	NA	NA	NA	NA
NC_045512.2	29471	T	C	9147	8230	47	1	1	80	0.00010929	9150	0.499973	FALSE	NA	NA	NA	NA	NA	NA
NC_045512.2	29473	G	A	9133	8241	47	2	2	40	0.000218938	9135	0.250014	FALSE	NA	NA	NA	NA	NA	NA
NC_045512.2	29475	A	G	9145	8268	47	1	0	80	0.000109337	9146	0.500027	FALSE	NA	NA	NA	NA	NA	NA
NC_045512.2	29476	T	A	9106	8231	47	1	0	80	0.000109806	9107	0.500027	FALSE	NA	NA	NA	NA	NA	NA
NC_045512.2	29477	G	A	9010	8141	47	4	4	40	0.000443754	9014	0.0624931	FALSE	NA	NA	NA	NA	NA	NA
NC_045512.2	29479	T	G	8928	8065	46	2	2	24	0.000223964	8930	1	FALSE	NA	NA	NA	NA	NA	NA
NC_045512.2	29480	T	G	8941	8078	47	2	2	32	0.000223614	8944	0.989275	FALSE	NA	NA	NA	NA	NA	NA
NC_045512.2	29480	T	C	8941	8078	47	1	1	40	0.000111807	8944	0.499972	FALSE	NA	NA	NA	NA	NA	NA
NC_045512.2	29483	T	G	8877	8119	46	2	2	32	0.0002252	8881	0.98927	FALSE	NA	NA	NA	NA	NA	NA
NC_045512.2	29483	T	C	8877	8119	46	2	2	32	0.0002252	8881	0.98927	FALSE	NA	NA	NA	NA	NA	NA
NC_045512.2	29484	C	G	8930	8314	42	1	1	40	0.000111944	8933	0.499972	FALSE	NA	NA	NA	NA	NA	NA
NC_045512.2	29484	C	A	8930	8314	42	2	1	56	0.000223889	8933	0.249986	FALSE	NA	NA	NA	NA	NA	NA
NC_045512.2	29485	C	T	8935	8186	45	1	1	40	0.000111907	8936	0.500028	FALSE	NA	NA	NA	NA	NA	NA
NC_045512.2	29486	A	G	8919	8170	46	2	2	60	0.00022419	8921	0.250014	FALSE	NA	NA	NA	NA	NA	NA
NC_045512.2	29487	A	G	8918	8167	46	2	2	52	0.000224215	8920	0.250014	FALSE	NA	NA	NA	NA	NA	NA
NC_045512.2	29488	A	G	8912	8175	46	1	1	40	0.000112196	8913	0.500028	FALSE	NA	NA	NA	NA	NA	NA
NC_045512.2	29490	A	G	9736	8259	45	4	3	35	0.000410551	9743	0.953875	FALSE	NA	NA	NA	NA	NA	NA
NC_045512.2	29490	A	C	9736	8259	45	3	0	24	0.000307913	9743	1	FALSE	NA	NA	NA	NA	NA	NA
NC_045512.2	29491	A	G	9666	8182	44	1	1	24	0.000103434	9668	1	FALSE	NA	NA	NA	NA	NA	NA
NC_045512.2	29491	A	C	9666	8182	44	1	0	24	0.000103434	9668	1	FALSE	NA	NA	NA	NA	NA	NA
NC_045512.2	29493	T	C	9603	8117	44	3	1	40	0.000312305	9606	0.125	FALSE	NA	NA	NA	NA	NA	NA
NC_045512.2	29494	G	T	9680	8173	44	1	1	24	0.000103295	9681	1	FALSE	NA	NA	NA	NA	NA	NA
NC_045512.2	29496	A	G	9703	8173	44	1	1	24	0.000103029	9706	1	FALSE	NA	NA	NA	NA	NA	NA
NC_045512.2	29496	A	C	9703	8173	44	2	1	32	0.000206058	9706	0.994152	FALSE	NA	NA	NA	NA	NA	NA
NC_045512.2	29498	C	G	9625	8075	44	2	2	32	0.000207749	9627	0.994155	FALSE	NA	NA	NA	NA	NA	NA
NC_045512.2	29499	A	G	9483	7942	44	2	2	40	0.000210859	9485	0.250013	FALSE	NA	NA	NA	NA	NA	NA
NC_045512.2	29500	A	G	9504	7941	44	3	2	34	0.000315557	9507	0.980751	FALSE	NA	NA	NA	NA	NA	NA
NC_045512.2	29501	T	G	9970	7992	44	1	1	24	0.000100281	9972	1	FALSE	NA	NA	NA	NA	NA	NA
NC_045512.2	29501	T	C	9970	7992	44	1	1	40	0.000100281	9972	0.5	FALSE	NA	NA	NA	NA	NA	NA
NC_045512.2	29502	C	G	9997	8038	43	1	0	24	0.00010001	9999	1	FALSE	NA	NA	NA	NA	NA	NA
NC_045512.2	29502	C	A	9997	8038	43	1	0	24	0.00010001	9999	1	FALSE	NA	NA	NA	NA	NA	NA
NC_045512.2	29503	C	T	10008	8022	44	1	0	64	9.99101e-05	10009	0.500025	FALSE	NA	NA	NA	NA	NA	NA
NC_045512.2	29504	A	G	9903	7929	43	3	3	34	0.000302816	9907	0.980741	FALSE	NA	NA	NA	NA	NA	NA
NC_045512.2	29504	A	C	9903	7929	43	1	0	24	0.000100939	9907	1	FALSE	NA	NA	NA	NA	NA	NA
NC_045512.2	29505	T	G	9871	7888	44	2	2	24	0.000202573	9873	1	FALSE	NA	NA	NA	NA	NA	NA
NC_045512.2	29506	G	T	9923	7854	43	2	1	32	0.00020143	9929	0.994143	FALSE	NA	NA	NA	NA	NA	NA
NC_045512.2	29506	G	C	9923	7854	43	3	2	40	0.000302145	9929	0.124943	FALSE	NA	NA	NA	NA	NA	NA
NC_045512.2	29506	G	A	9923	7854	43	1	1	40	0.000100715	9929	0.499899	FALSE	NA	NA	NA	NA	NA	NA
NC_045512.2	29507	A	G	9957	7908	44	2	1	52	0.000200823	9959	0.250013	FALSE	NA	NA	NA	NA	NA	NA
NC_045512.2	29508	G	T	9884	7789	42	1	1	40	0.000101163	9885	0.500025	FALSE	NA	NA	NA	NA	NA	NA
NC_045512.2	29509	C	T	9986	7908	43	3	3	40	0.00030033	9989	0.125	FALSE	NA	NA	NA	NA	NA	NA
NC_045512.2	29510	A	G	0	0	0	1	1	80	0.000111173	8995	0.000111173	TRUE	NA	NA	NA	NA	NA	NA
NC_045512.2	29510	A	C	0	0	0	8994	7021	43	0.999889	8995	0	TRUE	NA	NA	NA	NA	NA	NA
NC_045512.2	29511	G	C	9158	6888	42	1	1	40	0.000109158	9161	0.499973	FALSE	NA	NA	NA	NA	NA	NA
NC_045512.2	29511	G	A	9158	6888	42	2	1	32	0.000218317	9161	0.994152	FALSE	NA	NA	NA	NA	NA	NA
NC_045512.2	29512	T	C	9228	6923	43	1	1	32	0.000108354	9229	0.999026	FALSE	NA	NA	NA	NA	NA	NA
NC_045512.2	29514	C	T	8783	7102	40	15	2	26	0.00170474	8799	1	FALSE	NA	NA	NA	NA	NA	NA
NC_045512.2	29514	C	G	8783	7102	40	1	1	40	0.000113649	8799	0.499602	FALSE	NA	NA	NA	NA	NA	NA
NC_045512.2	29515	T	G	9075	6881	42	2	1	40	0.000220313	9078	0.249986	FALSE	NA	NA	NA	NA	NA	NA
NC_045512.2	29515	T	C	9075	6881	42	1	1	40	0.000110156	9078	0.499972	FALSE	NA	NA	NA	NA	NA	NA
NC_045512.2	29517	A	G	8596	6830	40	21	6	26	0.00243648	8619	1	FALSE	NA	NA	NA	NA	NA	NA
NC_045512.2	29517	A	C	8596	6830	40	2	1	32	0.000232045	8619	0.989173	FALSE	NA	NA	NA	NA	NA	NA
NC_045512.2	29518	C	T	7608	6978	40	77	0	24	0.0100195	7685	0.500323	FALSE	NA	NA	NA	NA	NA	NA
NC_045512.2	29519	T	G	9218	6796	42	3	3	24	0.000325274	9223	1	FALSE	NA	NA	NA	NA	NA	NA
NC_045512.2	29519	T	C	9218	6796	42	2	2	32	0.000216849	9223	0.994146	FALSE	NA	NA	NA	NA	NA	NA
NC_045512.2	29520	C	G	8547	6169	41	1	1	40	0.000116986	8548	0.500029	FALSE	NA	NA	NA	NA	NA	NA
NC_045512.2	29521	A	G	8504	6113	42	2	2	40	0.000235128	8506	0.250015	FALSE	NA	NA	NA	NA	NA	NA
NC_045512.2	29522	A	G	8659	6079	42	5	5	30	0.000576635	8671	0.866396	FALSE	NA	NA	NA	NA	NA	NA
NC_045512.2	29522	A	C	8659	6079	42	7	6	40	0.000807289	8671	0.00779044	TRUE	NA	NA	NA	NA	NA	NA
NC_045512.2	29523	C	T	8333	6136	40	1	0	24	0.000119962	8336	1	FALSE	NA	NA	NA	NA	NA	NA
NC_045512.2	29523	C	A	8333	6136	40	2	0	24	0.000239923	8336	1	FALSE	NA	NA	NA	NA	NA	NA
NC_045512.2	29524	T	G	8654	6088	42	3	3	29	0.0003465	8658	1	FALSE	NA	NA	NA	NA	NA	NA
NC_045512.2	29524	T	C	8654	6088	42	1	1	32	0.0001155	8658	0.998049	FALSE	NA	NA	NA	NA	NA	NA
NC_045512.2	29525	C	T	8527	6049	41	1	1	40	0.000117247	8529	0.5	FALSE	NA	NA	NA	NA	NA	NA
NC_045512.2	29525	C	A	8527	6049	41	1	0	24	0.000117247	8529	1	FALSE	NA	NA	NA	NA	NA	NA
NC_045512.2	29526	A	G	8045	5510	42	1	0	24	0.00012427	8047	1	FALSE	NA	NA	NA	NA	NA	NA
NC_045512.2	29526	A	C	8045	5510	42	1	0	24	0.00012427	8047	1	FALSE	NA	NA	NA	NA	NA	NA
NC_045512.2	29527	G	T	8467	5430	41	8	8	26	0.000943953	8475	1	FALSE	NA	NA	NA	NA	NA	NA
NC_045512.2	29528	G	T	8581	5524	42	1	0	24	0.000116509	8583	1	FALSE	NA	NA	NA	NA	NA	NA
NC_045512.2	29528	G	C	8581	5524	42	1	0	24	0.000116509	8583	1	FALSE	NA	NA	NA	NA	NA	NA
NC_045512.2	29529	C	G	8550	5473	42	1	0	24	0.000116945	8551	1	FALSE	NA	NA	NA	NA	NA	NA
NC_045512.2	29531	T	G	7880	4815	41	1	1	24	0.000126871	7882	1	FALSE	NA	NA	NA	NA	NA	NA
NC_045512.2	29531	T	C	7880	4815	41	1	1	40	0.000126871	7882	0.5	FALSE	NA	NA	NA	NA	NA	NA
NC_045512.2	29532	A	G	7894	4889	41	5	5	33	0.000632511	7905	0.805938	FALSE	NA	NA	NA	NA	NA	NA
NC_045512.2	29532	A	C	7894	4889	41	6	4	32	0.000759013	7905	0.709234	FALSE	NA	NA	NA	NA	NA	NA
NC_045512.2	29534	A	G	8018	4872	41	1	1	40	0.000124673	8021	0.499969	FALSE	NA	NA	NA	NA	NA	NA
NC_045512.2	29534	A	C	8018	4872	41	2	1	32	0.000249345	8021	0.989277	FALSE	NA	NA	NA	NA	NA	NA
NC_045512.2	29535	C	T	8185	4906	42	1	1	24	0.00012213	8188	1	FALSE	NA	NA	NA	NA	NA	NA
NC_045512.2	29535	C	G	8185	4906	42	2	2	40	0.00024426	8188	0.249985	FALSE	NA	NA	NA	NA	NA	NA
NC_045512.2	29536	T	C	3376	288	43	2	0	32	0.000592066	3378	0.812685	FALSE	NA	NA	NA	NA	NA	NA
NC_045512.2	29538	A	G	3448	300	43	1	0	40	0.000289855	3450	0.5	FALSE	NA	NA	NA	NA	NA	NA
NC_045512.2	29538	A	C	3448	300	43	1	0	40	0.000289855	3450	0.5	FALSE	NA	NA	NA	NA	NA	NA
NC_045512.2	29540	G	T	3469	301	43	1	0	40	0.000288101	3471	0.5	FALSE	NA	NA	NA	NA	NA	NA
NC_045512.2	29540	G	C	3469	301	43	1	0	40	0.000288101	3471	0.5	FALSE	NA	NA	NA	NA	NA	NA
NC_045512.2	29542	A	G	3514	303	43	1	0	40	0.000284414	3516	0.5	FALSE	NA	NA	NA	NA	NA	NA
NC_045512.2	29542	A	C	3514	303	43	1	0	24	0.000284414	3516	1	FALSE	NA	NA	NA	NA	NA	NA
NC_045512.2	29544	A	G	3678	312	43	1	0	36	0.000271813	3679	0.937585	FALSE	NA	NA	NA	NA	NA	NA
NC_045512.2	29548	C	A	4131	433	45	1	0	24	0.000242014	4132	1	FALSE	NA	NA	NA	NA	NA	NA
NC_045512.2	29549	A	C	4102	440	45	2	0	32	0.000487329	4104	0.890768	FALSE	NA	NA	NA	NA	NA	NA
NC_045512.2	29551	A	G	4122	440	45	2	0	40	0.000484848	4125	0.24997	FALSE	NA	NA	NA	NA	NA	NA
NC_045512.2	29551	A	C	4122	440	45	1	0	24	0.000242424	4125	1	FALSE	NA	NA	NA	NA	NA	NA
NC_045512.2	29554	G	C	4349	513	46	1	0	40	0.000229885	4350	0.500057	FALSE	NA	NA	NA	NA	NA	NA
NC_045512.2	29556	A	C	4337	523	47	1	0	40	0.000230521	4338	0.500058	FALSE	NA	NA	NA	NA	NA	NA
NC_045512.2	29558	A	C	4365	527	46	2	0	32	0.00045798	4367	0.890759	FALSE	NA	NA	NA	NA	NA	NA
NC_045512.2	29559	T	C	4376	512	46	1	1	64	0.000228467	4377	0.500057	FALSE	NA	NA	NA	NA	NA	NA
NC_045512.2	29563	C	A	4504	553	47	1	0	24	0.000221976	4505	1	FALSE	NA	NA	NA	NA	NA	NA
NC_045512.2	29569	A	C	4861	604	47	1	0	24	0.000205677	4862	1	FALSE	NA	NA	NA	NA	NA	NA
NC_045512.2	29570	A	C	4856	605	47	2	0	24	0.000411692	4858	1	FALSE	NA	NA	NA	NA	NA	NA
NC_045512.2	29571	A	T	4862	601	47	1	0	40	0.00020555	4865	0.499949	FALSE	NA	NA	NA	NA	NA	NA
NC_045512.2	29571	A	C	4862	601	47	2	0	40	0.0004111	4865	0.249974	FALSE	NA	NA	NA	NA	NA	NA
NC_045512.2	29576	T	C	4893	610	48	3	0	29	0.000612745	4896	1	FALSE	NA	NA	NA	NA	NA	NA
NC_045512.2	29578	C	T	4894	613	47	1	0	40	0.000204248	4896	0.5	FALSE	NA	NA	NA	NA	NA	NA
NC_045512.2	29578	C	A	4894	613	47	1	0	24	0.000204248	4896	1	FALSE	NA	NA	NA	NA	NA	NA
NC_045512.2	29579	G	T	4895	614	47	1	0	40	0.000204248	4896	0.500051	FALSE	NA	NA	NA	NA	NA	NA
NC_045512.2	29580	C	-T	4873	619	47	2	0	20	0.000410425	4873	1	FALSE	NA	NA	NA	NA	NA	NA
NC_045512.2	29581	T	C	4895	617	48	2	0	40	0.000408413	4897	0.249923	FALSE	NA	NA	NA	NA	NA	NA
NC_045512.2	29582	T	C	4906	629	48	2	0	32	0.000407498	4908	0.890744	FALSE	NA	NA	NA	NA	NA	NA
NC_045512.2	29583	T	C	4911	636	48	1	1	80	0.000203583	4912	0.500051	FALSE	NA	NA	NA	NA	NA	NA
NC_045512.2	29584	T	C	4908	641	48	2	1	60	0.000407332	4910	0.250025	FALSE	NA	NA	NA	NA	NA	NA
NC_045512.2	29585	C	A	4853	643	47	1	0	24	0.000206016	4854	1	FALSE	NA	NA	NA	NA	NA	NA
NC_045512.2	29587	G	+T	4913	652	48	1	0	20	0.000203542	4913	1	FALSE	NA	NA	NA	NA	NA	NA
NC_045512.2	29589	T	G	4912	686	49	1	1	32	0.000203542	4913	0.968798	FALSE	NA	NA	NA	NA	NA	NA
NC_045512.2	29590	T	G	4917	676	48	1	1	24	0.000203335	4918	1	FALSE	NA	NA	NA	NA	NA	NA
NC_045512.2	29594	A	C	5066	752	49	1	0	40	0.000197355	5067	0.500049	FALSE	NA	NA	NA	NA	NA	NA
NC_045512.2	29598	A	G	5266	803	50	2	1	40	0.000379579	5269	0.249976	FALSE	NA	NA	NA	NA	NA	NA
NC_045512.2	29598	A	C	5266	803	50	1	0	40	0.000189789	5269	0.499953	FALSE	NA	NA	NA	NA	NA	NA
NC_045512.2	29599	T	G	5284	803	49	1	1	24	0.000189215	5285	1	FALSE	NA	NA	NA	NA	NA	NA
NC_045512.2	29600	A	C	5287	809	50	2	0	24	0.000378143	5289	1	FALSE	NA	NA	NA	NA	NA	NA
NC_045512.2	29601	G	A	5537	816	49	2	0	32	0.000361076	5539	0.937589	FALSE	NA	NA	NA	NA	NA	NA
NC_045512.2	29605	A	C	5458	1081	51	2	0	32	0.0003663	5460	0.93759	FALSE	NA	NA	NA	NA	NA	NA
NC_045512.2	29607	T	C	5647	1088	53	2	0	32	0.000354045	5649	0.937587	FALSE	NA	NA	NA	NA	NA	NA
NC_045512.2	29610	T	G	5623	1094	54	1	1	32	0.000177809	5624	0.984404	FALSE	NA	NA	NA	NA	NA	NA
NC_045512.2	29614	C	G	5627	1100	54	1	0	24	0.000177683	5628	1	FALSE	NA	NA	NA	NA	NA	NA
NC_045512.2	29615	A	G	5555	1095	54	1	0	40	0.000179888	5559	0.49991	FALSE	NA	NA	NA	NA	NA	NA
NC_045512.2	29615	A	C	5555	1095	54	3	0	24	0.000539665	5559	1	FALSE	NA	NA	NA	NA	NA	NA
NC_045512.2	29617	A	C	5617	1107	54	1	0	24	0.000177999	5618	1	FALSE	NA	NA	NA	NA	NA	NA
NC_045512.2	29623	T	C	5606	1401	57	2	0	32	0.000356633	5608	0.937588	FALSE	NA	NA	NA	NA	NA	NA
NC_045512.2	29624	T	C	5596	1417	57	1	0	80	0.000178667	5597	0.500045	FALSE	NA	NA	NA	NA	NA	NA
NC_045512.2	29630	A	G	5646	1516	57	1	1	80	0.000177085	5647	0.500044	FALSE	NA	NA	NA	NA	NA	NA
NC_045512.2	29633	T	G	5677	1803	59	1	1	24	0.000176087	5679	1	FALSE	NA	NA	NA	NA	NA	NA
NC_045512.2	29633	T	C	5677	1803	59	1	0	40	0.000176087	5679	0.5	FALSE	NA	NA	NA	NA	NA	NA
NC_045512.2	29634	A	C	5750	1825	59	3	0	24	0.000521467	5753	1	FALSE	NA	NA	NA	NA	NA	NA
NC_045512.2	29635	C	A	5722	1835	59	2	0	24	0.000349406	5724	1	FALSE	NA	NA	NA	NA	NA	NA
NC_045512.2	29638	A	C	5713	1826	59	2	0	24	0.000349956	5715	1	FALSE	NA	NA	NA	NA	NA	NA
NC_045512.2	29639	G	A	5775	1828	59	3	2	70	0.000519211	5778	0.125	FALSE	NA	NA	NA	NA	NA	NA
NC_045512.2	29641	A	G	5658	1941	58	1	1	80	0.00017671	5659	0.500044	FALSE	NA	NA	NA	NA	NA	NA
NC_045512.2	29643	A	G	5633	1911	58	1	0	80	0.000177462	5635	0.5	FALSE	NA	NA	NA	NA	NA	NA
NC_045512.2	29643	A	C	5633	1911	58	1	0	24	0.000177462	5635	1	FALSE	NA	NA	NA	NA	NA	NA
NC_045512.2	29644	A	G	5673	1920	58	1	0	80	0.000176243	5674	0.500044	FALSE	NA	NA	NA	NA	NA	NA
NC_045512.2	29646	T	G	5646	1916	56	1	1	40	0.000177085	5647	0.500044	FALSE	NA	NA	NA	NA	NA	NA
NC_045512.2	29647	A	G	5663	1949	58	1	0	40	0.000176491	5666	0.499956	FALSE	NA	NA	NA	NA	NA	NA
NC_045512.2	29647	A	C	5663	1949	58	2	0	24	0.000352983	5666	1	FALSE	NA	NA	NA	NA	NA	NA
NC_045512.2	29652	T	G	5417	2096	56	1	1	24	0.000184502	5420	1	FALSE	NA	NA	NA	NA	NA	NA
NC_045512.2	29652	T	C	5417	2096	56	2	1	80	0.000369004	5420	0.249977	FALSE	NA	NA	NA	NA	NA	NA
NC_045512.2	29654	G	A	5403	2112	56	2	0	40	0.000370028	5405	0.250023	FALSE	NA	NA	NA	NA	NA	NA
NC_045512.2	29655	T	C	5392	2148	56	1	1	52	0.000185426	5393	0.500046	FALSE	NA	NA	NA	NA	NA	NA
NC_045512.2	29656	T	G	5397	2152	57	2	2	24	0.000370439	5399	1	FALSE	NA	NA	NA	NA	NA	NA
NC_045512.2	29657	A	G	5378	2222	56	1	1	40	0.000185874	5380	0.5	FALSE	NA	NA	NA	NA	NA	NA
NC_045512.2	29657	A	C	5378	2222	56	1	0	24	0.000185874	5380	1	FALSE	NA	NA	NA	NA	NA	NA
NC_045512.2	29658	A	C	5393	2230	57	1	0	24	0.000185391	5394	1	FALSE	NA	NA	NA	NA	NA	NA
NC_045512.2	29660	T	C	5501	2545	59	1	1	52	0.000181752	5502	0.500045	FALSE	NA	NA	NA	NA	NA	NA
NC_045512.2	29661	T	C	5539	2668	60	1	1	80	0.000180473	5541	0.5	FALSE	NA	NA	NA	NA	NA	NA
NC_045512.2	29661	T	A	5539	2668	60	1	0	64	0.000180473	5541	0.5	FALSE	NA	NA	NA	NA	NA	NA
NC_045512.2	29662	T	G	5459	2791	59	1	1	24	0.000183117	5461	1	FALSE	NA	NA	NA	NA	NA	NA
NC_045512.2	29662	T	C	5459	2791	59	1	0	40	0.000183117	5461	0.5	FALSE	NA	NA	NA	NA	NA	NA
NC_045512.2	29663	A	G	5468	2838	59	1	0	40	0.000182849	5469	0.500046	FALSE	NA	NA	NA	NA	NA	NA
NC_045512.2	29664	A	G	5472	2827	59	1	0	24	0.000182715	5473	1	FALSE	NA	NA	NA	NA	NA	NA
NC_045512.2	29668	C	A	5261	3135	52	16	0	26	0.00303203	5277	0.999998	FALSE	NA	NA	NA	NA	NA	NA
NC_045512.2	29669	A	G	5484	3103	59	1	0	40	0.000182315	5485	0.500046	FALSE	NA	NA	NA	NA	NA	NA
NC_045512.2	29670	C	A	5436	3114	57	2	0	24	0.000367782	5438	1	FALSE	NA	NA	NA	NA	NA	NA
NC_045512.2	29672	T	G	5481	3087	59	1	1	24	0.000182415	5482	1	FALSE	NA	NA	NA	NA	NA	NA
NC_045512.2	29673	A	G	5439	3179	58	1	1	24	0.000183824	5440	1	FALSE	NA	NA	NA	NA	NA	NA
NC_045512.2	29676	A	G	5496	3315	59	1	0	80	0.000181884	5498	0.5	FALSE	NA	NA	NA	NA	NA	NA
NC_045512.2	29676	A	C	5496	3315	59	1	0	24	0.000181884	5498	1	FALSE	NA	NA	NA	NA	NA	NA
NC_045512.2	29677	A	G	5497	3327	59	1	1	24	0.000181884	5498	1	FALSE	NA	NA	NA	NA	NA	NA
NC_045512.2	29678	T	C	5458	3514	56	1	1	40	0.000183184	5459	0.500046	FALSE	NA	NA	NA	NA	NA	NA
NC_045512.2	29680	T	G	5485	3566	57	1	1	24	0.000182249	5487	1	FALSE	NA	NA	NA	NA	NA	NA
NC_045512.2	29680	T	C	5485	3566	57	1	0	80	0.000182249	5487	0.5	FALSE	NA	NA	NA	NA	NA	NA
NC_045512.2	29681	T	G	5474	3557	57	1	1	24	0.000182648	5475	1	FALSE	NA	NA	NA	NA	NA	NA
NC_045512.2	29682	T	G	5438	3516	56	2	2	32	0.000367647	5440	0.93759	FALSE	NA	NA	NA	NA	NA	NA
NC_045512.2	29683	A	G	5456	3583	56	1	1	24	0.000183217	5458	1	FALSE	NA	NA	NA	NA	NA	NA
NC_045512.2	29683	A	C	5456	3583	56	1	1	24	0.000183217	5458	1	FALSE	NA	NA	NA	NA	NA	NA
NC_045512.2	29685	T	G	5446	3611	56	1	1	40	0.000183587	5447	0.500046	FALSE	NA	NA	NA	NA	NA	NA
NC_045512.2	29691	T	G	5838	4397	58	1	1	40	0.000171262	5839	0.500043	FALSE	NA	NA	NA	NA	NA	NA
NC_045512.2	29692	G	T	5546	4063	54	18	18	25	0.0032345	5565	0.999998	FALSE	NA	NA	NA	NA	NA	NA
NC_045512.2	29692	G	A	5546	4063	54	1	0	64	0.000179695	5565	0.499235	FALSE	NA	NA	NA	NA	NA	NA
NC_045512.2	29693	T	G	5813	4402	58	1	1	40	0.000171999	5814	0.500043	FALSE	NA	NA	NA	NA	NA	NA
NC_045512.2	29695	A	G	5934	4573	57	1	0	80	0.000168492	5935	0.500042	FALSE	NA	NA	NA	NA	NA	NA
NC_045512.2	29698	T	G	5718	4551	55	1	1	24	0.000174856	5719	1	FALSE	NA	NA	NA	NA	NA	NA
NC_045512.2	29699	T	G	5564	4399	54	2	2	24	0.00035926	5567	1	FALSE	NA	NA	NA	NA	NA	NA
NC_045512.2	29699	T	C	5564	4399	54	1	1	40	0.00017963	5567	0.499955	FALSE	NA	NA	NA	NA	NA	NA
NC_045512.2	29700	A	G	5663	4506	55	1	1	40	0.000176523	5665	0.5	FALSE	NA	NA	NA	NA	NA	NA
NC_045512.2	29700	A	C	5663	4506	55	1	1	32	0.000176523	5665	0.984396	FALSE	NA	NA	NA	NA	NA	NA
NC_045512.2	29702	G	T	5539	4386	53	3	3	24	0.000541321	5542	1	FALSE	NA	NA	NA	NA	NA	NA
NC_045512.2	29703	G	T	5576	4486	53	2	2	24	0.000358551	5578	1	FALSE	NA	NA	NA	NA	NA	NA
NC_045512.2	29704	A	G	5507	4432	55	2	2	52	0.000363042	5509	0.250023	FALSE	NA	NA	NA	NA	NA	NA
NC_045512.2	29705	G	T	5490	4439	54	1	1	40	0.000182116	5491	0.500046	FALSE	NA	NA	NA	NA	NA	NA
NC_045512.2	29706	G	T	5484	4438	54	1	1	24	0.000182315	5485	1	FALSE	NA	NA	NA	NA	NA	NA
NC_045512.2	29709	T	C	5473	4436	54	1	0	80	0.000182682	5474	0.500046	FALSE	NA	NA	NA	NA	NA	NA
NC_045512.2	29710	T	C	5434	4394	54	1	1	40	0.000183993	5435	0.500046	FALSE	NA	NA	NA	NA	NA	NA
NC_045512.2	29711	G	T	5473	4475	53	1	1	24	0.000182682	5474	1	FALSE	NA	NA	NA	NA	NA	NA
NC_045512.2	29714	A	G	5443	4476	54	1	0	36	0.000183688	5444	0.984405	FALSE	NA	NA	NA	NA	NA	NA
NC_045512.2	29719	C	A	5387	4583	49	1	1	80	0.000185598	5388	0.500046	FALSE	NA	NA	NA	NA	NA	NA
NC_045512.2	29721	C	A	5369	4567	51	1	0	32	0.00018622	5370	0.984406	FALSE	NA	NA	NA	NA	NA	NA
NC_045512.2	29724	C	G	5361	4570	51	1	1	40	0.000186498	5362	0.500047	FALSE	NA	NA	NA	NA	NA	NA
NC_045512.2	29725	A	-T	5359	4566	51	2	0	20	0.000373204	5359	1	FALSE	NA	NA	NA	NA	NA	NA
NC_045512.2	29728	T	C	5338	4544	51	2	2	32	0.000374532	5340	0.937592	FALSE	NA	NA	NA	NA	NA	NA
NC_045512.2	29731	A	T	5334	4550	51	1	1	24	0.000187441	5335	1	FALSE	NA	NA	NA	NA	NA	NA
NC_045512.2	29732	C	-CGAGGCCACGCGGAGTACGATCGAGT	5325	4579	48	1	0	20	0.000187793	5325	1	FALSE	NA	NA	NA	NA	NA	NA
NC_045512.2	29733	C	-GAGGCCACGCGGAGTACGATCGAGTG	5300	4536	51	3926	0	20	0.740755	5300	0	TRUE	NA	NA	NA	NA	NA	NA
NC_045512.2	29734	G	T	0	0	0	10	10	44	1	10	2.04773e-30	TRUE	NA	NA	NA	NA	NA	NA
NC_045512.2	29762	C	T	4226	3861	46	1	1	24	0.000236574	4227	1	FALSE	NA	NA	NA	NA	NA	NA
NC_045512.2	29764	G	T	4226	3858	46	1	1	24	0.000236574	4227	1	FALSE	NA	NA	NA	NA	NA	NA
NC_045512.2	29765	T	G	4187	3819	46	1	1	40	0.000238777	4188	0.50006	FALSE	NA	NA	NA	NA	NA	NA
NC_045512.2	29767	A	G	4228	3860	47	1	1	24	0.000236463	4229	1	FALSE	NA	NA	NA	NA	NA	NA
NC_045512.2	29769	C	T	4213	3845	47	1	1	40	0.000237248	4215	0.5	FALSE	NA	NA	NA	NA	NA	NA
NC_045512.2	29769	C	G	4213	3845	47	1	1	24	0.000237248	4215	1	FALSE	NA	NA	NA	NA	NA	NA
NC_045512.2	29775	T	G	4152	3782	46	3	3	29	0.000722022	4155	1	FALSE	NA	NA	NA	NA	NA	NA
NC_045512.2	29776	A	G	4225	3857	47	2	2	40	0.000473149	4227	0.25003	FALSE	NA	NA	NA	NA	NA	NA
NC_045512.2	29777	G	T	4109	3741	45	1	1	24	0.000243309	4110	1	FALSE	NA	NA	NA	NA	NA	NA
NC_045512.2	29778	G	T	3943	3572	40	6	6	26	0.00151937	3949	1	FALSE	NA	NA	NA	NA	NA	NA
NC_045512.2	29780	A	G	4229	3861	47	1	1	40	0.000236407	4230	0.500059	FALSE	NA	NA	NA	NA	NA	NA
NC_045512.2	29781	G	C	4216	3848	47	1	1	40	0.000237135	4217	0.500059	FALSE	NA	NA	NA	NA	NA	NA
NC_045512.2	29782	A	G	4230	3862	47	1	1	24	0.000236351	4231	1	FALSE	NA	NA	NA	NA	NA	NA
NC_045512.2	29784	C	G	4226	3858	46	1	1	24	0.000236574	4227	1	FALSE	NA	NA	NA	NA	NA	NA
NC_045512.2	29785	T	G	4204	3837	46	2	1	36	0.000475285	4208	0.890653	FALSE	NA	NA	NA	NA	NA	NA
NC_045512.2	29785	T	C	4204	3837	46	2	2	60	0.000475285	4208	0.249911	FALSE	NA	NA	NA	NA	NA	NA
NC_045512.2	29787	C	G	4223	3857	47	2	2	40	0.000473373	4225	0.25003	FALSE	NA	NA	NA	NA	NA	NA
NC_045512.2	29789	T	G	4198	3831	47	1	1	40	0.000238095	4200	0.5	FALSE	NA	NA	NA	NA	NA	NA
NC_045512.2	29789	T	C	4198	3831	47	1	1	80	0.000238095	4200	0.5	FALSE	NA	NA	NA	NA	NA	NA
NC_045512.2	29790	A	G	4198	3833	47	1	1	24	0.000238152	4199	1	FALSE	NA	NA	NA	NA	NA	NA
NC_045512.2	29791	T	G	4169	3805	47	1	0	32	0.000239751	4171	0.968787	FALSE	NA	NA	NA	NA	NA	NA
NC_045512.2	29791	T	C	4169	3805	47	1	1	80	0.000239751	4171	0.5	FALSE	NA	NA	NA	NA	NA	NA
NC_045512.2	29792	A	G	4178	3814	47	1	1	24	0.000239292	4179	1	FALSE	NA	NA	NA	NA	NA	NA
NC_045512.2	29793	T	G	4145	3794	46	1	1	24	0.000241138	4147	1	FALSE	NA	NA	NA	NA	NA	NA
NC_045512.2	29793	T	C	4145	3794	46	1	1	40	0.000241138	4147	0.5	FALSE	NA	NA	NA	NA	NA	NA
NC_045512.2	29795	G	T	3739	3400	42	4	4	28	0.00106809	3745	1	FALSE	NA	NA	NA	NA	NA	NA
NC_045512.2	29795	G	C	3739	3400	42	1	1	40	0.000267023	3745	0.499733	FALSE	NA	NA	NA	NA	NA	NA
NC_045512.2	29795	G	A	3739	3400	42	1	1	40	0.000267023	3745	0.499733	FALSE	NA	NA	NA	NA	NA	NA
NC_045512.2	29797	A	G	3879	3545	46	1	1	40	0.000257666	3881	0.5	FALSE	NA	NA	NA	NA	NA	NA
NC_045512.2	29797	A	C	3879	3545	46	1	1	24	0.000257666	3881	1	FALSE	NA	NA	NA	NA	NA	NA
NC_045512.2	29799	A	G	3560	3242	47	1	1	40	0.00028082	3561	0.50007	FALSE	NA	NA	NA	NA	NA	NA
NC_045512.2	29802	C	G	3541	3234	46	1	1	40	0.000282326	3542	0.500071	FALSE	NA	NA	NA	NA	NA	NA
NC_045512.2	29804	T	C	3439	3148	46	1	0	80	0.000290698	3440	0.500073	FALSE	NA	NA	NA	NA	NA	NA
NC_045512.2	29807	T	G	3402	3143	45	2	2	24	0.000587544	3404	1	FALSE	NA	NA	NA	NA	NA	NA
NC_045512.2	29808	G	A	3435	3176	46	1	1	40	0.000291036	3436	0.500073	FALSE	NA	NA	NA	NA	NA	NA
NC_045512.2	29816	T	G	2884	2721	44	1	1	24	0.00034662	2885	1	FALSE	NA	NA	NA	NA	NA	NA
NC_045512.2	29817	T	G	2856	2694	44	1	1	24	0.000350018	2857	1	FALSE	NA	NA	NA	NA	NA	NA
NC_045512.2	29823	T	G	2819	2691	43	3	3	40	0.0010627	2823	0.124934	FALSE	NA	NA	NA	NA	NA	NA
NC_045512.2	29823	T	C	2819	2691	43	1	1	24	0.000354233	2823	1	FALSE	NA	NA	NA	NA	NA	NA
NC_045512.2	29824	A	G	2840	2712	43	1	1	24	0.000351989	2841	1	FALSE	NA	NA	NA	NA	NA	NA
NC_045512.2	29825	G	T	2773	2649	37	1	1	40	0.00036049	2774	0.50009	FALSE	NA	NA	NA	NA	NA	NA
NC_045512.2	29827	A	G	2825	2702	43	1	1	24	0.000353857	2826	1	FALSE	NA	NA	NA	NA	NA	NA
NC_045512.2	29828	G	T	2828	2705	43	1	1	24	0.000353482	2829	1	FALSE	NA	NA	NA	NA	NA	NA
NC_045512.2	29832	T	C	2645	2534	43	1	1	40	0.000377929	2646	0.500095	FALSE	NA	NA	NA	NA	NA	NA
NC_045512.2	29834	T	G	2637	2526	43	1	1	24	0.000379075	2638	1	FALSE	NA	NA	NA	NA	NA	NA
NC_045512.2	29835	C	T	2641	2538	43	1	1	40	0.000378501	2642	0.500095	FALSE	NA	NA	NA	NA	NA	NA
